Generation,Individual,Instance,BaselineTime,BudgetPercentage,BudgetCalculated,TotalCalls,TotalTimeUsed,BudgetUtilization,AvgTimePerCall,MaxTimePerCall,MinTimePerCall
0,ec.gp.GPIndividual@1686465935{179487682},null,0.000,0.250,0.000,1,0.000,0.00,0.000,0.000,0.000
0,ec.gp.GPIndividual@793349079{1948675049},3C_20_50-02.txt,61.404,0.250,15.351,0,0.000,0.00,0.000,0.000,0.000
0,ec.gp.GPIndividual@793349079{1948675049},3C_20_50-02.txt,61.404,0.250,15.351,0,0.000,0.00,0.000,0.000,0.000
0,ec.gp.GPIndividual@793349079{1948675049},3C_20_50-02.txt,61.404,0.250,15.351,0,0.000,0.00,0.000,0.000,0.000
0,ec.gp.GPIndividual@793349079{1948675049},3C_20_50-03.txt,30.993,0.250,7.748,0,0.000,0.00,0.000,0.000,0.000
0,ec.gp.GPIndividual@793349079{1948675049},3C_20_50-03.txt,30.993,0.250,7.748,0,0.000,0.00,0.000,0.000,0.000
0,ec.gp.GPIndividual@793349079{1948675049},3C_20_50-03.txt,30.993,0.250,7.748,0,0.000,0.00,0.000,0.000,0.000
0,ec.gp.GPIndividual@793349079{1948675049},3C_20_50-03.txt,30.993,0.250,7.748,0,0.000,0.00,0.000,0.000,0.000
0,ec.gp.GPIndividual@793349079{1948675049},3C_20_66-01.txt,7.322,0.250,1.831,0,0.000,0.00,0.000,0.000,0.000
0,ec.gp.GPIndividual@793349079{1948675049},3C_20_66-01.txt,7.322,0.250,1.831,0,0.000,0.00,0.000,0.000,0.000
0,ec.gp.GPIndividual@793349079{1948675049},3C_20_66-02.txt,154.245,0.250,38.561,0,0.000,0.00,0.000,0.000,0.000
0,ec.gp.GPIndividual@793349079{1948675049},3C_20_66-02.txt,154.245,0.250,38.561,0,0.000,0.00,0.000,0.000,0.000
0,ec.gp.GPIndividual@793349079{1948675049},3C_20_66-03.txt,118.340,0.250,29.585,0,0.000,0.00,0.000,0.000,0.000
0,ec.gp.GPIndividual@793349079{1948675049},3C_20_66-03.txt,118.340,0.250,29.585,0,0.000,0.00,0.000,0.000,0.000
0,ec.gp.GPIndividual@793349079{1948675049},3C_20_80-01.txt,4.194,0.250,1.049,0,0.000,0.00,0.000,0.000,0.000
0,ec.gp.GPIndividual@793349079{1948675049},3C_20_66-03.txt,118.340,0.250,29.585,0,0.000,0.00,0.000,0.000,0.000
0,ec.gp.GPIndividual@793349079{1948675049},3C_20_66-03.txt,118.340,0.250,29.585,0,0.000,0.00,0.000,0.000,0.000
0,ec.gp.GPIndividual@793349079{1948675049},3C_20_66-03.txt,118.340,0.250,29.585,0,0.000,0.00,0.000,0.000,0.000
0,ec.gp.GPIndividual@793349079{1948675049},3C_20_80-02.txt,35.738,0.250,8.935,0,0.000,0.00,0.000,0.000,0.000
0,ec.gp.GPIndividual@793349079{1948675049},3C_20_80-02.txt,35.738,0.250,8.935,0,0.000,0.00,0.000,0.000,0.000
0,ec.gp.GPIndividual@793349079{1948675049},3C_20_66-02.txt,154.245,0.250,38.561,0,0.000,0.00,0.000,0.000,0.000
0,ec.gp.GPIndividual@793349079{1948675049},3C_20_66-02.txt,154.245,0.250,38.561,0,0.000,0.00,0.000,0.000,0.000
0,ec.gp.GPIndividual@793349079{1948675049},3C_20_66-02.txt,154.245,0.250,38.561,0,0.000,0.00,0.000,0.000,0.000
0,ec.gp.GPIndividual@793349079{1948675049},3C_20_80-03.txt,169.439,0.250,42.360,0,0.000,0.00,0.000,0.000,0.000
0,ec.gp.GPIndividual@793349079{1948675049},3C_20_80-03.txt,169.439,0.250,42.360,0,0.000,0.00,0.000,0.000,0.000
0,ec.gp.GPIndividual@1782746991{-1993264191},3C_20_50-02.txt,61.404,0.250,15.351,0,0.000,0.00,0.000,0.000,0.000
0,ec.gp.GPIndividual@1782746991{-1993264191},3C_20_50-02.txt,61.404,0.250,15.351,0,0.000,0.00,0.000,0.000,0.000
0,ec.gp.GPIndividual@336660556{104251028},3C_20_80-03.txt,169.439,0.250,42.360,1,0.000,0.00,0.000,0.000,0.000
0,ec.gp.GPIndividual@336660556{104251028},3C_20_80-03.txt,169.439,0.250,42.360,1,0.000,0.00,0.000,0.000,0.000
0,ec.gp.GPIndividual@336660556{104251028},3C_20_80-03.txt,169.439,0.250,42.360,1,0.000,0.00,0.000,0.000,0.000
0,ec.gp.GPIndividual@562978894{1096608486},3C_20_50-02.txt,61.404,0.250,15.351,0,0.000,0.00,0.000,0.000,0.000
0,ec.gp.GPIndividual@562978894{1096608486},3C_20_50-03.txt,30.993,0.250,7.748,1,0.000,0.00,0.000,0.000,0.000
0,ec.gp.GPIndividual@562978894{1096608486},3C_20_50-03.txt,30.993,0.250,7.748,0,0.000,0.00,0.000,0.000,0.000
0,ec.gp.GPIndividual@562978894{1096608486},3C_20_66-01.txt,7.322,0.250,1.831,0,0.000,0.00,0.000,0.000,0.000
0,ec.gp.GPIndividual@562978894{1096608486},3C_20_66-01.txt,7.322,0.250,1.831,0,0.000,0.00,0.000,0.000,0.000
0,ec.gp.GPIndividual@562978894{1096608486},3C_20_66-01.txt,7.322,0.250,1.831,0,0.000,0.00,0.000,0.000,0.000
0,ec.gp.GPIndividual@562978894{1096608486},3C_20_66-01.txt,7.322,0.250,1.831,0,0.000,0.00,0.000,0.000,0.000
0,ec.gp.GPIndividual@562978894{1096608486},3C_20_66-02.txt,154.245,0.250,38.561,0,0.000,0.00,0.000,0.000,0.000
0,ec.gp.GPIndividual@562978894{1096608486},3C_20_66-02.txt,154.245,0.250,38.561,0,0.000,0.00,0.000,0.000,0.000
0,ec.gp.GPIndividual@562978894{1096608486},3C_20_66-01.txt,7.322,0.250,1.831,1,0.000,0.00,0.000,0.000,0.000
0,ec.gp.GPIndividual@562978894{1096608486},3C_20_66-03.txt,118.340,0.250,29.585,0,0.000,0.00,0.000,0.000,0.000
0,ec.gp.GPIndividual@562978894{1096608486},3C_20_80-03.txt,169.439,0.250,42.360,0,0.000,0.00,0.000,0.000,0.000
0,ec.gp.GPIndividual@562978894{1096608486},3C_20_80-01.txt,4.194,0.250,1.049,0,0.000,0.00,0.000,0.000,0.000
0,ec.gp.GPIndividual@562978894{1096608486},3C_20_80-01.txt,4.194,0.250,1.049,0,0.000,0.00,0.000,0.000,0.000
0,ec.gp.GPIndividual@562978894{1096608486},3C_20_66-02.txt,154.245,0.250,38.561,0,0.000,0.00,0.000,0.000,0.000
0,ec.gp.GPIndividual@2019569954{397441136},null,0.000,0.250,0.000,0,0.000,0.00,0.000,0.000,0.000
0,ec.gp.GPIndividual@2019569954{397441136},3C_20_80-02.txt,35.738,0.250,8.935,0,0.000,0.00,0.000,0.000,0.000
0,ec.gp.GPIndividual@2019569954{397441136},3C_20_80-02.txt,35.738,0.250,8.935,0,0.000,0.00,0.000,0.000,0.000
0,ec.gp.GPIndividual@2019569954{397441136},3C_20_80-03.txt,169.439,0.250,42.360,1,0.000,0.00,0.000,0.000,0.000
0,ec.gp.GPIndividual@2019569954{397441136},3C_20_80-03.txt,169.439,0.250,42.360,1,0.000,0.00,0.000,0.000,0.000
0,ec.gp.GPIndividual@2019569954{397441136},3C_20_80-02.txt,35.738,0.250,8.935,1,0.000,0.00,0.000,0.000,0.000
0,ec.gp.GPIndividual@2019569954{397441136},3C_20_80-02.txt,35.738,0.250,8.935,1,0.000,0.00,0.000,0.000,0.000
0,ec.gp.GPIndividual@632414375{-1082298980},3C_20_50-02.txt,61.404,0.250,15.351,0,0.000,0.00,0.000,0.000,0.000
0,ec.gp.GPIndividual@632414375{-1082298980},3C_20_80-01.txt,4.194,0.250,1.049,0,0.000,0.00,0.000,0.000,0.000
0,ec.gp.GPIndividual@632414375{-1082298980},3C_20_80-01.txt,4.194,0.250,1.049,0,0.000,0.00,0.000,0.000,0.000
0,ec.gp.GPIndividual@632414375{-1082298980},3C_20_66-01.txt,7.322,0.250,1.831,0,0.000,0.00,0.000,0.000,0.000
0,ec.gp.GPIndividual@271486486{271532587},3C_20_50-02.txt,61.404,0.250,15.351,0,0.000,0.00,0.000,0.000,0.000
0,ec.gp.GPIndividual@271486486{271532587},3C_20_50-03.txt,30.993,0.250,7.748,0,0.000,0.00,0.000,0.000,0.000
0,ec.gp.GPIndividual@271486486{271532587},3C_20_50-03.txt,30.993,0.250,7.748,0,0.000,0.00,0.000,0.000,0.000
0,ec.gp.GPIndividual@271486486{271532587},3C_20_66-01.txt,7.322,0.250,1.831,0,0.000,0.00,0.000,0.000,0.000
0,ec.gp.GPIndividual@271486486{271532587},3C_20_66-01.txt,7.322,0.250,1.831,0,0.000,0.00,0.000,0.000,0.000
0,ec.gp.GPIndividual@271486486{271532587},3C_20_66-02.txt,154.245,0.250,38.561,0,0.000,0.00,0.000,0.000,0.000
0,ec.gp.GPIndividual@271486486{271532587},3C_20_50-03.txt,30.993,0.250,7.748,0,0.000,0.00,0.000,0.000,0.000
0,ec.gp.GPIndividual@271486486{271532587},3C_20_50-03.txt,30.993,0.250,7.748,0,0.000,0.00,0.000,0.000,0.000
0,ec.gp.GPIndividual@271486486{271532587},3C_20_66-03.txt,118.340,0.250,29.585,0,0.000,0.00,0.000,0.000,0.000
0,ec.gp.GPIndividual@271486486{271532587},3C_20_80-01.txt,4.194,0.250,1.049,0,0.000,0.00,0.000,0.000,0.000
0,ec.gp.GPIndividual@271486486{271532587},3C_20_80-01.txt,4.194,0.250,1.049,0,0.000,0.00,0.000,0.000,0.000
0,ec.gp.GPIndividual@271486486{271532587},3C_20_80-02.txt,35.738,0.250,8.935,0,0.000,0.00,0.000,0.000,0.000
0,ec.gp.GPIndividual@271486486{271532587},3C_20_66-02.txt,154.245,0.250,38.561,0,0.000,0.00,0.000,0.000,0.000
0,ec.gp.GPIndividual@271486486{271532587},3C_20_80-03.txt,169.439,0.250,42.360,1,0.000,0.00,0.000,0.000,0.000
0,ec.gp.GPIndividual@271486486{271532587},3C_20_80-01.txt,4.194,0.250,1.049,0,0.000,0.00,0.000,0.000,0.000
0,ec.gp.GPIndividual@2086644470{-2039423513},3C_20_50-02.txt,61.404,0.250,15.351,0,0.000,0.00,0.000,0.000,0.000
0,ec.gp.GPIndividual@2086644470{-2039423513},3C_20_66-03.txt,118.340,0.250,29.585,0,0.000,0.00,0.000,0.000,0.000
0,ec.gp.GPIndividual@2086644470{-2039423513},3C_20_66-03.txt,118.340,0.250,29.585,0,0.000,0.00,0.000,0.000,0.000
0,ec.gp.GPIndividual@2086644470{-2039423513},3C_20_80-01.txt,4.194,0.250,1.049,0,0.000,0.00,0.000,0.000,0.000
0,ec.gp.GPIndividual@2086644470{-2039423513},3C_20_80-02.txt,35.738,0.250,8.935,0,0.000,0.00,0.000,0.000,0.000
0,ec.gp.GPIndividual@2086644470{-2039423513},3C_20_50-03.txt,30.993,0.250,7.748,0,0.000,0.00,0.000,0.000,0.000
0,ec.gp.GPIndividual@2086644470{-2039423513},3C_20_50-03.txt,30.993,0.250,7.748,0,0.000,0.00,0.000,0.000,0.000
0,ec.gp.GPIndividual@2086644470{-2039423513},3C_20_66-01.txt,7.322,0.250,1.831,0,0.000,0.00,0.000,0.000,0.000
0,ec.gp.GPIndividual@2086644470{-2039423513},3C_20_80-03.txt,169.439,0.250,42.360,0,0.000,0.00,0.000,0.000,0.000
0,ec.gp.GPIndividual@2086644470{-2039423513},3C_20_80-03.txt,169.439,0.250,42.360,0,0.000,0.00,0.000,0.000,0.000
0,ec.gp.GPIndividual@1428947575{253336239},null,0.000,0.250,0.000,0,0.000,0.00,0.000,0.000,0.000
0,ec.gp.GPIndividual@1428947575{253336239},3C_20_50-02.txt,61.404,0.250,15.351,0,0.000,0.00,0.000,0.000,0.000
0,ec.gp.GPIndividual@1622370933{1783401105},null,0.000,0.250,0.000,0,0.000,0.00,0.000,0.000,0.000
0,ec.gp.GPIndividual@1622370933{1783401105},3C_20_66-01.txt,7.322,0.250,1.831,0,0.000,0.00,0.000,0.000,0.000
0,ec.gp.GPIndividual@1622370933{1783401105},3C_20_66-03.txt,118.340,0.250,29.585,0,0.000,0.00,0.000,0.000,0.000
0,ec.gp.GPIndividual@1622370933{1783401105},3C_20_50-02.txt,61.404,0.250,15.351,0,0.000,0.00,0.000,0.000,0.000
0,ec.gp.GPIndividual@1622370933{1783401105},3C_20_80-01.txt,4.194,0.250,1.049,0,0.000,0.00,0.000,0.000,0.000
0,ec.gp.GPIndividual@1622370933{1783401105},3C_20_80-01.txt,4.194,0.250,1.049,0,0.000,0.00,0.000,0.000,0.000
0,ec.gp.GPIndividual@1622370933{1783401105},3C_20_66-03.txt,118.340,0.250,29.585,0,0.000,0.00,0.000,0.000,0.000
0,ec.gp.GPIndividual@1622370933{1783401105},3C_20_66-03.txt,118.340,0.250,29.585,0,0.000,0.00,0.000,0.000,0.000
0,ec.gp.GPIndividual@1622370933{1783401105},3C_20_80-03.txt,169.439,0.250,42.360,0,0.000,0.00,0.000,0.000,0.000
0,ec.gp.GPIndividual@729777492{-2086097546},null,0.000,0.250,0.000,0,0.000,0.00,0.000,0.000,0.000
0,ec.gp.GPIndividual@729777492{-2086097546},3C_20_80-02.txt,35.738,0.250,8.935,0,0.000,0.00,0.000,0.000,0.000
0,ec.gp.GPIndividual@729777492{-2086097546},3C_20_50-02.txt,61.404,0.250,15.351,0,0.000,0.00,0.000,0.000,0.000
0,ec.gp.GPIndividual@729777492{-2086097546},3C_20_50-02.txt,61.404,0.250,15.351,0,0.000,0.00,0.000,0.000,0.000
0,ec.gp.GPIndividual@962411289{-364491065},3C_20_50-02.txt,61.404,0.250,15.351,0,0.000,0.00,0.000,0.000,0.000
0,ec.gp.GPIndividual@962411289{-364491065},3C_20_66-01.txt,7.322,0.250,1.831,0,0.000,0.00,0.000,0.000,0.000
0,ec.gp.GPIndividual@962411289{-364491065},3C_20_50-03.txt,30.993,0.250,7.748,0,0.000,0.00,0.000,0.000,0.000
0,ec.gp.GPIndividual@962411289{-364491065},3C_20_50-03.txt,30.993,0.250,7.748,0,0.000,0.00,0.000,0.000,0.000
0,ec.gp.GPIndividual@962411289{-364491065},3C_20_66-01.txt,7.322,0.250,1.831,0,0.000,0.00,0.000,0.000,0.000
0,ec.gp.GPIndividual@962411289{-364491065},3C_20_66-03.txt,118.340,0.250,29.585,0,0.000,0.00,0.000,0.000,0.000
0,ec.gp.GPIndividual@962411289{-364491065},3C_20_66-03.txt,118.340,0.250,29.585,0,0.000,0.00,0.000,0.000,0.000
0,ec.gp.GPIndividual@962411289{-364491065},3C_20_66-02.txt,154.245,0.250,38.561,0,0.000,0.00,0.000,0.000,0.000
0,ec.gp.GPIndividual@962411289{-364491065},3C_20_66-02.txt,154.245,0.250,38.561,0,0.000,0.00,0.000,0.000,0.000
0,ec.gp.GPIndividual@962411289{-364491065},3C_20_80-02.txt,35.738,0.250,8.935,0,0.000,0.00,0.000,0.000,0.000
0,ec.gp.GPIndividual@962411289{-364491065},3C_20_80-03.txt,169.439,0.250,42.360,0,0.000,0.00,0.000,0.000,0.000
0,ec.gp.GPIndividual@962411289{-364491065},3C_20_80-03.txt,169.439,0.250,42.360,0,0.000,0.00,0.000,0.000,0.000
0,ec.gp.GPIndividual@1683586209{39606077},3C_20_50-02.txt,61.404,0.250,15.351,0,0.000,0.00,0.000,0.000,0.000
0,ec.gp.GPIndividual@1683586209{39606077},3C_20_80-02.txt,35.738,0.250,8.935,0,0.000,0.00,0.000,0.000,0.000
0,ec.gp.GPIndividual@1683586209{39606077},3C_20_80-03.txt,169.439,0.250,42.360,0,0.000,0.00,0.000,0.000,0.000
0,ec.gp.GPIndividual@1908307525{-1431734519},3C_20_50-02.txt,61.404,0.250,15.351,0,0.000,0.00,0.000,0.000,0.000
0,ec.gp.GPIndividual@1908307525{-1431734519},3C_20_50-03.txt,30.993,0.250,7.748,0,0.000,0.00,0.000,0.000,0.000
0,ec.gp.GPIndividual@1908307525{-1431734519},3C_20_66-01.txt,7.322,0.250,1.831,0,0.000,0.00,0.000,0.000,0.000
0,ec.gp.GPIndividual@1908307525{-1431734519},3C_20_66-02.txt,154.245,0.250,38.561,0,0.000,0.00,0.000,0.000,0.000
0,ec.gp.GPIndividual@1908307525{-1431734519},3C_20_66-03.txt,118.340,0.250,29.585,0,0.000,0.00,0.000,0.000,0.000
0,ec.gp.GPIndividual@1908307525{-1431734519},3C_20_80-01.txt,4.194,0.250,1.049,0,0.000,0.00,0.000,0.000,0.000
0,ec.gp.GPIndividual@1908307525{-1431734519},3C_20_80-02.txt,35.738,0.250,8.935,0,0.000,0.00,0.000,0.000,0.000
0,ec.gp.GPIndividual@1908307525{-1431734519},3C_20_80-03.txt,169.439,0.250,42.360,0,0.000,0.00,0.000,0.000,0.000
0,ec.gp.GPIndividual@438218418{-1691173479},3C_20_50-02.txt,61.404,0.250,15.351,3,0.625,4.07,0.208,0.313,0.000
0,ec.gp.GPIndividual@438218418{-1691173479},3C_20_50-03.txt,30.993,0.250,7.748,2,0.313,4.03,0.156,0.313,0.000
0,ec.gp.GPIndividual@438218418{-1691173479},3C_20_50-03.txt,30.993,0.250,7.748,1,0.313,4.03,0.313,0.313,0.000
0,ec.gp.GPIndividual@438218418{-1691173479},3C_20_50-03.txt,30.993,0.250,7.748,1,0.234,3.02,0.234,0.313,0.000
0,ec.gp.GPIndividual@438218418{-1691173479},3C_20_50-03.txt,30.993,0.250,7.748,1,0.344,4.44,0.344,0.344,0.000
0,ec.gp.GPIndividual@438218418{-1691173479},3C_20_50-03.txt,30.993,0.250,7.748,2,1.656,21.38,0.828,1.656,0.000
0,ec.gp.GPIndividual@438218418{-1691173479},3C_20_50-03.txt,30.993,0.250,7.748,1,3.125,40.33,3.125,3.125,0.000
0,ec.gp.GPIndividual@438218418{-1691173479},3C_20_66-01.txt,7.322,0.250,1.831,2,6.250,341.43,3.125,3.125,0.000
0,ec.gp.GPIndividual@438218418{-1691173479},3C_20_66-01.txt,7.322,0.250,1.831,1,3.156,172.42,3.156,3.156,0.000
0,ec.gp.GPIndividual@438218418{-1691173479},3C_20_66-01.txt,7.322,0.250,1.831,2,3.156,172.42,1.578,3.156,0.000
0,ec.gp.GPIndividual@438218418{-1691173479},3C_20_66-01.txt,7.322,0.250,1.831,1,0.797,43.53,0.797,3.156,0.000
0,ec.gp.GPIndividual@438218418{-1691173479},3C_20_66-02.txt,154.245,0.250,38.561,1,0.797,2.07,0.797,3.156,0.000
0,ec.gp.GPIndividual@438218418{-1691173479},3C_20_66-02.txt,154.245,0.250,38.561,1,0.797,2.07,0.797,3.156,0.000
0,ec.gp.GPIndividual@438218418{-1691173479},3C_20_66-01.txt,7.322,0.250,1.831,3,1.594,87.06,0.531,3.156,0.000
0,ec.gp.GPIndividual@438218418{-1691173479},3C_20_66-02.txt,154.245,0.250,38.561,1,0.000,0.00,0.000,3.156,0.000
0,ec.gp.GPIndividual@438218418{-1691173479},3C_20_66-02.txt,154.245,0.250,38.561,3,5.094,13.21,1.698,3.219,0.000
0,ec.gp.GPIndividual@438218418{-1691173479},3C_20_66-02.txt,154.245,0.250,38.561,2,2.422,6.28,1.211,3.219,0.000
0,ec.gp.GPIndividual@438218418{-1691173479},3C_20_66-03.txt,118.340,0.250,29.585,1,2.422,8.19,2.422,3.219,0.000
0,ec.gp.GPIndividual@438218418{-1691173479},3C_20_66-03.txt,118.340,0.250,29.585,1,2.578,8.71,2.578,3.219,0.000
0,ec.gp.GPIndividual@438218418{-1691173479},3C_20_66-03.txt,118.340,0.250,29.585,1,2.578,8.71,2.578,3.219,0.000
0,ec.gp.GPIndividual@438218418{-1691173479},3C_20_66-03.txt,118.340,0.250,29.585,2,2.078,7.02,1.039,3.219,0.000
0,ec.gp.GPIndividual@438218418{-1691173479},3C_20_66-03.txt,118.340,0.250,29.585,2,4.266,14.42,2.133,4.266,0.000
0,ec.gp.GPIndividual@438218418{-1691173479},3C_20_66-01.txt,7.322,0.250,1.831,2,1.453,79.38,0.727,4.266,0.000
0,ec.gp.GPIndividual@438218418{-1691173479},3C_20_66-02.txt,154.245,0.250,38.561,1,6.094,15.80,6.094,6.094,0.000
0,ec.gp.GPIndividual@438218418{-1691173479},3C_20_80-01.txt,4.194,0.250,1.049,1,6.281,599.00,6.281,6.281,0.000
0,ec.gp.GPIndividual@438218418{-1691173479},3C_20_80-01.txt,4.194,0.250,1.049,1,0.500,47.68,0.500,6.281,0.000
0,ec.gp.GPIndividual@438218418{-1691173479},3C_20_80-02.txt,35.738,0.250,8.935,1,6.469,72.40,6.469,6.469,0.000
0,ec.gp.GPIndividual@438218418{-1691173479},3C_20_80-01.txt,4.194,0.250,1.049,2,0.453,43.21,0.227,6.469,0.000
0,ec.gp.GPIndividual@438218418{-1691173479},3C_20_80-02.txt,35.738,0.250,8.935,1,6.594,73.80,6.594,6.594,0.000
0,ec.gp.GPIndividual@438218418{-1691173479},3C_20_80-01.txt,4.194,0.250,1.049,1,2.766,263.74,2.766,6.594,0.000
0,ec.gp.GPIndividual@438218418{-1691173479},3C_20_66-03.txt,118.340,0.250,29.585,1,0.531,1.80,0.531,6.594,0.000
0,ec.gp.GPIndividual@438218418{-1691173479},3C_20_80-02.txt,35.738,0.250,8.935,2,0.578,6.47,0.289,6.594,0.000
0,ec.gp.GPIndividual@438218418{-1691173479},3C_20_80-02.txt,35.738,0.250,8.935,1,6.094,68.20,6.094,6.594,0.000
0,ec.gp.GPIndividual@438218418{-1691173479},3C_20_80-01.txt,4.194,0.250,1.049,1,0.000,0.00,0.000,6.594,0.000
0,ec.gp.GPIndividual@438218418{-1691173479},3C_20_80-02.txt,35.738,0.250,8.935,2,2.109,23.61,1.055,6.594,0.000
0,ec.gp.GPIndividual@438218418{-1691173479},3C_20_80-03.txt,169.439,0.250,42.360,1,1.984,4.68,1.984,6.594,0.000
0,ec.gp.GPIndividual@438218418{-1691173479},3C_20_80-03.txt,169.439,0.250,42.360,1,2.063,4.87,2.063,6.594,0.000
0,ec.gp.GPIndividual@438218418{-1691173479},3C_20_80-03.txt,169.439,0.250,42.360,2,2.063,4.87,1.031,6.594,0.000
0,ec.gp.GPIndividual@438218418{-1691173479},3C_20_80-03.txt,169.439,0.250,42.360,2,3.188,7.52,1.594,6.594,0.000
0,ec.gp.GPIndividual@438218418{-1691173479},3C_20_80-03.txt,169.439,0.250,42.360,3,12.344,29.14,4.115,6.594,0.000
0,ec.gp.GPIndividual@2029789281{-1189241670},3C_20_50-02.txt,61.404,0.250,15.351,0,0.000,0.00,0.000,0.000,0.000
0,ec.gp.GPIndividual@2029789281{-1189241670},3C_20_50-03.txt,30.993,0.250,7.748,0,0.000,0.00,0.000,0.000,0.000
0,ec.gp.GPIndividual@2029789281{-1189241670},3C_20_66-01.txt,7.322,0.250,1.831,0,0.000,0.00,0.000,0.000,0.000
0,ec.gp.GPIndividual@2029789281{-1189241670},3C_20_66-02.txt,154.245,0.250,38.561,0,0.000,0.00,0.000,0.000,0.000
0,ec.gp.GPIndividual@2029789281{-1189241670},3C_20_66-03.txt,118.340,0.250,29.585,0,0.000,0.00,0.000,0.000,0.000
0,ec.gp.GPIndividual@2029789281{-1189241670},3C_20_80-01.txt,4.194,0.250,1.049,0,0.000,0.00,0.000,0.000,0.000
0,ec.gp.GPIndividual@2029789281{-1189241670},3C_20_80-02.txt,35.738,0.250,8.935,0,0.000,0.00,0.000,0.000,0.000
0,ec.gp.GPIndividual@2029789281{-1189241670},3C_20_80-03.txt,169.439,0.250,42.360,0,0.000,0.00,0.000,0.000,0.000
0,ec.gp.GPIndividual@1681069146{-29516404},3C_20_50-02.txt,61.404,0.250,15.351,0,0.000,0.00,0.000,0.000,0.000
0,ec.gp.GPIndividual@1681069146{-29516404},3C_20_50-03.txt,30.993,0.250,7.748,0,0.000,0.00,0.000,0.000,0.000
0,ec.gp.GPIndividual@1681069146{-29516404},3C_20_66-01.txt,7.322,0.250,1.831,0,0.000,0.00,0.000,0.000,0.000
0,ec.gp.GPIndividual@1681069146{-29516404},3C_20_66-02.txt,154.245,0.250,38.561,0,0.000,0.00,0.000,0.000,0.000
0,ec.gp.GPIndividual@1681069146{-29516404},3C_20_66-03.txt,118.340,0.250,29.585,0,0.000,0.00,0.000,0.000,0.000
0,ec.gp.GPIndividual@1681069146{-29516404},3C_20_80-01.txt,4.194,0.250,1.049,0,0.000,0.00,0.000,0.000,0.000
0,ec.gp.GPIndividual@1681069146{-29516404},3C_20_80-02.txt,35.738,0.250,8.935,0,0.000,0.00,0.000,0.000,0.000
0,ec.gp.GPIndividual@1681069146{-29516404},3C_20_80-03.txt,169.439,0.250,42.360,0,0.000,0.00,0.000,0.000,0.000
0,ec.gp.GPIndividual@616692{-295020837},3C_20_50-02.txt,61.404,0.250,15.351,1,6.172,40.20,6.172,6.172,6.172
0,ec.gp.GPIndividual@55001735{570629224},3C_20_50-02.txt,61.404,0.250,15.351,0,0.000,0.00,0.000,0.000,0.000
0,ec.gp.GPIndividual@55001735{570629224},3C_20_50-03.txt,30.993,0.250,7.748,0,0.000,0.00,0.000,0.000,0.000
0,ec.gp.GPIndividual@55001735{570629224},3C_20_66-01.txt,7.322,0.250,1.831,0,0.000,0.00,0.000,0.000,0.000
0,ec.gp.GPIndividual@55001735{570629224},3C_20_66-02.txt,154.245,0.250,38.561,0,0.000,0.00,0.000,0.000,0.000
0,ec.gp.GPIndividual@55001735{570629224},3C_20_66-03.txt,118.340,0.250,29.585,0,0.000,0.00,0.000,0.000,0.000
0,ec.gp.GPIndividual@55001735{570629224},3C_20_80-01.txt,4.194,0.250,1.049,0,0.000,0.00,0.000,0.000,0.000
0,ec.gp.GPIndividual@55001735{570629224},3C_20_80-02.txt,35.738,0.250,8.935,0,0.000,0.00,0.000,0.000,0.000
0,ec.gp.GPIndividual@55001735{570629224},3C_20_80-03.txt,169.439,0.250,42.360,0,0.000,0.00,0.000,0.000,0.000
0,ec.gp.GPIndividual@1369034417{45145225},3C_20_50-02.txt,61.404,0.250,15.351,3,6.781,44.17,2.260,6.125,0.313
0,ec.gp.GPIndividual@145662065{533798807},3C_20_50-02.txt,61.404,0.250,15.351,0,0.000,0.00,0.000,0.000,0.000
0,ec.gp.GPIndividual@145662065{533798807},3C_20_50-03.txt,30.993,0.250,7.748,1,6.297,81.27,6.297,6.297,6.297
0,ec.gp.GPIndividual@483527152{-937909181},3C_20_50-02.txt,61.404,0.250,15.351,0,0.000,0.00,0.000,0.000,0.000
0,ec.gp.GPIndividual@483527152{-937909181},3C_20_66-01.txt,7.322,0.250,1.831,0,0.000,0.00,0.000,0.000,0.000
0,ec.gp.GPIndividual@483527152{-937909181},3C_20_66-02.txt,154.245,0.250,38.561,0,0.000,0.00,0.000,0.000,0.000
0,ec.gp.GPIndividual@483527152{-937909181},3C_20_66-03.txt,118.340,0.250,29.585,0,0.000,0.00,0.000,0.000,0.000
0,ec.gp.GPIndividual@483527152{-937909181},3C_20_80-01.txt,4.194,0.250,1.049,0,0.000,0.00,0.000,0.000,0.000
0,ec.gp.GPIndividual@483527152{-937909181},3C_20_80-02.txt,35.738,0.250,8.935,0,0.000,0.00,0.000,0.000,0.000
0,ec.gp.GPIndividual@483527152{-937909181},3C_20_80-03.txt,169.439,0.250,42.360,0,0.000,0.00,0.000,0.000,0.000
0,ec.gp.GPIndividual@161985416{-724681861},3C_20_50-02.txt,61.404,0.250,15.351,0,0.000,0.00,0.000,0.000,0.000
0,ec.gp.GPIndividual@161985416{-724681861},3C_20_50-03.txt,30.993,0.250,7.748,0,0.000,0.00,0.000,0.000,0.000
0,ec.gp.GPIndividual@161985416{-724681861},3C_20_66-01.txt,7.322,0.250,1.831,0,0.000,0.00,0.000,0.000,0.000
0,ec.gp.GPIndividual@161985416{-724681861},3C_20_66-02.txt,154.245,0.250,38.561,0,0.000,0.00,0.000,0.000,0.000
0,ec.gp.GPIndividual@161985416{-724681861},3C_20_66-03.txt,118.340,0.250,29.585,0,0.000,0.00,0.000,0.000,0.000
0,ec.gp.GPIndividual@161985416{-724681861},3C_20_80-01.txt,4.194,0.250,1.049,0,0.000,0.00,0.000,0.000,0.000
0,ec.gp.GPIndividual@161985416{-724681861},3C_20_80-02.txt,35.738,0.250,8.935,0,0.000,0.00,0.000,0.000,0.000
0,ec.gp.GPIndividual@161985416{-724681861},3C_20_80-03.txt,169.439,0.250,42.360,0,0.000,0.00,0.000,0.000,0.000
0,ec.gp.GPIndividual@1500693590{-1365752896},3C_20_50-02.txt,61.404,0.250,15.351,3,4.500,29.31,1.500,3.531,0.469
0,ec.gp.GPIndividual@1500693590{-1365752896},3C_20_80-01.txt,4.194,0.250,1.049,1,5.922,564.73,5.922,5.922,0.469
0,ec.gp.GPIndividual@138813247{-1495678347},3C_20_50-02.txt,61.404,0.250,15.351,0,0.000,0.00,0.000,0.000,0.000
0,ec.gp.GPIndividual@138813247{-1495678347},3C_20_50-03.txt,30.993,0.250,7.748,0,0.000,0.00,0.000,0.000,0.000
0,ec.gp.GPIndividual@138813247{-1495678347},3C_20_66-01.txt,7.322,0.250,1.831,0,0.000,0.00,0.000,0.000,0.000
0,ec.gp.GPIndividual@138813247{-1495678347},3C_20_66-02.txt,154.245,0.250,38.561,0,0.000,0.00,0.000,0.000,0.000
0,ec.gp.GPIndividual@138813247{-1495678347},3C_20_66-03.txt,118.340,0.250,29.585,0,0.000,0.00,0.000,0.000,0.000
0,ec.gp.GPIndividual@138813247{-1495678347},3C_20_80-01.txt,4.194,0.250,1.049,0,0.000,0.00,0.000,0.000,0.000
0,ec.gp.GPIndividual@138813247{-1495678347},3C_20_80-02.txt,35.738,0.250,8.935,0,0.000,0.00,0.000,0.000,0.000
0,ec.gp.GPIndividual@138813247{-1495678347},3C_20_80-03.txt,169.439,0.250,42.360,0,0.000,0.00,0.000,0.000,0.000
0,ec.gp.GPIndividual@209292015{786141429},3C_20_50-02.txt,61.404,0.250,15.351,1,1.875,12.21,1.875,1.875,1.875
0,ec.gp.GPIndividual@209292015{786141429},3C_20_50-03.txt,30.993,0.250,7.748,4,3.031,39.12,0.758,1.875,0.328
0,ec.gp.GPIndividual@209292015{786141429},3C_20_50-03.txt,30.993,0.250,7.748,3,4.313,55.66,1.438,1.875,0.328
0,ec.gp.GPIndividual@209292015{786141429},3C_20_80-02.txt,35.738,0.250,8.935,1,1.703,19.06,1.703,1.875,0.328
0,ec.gp.GPIndividual@209292015{786141429},3C_20_50-03.txt,30.993,0.250,7.748,1,1.938,25.01,1.938,1.938,0.328
0,ec.gp.GPIndividual@209292015{786141429},3C_20_50-03.txt,30.993,0.250,7.748,3,7.844,101.23,2.615,3.234,0.328
0,ec.gp.GPIndividual@209292015{786141429},3C_20_50-03.txt,30.993,0.250,7.748,4,5.234,67.56,1.309,3.234,0.000
0,ec.gp.GPIndividual@209292015{786141429},3C_20_66-01.txt,7.322,0.250,1.831,0,0.000,0.00,0.000,3.234,0.000
0,ec.gp.GPIndividual@209292015{786141429},3C_20_80-03.txt,169.439,0.250,42.360,4,9.234,21.80,2.309,3.234,0.000
0,ec.gp.GPIndividual@209292015{786141429},3C_20_66-01.txt,7.322,0.250,1.831,1,3.203,174.98,3.203,3.234,0.000
0,ec.gp.GPIndividual@209292015{786141429},3C_20_66-01.txt,7.322,0.250,1.831,1,1.250,68.29,1.250,3.234,0.000
0,ec.gp.GPIndividual@209292015{786141429},3C_20_66-02.txt,154.245,0.250,38.561,1,0.859,2.23,0.859,3.234,0.000
0,ec.gp.GPIndividual@209292015{786141429},3C_20_66-02.txt,154.245,0.250,38.561,1,0.844,2.19,0.844,3.234,0.000
0,ec.gp.GPIndividual@209292015{786141429},3C_20_66-02.txt,154.245,0.250,38.561,4,10.422,27.03,2.605,4.500,0.000
0,ec.gp.GPIndividual@209292015{786141429},3C_20_66-01.txt,7.322,0.250,1.831,1,5.563,303.87,5.563,5.563,0.000
0,ec.gp.GPIndividual@2138822666{-196792202},3C_20_50-02.txt,61.404,0.250,15.351,4,8.578,55.88,2.145,4.406,1.328
0,ec.gp.GPIndividual@2138822666{-196792202},3C_20_66-03.txt,118.340,0.250,29.585,1,0.469,1.58,0.469,4.406,0.469
0,ec.gp.GPIndividual@2138822666{-196792202},3C_20_50-03.txt,30.993,0.250,7.748,4,4.969,64.13,1.242,4.406,0.469
0,ec.gp.GPIndividual@2138822666{-196792202},3C_20_66-02.txt,154.245,0.250,38.561,1,1.828,4.74,1.828,4.406,0.469
0,ec.gp.GPIndividual@2138822666{-196792202},3C_20_66-03.txt,118.340,0.250,29.585,1,2.891,9.77,2.891,4.406,0.469
0,ec.gp.GPIndividual@2138822666{-196792202},3C_20_66-01.txt,7.322,0.250,1.831,1,2.328,127.18,2.328,4.406,0.469
0,ec.gp.GPIndividual@2138822666{-196792202},3C_20_66-03.txt,118.340,0.250,29.585,1,4.531,15.32,4.531,4.531,0.469
0,ec.gp.GPIndividual@2138822666{-196792202},3C_20_66-01.txt,7.322,0.250,1.831,1,2.359,128.89,2.359,4.531,0.469
0,ec.gp.GPIndividual@2138822666{-196792202},3C_20_66-03.txt,118.340,0.250,29.585,1,0.875,2.96,0.875,4.531,0.469
0,ec.gp.GPIndividual@2138822666{-196792202},3C_20_66-02.txt,154.245,0.250,38.561,3,8.344,21.64,2.781,6.219,0.469
0,ec.gp.GPIndividual@2138822666{-196792202},3C_20_80-01.txt,4.194,0.250,1.049,2,3.063,292.05,1.531,6.219,0.469
0,ec.gp.GPIndividual@2138822666{-196792202},3C_20_66-03.txt,118.340,0.250,29.585,2,2.781,9.40,1.391,6.219,0.469
0,ec.gp.GPIndividual@2138822666{-196792202},3C_20_80-02.txt,35.738,0.250,8.935,3,7.734,86.57,2.578,6.219,0.469
0,ec.gp.GPIndividual@2138822666{-196792202},3C_20_66-02.txt,154.245,0.250,38.561,2,7.391,19.17,3.695,6.219,0.469
0,ec.gp.GPIndividual@2138822666{-196792202},3C_20_80-01.txt,4.194,0.250,1.049,1,2.063,196.69,2.063,6.219,0.469
0,ec.gp.GPIndividual@2138822666{-196792202},3C_20_80-03.txt,169.439,0.250,42.360,1,0.469,1.11,0.469,6.219,0.469
0,ec.gp.GPIndividual@2138822666{-196792202},3C_20_80-02.txt,35.738,0.250,8.935,2,11.484,128.54,5.742,9.188,0.469
0,ec.gp.GPIndividual@2138822666{-196792202},3C_20_80-01.txt,4.194,0.250,1.049,1,5.641,537.91,5.641,9.188,0.469
0,ec.gp.GPIndividual@2138822666{-196792202},3C_20_80-01.txt,4.194,0.250,1.049,1,2.188,208.61,2.188,9.188,0.469
0,ec.gp.GPIndividual@2138822666{-196792202},3C_20_80-03.txt,169.439,0.250,42.360,1,0.453,1.07,0.453,9.188,0.453
0,ec.gp.GPIndividual@2138822666{-196792202},3C_20_80-02.txt,35.738,0.250,8.935,1,3.438,38.47,3.438,9.188,0.453
0,ec.gp.GPIndividual@2138822666{-196792202},3C_20_80-01.txt,4.194,0.250,1.049,1,1.484,141.55,1.484,9.188,0.453
0,ec.gp.GPIndividual@2138822666{-196792202},3C_20_66-03.txt,118.340,0.250,29.585,2,1.672,5.65,0.836,9.188,0.453
0,ec.gp.GPIndividual@2138822666{-196792202},3C_20_80-02.txt,35.738,0.250,8.935,1,1.250,13.99,1.250,9.188,0.453
0,ec.gp.GPIndividual@2138822666{-196792202},3C_20_80-02.txt,35.738,0.250,8.935,2,7.891,88.32,3.945,9.188,0.453
0,ec.gp.GPIndividual@889453880{1295570354},3C_20_50-02.txt,61.404,0.250,15.351,1,0.000,0.00,0.000,0.000,0.000
0,ec.gp.GPIndividual@889453880{1295570354},3C_20_50-03.txt,30.993,0.250,7.748,1,0.000,0.00,0.000,0.000,0.000
0,ec.gp.GPIndividual@889453880{1295570354},3C_20_66-01.txt,7.322,0.250,1.831,1,0.000,0.00,0.000,0.000,0.000
0,ec.gp.GPIndividual@889453880{1295570354},3C_20_66-02.txt,154.245,0.250,38.561,1,0.000,0.00,0.000,0.000,0.000
0,ec.gp.GPIndividual@889453880{1295570354},3C_20_66-03.txt,118.340,0.250,29.585,1,0.000,0.00,0.000,0.000,0.000
0,ec.gp.GPIndividual@889453880{1295570354},3C_20_80-01.txt,4.194,0.250,1.049,1,0.000,0.00,0.000,0.000,0.000
0,ec.gp.GPIndividual@889453880{1295570354},3C_20_80-02.txt,35.738,0.250,8.935,1,0.000,0.00,0.000,0.000,0.000
0,ec.gp.GPIndividual@889453880{1295570354},3C_20_80-03.txt,169.439,0.250,42.360,1,0.000,0.00,0.000,0.000,0.000
0,ec.gp.GPIndividual@744832209{478727100},3C_20_50-02.txt,61.404,0.250,15.351,0,0.000,0.00,0.000,0.000,0.000
0,ec.gp.GPIndividual@744832209{478727100},3C_20_50-03.txt,30.993,0.250,7.748,0,0.000,0.00,0.000,0.000,0.000
0,ec.gp.GPIndividual@744832209{478727100},3C_20_66-01.txt,7.322,0.250,1.831,0,0.000,0.00,0.000,0.000,0.000
0,ec.gp.GPIndividual@744832209{478727100},3C_20_66-02.txt,154.245,0.250,38.561,0,0.000,0.00,0.000,0.000,0.000
0,ec.gp.GPIndividual@744832209{478727100},3C_20_66-03.txt,118.340,0.250,29.585,0,0.000,0.00,0.000,0.000,0.000
0,ec.gp.GPIndividual@744832209{478727100},3C_20_80-01.txt,4.194,0.250,1.049,0,0.000,0.00,0.000,0.000,0.000
0,ec.gp.GPIndividual@744832209{478727100},3C_20_80-02.txt,35.738,0.250,8.935,0,0.000,0.00,0.000,0.000,0.000
0,ec.gp.GPIndividual@744832209{478727100},3C_20_80-03.txt,169.439,0.250,42.360,0,0.000,0.00,0.000,0.000,0.000
0,ec.gp.GPIndividual@2068075325{-561904251},3C_20_50-02.txt,61.404,0.250,15.351,2,1.297,8.45,0.648,0.875,0.422
0,ec.gp.GPIndividual@2068075325{-561904251},3C_20_50-03.txt,30.993,0.250,7.748,3,6.688,86.31,2.229,4.563,0.422
0,ec.gp.GPIndividual@1232803076{1285418864},3C_20_50-02.txt,61.404,0.250,15.351,0,0.000,0.00,0.000,0.000,0.000
0,ec.gp.GPIndividual@1232803076{1285418864},3C_20_50-03.txt,30.993,0.250,7.748,0,0.000,0.00,0.000,0.000,0.000
0,ec.gp.GPIndividual@1232803076{1285418864},3C_20_66-01.txt,7.322,0.250,1.831,0,0.000,0.00,0.000,0.000,0.000
0,ec.gp.GPIndividual@1232803076{1285418864},3C_20_66-02.txt,154.245,0.250,38.561,0,0.000,0.00,0.000,0.000,0.000
0,ec.gp.GPIndividual@1232803076{1285418864},3C_20_66-03.txt,118.340,0.250,29.585,0,0.000,0.00,0.000,0.000,0.000
0,ec.gp.GPIndividual@1232803076{1285418864},3C_20_80-01.txt,4.194,0.250,1.049,0,0.000,0.00,0.000,0.000,0.000
0,ec.gp.GPIndividual@1232803076{1285418864},3C_20_80-02.txt,35.738,0.250,8.935,0,0.000,0.00,0.000,0.000,0.000
0,ec.gp.GPIndividual@1232803076{1285418864},3C_20_80-03.txt,169.439,0.250,42.360,0,0.000,0.00,0.000,0.000,0.000
0,ec.gp.GPIndividual@1090492589{-983574050},3C_20_50-02.txt,61.404,0.250,15.351,0,0.000,0.00,0.000,0.000,0.000
0,ec.gp.GPIndividual@1090492589{-983574050},3C_20_50-03.txt,30.993,0.250,7.748,0,0.000,0.00,0.000,0.000,0.000
0,ec.gp.GPIndividual@1090492589{-983574050},3C_20_66-01.txt,7.322,0.250,1.831,0,0.000,0.00,0.000,0.000,0.000
0,ec.gp.GPIndividual@1090492589{-983574050},3C_20_66-02.txt,154.245,0.250,38.561,0,0.000,0.00,0.000,0.000,0.000
0,ec.gp.GPIndividual@1090492589{-983574050},3C_20_66-03.txt,118.340,0.250,29.585,0,0.000,0.00,0.000,0.000,0.000
0,ec.gp.GPIndividual@1090492589{-983574050},3C_20_80-01.txt,4.194,0.250,1.049,0,0.000,0.00,0.000,0.000,0.000
0,ec.gp.GPIndividual@1090492589{-983574050},3C_20_80-02.txt,35.738,0.250,8.935,0,0.000,0.00,0.000,0.000,0.000
0,ec.gp.GPIndividual@1090492589{-983574050},3C_20_80-03.txt,169.439,0.250,42.360,0,0.000,0.00,0.000,0.000,0.000
0,ec.gp.GPIndividual@2029574250{1024030112},3C_20_50-02.txt,61.404,0.250,15.351,0,0.000,0.00,0.000,0.000,0.000
0,ec.gp.GPIndividual@2029574250{1024030112},3C_20_50-03.txt,30.993,0.250,7.748,0,0.000,0.00,0.000,0.000,0.000
0,ec.gp.GPIndividual@2029574250{1024030112},3C_20_66-01.txt,7.322,0.250,1.831,0,0.000,0.00,0.000,0.000,0.000
0,ec.gp.GPIndividual@2029574250{1024030112},3C_20_66-02.txt,154.245,0.250,38.561,0,0.000,0.00,0.000,0.000,0.000
0,ec.gp.GPIndividual@2029574250{1024030112},3C_20_66-03.txt,118.340,0.250,29.585,0,0.000,0.00,0.000,0.000,0.000
0,ec.gp.GPIndividual@2029574250{1024030112},3C_20_80-01.txt,4.194,0.250,1.049,0,0.000,0.00,0.000,0.000,0.000
0,ec.gp.GPIndividual@2029574250{1024030112},3C_20_80-02.txt,35.738,0.250,8.935,0,0.000,0.00,0.000,0.000,0.000
0,ec.gp.GPIndividual@2029574250{1024030112},3C_20_80-03.txt,169.439,0.250,42.360,0,0.000,0.00,0.000,0.000,0.000
0,ec.gp.GPIndividual@949357416{-1354750236},3C_20_50-02.txt,61.404,0.250,15.351,2,1.469,9.57,0.734,1.047,0.422
0,ec.gp.GPIndividual@949357416{-1354750236},3C_20_50-03.txt,30.993,0.250,7.748,1,3.125,40.33,3.125,3.125,0.422
0,ec.gp.GPIndividual@949357416{-1354750236},3C_20_66-01.txt,7.322,0.250,1.831,1,4.281,233.88,4.281,4.281,0.422
0,ec.gp.GPIndividual@2072492285{2116552443},3C_20_50-02.txt,61.404,0.250,15.351,2,3.656,23.82,1.828,3.438,0.219
0,ec.gp.GPIndividual@2072492285{2116552443},3C_20_80-01.txt,4.194,0.250,1.049,1,0.469,44.70,0.469,3.438,0.219
0,ec.gp.GPIndividual@2072492285{2116552443},3C_20_80-02.txt,35.738,0.250,8.935,1,1.047,11.72,1.047,3.438,0.219
0,ec.gp.GPIndividual@2072492285{2116552443},3C_20_50-03.txt,30.993,0.250,7.748,1,1.313,16.94,1.313,3.438,0.219
0,ec.gp.GPIndividual@2072492285{2116552443},3C_20_80-03.txt,169.439,0.250,42.360,1,3.453,8.15,3.453,3.453,0.219
0,ec.gp.GPIndividual@2072492285{2116552443},3C_20_80-01.txt,4.194,0.250,1.049,1,0.469,44.70,0.469,3.453,0.219
0,ec.gp.GPIndividual@2072492285{2116552443},3C_20_80-02.txt,35.738,0.250,8.935,1,14.938,167.19,14.938,14.938,0.219
0,ec.gp.GPIndividual@1263565339{-1772185409},3C_20_50-02.txt,61.404,0.250,15.351,0,0.000,0.00,0.000,0.000,0.000
0,ec.gp.GPIndividual@1263565339{-1772185409},3C_20_50-03.txt,30.993,0.250,7.748,0,0.000,0.00,0.000,0.000,0.000
0,ec.gp.GPIndividual@1263565339{-1772185409},3C_20_66-01.txt,7.322,0.250,1.831,0,0.000,0.00,0.000,0.000,0.000
0,ec.gp.GPIndividual@1263565339{-1772185409},3C_20_66-02.txt,154.245,0.250,38.561,0,0.000,0.00,0.000,0.000,0.000
0,ec.gp.GPIndividual@1263565339{-1772185409},3C_20_66-03.txt,118.340,0.250,29.585,0,0.000,0.00,0.000,0.000,0.000
0,ec.gp.GPIndividual@1263565339{-1772185409},3C_20_80-01.txt,4.194,0.250,1.049,0,0.000,0.00,0.000,0.000,0.000
0,ec.gp.GPIndividual@1263565339{-1772185409},3C_20_80-02.txt,35.738,0.250,8.935,0,0.000,0.00,0.000,0.000,0.000
0,ec.gp.GPIndividual@1263565339{-1772185409},3C_20_80-03.txt,169.439,0.250,42.360,0,0.000,0.00,0.000,0.000,0.000
0,ec.gp.GPIndividual@1044828721{664513076},3C_20_50-02.txt,61.404,0.250,15.351,0,0.000,0.00,0.000,0.000,0.000
0,ec.gp.GPIndividual@1044828721{664513076},3C_20_50-03.txt,30.993,0.250,7.748,0,0.000,0.00,0.000,0.000,0.000
0,ec.gp.GPIndividual@1044828721{664513076},3C_20_66-01.txt,7.322,0.250,1.831,0,0.000,0.00,0.000,0.000,0.000
0,ec.gp.GPIndividual@1044828721{664513076},3C_20_66-02.txt,154.245,0.250,38.561,0,0.000,0.00,0.000,0.000,0.000
0,ec.gp.GPIndividual@1044828721{664513076},3C_20_66-03.txt,118.340,0.250,29.585,0,0.000,0.00,0.000,0.000,0.000
0,ec.gp.GPIndividual@1044828721{664513076},3C_20_80-01.txt,4.194,0.250,1.049,0,0.000,0.00,0.000,0.000,0.000
0,ec.gp.GPIndividual@1044828721{664513076},3C_20_80-02.txt,35.738,0.250,8.935,0,0.000,0.00,0.000,0.000,0.000
0,ec.gp.GPIndividual@1044828721{664513076},3C_20_80-03.txt,169.439,0.250,42.360,0,0.000,0.00,0.000,0.000,0.000
0,ec.gp.GPIndividual@774437860{-1967929451},3C_20_50-02.txt,61.404,0.250,15.351,2,1.000,6.51,0.500,0.828,0.172
0,ec.gp.GPIndividual@774437860{-1967929451},3C_20_50-03.txt,30.993,0.250,7.748,1,2.906,37.51,2.906,2.906,0.172
0,ec.gp.GPIndividual@774437860{-1967929451},3C_20_66-01.txt,7.322,0.250,1.831,1,2.531,138.28,2.531,2.906,0.172
0,ec.gp.GPIndividual@693430859{753425794},3C_20_50-02.txt,61.404,0.250,15.351,0,0.000,0.00,0.000,0.000,0.000
0,ec.gp.GPIndividual@693430859{753425794},3C_20_50-03.txt,30.993,0.250,7.748,0,0.000,0.00,0.000,0.000,0.000
0,ec.gp.GPIndividual@693430859{753425794},3C_20_66-01.txt,7.322,0.250,1.831,0,0.000,0.00,0.000,0.000,0.000
0,ec.gp.GPIndividual@693430859{753425794},3C_20_66-02.txt,154.245,0.250,38.561,0,0.000,0.00,0.000,0.000,0.000
0,ec.gp.GPIndividual@693430859{753425794},3C_20_66-03.txt,118.340,0.250,29.585,0,0.000,0.00,0.000,0.000,0.000
0,ec.gp.GPIndividual@693430859{753425794},3C_20_80-01.txt,4.194,0.250,1.049,0,0.000,0.00,0.000,0.000,0.000
0,ec.gp.GPIndividual@693430859{753425794},3C_20_80-02.txt,35.738,0.250,8.935,0,0.000,0.00,0.000,0.000,0.000
0,ec.gp.GPIndividual@693430859{753425794},3C_20_80-03.txt,169.439,0.250,42.360,0,0.000,0.00,0.000,0.000,0.000
0,ec.gp.GPIndividual@357705020{1756212890},3C_20_50-02.txt,61.404,0.250,15.351,0,0.000,0.00,0.000,0.000,0.000
0,ec.gp.GPIndividual@357705020{1756212890},3C_20_50-03.txt,30.993,0.250,7.748,0,0.000,0.00,0.000,0.000,0.000
0,ec.gp.GPIndividual@357705020{1756212890},3C_20_66-01.txt,7.322,0.250,1.831,0,0.000,0.00,0.000,0.000,0.000
0,ec.gp.GPIndividual@357705020{1756212890},3C_20_66-02.txt,154.245,0.250,38.561,0,0.000,0.00,0.000,0.000,0.000
0,ec.gp.GPIndividual@357705020{1756212890},3C_20_66-03.txt,118.340,0.250,29.585,0,0.000,0.00,0.000,0.000,0.000
0,ec.gp.GPIndividual@357705020{1756212890},3C_20_80-01.txt,4.194,0.250,1.049,0,0.000,0.00,0.000,0.000,0.000
0,ec.gp.GPIndividual@357705020{1756212890},3C_20_80-02.txt,35.738,0.250,8.935,1,0.375,4.20,0.375,0.375,0.375
0,ec.gp.GPIndividual@357705020{1756212890},3C_20_80-03.txt,169.439,0.250,42.360,0,0.000,0.00,0.000,0.375,0.375
0,ec.gp.GPIndividual@10261818{27059870},3C_20_50-02.txt,61.404,0.250,15.351,0,0.000,0.00,0.000,0.000,0.000
0,ec.gp.GPIndividual@10261818{27059870},3C_20_50-03.txt,30.993,0.250,7.748,0,0.000,0.00,0.000,0.000,0.000
0,ec.gp.GPIndividual@10261818{27059870},3C_20_66-01.txt,7.322,0.250,1.831,0,0.000,0.00,0.000,0.000,0.000
0,ec.gp.GPIndividual@10261818{27059870},3C_20_66-02.txt,154.245,0.250,38.561,0,0.000,0.00,0.000,0.000,0.000
0,ec.gp.GPIndividual@10261818{27059870},3C_20_66-03.txt,118.340,0.250,29.585,0,0.000,0.00,0.000,0.000,0.000
0,ec.gp.GPIndividual@10261818{27059870},3C_20_80-01.txt,4.194,0.250,1.049,0,0.000,0.00,0.000,0.000,0.000
0,ec.gp.GPIndividual@10261818{27059870},3C_20_80-02.txt,35.738,0.250,8.935,0,0.000,0.00,0.000,0.000,0.000
0,ec.gp.GPIndividual@10261818{27059870},3C_20_80-03.txt,169.439,0.250,42.360,0,0.000,0.00,0.000,0.000,0.000
0,ec.gp.GPIndividual@254987683{-1691760145},3C_20_50-02.txt,61.404,0.250,15.351,0,0.000,0.00,0.000,0.000,0.000
0,ec.gp.GPIndividual@254987683{-1691760145},3C_20_50-03.txt,30.993,0.250,7.748,0,0.000,0.00,0.000,0.000,0.000
0,ec.gp.GPIndividual@254987683{-1691760145},3C_20_66-01.txt,7.322,0.250,1.831,0,0.000,0.00,0.000,0.000,0.000
0,ec.gp.GPIndividual@254987683{-1691760145},3C_20_66-02.txt,154.245,0.250,38.561,0,0.000,0.00,0.000,0.000,0.000
0,ec.gp.GPIndividual@254987683{-1691760145},3C_20_66-03.txt,118.340,0.250,29.585,0,0.000,0.00,0.000,0.000,0.000
0,ec.gp.GPIndividual@254987683{-1691760145},3C_20_80-01.txt,4.194,0.250,1.049,0,0.000,0.00,0.000,0.000,0.000
0,ec.gp.GPIndividual@254987683{-1691760145},3C_20_80-02.txt,35.738,0.250,8.935,0,0.000,0.00,0.000,0.000,0.000
0,ec.gp.GPIndividual@254987683{-1691760145},3C_20_80-03.txt,169.439,0.250,42.360,0,0.000,0.00,0.000,0.000,0.000
0,ec.gp.GPIndividual@1454815939{861730614},3C_20_50-02.txt,61.404,0.250,15.351,0,0.000,0.00,0.000,0.000,0.000
0,ec.gp.GPIndividual@1454815939{861730614},3C_20_50-03.txt,30.993,0.250,7.748,0,0.000,0.00,0.000,0.000,0.000
0,ec.gp.GPIndividual@1454815939{861730614},3C_20_66-01.txt,7.322,0.250,1.831,0,0.000,0.00,0.000,0.000,0.000
0,ec.gp.GPIndividual@1454815939{861730614},3C_20_66-02.txt,154.245,0.250,38.561,0,0.000,0.00,0.000,0.000,0.000
0,ec.gp.GPIndividual@1454815939{861730614},3C_20_66-03.txt,118.340,0.250,29.585,0,0.000,0.00,0.000,0.000,0.000
0,ec.gp.GPIndividual@1454815939{861730614},3C_20_80-01.txt,4.194,0.250,1.049,0,0.000,0.00,0.000,0.000,0.000
0,ec.gp.GPIndividual@1454815939{861730614},3C_20_80-02.txt,35.738,0.250,8.935,0,0.000,0.00,0.000,0.000,0.000
0,ec.gp.GPIndividual@1454815939{861730614},3C_20_80-03.txt,169.439,0.250,42.360,0,0.000,0.00,0.000,0.000,0.000
0,ec.gp.GPIndividual@1583951230{-511938155},3C_20_50-02.txt,61.404,0.250,15.351,0,0.000,0.00,0.000,0.000,0.000
0,ec.gp.GPIndividual@1583951230{-511938155},3C_20_50-03.txt,30.993,0.250,7.748,0,0.000,0.00,0.000,0.000,0.000
0,ec.gp.GPIndividual@1583951230{-511938155},3C_20_66-01.txt,7.322,0.250,1.831,0,0.000,0.00,0.000,0.000,0.000
0,ec.gp.GPIndividual@1583951230{-511938155},3C_20_66-02.txt,154.245,0.250,38.561,0,0.000,0.00,0.000,0.000,0.000
0,ec.gp.GPIndividual@1583951230{-511938155},3C_20_66-03.txt,118.340,0.250,29.585,0,0.000,0.00,0.000,0.000,0.000
0,ec.gp.GPIndividual@1583951230{-511938155},3C_20_80-01.txt,4.194,0.250,1.049,0,0.000,0.00,0.000,0.000,0.000
0,ec.gp.GPIndividual@1583951230{-511938155},3C_20_80-02.txt,35.738,0.250,8.935,0,0.000,0.00,0.000,0.000,0.000
0,ec.gp.GPIndividual@1583951230{-511938155},3C_20_80-03.txt,169.439,0.250,42.360,0,0.000,0.00,0.000,0.000,0.000
1,ec.gp.GPIndividual@1351118019{271532587},3C_20_50-02.txt,61.404,0.250,15.351,0,0.000,0.00,0.000,0.000,0.000
1,ec.gp.GPIndividual@1351118019{271532587},3C_20_50-02.txt,61.404,0.250,15.351,0,0.000,0.00,0.000,0.000,0.000
1,ec.gp.GPIndividual@1351118019{271532587},3C_20_50-03.txt,30.993,0.250,7.748,0,0.000,0.00,0.000,0.000,0.000
1,ec.gp.GPIndividual@1351118019{271532587},3C_20_50-03.txt,30.993,0.250,7.748,0,0.000,0.00,0.000,0.000,0.000
1,ec.gp.GPIndividual@1351118019{271532587},3C_20_66-01.txt,7.322,0.250,1.831,0,0.000,0.00,0.000,0.000,0.000
1,ec.gp.GPIndividual@1351118019{271532587},3C_20_50-03.txt,30.993,0.250,7.748,0,0.000,0.00,0.000,0.000,0.000
1,ec.gp.GPIndividual@1351118019{271532587},3C_20_50-03.txt,30.993,0.250,7.748,0,0.000,0.00,0.000,0.000,0.000
1,ec.gp.GPIndividual@1351118019{271532587},3C_20_50-03.txt,30.993,0.250,7.748,0,0.000,0.00,0.000,0.000,0.000
1,ec.gp.GPIndividual@1351118019{271532587},3C_20_66-01.txt,7.322,0.250,1.831,0,0.000,0.00,0.000,0.000,0.000
1,ec.gp.GPIndividual@1351118019{271532587},3C_20_66-01.txt,7.322,0.250,1.831,0,0.000,0.00,0.000,0.000,0.000
1,ec.gp.GPIndividual@1351118019{271532587},3C_20_66-02.txt,154.245,0.250,38.561,0,0.000,0.00,0.000,0.000,0.000
1,ec.gp.GPIndividual@1351118019{271532587},3C_20_66-03.txt,118.340,0.250,29.585,0,0.000,0.00,0.000,0.000,0.000
1,ec.gp.GPIndividual@1351118019{271532587},3C_20_66-03.txt,118.340,0.250,29.585,0,0.000,0.00,0.000,0.000,0.000
1,ec.gp.GPIndividual@1351118019{271532587},3C_20_66-03.txt,118.340,0.250,29.585,0,0.000,0.00,0.000,0.000,0.000
1,ec.gp.GPIndividual@1351118019{271532587},3C_20_80-01.txt,4.194,0.250,1.049,0,0.000,0.00,0.000,0.000,0.000
1,ec.gp.GPIndividual@1351118019{271532587},3C_20_66-02.txt,154.245,0.250,38.561,0,0.000,0.00,0.000,0.000,0.000
1,ec.gp.GPIndividual@1351118019{271532587},3C_20_80-02.txt,35.738,0.250,8.935,0,0.000,0.00,0.000,0.000,0.000
1,ec.gp.GPIndividual@1351118019{271532587},3C_20_80-01.txt,4.194,0.250,1.049,0,0.000,0.00,0.000,0.000,0.000
1,ec.gp.GPIndividual@1351118019{271532587},3C_20_66-03.txt,118.340,0.250,29.585,0,0.000,0.00,0.000,0.000,0.000
1,ec.gp.GPIndividual@1351118019{271532587},3C_20_66-03.txt,118.340,0.250,29.585,0,0.000,0.00,0.000,0.000,0.000
1,ec.gp.GPIndividual@1351118019{271532587},3C_20_80-01.txt,4.194,0.250,1.049,0,0.000,0.00,0.000,0.000,0.000
1,ec.gp.GPIndividual@1351118019{271532587},3C_20_80-02.txt,35.738,0.250,8.935,0,0.000,0.00,0.000,0.000,0.000
1,ec.gp.GPIndividual@1351118019{271532587},3C_20_80-03.txt,169.439,0.250,42.360,0,0.000,0.00,0.000,0.000,0.000
1,ec.gp.GPIndividual@1351118019{271532587},3C_20_80-03.txt,169.439,0.250,42.360,0,0.000,0.00,0.000,0.000,0.000
1,ec.gp.GPIndividual@1351118019{271532587},3C_20_80-03.txt,169.439,0.250,42.360,0,0.000,0.00,0.000,0.000,0.000
1,ec.gp.GPIndividual@1351118019{271532587},3C_20_80-03.txt,169.439,0.250,42.360,0,0.000,0.00,0.000,0.000,0.000
1,ec.gp.GPIndividual@1351118019{271532587},3C_20_80-03.txt,169.439,0.250,42.360,0,0.000,0.00,0.000,0.000,0.000
1,ec.gp.GPIndividual@596772653{-263595780},3C_20_50-02.txt,61.404,0.250,15.351,0,0.000,0.00,0.000,0.000,0.000
1,ec.gp.GPIndividual@596772653{-263595780},3C_20_50-02.txt,61.404,0.250,15.351,0,0.000,0.00,0.000,0.000,0.000
1,ec.gp.GPIndividual@596772653{-263595780},3C_20_80-01.txt,4.194,0.250,1.049,0,0.000,0.00,0.000,0.000,0.000
1,ec.gp.GPIndividual@646250765{1869288844},3C_20_50-02.txt,61.404,0.250,15.351,0,0.000,0.00,0.000,0.000,0.000
1,ec.gp.GPIndividual@646250765{1869288844},3C_20_66-01.txt,7.322,0.250,1.831,0,0.000,0.00,0.000,0.000,0.000
1,ec.gp.GPIndividual@646250765{1869288844},3C_20_80-02.txt,35.738,0.250,8.935,0,0.000,0.00,0.000,0.000,0.000
1,ec.gp.GPIndividual@646250765{1869288844},3C_20_66-02.txt,154.245,0.250,38.561,0,0.000,0.00,0.000,0.000,0.000
1,ec.gp.GPIndividual@646250765{1869288844},3C_20_50-03.txt,30.993,0.250,7.748,0,0.000,0.00,0.000,0.000,0.000
1,ec.gp.GPIndividual@646250765{1869288844},3C_20_66-03.txt,118.340,0.250,29.585,0,0.000,0.00,0.000,0.000,0.000
1,ec.gp.GPIndividual@646250765{1869288844},3C_20_80-03.txt,169.439,0.250,42.360,0,0.000,0.00,0.000,0.000,0.000
1,ec.gp.GPIndividual@646250765{1869288844},3C_20_80-01.txt,4.194,0.250,1.049,0,0.000,0.00,0.000,0.000,0.000
1,ec.gp.GPIndividual@646250765{1869288844},3C_20_80-01.txt,4.194,0.250,1.049,0,0.000,0.00,0.000,0.000,0.000
1,ec.gp.GPIndividual@646250765{1869288844},3C_20_80-02.txt,35.738,0.250,8.935,0,0.000,0.00,0.000,0.000,0.000
1,ec.gp.GPIndividual@197649072{-508914147},3C_20_66-01.txt,7.322,0.250,1.831,0,0.000,0.00,0.000,0.000,0.000
1,ec.gp.GPIndividual@827139210{-1354750236},null,0.000,0.250,0.000,0,0.000,0.00,0.000,0.000,0.000
1,ec.gp.GPIndividual@827139210{-1354750236},3C_20_50-02.txt,61.404,0.250,15.351,0,0.000,0.00,0.000,0.000,0.000
1,ec.gp.GPIndividual@827139210{-1354750236},3C_20_66-02.txt,154.245,0.250,38.561,0,0.000,0.00,0.000,0.000,0.000
1,ec.gp.GPIndividual@827139210{-1354750236},3C_20_66-01.txt,7.322,0.250,1.831,0,0.000,0.00,0.000,0.000,0.000
1,ec.gp.GPIndividual@827139210{-1354750236},3C_20_66-03.txt,118.340,0.250,29.585,0,0.000,0.00,0.000,0.000,0.000
1,ec.gp.GPIndividual@827139210{-1354750236},3C_20_66-02.txt,154.245,0.250,38.561,0,0.000,0.00,0.000,0.000,0.000
1,ec.gp.GPIndividual@827139210{-1354750236},3C_20_66-02.txt,154.245,0.250,38.561,0,0.000,0.00,0.000,0.000,0.000
1,ec.gp.GPIndividual@827139210{-1354750236},3C_20_80-01.txt,4.194,0.250,1.049,0,0.000,0.00,0.000,0.000,0.000
1,ec.gp.GPIndividual@827139210{-1354750236},3C_20_80-01.txt,4.194,0.250,1.049,0,0.000,0.00,0.000,0.000,0.000
1,ec.gp.GPIndividual@827139210{-1354750236},3C_20_80-01.txt,4.194,0.250,1.049,0,0.000,0.00,0.000,0.000,0.000
1,ec.gp.GPIndividual@827139210{-1354750236},3C_20_80-02.txt,35.738,0.250,8.935,0,0.000,0.00,0.000,0.000,0.000
1,ec.gp.GPIndividual@827139210{-1354750236},3C_20_80-03.txt,169.439,0.250,42.360,0,0.000,0.00,0.000,0.000,0.000
1,ec.gp.GPIndividual@827139210{-1354750236},3C_20_80-03.txt,169.439,0.250,42.360,0,0.000,0.00,0.000,0.000,0.000
1,ec.gp.GPIndividual@131524529{400524475},3C_20_50-02.txt,61.404,0.250,15.351,0,0.000,0.00,0.000,0.000,0.000
1,ec.gp.GPIndividual@1619203440{329530662},3C_20_50-02.txt,61.404,0.250,15.351,1,0.000,0.00,0.000,0.000,0.000
1,ec.gp.GPIndividual@1619203440{329530662},3C_20_50-03.txt,30.993,0.250,7.748,1,0.000,0.00,0.000,0.000,0.000
1,ec.gp.GPIndividual@1619203440{329530662},3C_20_66-01.txt,7.322,0.250,1.831,1,0.000,0.00,0.000,0.000,0.000
1,ec.gp.GPIndividual@1619203440{329530662},3C_20_66-02.txt,154.245,0.250,38.561,1,0.000,0.00,0.000,0.000,0.000
1,ec.gp.GPIndividual@1619203440{329530662},3C_20_66-03.txt,118.340,0.250,29.585,1,0.000,0.00,0.000,0.000,0.000
1,ec.gp.GPIndividual@1619203440{329530662},3C_20_80-01.txt,4.194,0.250,1.049,1,0.000,0.00,0.000,0.000,0.000
1,ec.gp.GPIndividual@1619203440{329530662},3C_20_80-02.txt,35.738,0.250,8.935,1,0.000,0.00,0.000,0.000,0.000
1,ec.gp.GPIndividual@1619203440{329530662},3C_20_80-03.txt,169.439,0.250,42.360,1,0.000,0.00,0.000,0.000,0.000
1,ec.gp.GPIndividual@80898335{-1039274378},3C_20_50-02.txt,61.404,0.250,15.351,0,0.000,0.00,0.000,0.000,0.000
1,ec.gp.GPIndividual@80898335{-1039274378},3C_20_50-03.txt,30.993,0.250,7.748,0,0.000,0.00,0.000,0.000,0.000
1,ec.gp.GPIndividual@80898335{-1039274378},3C_20_66-01.txt,7.322,0.250,1.831,0,0.000,0.00,0.000,0.000,0.000
1,ec.gp.GPIndividual@80898335{-1039274378},3C_20_66-02.txt,154.245,0.250,38.561,0,0.000,0.00,0.000,0.000,0.000
1,ec.gp.GPIndividual@80898335{-1039274378},3C_20_66-03.txt,118.340,0.250,29.585,0,0.000,0.00,0.000,0.000,0.000
1,ec.gp.GPIndividual@80898335{-1039274378},3C_20_80-01.txt,4.194,0.250,1.049,0,0.000,0.00,0.000,0.000,0.000
1,ec.gp.GPIndividual@80898335{-1039274378},3C_20_80-02.txt,35.738,0.250,8.935,0,0.000,0.00,0.000,0.000,0.000
1,ec.gp.GPIndividual@80898335{-1039274378},3C_20_80-03.txt,169.439,0.250,42.360,0,0.000,0.00,0.000,0.000,0.000
1,ec.gp.GPIndividual@648811349{-2017107815},3C_20_50-02.txt,61.404,0.250,15.351,1,0.344,2.24,0.344,0.344,0.344
1,ec.gp.GPIndividual@648811349{-2017107815},3C_20_50-03.txt,30.993,0.250,7.748,2,0.688,8.87,0.344,0.344,0.344
1,ec.gp.GPIndividual@648811349{-2017107815},3C_20_50-03.txt,30.993,0.250,7.748,0,0.000,0.00,0.000,0.344,0.344
1,ec.gp.GPIndividual@648811349{-2017107815},3C_20_50-03.txt,30.993,0.250,7.748,3,1.063,13.71,0.354,0.375,0.344
1,ec.gp.GPIndividual@648811349{-2017107815},3C_20_50-03.txt,30.993,0.250,7.748,3,3.938,50.82,1.313,1.891,0.328
1,ec.gp.GPIndividual@648811349{-2017107815},3C_20_50-03.txt,30.993,0.250,7.748,2,6.250,80.66,3.125,3.125,0.328
1,ec.gp.GPIndividual@648811349{-2017107815},3C_20_66-01.txt,7.322,0.250,1.831,1,3.125,170.71,3.125,3.125,0.328
1,ec.gp.GPIndividual@648811349{-2017107815},3C_20_66-01.txt,7.322,0.250,1.831,1,3.156,172.42,3.156,3.156,0.328
1,ec.gp.GPIndividual@648811349{-2017107815},3C_20_66-01.txt,7.322,0.250,1.831,0,0.000,0.00,0.000,3.156,0.328
1,ec.gp.GPIndividual@648811349{-2017107815},3C_20_66-01.txt,7.322,0.250,1.831,1,1.656,90.48,1.656,3.156,0.328
1,ec.gp.GPIndividual@648811349{-2017107815},3C_20_50-03.txt,30.993,0.250,7.748,1,0.781,10.08,0.781,3.156,0.328
1,ec.gp.GPIndividual@648811349{-2017107815},3C_20_66-02.txt,154.245,0.250,38.561,1,0.781,2.03,0.781,3.156,0.328
1,ec.gp.GPIndividual@648811349{-2017107815},3C_20_66-02.txt,154.245,0.250,38.561,2,1.594,4.13,0.797,3.156,0.328
1,ec.gp.GPIndividual@648811349{-2017107815},3C_20_66-02.txt,154.245,0.250,38.561,2,5.703,14.79,2.852,3.234,0.328
1,ec.gp.GPIndividual@648811349{-2017107815},3C_20_66-03.txt,118.340,0.250,29.585,1,2.469,8.34,2.469,3.234,0.328
1,ec.gp.GPIndividual@648811349{-2017107815},3C_20_66-03.txt,118.340,0.250,29.585,1,2.469,8.34,2.469,3.234,0.328
1,ec.gp.GPIndividual@648811349{-2017107815},3C_20_66-03.txt,118.340,0.250,29.585,1,3.125,10.56,3.125,3.234,0.328
1,ec.gp.GPIndividual@648811349{-2017107815},3C_20_66-01.txt,7.322,0.250,1.831,1,0.891,48.65,0.891,3.234,0.328
1,ec.gp.GPIndividual@648811349{-2017107815},3C_20_66-02.txt,154.245,0.250,38.561,5,15.844,41.09,3.169,6.344,0.328
1,ec.gp.GPIndividual@648811349{-2017107815},3C_20_80-01.txt,4.194,0.250,1.049,1,6.359,606.45,6.359,6.359,0.328
1,ec.gp.GPIndividual@648811349{-2017107815},3C_20_80-01.txt,4.194,0.250,1.049,1,6.516,621.35,6.516,6.516,0.328
1,ec.gp.GPIndividual@648811349{-2017107815},3C_20_80-01.txt,4.194,0.250,1.049,1,0.469,44.70,0.469,6.516,0.328
1,ec.gp.GPIndividual@648811349{-2017107815},3C_20_80-02.txt,35.738,0.250,8.935,1,0.438,4.90,0.438,6.516,0.328
1,ec.gp.GPIndividual@648811349{-2017107815},3C_20_80-02.txt,35.738,0.250,8.935,1,0.453,5.07,0.453,6.516,0.328
1,ec.gp.GPIndividual@648811349{-2017107815},3C_20_80-02.txt,35.738,0.250,8.935,2,4.531,50.72,2.266,6.516,0.328
1,ec.gp.GPIndividual@648811349{-2017107815},3C_20_80-03.txt,169.439,0.250,42.360,1,2.141,5.05,2.141,6.516,0.328
1,ec.gp.GPIndividual@648811349{-2017107815},3C_20_80-03.txt,169.439,0.250,42.360,1,2.156,5.09,2.156,6.516,0.328
1,ec.gp.GPIndividual@648811349{-2017107815},3C_20_80-03.txt,169.439,0.250,42.360,1,2.703,6.38,2.703,6.516,0.328
1,ec.gp.GPIndividual@648811349{-2017107815},3C_20_66-03.txt,118.340,0.250,29.585,2,24.891,84.13,12.445,15.578,0.328
1,ec.gp.GPIndividual@648811349{-2017107815},3C_20_66-02.txt,154.245,0.250,38.561,1,6.234,16.17,6.234,15.578,0.328
1,ec.gp.GPIndividual@312729595{1946402773},3C_20_50-02.txt,61.404,0.250,15.351,1,6.234,40.61,6.234,6.234,6.234
1,ec.gp.GPIndividual@783386116{-1710334313},3C_20_50-02.txt,61.404,0.250,15.351,0,0.000,0.00,0.000,0.000,0.000
1,ec.gp.GPIndividual@783386116{-1710334313},3C_20_50-03.txt,30.993,0.250,7.748,0,0.000,0.00,0.000,0.000,0.000
1,ec.gp.GPIndividual@783386116{-1710334313},3C_20_66-01.txt,7.322,0.250,1.831,0,0.000,0.00,0.000,0.000,0.000
1,ec.gp.GPIndividual@783386116{-1710334313},3C_20_66-02.txt,154.245,0.250,38.561,0,0.000,0.00,0.000,0.000,0.000
1,ec.gp.GPIndividual@783386116{-1710334313},3C_20_66-03.txt,118.340,0.250,29.585,0,0.000,0.00,0.000,0.000,0.000
1,ec.gp.GPIndividual@783386116{-1710334313},3C_20_80-01.txt,4.194,0.250,1.049,0,0.000,0.00,0.000,0.000,0.000
1,ec.gp.GPIndividual@783386116{-1710334313},3C_20_80-02.txt,35.738,0.250,8.935,0,0.000,0.00,0.000,0.000,0.000
1,ec.gp.GPIndividual@783386116{-1710334313},3C_20_80-03.txt,169.439,0.250,42.360,0,0.000,0.00,0.000,0.000,0.000
1,ec.gp.GPIndividual@1303531955{1031858383},3C_20_50-02.txt,61.404,0.250,15.351,1,6.391,41.63,6.391,6.391,6.391
1,ec.gp.GPIndividual@885724614{179487682},3C_20_50-02.txt,61.404,0.250,15.351,0,0.000,0.00,0.000,0.000,0.000
1,ec.gp.GPIndividual@885724614{179487682},3C_20_50-03.txt,30.993,0.250,7.748,0,0.000,0.00,0.000,0.000,0.000
1,ec.gp.GPIndividual@885724614{179487682},3C_20_66-01.txt,7.322,0.250,1.831,0,0.000,0.00,0.000,0.000,0.000
1,ec.gp.GPIndividual@885724614{179487682},3C_20_66-02.txt,154.245,0.250,38.561,0,0.000,0.00,0.000,0.000,0.000
1,ec.gp.GPIndividual@885724614{179487682},3C_20_66-03.txt,118.340,0.250,29.585,0,0.000,0.00,0.000,0.000,0.000
1,ec.gp.GPIndividual@885724614{179487682},3C_20_80-01.txt,4.194,0.250,1.049,0,0.000,0.00,0.000,0.000,0.000
1,ec.gp.GPIndividual@885724614{179487682},3C_20_80-02.txt,35.738,0.250,8.935,0,0.000,0.00,0.000,0.000,0.000
1,ec.gp.GPIndividual@885724614{179487682},3C_20_80-03.txt,169.439,0.250,42.360,0,0.000,0.00,0.000,0.000,0.000
1,ec.gp.GPIndividual@657885672{-80810137},3C_20_50-02.txt,61.404,0.250,15.351,3,3.609,23.51,1.203,2.672,0.453
1,ec.gp.GPIndividual@657885672{-80810137},3C_20_66-03.txt,118.340,0.250,29.585,3,5.922,20.02,1.974,3.484,0.453
1,ec.gp.GPIndividual@657885672{-80810137},3C_20_50-03.txt,30.993,0.250,7.748,2,3.672,47.39,1.836,3.484,0.453
1,ec.gp.GPIndividual@657885672{-80810137},3C_20_50-03.txt,30.993,0.250,7.748,2,11.641,150.24,5.820,9.281,0.453
1,ec.gp.GPIndividual@657885672{-80810137},3C_20_80-01.txt,4.194,0.250,1.049,1,3.406,324.83,3.406,9.281,0.453
1,ec.gp.GPIndividual@657885672{-80810137},3C_20_66-01.txt,7.322,0.250,1.831,1,0.500,27.31,0.500,9.281,0.453
1,ec.gp.GPIndividual@657885672{-80810137},3C_20_80-02.txt,35.738,0.250,8.935,2,3.234,36.20,1.617,9.281,0.000
1,ec.gp.GPIndividual@657885672{-80810137},3C_20_66-01.txt,7.322,0.250,1.831,2,3.109,169.86,1.555,9.281,0.000
1,ec.gp.GPIndividual@657885672{-80810137},3C_20_50-03.txt,30.993,0.250,7.748,2,0.531,6.86,0.266,9.281,0.000
1,ec.gp.GPIndividual@657885672{-80810137},3C_20_66-02.txt,154.245,0.250,38.561,1,0.531,1.38,0.531,9.281,0.000
1,ec.gp.GPIndividual@657885672{-80810137},3C_20_66-02.txt,154.245,0.250,38.561,1,6.516,16.90,6.516,9.281,0.000
1,ec.gp.GPIndividual@657885672{-80810137},3C_20_80-01.txt,4.194,0.250,1.049,3,1.031,98.34,0.344,9.281,0.000
1,ec.gp.GPIndividual@657885672{-80810137},3C_20_66-03.txt,118.340,0.250,29.585,3,4.266,14.42,1.422,9.281,0.000
1,ec.gp.GPIndividual@657885672{-80810137},3C_20_80-02.txt,35.738,0.250,8.935,2,11.422,127.84,5.711,9.281,0.000
1,ec.gp.GPIndividual@657885672{-80810137},3C_20_66-01.txt,7.322,0.250,1.831,1,3.203,174.98,3.203,9.281,0.000
1,ec.gp.GPIndividual@657885672{-80810137},3C_20_66-01.txt,7.322,0.250,1.831,2,1.688,92.19,0.844,9.281,0.000
1,ec.gp.GPIndividual@657885672{-80810137},3C_20_80-03.txt,169.439,0.250,42.360,2,2.203,5.20,1.102,9.281,0.000
1,ec.gp.GPIndividual@657885672{-80810137},3C_20_66-03.txt,118.340,0.250,29.585,1,2.047,6.92,2.047,9.281,0.000
1,ec.gp.GPIndividual@657885672{-80810137},3C_20_80-03.txt,169.439,0.250,42.360,12,33.219,78.42,2.768,9.281,0.000
1,ec.gp.GPIndividual@139359581{858602467},3C_20_50-02.txt,61.404,0.250,15.351,3,6.078,39.59,2.026,3.500,0.547
1,ec.gp.GPIndividual@139359581{858602467},3C_20_80-01.txt,4.194,0.250,1.049,1,7.406,706.28,7.406,7.406,0.547
1,ec.gp.GPIndividual@139359581{858602467},3C_20_80-01.txt,4.194,0.250,1.049,2,0.828,78.97,0.414,7.406,0.344
1,ec.gp.GPIndividual@139359581{858602467},3C_20_80-02.txt,35.738,0.250,8.935,2,0.531,5.95,0.266,7.406,0.000
1,ec.gp.GPIndividual@139359581{858602467},3C_20_80-02.txt,35.738,0.250,8.935,2,9.078,101.61,4.539,7.406,0.000
1,ec.gp.GPIndividual@139359581{858602467},3C_20_50-03.txt,30.993,0.250,7.748,2,3.188,41.14,1.594,7.406,0.000
1,ec.gp.GPIndividual@1327416818{-1608777149},3C_20_50-02.txt,61.404,0.250,15.351,2,2.297,14.96,1.148,1.969,0.328
1,ec.gp.GPIndividual@1327416818{-1608777149},3C_20_50-03.txt,30.993,0.250,7.748,1,1.219,15.73,1.219,1.969,0.328
1,ec.gp.GPIndividual@1327416818{-1608777149},3C_20_80-03.txt,169.439,0.250,42.360,1,1.563,3.69,1.563,1.969,0.328
1,ec.gp.GPIndividual@1327416818{-1608777149},3C_20_80-03.txt,169.439,0.250,42.360,2,11.813,27.89,5.906,8.688,0.328
1,ec.gp.GPIndividual@1327416818{-1608777149},3C_20_66-01.txt,7.322,0.250,1.831,1,0.734,40.12,0.734,8.688,0.328
1,ec.gp.GPIndividual@1327416818{-1608777149},3C_20_66-02.txt,154.245,0.250,38.561,1,11.906,30.88,11.906,11.906,0.328
1,ec.gp.GPIndividual@1327416818{-1608777149},3C_20_66-02.txt,154.245,0.250,38.561,1,3.188,8.27,3.188,11.906,0.328
1,ec.gp.GPIndividual@1327416818{-1608777149},3C_20_66-01.txt,7.322,0.250,1.831,1,0.891,48.65,0.891,11.906,0.328
1,ec.gp.GPIndividual@1327416818{-1608777149},3C_20_66-02.txt,154.245,0.250,38.561,5,14.516,37.64,2.903,11.906,0.328
1,ec.gp.GPIndividual@1327416818{-1608777149},3C_20_66-03.txt,118.340,0.250,29.585,6,14.250,48.17,2.375,11.906,0.328
1,ec.gp.GPIndividual@1327416818{-1608777149},3C_20_66-03.txt,118.340,0.250,29.585,2,7.797,26.35,3.898,11.906,0.328
1,ec.gp.GPIndividual@1327416818{-1608777149},3C_20_80-01.txt,4.194,0.250,1.049,1,0.531,50.66,0.531,11.906,0.328
1,ec.gp.GPIndividual@1327416818{-1608777149},3C_20_80-02.txt,35.738,0.250,8.935,1,13.578,151.97,13.578,13.578,0.328
1,ec.gp.GPIndividual@1327416818{-1608777149},3C_20_66-02.txt,154.245,0.250,38.561,1,2.406,6.24,2.406,13.578,0.328
1,ec.gp.GPIndividual@1327416818{-1608777149},3C_20_80-03.txt,169.439,0.250,42.360,2,15.141,35.74,7.570,13.578,0.328
1,ec.gp.GPIndividual@1564277133{-1718988197},3C_20_50-02.txt,61.404,0.250,15.351,0,0.000,0.00,0.000,0.000,0.000
1,ec.gp.GPIndividual@1564277133{-1718988197},3C_20_50-03.txt,30.993,0.250,7.748,0,0.000,0.00,0.000,0.000,0.000
1,ec.gp.GPIndividual@1564277133{-1718988197},3C_20_66-01.txt,7.322,0.250,1.831,0,0.000,0.00,0.000,0.000,0.000
1,ec.gp.GPIndividual@1564277133{-1718988197},3C_20_66-02.txt,154.245,0.250,38.561,0,0.000,0.00,0.000,0.000,0.000
1,ec.gp.GPIndividual@1564277133{-1718988197},3C_20_66-03.txt,118.340,0.250,29.585,0,0.000,0.00,0.000,0.000,0.000
1,ec.gp.GPIndividual@1564277133{-1718988197},3C_20_80-01.txt,4.194,0.250,1.049,0,0.000,0.00,0.000,0.000,0.000
1,ec.gp.GPIndividual@1564277133{-1718988197},3C_20_80-02.txt,35.738,0.250,8.935,0,0.000,0.00,0.000,0.000,0.000
1,ec.gp.GPIndividual@1564277133{-1718988197},3C_20_80-03.txt,169.439,0.250,42.360,0,0.000,0.00,0.000,0.000,0.000
1,ec.gp.GPIndividual@1645539532{-2041705324},3C_20_50-02.txt,61.404,0.250,15.351,0,0.000,0.00,0.000,0.000,0.000
1,ec.gp.GPIndividual@1645539532{-2041705324},3C_20_50-03.txt,30.993,0.250,7.748,0,0.000,0.00,0.000,0.000,0.000
1,ec.gp.GPIndividual@1645539532{-2041705324},3C_20_66-01.txt,7.322,0.250,1.831,0,0.000,0.00,0.000,0.000,0.000
1,ec.gp.GPIndividual@1645539532{-2041705324},3C_20_66-02.txt,154.245,0.250,38.561,0,0.000,0.00,0.000,0.000,0.000
1,ec.gp.GPIndividual@1645539532{-2041705324},3C_20_66-03.txt,118.340,0.250,29.585,0,0.000,0.00,0.000,0.000,0.000
1,ec.gp.GPIndividual@1645539532{-2041705324},3C_20_80-01.txt,4.194,0.250,1.049,0,0.000,0.00,0.000,0.000,0.000
1,ec.gp.GPIndividual@1645539532{-2041705324},3C_20_80-02.txt,35.738,0.250,8.935,0,0.000,0.00,0.000,0.000,0.000
1,ec.gp.GPIndividual@1645539532{-2041705324},3C_20_80-03.txt,169.439,0.250,42.360,0,0.000,0.00,0.000,0.000,0.000
1,ec.gp.GPIndividual@610562400{1543787138},3C_20_50-02.txt,61.404,0.250,15.351,7,14.578,94.96,2.083,5.047,0.266
1,ec.gp.GPIndividual@913955134{1331332226},3C_20_50-02.txt,61.404,0.250,15.351,0,0.000,0.00,0.000,0.000,0.000
1,ec.gp.GPIndividual@913955134{1331332226},3C_20_50-03.txt,30.993,0.250,7.748,0,0.000,0.00,0.000,0.000,0.000
1,ec.gp.GPIndividual@913955134{1331332226},3C_20_66-01.txt,7.322,0.250,1.831,0,0.000,0.00,0.000,0.000,0.000
1,ec.gp.GPIndividual@913955134{1331332226},3C_20_66-02.txt,154.245,0.250,38.561,0,0.000,0.00,0.000,0.000,0.000
1,ec.gp.GPIndividual@913955134{1331332226},3C_20_66-03.txt,118.340,0.250,29.585,0,0.000,0.00,0.000,0.000,0.000
1,ec.gp.GPIndividual@913955134{1331332226},3C_20_80-01.txt,4.194,0.250,1.049,0,0.000,0.00,0.000,0.000,0.000
1,ec.gp.GPIndividual@913955134{1331332226},3C_20_80-02.txt,35.738,0.250,8.935,0,0.000,0.00,0.000,0.000,0.000
1,ec.gp.GPIndividual@913955134{1331332226},3C_20_80-03.txt,169.439,0.250,42.360,0,0.000,0.00,0.000,0.000,0.000
1,ec.gp.GPIndividual@35618595{-1806553984},3C_20_50-02.txt,61.404,0.250,15.351,0,0.000,0.00,0.000,0.000,0.000
1,ec.gp.GPIndividual@35618595{-1806553984},3C_20_50-03.txt,30.993,0.250,7.748,0,0.000,0.00,0.000,0.000,0.000
1,ec.gp.GPIndividual@35618595{-1806553984},3C_20_66-01.txt,7.322,0.250,1.831,0,0.000,0.00,0.000,0.000,0.000
1,ec.gp.GPIndividual@35618595{-1806553984},3C_20_66-02.txt,154.245,0.250,38.561,0,0.000,0.00,0.000,0.000,0.000
1,ec.gp.GPIndividual@35618595{-1806553984},3C_20_66-03.txt,118.340,0.250,29.585,0,0.000,0.00,0.000,0.000,0.000
1,ec.gp.GPIndividual@35618595{-1806553984},3C_20_80-01.txt,4.194,0.250,1.049,0,0.000,0.00,0.000,0.000,0.000
1,ec.gp.GPIndividual@35618595{-1806553984},3C_20_80-02.txt,35.738,0.250,8.935,0,0.000,0.00,0.000,0.000,0.000
1,ec.gp.GPIndividual@35618595{-1806553984},3C_20_80-03.txt,169.439,0.250,42.360,0,0.000,0.00,0.000,0.000,0.000
1,ec.gp.GPIndividual@843381694{-1656142237},3C_20_50-02.txt,61.404,0.250,15.351,2,3.453,22.49,1.727,2.078,1.375
1,ec.gp.GPIndividual@843381694{-1656142237},3C_20_50-03.txt,30.993,0.250,7.748,2,3.250,41.95,1.625,2.844,0.406
1,ec.gp.GPIndividual@843381694{-1656142237},3C_20_80-01.txt,4.194,0.250,1.049,1,1.328,126.65,1.328,2.844,0.406
1,ec.gp.GPIndividual@843381694{-1656142237},3C_20_66-03.txt,118.340,0.250,29.585,1,1.328,4.49,1.328,2.844,0.406
1,ec.gp.GPIndividual@843381694{-1656142237},3C_20_50-03.txt,30.993,0.250,7.748,1,0.547,7.06,0.547,2.844,0.406
1,ec.gp.GPIndividual@843381694{-1656142237},3C_20_80-02.txt,35.738,0.250,8.935,1,11.359,127.14,11.359,11.359,0.406
1,ec.gp.GPIndividual@843381694{-1656142237},3C_20_66-03.txt,118.340,0.250,29.585,5,9.703,32.80,1.941,11.359,0.000
1,ec.gp.GPIndividual@843381694{-1656142237},3C_20_66-01.txt,7.322,0.250,1.831,2,1.500,81.94,0.750,11.359,0.000
1,ec.gp.GPIndividual@843381694{-1656142237},3C_20_80-03.txt,169.439,0.250,42.360,3,5.891,13.91,1.964,11.359,0.000
1,ec.gp.GPIndividual@843381694{-1656142237},3C_20_66-02.txt,154.245,0.250,38.561,1,4.656,12.07,4.656,11.359,0.000
1,ec.gp.GPIndividual@843381694{-1656142237},3C_20_80-01.txt,4.194,0.250,1.049,1,3.563,339.73,3.563,11.359,0.000
1,ec.gp.GPIndividual@843381694{-1656142237},3C_20_66-01.txt,7.322,0.250,1.831,4,2.063,112.67,0.516,11.359,0.000
1,ec.gp.GPIndividual@843381694{-1656142237},3C_20_80-02.txt,35.738,0.250,8.935,1,0.266,2.97,0.266,11.359,0.000
1,ec.gp.GPIndividual@843381694{-1656142237},3C_20_66-02.txt,154.245,0.250,38.561,3,5.938,15.40,1.979,11.359,0.000
1,ec.gp.GPIndividual@843381694{-1656142237},3C_20_80-03.txt,169.439,0.250,42.360,1,1.219,2.88,1.219,11.359,0.000
1,ec.gp.GPIndividual@843381694{-1656142237},3C_20_66-03.txt,118.340,0.250,29.585,4,8.391,28.36,2.098,11.359,0.000
1,ec.gp.GPIndividual@843381694{-1656142237},3C_20_66-03.txt,118.340,0.250,29.585,2,9.266,31.32,4.633,11.359,0.000
1,ec.gp.GPIndividual@756725670{1451988280},3C_20_50-02.txt,61.404,0.250,15.351,1,0.438,2.85,0.438,0.438,0.438
1,ec.gp.GPIndividual@756725670{1451988280},3C_20_50-03.txt,30.993,0.250,7.748,2,8.031,103.65,4.016,4.781,0.438
1,ec.gp.GPIndividual@756725670{1451988280},3C_20_66-01.txt,7.322,0.250,1.831,2,1.484,81.09,0.742,4.781,0.297
1,ec.gp.GPIndividual@756725670{1451988280},3C_20_80-01.txt,4.194,0.250,1.049,1,0.875,83.44,0.875,4.781,0.297
1,ec.gp.GPIndividual@756725670{1451988280},3C_20_66-02.txt,154.245,0.250,38.561,2,9.891,25.65,4.945,9.453,0.297
1,ec.gp.GPIndividual@702881020{-1529064439},3C_20_50-02.txt,61.404,0.250,15.351,0,0.000,0.00,0.000,0.000,0.000
1,ec.gp.GPIndividual@702881020{-1529064439},3C_20_50-03.txt,30.993,0.250,7.748,0,0.000,0.00,0.000,0.000,0.000
1,ec.gp.GPIndividual@702881020{-1529064439},3C_20_66-01.txt,7.322,0.250,1.831,1,1.094,59.75,1.094,1.094,1.094
1,ec.gp.GPIndividual@702881020{-1529064439},3C_20_66-02.txt,154.245,0.250,38.561,0,0.000,0.00,0.000,1.094,1.094
1,ec.gp.GPIndividual@702881020{-1529064439},3C_20_66-03.txt,118.340,0.250,29.585,0,0.000,0.00,0.000,1.094,1.094
1,ec.gp.GPIndividual@702881020{-1529064439},3C_20_80-01.txt,4.194,0.250,1.049,0,0.000,0.00,0.000,1.094,1.094
1,ec.gp.GPIndividual@702881020{-1529064439},3C_20_80-02.txt,35.738,0.250,8.935,0,0.000,0.00,0.000,1.094,1.094
1,ec.gp.GPIndividual@702881020{-1529064439},3C_20_80-03.txt,169.439,0.250,42.360,0,0.000,0.00,0.000,1.094,1.094
1,ec.gp.GPIndividual@1048992128{1948675049},3C_20_50-02.txt,61.404,0.250,15.351,0,0.000,0.00,0.000,0.000,0.000
1,ec.gp.GPIndividual@1048992128{1948675049},3C_20_50-03.txt,30.993,0.250,7.748,0,0.000,0.00,0.000,0.000,0.000
1,ec.gp.GPIndividual@1048992128{1948675049},3C_20_66-01.txt,7.322,0.250,1.831,0,0.000,0.00,0.000,0.000,0.000
1,ec.gp.GPIndividual@1048992128{1948675049},3C_20_66-02.txt,154.245,0.250,38.561,0,0.000,0.00,0.000,0.000,0.000
1,ec.gp.GPIndividual@1048992128{1948675049},3C_20_66-03.txt,118.340,0.250,29.585,0,0.000,0.00,0.000,0.000,0.000
1,ec.gp.GPIndividual@1048992128{1948675049},3C_20_80-01.txt,4.194,0.250,1.049,0,0.000,0.00,0.000,0.000,0.000
1,ec.gp.GPIndividual@1048992128{1948675049},3C_20_80-02.txt,35.738,0.250,8.935,0,0.000,0.00,0.000,0.000,0.000
1,ec.gp.GPIndividual@1048992128{1948675049},3C_20_80-03.txt,169.439,0.250,42.360,0,0.000,0.00,0.000,0.000,0.000
1,ec.gp.GPIndividual@228497938{-317234450},3C_20_50-02.txt,61.404,0.250,15.351,0,0.000,0.00,0.000,0.000,0.000
1,ec.gp.GPIndividual@228497938{-317234450},3C_20_50-03.txt,30.993,0.250,7.748,0,0.000,0.00,0.000,0.000,0.000
1,ec.gp.GPIndividual@228497938{-317234450},3C_20_66-01.txt,7.322,0.250,1.831,0,0.000,0.00,0.000,0.000,0.000
1,ec.gp.GPIndividual@228497938{-317234450},3C_20_66-02.txt,154.245,0.250,38.561,0,0.000,0.00,0.000,0.000,0.000
1,ec.gp.GPIndividual@228497938{-317234450},3C_20_66-03.txt,118.340,0.250,29.585,0,0.000,0.00,0.000,0.000,0.000
1,ec.gp.GPIndividual@228497938{-317234450},3C_20_80-01.txt,4.194,0.250,1.049,0,0.000,0.00,0.000,0.000,0.000
1,ec.gp.GPIndividual@228497938{-317234450},3C_20_80-02.txt,35.738,0.250,8.935,0,0.000,0.00,0.000,0.000,0.000
1,ec.gp.GPIndividual@228497938{-317234450},3C_20_80-03.txt,169.439,0.250,42.360,0,0.000,0.00,0.000,0.000,0.000
1,ec.gp.GPIndividual@1967238016{-401732077},3C_20_50-02.txt,61.404,0.250,15.351,1,0.313,2.04,0.313,0.313,0.313
1,ec.gp.GPIndividual@1967238016{-401732077},3C_20_80-03.txt,169.439,0.250,42.360,2,1.203,2.84,0.602,0.984,0.219
1,ec.gp.GPIndividual@1967238016{-401732077},3C_20_50-03.txt,30.993,0.250,7.748,3,6.844,88.33,2.281,3.531,0.219
1,ec.gp.GPIndividual@1967238016{-401732077},3C_20_66-01.txt,7.322,0.250,1.831,2,2.328,127.18,1.164,3.531,0.219
1,ec.gp.GPIndividual@1512544166{1810654850},3C_20_50-02.txt,61.404,0.250,15.351,0,0.000,0.00,0.000,0.000,0.000
1,ec.gp.GPIndividual@1512544166{1810654850},3C_20_50-03.txt,30.993,0.250,7.748,0,0.000,0.00,0.000,0.000,0.000
1,ec.gp.GPIndividual@1512544166{1810654850},3C_20_66-01.txt,7.322,0.250,1.831,0,0.000,0.00,0.000,0.000,0.000
1,ec.gp.GPIndividual@1512544166{1810654850},3C_20_66-02.txt,154.245,0.250,38.561,0,0.000,0.00,0.000,0.000,0.000
1,ec.gp.GPIndividual@1512544166{1810654850},3C_20_66-03.txt,118.340,0.250,29.585,0,0.000,0.00,0.000,0.000,0.000
1,ec.gp.GPIndividual@1512544166{1810654850},3C_20_80-01.txt,4.194,0.250,1.049,0,0.000,0.00,0.000,0.000,0.000
1,ec.gp.GPIndividual@1512544166{1810654850},3C_20_80-02.txt,35.738,0.250,8.935,0,0.000,0.00,0.000,0.000,0.000
1,ec.gp.GPIndividual@1512544166{1810654850},3C_20_80-03.txt,169.439,0.250,42.360,0,0.000,0.00,0.000,0.000,0.000
1,ec.gp.GPIndividual@1426834708{617375538},3C_20_50-02.txt,61.404,0.250,15.351,0,0.000,0.00,0.000,0.000,0.000
1,ec.gp.GPIndividual@1426834708{617375538},3C_20_50-03.txt,30.993,0.250,7.748,0,0.000,0.00,0.000,0.000,0.000
1,ec.gp.GPIndividual@1426834708{617375538},3C_20_66-01.txt,7.322,0.250,1.831,0,0.000,0.00,0.000,0.000,0.000
1,ec.gp.GPIndividual@1426834708{617375538},3C_20_66-02.txt,154.245,0.250,38.561,0,0.000,0.00,0.000,0.000,0.000
1,ec.gp.GPIndividual@1426834708{617375538},3C_20_66-03.txt,118.340,0.250,29.585,0,0.000,0.00,0.000,0.000,0.000
1,ec.gp.GPIndividual@1426834708{617375538},3C_20_80-01.txt,4.194,0.250,1.049,0,0.000,0.00,0.000,0.000,0.000
1,ec.gp.GPIndividual@1426834708{617375538},3C_20_80-02.txt,35.738,0.250,8.935,0,0.000,0.00,0.000,0.000,0.000
1,ec.gp.GPIndividual@1426834708{617375538},3C_20_80-03.txt,169.439,0.250,42.360,0,0.000,0.00,0.000,0.000,0.000
1,ec.gp.GPIndividual@2007558167{-1075640129},3C_20_50-02.txt,61.404,0.250,15.351,2,0.813,5.29,0.406,0.578,0.234
1,ec.gp.GPIndividual@2007558167{-1075640129},3C_20_66-02.txt,154.245,0.250,38.561,4,4.750,12.32,1.188,1.469,0.234
1,ec.gp.GPIndividual@2007558167{-1075640129},3C_20_66-03.txt,118.340,0.250,29.585,3,30.813,104.15,10.271,15.328,0.234
1,ec.gp.GPIndividual@197953873{1088041451},3C_20_50-02.txt,61.404,0.250,15.351,2,4.047,26.36,2.023,3.797,0.250
1,ec.gp.GPIndividual@197953873{1088041451},3C_20_50-03.txt,30.993,0.250,7.748,1,1.953,25.21,1.953,3.797,0.250
1,ec.gp.GPIndividual@197953873{1088041451},3C_20_80-01.txt,4.194,0.250,1.049,2,3.000,286.09,1.500,3.797,0.250
1,ec.gp.GPIndividual@197953873{1088041451},3C_20_66-01.txt,7.322,0.250,1.831,1,0.344,18.78,0.344,3.797,0.250
1,ec.gp.GPIndividual@197953873{1088041451},3C_20_80-02.txt,35.738,0.250,8.935,1,0.594,6.65,0.594,3.797,0.250
1,ec.gp.GPIndividual@197953873{1088041451},3C_20_66-02.txt,154.245,0.250,38.561,2,2.719,7.05,1.359,3.797,0.250
1,ec.gp.GPIndividual@197953873{1088041451},3C_20_66-03.txt,118.340,0.250,29.585,1,0.719,2.43,0.719,3.797,0.250
1,ec.gp.GPIndividual@197953873{1088041451},3C_20_80-03.txt,169.439,0.250,42.360,1,5.703,13.46,5.703,5.703,0.250
1,ec.gp.GPIndividual@674508304{1424070187},3C_20_50-02.txt,61.404,0.250,15.351,1,0.250,1.63,0.250,0.250,0.250
1,ec.gp.GPIndividual@674508304{1424070187},3C_20_50-03.txt,30.993,0.250,7.748,1,2.594,33.48,2.594,2.594,0.250
1,ec.gp.GPIndividual@674508304{1424070187},3C_20_66-01.txt,7.322,0.250,1.831,1,3.453,188.64,3.453,3.453,0.250
1,ec.gp.GPIndividual@674508304{1424070187},3C_20_80-01.txt,4.194,0.250,1.049,1,3.438,327.81,3.438,3.453,0.250
1,ec.gp.GPIndividual@684200088{-1431788586},3C_20_50-02.txt,61.404,0.250,15.351,1,0.031,0.20,0.031,0.031,0.031
1,ec.gp.GPIndividual@684200088{-1431788586},3C_20_50-03.txt,30.993,0.250,7.748,1,0.547,7.06,0.547,0.547,0.031
1,ec.gp.GPIndividual@684200088{-1431788586},3C_20_66-01.txt,7.322,0.250,1.831,1,0.125,6.83,0.125,0.547,0.031
1,ec.gp.GPIndividual@684200088{-1431788586},3C_20_66-02.txt,154.245,0.250,38.561,1,0.313,0.81,0.313,0.547,0.031
1,ec.gp.GPIndividual@684200088{-1431788586},3C_20_66-03.txt,118.340,0.250,29.585,1,0.797,2.69,0.797,0.797,0.031
1,ec.gp.GPIndividual@684200088{-1431788586},3C_20_80-01.txt,4.194,0.250,1.049,1,0.156,14.90,0.156,0.797,0.031
1,ec.gp.GPIndividual@684200088{-1431788586},3C_20_80-02.txt,35.738,0.250,8.935,1,0.266,2.97,0.266,0.797,0.031
1,ec.gp.GPIndividual@684200088{-1431788586},3C_20_80-03.txt,169.439,0.250,42.360,1,0.781,1.84,0.781,0.797,0.031
1,ec.gp.GPIndividual@1312041088{-501532808},3C_20_50-02.txt,61.404,0.250,15.351,1,0.063,0.41,0.063,0.063,0.063
1,ec.gp.GPIndividual@1312041088{-501532808},3C_20_50-03.txt,30.993,0.250,7.748,1,0.563,7.26,0.563,0.563,0.063
1,ec.gp.GPIndividual@1312041088{-501532808},3C_20_66-01.txt,7.322,0.250,1.831,1,0.109,5.97,0.109,0.563,0.063
1,ec.gp.GPIndividual@1312041088{-501532808},3C_20_66-02.txt,154.245,0.250,38.561,1,0.297,0.77,0.297,0.563,0.063
1,ec.gp.GPIndividual@1312041088{-501532808},3C_20_66-03.txt,118.340,0.250,29.585,1,0.797,2.69,0.797,0.797,0.063
1,ec.gp.GPIndividual@1312041088{-501532808},3C_20_80-01.txt,4.194,0.250,1.049,1,0.188,17.88,0.188,0.797,0.063
1,ec.gp.GPIndividual@1312041088{-501532808},3C_20_80-02.txt,35.738,0.250,8.935,1,0.250,2.80,0.250,0.797,0.063
1,ec.gp.GPIndividual@1312041088{-501532808},3C_20_80-03.txt,169.439,0.250,42.360,1,0.750,1.77,0.750,0.797,0.063
2,ec.gp.GPIndividual@1929646399{128170373},3C_20_50-02.txt,61.404,0.250,15.351,5,0.906,5.90,0.181,0.219,0.172
2,ec.gp.GPIndividual@1929646399{128170373},3C_20_50-03.txt,30.993,0.250,7.748,1,0.219,2.82,0.219,0.219,0.172
2,ec.gp.GPIndividual@1929646399{128170373},3C_20_50-03.txt,30.993,0.250,7.748,6,7.766,100.23,1.294,2.016,0.156
2,ec.gp.GPIndividual@1929646399{128170373},3C_20_50-03.txt,30.993,0.250,7.748,1,1.047,13.51,1.047,2.016,0.156
2,ec.gp.GPIndividual@1929646399{128170373},3C_20_50-03.txt,30.993,0.250,7.748,1,3.188,41.14,3.188,3.188,0.156
2,ec.gp.GPIndividual@1929646399{128170373},3C_20_66-01.txt,7.322,0.250,1.831,1,3.188,174.13,3.188,3.188,0.156
2,ec.gp.GPIndividual@1929646399{128170373},3C_20_66-01.txt,7.322,0.250,1.831,1,1.844,100.72,1.844,3.188,0.156
2,ec.gp.GPIndividual@1929646399{128170373},3C_20_50-03.txt,30.993,0.250,7.748,1,0.828,10.69,0.828,3.188,0.156
2,ec.gp.GPIndividual@1929646399{128170373},3C_20_66-02.txt,154.245,0.250,38.561,2,3.203,8.31,1.602,3.188,0.156
2,ec.gp.GPIndividual@1929646399{128170373},3C_20_50-03.txt,30.993,0.250,7.748,2,6.297,81.27,3.148,3.188,0.156
2,ec.gp.GPIndividual@1929646399{128170373},3C_20_66-01.txt,7.322,0.250,1.831,1,2.500,136.57,2.500,3.188,0.156
2,ec.gp.GPIndividual@1929646399{128170373},3C_20_66-03.txt,118.340,0.250,29.585,1,3.188,10.77,3.188,3.188,0.156
2,ec.gp.GPIndividual@1929646399{128170373},3C_20_66-01.txt,7.322,0.250,1.831,1,0.844,46.09,0.844,3.188,0.156
2,ec.gp.GPIndividual@1929646399{128170373},3C_20_66-02.txt,154.245,0.250,38.561,1,3.172,8.23,3.172,3.188,0.156
2,ec.gp.GPIndividual@1929646399{128170373},3C_20_66-02.txt,154.245,0.250,38.561,3,5.875,15.24,1.958,3.188,0.156
2,ec.gp.GPIndividual@1929646399{128170373},3C_20_66-02.txt,154.245,0.250,38.561,3,5.469,14.18,1.823,3.188,0.156
2,ec.gp.GPIndividual@1929646399{128170373},3C_20_66-03.txt,118.340,0.250,29.585,7,21.703,73.36,3.100,6.156,0.156
2,ec.gp.GPIndividual@1929646399{128170373},3C_20_80-01.txt,4.194,0.250,1.049,1,0.516,49.17,0.516,6.156,0.156
2,ec.gp.GPIndividual@1929646399{128170373},3C_20_80-02.txt,35.738,0.250,8.935,2,4.500,50.37,2.250,6.156,0.156
2,ec.gp.GPIndividual@1929646399{128170373},3C_20_80-03.txt,169.439,0.250,42.360,2,8.594,20.29,4.297,6.156,0.156
2,ec.gp.GPIndividual@1929646399{128170373},3C_20_80-01.txt,4.194,0.250,1.049,2,3.188,303.97,1.594,6.156,0.156
2,ec.gp.GPIndividual@1929646399{128170373},3C_20_66-03.txt,118.340,0.250,29.585,1,0.344,1.16,0.344,6.156,0.156
2,ec.gp.GPIndividual@1929646399{128170373},3C_20_80-02.txt,35.738,0.250,8.935,1,6.234,69.78,6.234,6.234,0.156
2,ec.gp.GPIndividual@1929646399{128170373},3C_20_66-01.txt,7.322,0.250,1.831,1,6.250,341.43,6.250,6.250,0.156
2,ec.gp.GPIndividual@1929646399{128170373},3C_20_66-01.txt,7.322,0.250,1.831,3,1.922,104.99,0.641,6.250,0.156
2,ec.gp.GPIndividual@1929646399{128170373},3C_20_66-02.txt,154.245,0.250,38.561,1,2.313,6.00,2.313,6.250,0.156
2,ec.gp.GPIndividual@1929646399{128170373},3C_20_80-03.txt,169.439,0.250,42.360,3,8.141,19.22,2.714,6.250,0.156
2,ec.gp.GPIndividual@1975834579{1096608486},3C_20_50-02.txt,61.404,0.250,15.351,0,0.000,0.00,0.000,0.000,0.000
2,ec.gp.GPIndividual@1975834579{1096608486},3C_20_50-03.txt,30.993,0.250,7.748,0,0.000,0.00,0.000,0.000,0.000
2,ec.gp.GPIndividual@1975834579{1096608486},3C_20_66-01.txt,7.322,0.250,1.831,0,0.000,0.00,0.000,0.000,0.000
2,ec.gp.GPIndividual@1975834579{1096608486},3C_20_66-02.txt,154.245,0.250,38.561,0,0.000,0.00,0.000,0.000,0.000
2,ec.gp.GPIndividual@1975834579{1096608486},3C_20_66-03.txt,118.340,0.250,29.585,0,0.000,0.00,0.000,0.000,0.000
2,ec.gp.GPIndividual@1975834579{1096608486},3C_20_80-01.txt,4.194,0.250,1.049,0,0.000,0.00,0.000,0.000,0.000
2,ec.gp.GPIndividual@1975834579{1096608486},3C_20_80-02.txt,35.738,0.250,8.935,0,0.000,0.00,0.000,0.000,0.000
2,ec.gp.GPIndividual@1975834579{1096608486},3C_20_80-03.txt,169.439,0.250,42.360,0,0.000,0.00,0.000,0.000,0.000
2,ec.gp.GPIndividual@501237027{-1734617840},3C_20_50-02.txt,61.404,0.250,15.351,3,4.422,28.80,1.474,2.484,0.516
2,ec.gp.GPIndividual@501237027{-1734617840},3C_20_66-02.txt,154.245,0.250,38.561,2,3.047,7.90,1.523,2.484,0.516
2,ec.gp.GPIndividual@501237027{-1734617840},3C_20_50-03.txt,30.993,0.250,7.748,1,1.438,18.55,1.438,2.484,0.516
2,ec.gp.GPIndividual@501237027{-1734617840},3C_20_66-03.txt,118.340,0.250,29.585,2,8.547,28.89,4.273,6.047,0.516
2,ec.gp.GPIndividual@2013546105{1716566214},3C_20_50-02.txt,61.404,0.250,15.351,0,0.000,0.00,0.000,0.000,0.000
2,ec.gp.GPIndividual@2013546105{1716566214},3C_20_50-03.txt,30.993,0.250,7.748,0,0.000,0.00,0.000,0.000,0.000
2,ec.gp.GPIndividual@2013546105{1716566214},3C_20_66-01.txt,7.322,0.250,1.831,0,0.000,0.00,0.000,0.000,0.000
2,ec.gp.GPIndividual@2013546105{1716566214},3C_20_66-02.txt,154.245,0.250,38.561,0,0.000,0.00,0.000,0.000,0.000
2,ec.gp.GPIndividual@2013546105{1716566214},3C_20_66-03.txt,118.340,0.250,29.585,0,0.000,0.00,0.000,0.000,0.000
2,ec.gp.GPIndividual@2013546105{1716566214},3C_20_80-01.txt,4.194,0.250,1.049,0,0.000,0.00,0.000,0.000,0.000
2,ec.gp.GPIndividual@2013546105{1716566214},3C_20_80-02.txt,35.738,0.250,8.935,0,0.000,0.00,0.000,0.000,0.000
2,ec.gp.GPIndividual@2013546105{1716566214},3C_20_80-03.txt,169.439,0.250,42.360,0,0.000,0.00,0.000,0.000,0.000
2,ec.gp.GPIndividual@20127073{1543787138},3C_20_50-02.txt,61.404,0.250,15.351,6,15.734,102.50,2.622,8.703,0.328
2,ec.gp.GPIndividual@20127073{1543787138},3C_20_66-01.txt,7.322,0.250,1.831,1,1.969,107.55,1.969,8.703,0.328
2,ec.gp.GPIndividual@20127073{1543787138},3C_20_50-03.txt,30.993,0.250,7.748,1,0.344,4.44,0.344,8.703,0.328
2,ec.gp.GPIndividual@20127073{1543787138},3C_20_66-03.txt,118.340,0.250,29.585,1,2.781,9.40,2.781,8.703,0.328
2,ec.gp.GPIndividual@20127073{1543787138},3C_20_80-01.txt,4.194,0.250,1.049,3,1.516,144.53,0.505,8.703,0.172
2,ec.gp.GPIndividual@20127073{1543787138},3C_20_80-02.txt,35.738,0.250,8.935,0,0.000,0.00,0.000,8.703,0.172
2,ec.gp.GPIndividual@20127073{1543787138},3C_20_66-02.txt,154.245,0.250,38.561,4,27.594,71.56,6.898,16.078,0.172
2,ec.gp.GPIndividual@20127073{1543787138},3C_20_66-03.txt,118.340,0.250,29.585,3,4.984,16.85,1.661,16.078,0.172
2,ec.gp.GPIndividual@20127073{1543787138},3C_20_66-03.txt,118.340,0.250,29.585,9,29.422,99.45,3.269,16.078,0.172
2,ec.gp.GPIndividual@20127073{1543787138},3C_20_80-01.txt,4.194,0.250,1.049,2,0.891,84.93,0.445,16.078,0.172
2,ec.gp.GPIndividual@20127073{1543787138},3C_20_80-02.txt,35.738,0.250,8.935,1,2.734,30.60,2.734,16.078,0.172
2,ec.gp.GPIndividual@20127073{1543787138},3C_20_80-01.txt,4.194,0.250,1.049,2,5.359,511.09,2.680,16.078,0.172
2,ec.gp.GPIndividual@20127073{1543787138},3C_20_66-01.txt,7.322,0.250,1.831,1,9.516,519.82,9.516,16.078,0.172
2,ec.gp.GPIndividual@20127073{1543787138},3C_20_80-01.txt,4.194,0.250,1.049,2,0.813,77.48,0.406,16.078,0.172
2,ec.gp.GPIndividual@20127073{1543787138},3C_20_80-02.txt,35.738,0.250,8.935,2,0.328,3.67,0.164,16.078,0.000
2,ec.gp.GPIndividual@20127073{1543787138},3C_20_80-02.txt,35.738,0.250,8.935,1,4.031,45.12,4.031,16.078,0.000
2,ec.gp.GPIndividual@20127073{1543787138},3C_20_80-03.txt,169.439,0.250,42.360,2,8.203,19.37,4.102,16.078,0.000
2,ec.gp.GPIndividual@20127073{1543787138},3C_20_80-01.txt,4.194,0.250,1.049,1,2.141,204.14,2.141,16.078,0.000
2,ec.gp.GPIndividual@20127073{1543787138},3C_20_80-03.txt,169.439,0.250,42.360,6,8.609,20.32,1.435,16.078,0.000
2,ec.gp.GPIndividual@20127073{1543787138},3C_20_66-02.txt,154.245,0.250,38.561,3,3.766,9.77,1.255,16.078,0.000
2,ec.gp.GPIndividual@20127073{1543787138},3C_20_80-02.txt,35.738,0.250,8.935,4,10.359,115.95,2.590,16.078,0.000
2,ec.gp.GPIndividual@2124229900{-501532808},3C_20_50-02.txt,61.404,0.250,15.351,1,0.344,2.24,0.344,0.344,0.344
2,ec.gp.GPIndividual@2124229900{-501532808},3C_20_50-03.txt,30.993,0.250,7.748,5,11.734,151.45,2.347,5.672,0.344
2,ec.gp.GPIndividual@1920933431{-143583953},3C_20_50-02.txt,61.404,0.250,15.351,1,0.703,4.58,0.703,0.703,0.703
2,ec.gp.GPIndividual@1920933431{-143583953},3C_20_66-03.txt,118.340,0.250,29.585,3,2.844,9.61,0.948,1.203,0.531
2,ec.gp.GPIndividual@1920933431{-143583953},3C_20_80-03.txt,169.439,0.250,42.360,2,3.375,7.97,1.688,1.766,0.531
2,ec.gp.GPIndividual@1920933431{-143583953},3C_20_80-03.txt,169.439,0.250,42.360,1,1.781,4.21,1.781,1.781,0.531
2,ec.gp.GPIndividual@1920933431{-143583953},3C_20_50-03.txt,30.993,0.250,7.748,1,3.250,41.95,3.250,3.250,0.531
2,ec.gp.GPIndividual@1920933431{-143583953},3C_20_66-01.txt,7.322,0.250,1.831,1,0.875,47.80,0.875,3.250,0.531
2,ec.gp.GPIndividual@1920933431{-143583953},3C_20_66-02.txt,154.245,0.250,38.561,2,5.797,15.03,2.898,3.250,0.531
2,ec.gp.GPIndividual@1920933431{-143583953},3C_20_66-03.txt,118.340,0.250,29.585,4,23.047,77.90,5.762,6.313,0.531
2,ec.gp.GPIndividual@1920933431{-143583953},3C_20_66-01.txt,7.322,0.250,1.831,1,3.516,192.05,3.516,6.313,0.531
2,ec.gp.GPIndividual@1920933431{-143583953},3C_20_80-01.txt,4.194,0.250,1.049,2,1.391,132.61,0.695,6.313,0.531
2,ec.gp.GPIndividual@1920933431{-143583953},3C_20_66-02.txt,154.245,0.250,38.561,2,1.406,3.65,0.703,6.313,0.344
2,ec.gp.GPIndividual@1920933431{-143583953},3C_20_80-02.txt,35.738,0.250,8.935,1,6.297,70.48,6.297,6.313,0.344
2,ec.gp.GPIndividual@1920933431{-143583953},3C_20_80-01.txt,4.194,0.250,1.049,1,0.500,47.68,0.500,6.313,0.344
2,ec.gp.GPIndividual@1920933431{-143583953},3C_20_80-02.txt,35.738,0.250,8.935,3,14.000,156.70,4.667,6.984,0.344
2,ec.gp.GPIndividual@1470712329{550185790},3C_20_50-02.txt,61.404,0.250,15.351,1,0.891,5.80,0.891,0.891,0.891
2,ec.gp.GPIndividual@1470712329{550185790},3C_20_66-03.txt,118.340,0.250,29.585,2,2.297,7.76,1.148,1.906,0.391
2,ec.gp.GPIndividual@1470712329{550185790},3C_20_50-03.txt,30.993,0.250,7.748,1,1.953,25.21,1.953,1.953,0.391
2,ec.gp.GPIndividual@1470712329{550185790},3C_20_80-03.txt,169.439,0.250,42.360,1,1.781,4.21,1.781,1.953,0.391
2,ec.gp.GPIndividual@200872183{-1536078809},3C_20_50-02.txt,61.404,0.250,15.351,3,3.188,20.76,1.063,1.656,0.344
2,ec.gp.GPIndividual@200872183{-1536078809},3C_20_80-03.txt,169.439,0.250,42.360,1,1.656,3.91,1.656,1.656,0.344
2,ec.gp.GPIndividual@200872183{-1536078809},3C_20_50-03.txt,30.993,0.250,7.748,1,16.281,210.13,16.281,16.281,0.344
2,ec.gp.GPIndividual@200872183{-1536078809},3C_20_80-03.txt,169.439,0.250,42.360,1,3.156,7.45,3.156,16.281,0.344
2,ec.gp.GPIndividual@200872183{-1536078809},3C_20_66-01.txt,7.322,0.250,1.831,1,0.891,48.65,0.891,16.281,0.344
2,ec.gp.GPIndividual@200872183{-1536078809},3C_20_66-02.txt,154.245,0.250,38.561,3,15.266,39.59,5.089,16.281,0.344
2,ec.gp.GPIndividual@1771059537{1031858383},3C_20_50-02.txt,61.404,0.250,15.351,1,2.359,15.37,2.359,2.359,2.359
2,ec.gp.GPIndividual@1771059537{1031858383},3C_20_66-03.txt,118.340,0.250,29.585,5,17.500,59.15,3.500,6.281,0.328
2,ec.gp.GPIndividual@1771059537{1031858383},3C_20_80-01.txt,4.194,0.250,1.049,2,0.891,84.93,0.445,6.281,0.328
2,ec.gp.GPIndividual@1771059537{1031858383},3C_20_80-02.txt,35.738,0.250,8.935,1,4.641,51.94,4.641,6.281,0.328
2,ec.gp.GPIndividual@1771059537{1031858383},3C_20_66-01.txt,7.322,0.250,1.831,1,4.156,227.05,4.156,6.281,0.328
2,ec.gp.GPIndividual@1771059537{1031858383},3C_20_80-01.txt,4.194,0.250,1.049,1,2.297,219.04,2.297,6.281,0.328
2,ec.gp.GPIndividual@1771059537{1031858383},3C_20_50-03.txt,30.993,0.250,7.748,1,0.531,6.86,0.531,6.281,0.328
2,ec.gp.GPIndividual@1771059537{1031858383},3C_20_80-02.txt,35.738,0.250,8.935,3,4.266,47.74,1.422,6.281,0.328
2,ec.gp.GPIndividual@1771059537{1031858383},3C_20_66-02.txt,154.245,0.250,38.561,1,2.109,5.47,2.109,6.281,0.328
2,ec.gp.GPIndividual@1771059537{1031858383},3C_20_80-03.txt,169.439,0.250,42.360,1,1.219,2.88,1.219,6.281,0.328
2,ec.gp.GPIndividual@1771059537{1031858383},3C_20_80-03.txt,169.439,0.250,42.360,5,20.109,47.47,4.022,6.703,0.328
2,ec.gp.GPIndividual@1771059537{1031858383},3C_20_66-03.txt,118.340,0.250,29.585,2,10.797,36.49,5.398,6.703,0.328
2,ec.gp.GPIndividual@1346490093{1143790710},3C_20_50-02.txt,61.404,0.250,15.351,3,8.969,58.42,2.990,6.391,0.531
2,ec.gp.GPIndividual@1346490093{1143790710},3C_20_50-03.txt,30.993,0.250,7.748,2,9.906,127.85,4.953,6.391,0.531
2,ec.gp.GPIndividual@1425865360{2131886080},3C_20_50-02.txt,61.404,0.250,15.351,1,0.703,4.58,0.703,0.703,0.703
2,ec.gp.GPIndividual@1425865360{2131886080},3C_20_80-01.txt,4.194,0.250,1.049,1,0.516,49.17,0.516,0.703,0.516
2,ec.gp.GPIndividual@1425865360{2131886080},3C_20_50-03.txt,30.993,0.250,7.748,2,10.141,130.88,5.070,9.641,0.500
2,ec.gp.GPIndividual@169582107{-402086211},3C_20_50-02.txt,61.404,0.250,15.351,1,0.531,3.46,0.531,0.531,0.531
2,ec.gp.GPIndividual@169582107{-402086211},3C_20_50-03.txt,30.993,0.250,7.748,1,1.078,13.91,1.078,1.078,0.531
2,ec.gp.GPIndividual@169582107{-402086211},3C_20_80-02.txt,35.738,0.250,8.935,2,10.406,116.47,5.203,7.188,0.531
2,ec.gp.GPIndividual@169582107{-402086211},3C_20_66-01.txt,7.322,0.250,1.831,1,0.859,46.95,0.859,7.188,0.531
2,ec.gp.GPIndividual@169582107{-402086211},3C_20_66-01.txt,7.322,0.250,1.831,2,0.891,48.65,0.445,7.188,0.000
2,ec.gp.GPIndividual@169582107{-402086211},3C_20_66-02.txt,154.245,0.250,38.561,1,3.203,8.31,3.203,7.188,0.000
2,ec.gp.GPIndividual@169582107{-402086211},3C_20_66-01.txt,7.322,0.250,1.831,2,2.828,154.50,1.414,7.188,0.000
2,ec.gp.GPIndividual@169582107{-402086211},3C_20_80-03.txt,169.439,0.250,42.360,2,1.297,3.06,0.648,7.188,0.000
2,ec.gp.GPIndividual@169582107{-402086211},3C_20_66-02.txt,154.245,0.250,38.561,1,13.313,34.52,13.313,13.313,0.000
2,ec.gp.GPIndividual@2044115820{2135902937},3C_20_50-02.txt,61.404,0.250,15.351,0,0.000,0.00,0.000,0.000,0.000
2,ec.gp.GPIndividual@2044115820{2135902937},3C_20_50-03.txt,30.993,0.250,7.748,0,0.000,0.00,0.000,0.000,0.000
2,ec.gp.GPIndividual@2044115820{2135902937},3C_20_66-01.txt,7.322,0.250,1.831,0,0.000,0.00,0.000,0.000,0.000
2,ec.gp.GPIndividual@2044115820{2135902937},3C_20_66-02.txt,154.245,0.250,38.561,0,0.000,0.00,0.000,0.000,0.000
2,ec.gp.GPIndividual@2044115820{2135902937},3C_20_66-03.txt,118.340,0.250,29.585,0,0.000,0.00,0.000,0.000,0.000
2,ec.gp.GPIndividual@2044115820{2135902937},3C_20_80-01.txt,4.194,0.250,1.049,0,0.000,0.00,0.000,0.000,0.000
2,ec.gp.GPIndividual@2044115820{2135902937},3C_20_80-02.txt,35.738,0.250,8.935,0,0.000,0.00,0.000,0.000,0.000
2,ec.gp.GPIndividual@2044115820{2135902937},3C_20_80-03.txt,169.439,0.250,42.360,0,0.000,0.00,0.000,0.000,0.000
2,ec.gp.GPIndividual@522953845{-317234450},3C_20_50-02.txt,61.404,0.250,15.351,0,0.000,0.00,0.000,0.000,0.000
2,ec.gp.GPIndividual@522953845{-317234450},3C_20_50-03.txt,30.993,0.250,7.748,0,0.000,0.00,0.000,0.000,0.000
2,ec.gp.GPIndividual@522953845{-317234450},3C_20_66-01.txt,7.322,0.250,1.831,0,0.000,0.00,0.000,0.000,0.000
2,ec.gp.GPIndividual@522953845{-317234450},3C_20_66-02.txt,154.245,0.250,38.561,0,0.000,0.00,0.000,0.000,0.000
2,ec.gp.GPIndividual@522953845{-317234450},3C_20_66-03.txt,118.340,0.250,29.585,0,0.000,0.00,0.000,0.000,0.000
2,ec.gp.GPIndividual@522953845{-317234450},3C_20_80-01.txt,4.194,0.250,1.049,0,0.000,0.00,0.000,0.000,0.000
2,ec.gp.GPIndividual@522953845{-317234450},3C_20_80-02.txt,35.738,0.250,8.935,0,0.000,0.00,0.000,0.000,0.000
2,ec.gp.GPIndividual@522953845{-317234450},3C_20_80-03.txt,169.439,0.250,42.360,0,0.000,0.00,0.000,0.000,0.000
2,ec.gp.GPIndividual@1170607719{106621243},3C_20_50-02.txt,61.404,0.250,15.351,1,0.000,0.00,0.000,0.000,0.000
2,ec.gp.GPIndividual@1170607719{106621243},3C_20_50-03.txt,30.993,0.250,7.748,1,0.000,0.00,0.000,0.000,0.000
2,ec.gp.GPIndividual@1170607719{106621243},3C_20_66-01.txt,7.322,0.250,1.831,1,0.000,0.00,0.000,0.000,0.000
2,ec.gp.GPIndividual@1170607719{106621243},3C_20_66-02.txt,154.245,0.250,38.561,1,0.000,0.00,0.000,0.000,0.000
2,ec.gp.GPIndividual@1170607719{106621243},3C_20_66-03.txt,118.340,0.250,29.585,1,0.000,0.00,0.000,0.000,0.000
2,ec.gp.GPIndividual@1170607719{106621243},3C_20_80-01.txt,4.194,0.250,1.049,1,0.000,0.00,0.000,0.000,0.000
2,ec.gp.GPIndividual@1170607719{106621243},3C_20_80-02.txt,35.738,0.250,8.935,1,0.000,0.00,0.000,0.000,0.000
2,ec.gp.GPIndividual@1170607719{106621243},3C_20_80-03.txt,169.439,0.250,42.360,1,0.000,0.00,0.000,0.000,0.000
2,ec.gp.GPIndividual@1544014763{-1887868685},3C_20_50-02.txt,61.404,0.250,15.351,1,3.141,20.46,3.141,3.141,3.141
2,ec.gp.GPIndividual@1544014763{-1887868685},3C_20_66-01.txt,7.322,0.250,1.831,1,0.328,17.92,0.328,3.141,0.328
2,ec.gp.GPIndividual@1544014763{-1887868685},3C_20_50-03.txt,30.993,0.250,7.748,3,4.375,56.47,1.458,3.141,0.328
2,ec.gp.GPIndividual@1544014763{-1887868685},3C_20_66-02.txt,154.245,0.250,38.561,1,2.469,6.40,2.469,3.141,0.328
2,ec.gp.GPIndividual@1544014763{-1887868685},3C_20_66-03.txt,118.340,0.250,29.585,1,1.438,4.86,1.438,3.141,0.328
2,ec.gp.GPIndividual@1544014763{-1887868685},3C_20_66-02.txt,154.245,0.250,38.561,1,1.594,4.13,1.594,3.141,0.328
2,ec.gp.GPIndividual@1544014763{-1887868685},3C_20_66-03.txt,118.340,0.250,29.585,1,1.594,5.39,1.594,3.141,0.328
2,ec.gp.GPIndividual@1544014763{-1887868685},3C_20_66-03.txt,118.340,0.250,29.585,1,3.188,10.77,3.188,3.188,0.328
2,ec.gp.GPIndividual@1544014763{-1887868685},3C_20_66-01.txt,7.322,0.250,1.831,1,0.906,49.51,0.906,3.188,0.328
2,ec.gp.GPIndividual@1544014763{-1887868685},3C_20_66-02.txt,154.245,0.250,38.561,4,12.250,31.77,3.063,5.594,0.328
2,ec.gp.GPIndividual@1544014763{-1887868685},3C_20_66-03.txt,118.340,0.250,29.585,2,7.313,24.72,3.656,5.875,0.328
2,ec.gp.GPIndividual@1544014763{-1887868685},3C_20_80-01.txt,4.194,0.250,1.049,1,5.547,528.97,5.547,5.875,0.328
2,ec.gp.GPIndividual@1544014763{-1887868685},3C_20_80-01.txt,4.194,0.250,1.049,1,0.484,46.19,0.484,5.875,0.328
2,ec.gp.GPIndividual@1544014763{-1887868685},3C_20_80-02.txt,35.738,0.250,8.935,1,6.203,69.43,6.203,6.203,0.328
2,ec.gp.GPIndividual@1544014763{-1887868685},3C_20_80-01.txt,4.194,0.250,1.049,2,0.500,47.68,0.250,6.203,0.000
2,ec.gp.GPIndividual@1544014763{-1887868685},3C_20_80-02.txt,35.738,0.250,8.935,2,1.969,22.04,0.984,6.203,0.000
2,ec.gp.GPIndividual@1544014763{-1887868685},3C_20_80-02.txt,35.738,0.250,8.935,1,2.125,23.78,2.125,6.203,0.000
2,ec.gp.GPIndividual@1544014763{-1887868685},3C_20_80-03.txt,169.439,0.250,42.360,3,5.781,13.65,1.927,6.203,0.000
2,ec.gp.GPIndividual@1544014763{-1887868685},3C_20_80-03.txt,169.439,0.250,42.360,1,1.656,3.91,1.656,6.203,0.000
2,ec.gp.GPIndividual@1544014763{-1887868685},3C_20_80-03.txt,169.439,0.250,42.360,1,5.969,14.09,5.969,6.203,0.000
2,ec.gp.GPIndividual@1544014763{-1887868685},3C_20_80-01.txt,4.194,0.250,1.049,1,0.531,50.66,0.531,6.203,0.000
2,ec.gp.GPIndividual@1544014763{-1887868685},3C_20_80-02.txt,35.738,0.250,8.935,1,2.406,26.93,2.406,6.203,0.000
2,ec.gp.GPIndividual@1544014763{-1887868685},3C_20_80-03.txt,169.439,0.250,42.360,1,6.188,14.61,6.188,6.203,0.000
2,ec.gp.GPIndividual@521608685{1982199684},3C_20_50-02.txt,61.404,0.250,15.351,0,0.000,0.00,0.000,0.000,0.000
2,ec.gp.GPIndividual@521608685{1982199684},3C_20_50-03.txt,30.993,0.250,7.748,0,0.000,0.00,0.000,0.000,0.000
2,ec.gp.GPIndividual@521608685{1982199684},3C_20_66-01.txt,7.322,0.250,1.831,0,0.000,0.00,0.000,0.000,0.000
2,ec.gp.GPIndividual@521608685{1982199684},3C_20_66-02.txt,154.245,0.250,38.561,0,0.000,0.00,0.000,0.000,0.000
2,ec.gp.GPIndividual@521608685{1982199684},3C_20_66-03.txt,118.340,0.250,29.585,0,0.000,0.00,0.000,0.000,0.000
2,ec.gp.GPIndividual@521608685{1982199684},3C_20_80-01.txt,4.194,0.250,1.049,0,0.000,0.00,0.000,0.000,0.000
2,ec.gp.GPIndividual@521608685{1982199684},3C_20_80-02.txt,35.738,0.250,8.935,0,0.000,0.00,0.000,0.000,0.000
2,ec.gp.GPIndividual@521608685{1982199684},3C_20_80-03.txt,169.439,0.250,42.360,0,0.000,0.00,0.000,0.000,0.000
2,ec.gp.GPIndividual@1895733599{-1718988197},3C_20_50-02.txt,61.404,0.250,15.351,0,0.000,0.00,0.000,0.000,0.000
2,ec.gp.GPIndividual@1895733599{-1718988197},3C_20_50-03.txt,30.993,0.250,7.748,0,0.000,0.00,0.000,0.000,0.000
2,ec.gp.GPIndividual@1895733599{-1718988197},3C_20_66-01.txt,7.322,0.250,1.831,0,0.000,0.00,0.000,0.000,0.000
2,ec.gp.GPIndividual@1895733599{-1718988197},3C_20_66-02.txt,154.245,0.250,38.561,0,0.000,0.00,0.000,0.000,0.000
2,ec.gp.GPIndividual@1895733599{-1718988197},3C_20_66-03.txt,118.340,0.250,29.585,0,0.000,0.00,0.000,0.000,0.000
2,ec.gp.GPIndividual@1895733599{-1718988197},3C_20_80-01.txt,4.194,0.250,1.049,0,0.000,0.00,0.000,0.000,0.000
2,ec.gp.GPIndividual@1895733599{-1718988197},3C_20_80-02.txt,35.738,0.250,8.935,0,0.000,0.00,0.000,0.000,0.000
2,ec.gp.GPIndividual@1895733599{-1718988197},3C_20_80-03.txt,169.439,0.250,42.360,0,0.000,0.00,0.000,0.000,0.000
2,ec.gp.GPIndividual@589362070{1948675049},3C_20_50-02.txt,61.404,0.250,15.351,0,0.000,0.00,0.000,0.000,0.000
2,ec.gp.GPIndividual@589362070{1948675049},3C_20_50-03.txt,30.993,0.250,7.748,0,0.000,0.00,0.000,0.000,0.000
2,ec.gp.GPIndividual@589362070{1948675049},3C_20_66-01.txt,7.322,0.250,1.831,0,0.000,0.00,0.000,0.000,0.000
2,ec.gp.GPIndividual@589362070{1948675049},3C_20_66-02.txt,154.245,0.250,38.561,0,0.000,0.00,0.000,0.000,0.000
2,ec.gp.GPIndividual@589362070{1948675049},3C_20_66-03.txt,118.340,0.250,29.585,0,0.000,0.00,0.000,0.000,0.000
2,ec.gp.GPIndividual@589362070{1948675049},3C_20_80-01.txt,4.194,0.250,1.049,0,0.000,0.00,0.000,0.000,0.000
2,ec.gp.GPIndividual@589362070{1948675049},3C_20_80-02.txt,35.738,0.250,8.935,0,0.000,0.00,0.000,0.000,0.000
2,ec.gp.GPIndividual@589362070{1948675049},3C_20_80-03.txt,169.439,0.250,42.360,0,0.000,0.00,0.000,0.000,0.000
2,ec.gp.GPIndividual@1743798635{-653187555},3C_20_50-02.txt,61.404,0.250,15.351,2,5.375,35.01,2.688,5.172,0.203
2,ec.gp.GPIndividual@1743798635{-653187555},3C_20_50-03.txt,30.993,0.250,7.748,1,4.063,52.43,4.063,5.172,0.203
2,ec.gp.GPIndividual@1502363227{969395898},3C_20_50-02.txt,61.404,0.250,15.351,0,0.000,0.00,0.000,0.000,0.000
2,ec.gp.GPIndividual@1502363227{969395898},3C_20_50-03.txt,30.993,0.250,7.748,0,0.000,0.00,0.000,0.000,0.000
2,ec.gp.GPIndividual@1502363227{969395898},3C_20_66-01.txt,7.322,0.250,1.831,1,1.109,60.60,1.109,1.109,1.109
2,ec.gp.GPIndividual@1502363227{969395898},3C_20_66-03.txt,118.340,0.250,29.585,0,0.000,0.00,0.000,1.109,1.109
2,ec.gp.GPIndividual@1502363227{969395898},3C_20_66-02.txt,154.245,0.250,38.561,0,0.000,0.00,0.000,1.109,1.109
2,ec.gp.GPIndividual@1502363227{969395898},3C_20_66-03.txt,118.340,0.250,29.585,0,0.000,0.00,0.000,1.109,1.109
2,ec.gp.GPIndividual@1502363227{969395898},3C_20_80-01.txt,4.194,0.250,1.049,0,0.000,0.00,0.000,1.109,1.109
2,ec.gp.GPIndividual@1502363227{969395898},3C_20_80-02.txt,35.738,0.250,8.935,0,0.000,0.00,0.000,1.109,1.109
2,ec.gp.GPIndividual@1502363227{969395898},3C_20_80-03.txt,169.439,0.250,42.360,0,0.000,0.00,0.000,1.109,1.109
2,ec.gp.GPIndividual@969048442{-1524580689},3C_20_50-02.txt,61.404,0.250,15.351,2,0.875,5.70,0.438,0.703,0.172
2,ec.gp.GPIndividual@969048442{-1524580689},3C_20_50-03.txt,30.993,0.250,7.748,1,2.359,30.45,2.359,2.359,0.172
2,ec.gp.GPIndividual@969048442{-1524580689},3C_20_80-01.txt,4.194,0.250,1.049,1,0.438,41.72,0.438,2.359,0.172
2,ec.gp.GPIndividual@969048442{-1524580689},3C_20_80-02.txt,35.738,0.250,8.935,2,2.703,30.25,1.352,2.359,0.172
2,ec.gp.GPIndividual@969048442{-1524580689},3C_20_80-03.txt,169.439,0.250,42.360,1,16.313,38.51,16.313,16.313,0.172
2,ec.gp.GPIndividual@969048442{-1524580689},3C_20_66-03.txt,118.340,0.250,29.585,1,2.906,9.82,2.906,16.313,0.172
2,ec.gp.GPIndividual@969048442{-1524580689},3C_20_66-01.txt,7.322,0.250,1.831,2,2.906,158.76,1.453,16.313,0.172
2,ec.gp.GPIndividual@1947921844{-226199326},3C_20_50-02.txt,61.404,0.250,15.351,2,0.813,5.29,0.406,0.578,0.234
2,ec.gp.GPIndividual@1947921844{-226199326},3C_20_66-02.txt,154.245,0.250,38.561,4,5.250,13.61,1.313,2.453,0.234
2,ec.gp.GPIndividual@1947921844{-226199326},3C_20_50-03.txt,30.993,0.250,7.748,1,0.641,8.27,0.641,2.453,0.234
2,ec.gp.GPIndividual@1947921844{-226199326},3C_20_66-03.txt,118.340,0.250,29.585,4,7.406,25.03,1.852,2.719,0.234
2,ec.gp.GPIndividual@1947921844{-226199326},3C_20_80-01.txt,4.194,0.250,1.049,2,0.688,65.56,0.344,2.719,0.234
2,ec.gp.GPIndividual@1947921844{-226199326},3C_20_80-02.txt,35.738,0.250,8.935,3,4.531,50.72,1.510,3.094,0.234
2,ec.gp.GPIndividual@1947921844{-226199326},3C_20_80-03.txt,169.439,0.250,42.360,1,2.375,5.61,2.375,3.094,0.234
2,ec.gp.GPIndividual@1947921844{-226199326},3C_20_66-01.txt,7.322,0.250,1.831,3,1.438,78.53,0.479,3.094,0.234
2,ec.gp.GPIndividual@1947921844{-226199326},3C_20_66-02.txt,154.245,0.250,38.561,4,4.875,12.64,1.219,3.094,0.234
2,ec.gp.GPIndividual@1947921844{-226199326},3C_20_66-03.txt,118.340,0.250,29.585,1,11.344,38.34,11.344,11.344,0.234
2,ec.gp.GPIndividual@1947921844{-226199326},3C_20_80-01.txt,4.194,0.250,1.049,4,0.891,84.93,0.223,11.344,0.000
2,ec.gp.GPIndividual@1947921844{-226199326},3C_20_80-02.txt,35.738,0.250,8.935,8,8.641,96.71,1.080,11.344,0.000
2,ec.gp.GPIndividual@1947921844{-226199326},3C_20_80-01.txt,4.194,0.250,1.049,2,1.031,98.34,0.516,11.344,0.000
2,ec.gp.GPIndividual@1947921844{-226199326},3C_20_80-03.txt,169.439,0.250,42.360,2,0.703,1.66,0.352,11.344,0.000
2,ec.gp.GPIndividual@1947921844{-226199326},3C_20_80-02.txt,35.738,0.250,8.935,4,4.531,50.72,1.133,11.344,0.000
2,ec.gp.GPIndividual@1947921844{-226199326},3C_20_80-03.txt,169.439,0.250,42.360,1,2.016,4.76,2.016,11.344,0.000
2,ec.gp.GPIndividual@311381411{1416818535},3C_20_50-02.txt,61.404,0.250,15.351,1,0.172,1.12,0.172,0.172,0.172
2,ec.gp.GPIndividual@311381411{1416818535},3C_20_50-03.txt,30.993,0.250,7.748,2,4.281,55.26,2.141,2.453,0.172
2,ec.gp.GPIndividual@311381411{1416818535},3C_20_66-01.txt,7.322,0.250,1.831,1,14.406,786.99,14.406,14.406,0.172
2,ec.gp.GPIndividual@614886729{-780894203},3C_20_50-02.txt,61.404,0.250,15.351,2,0.547,3.56,0.273,0.391,0.156
2,ec.gp.GPIndividual@614886729{-780894203},3C_20_66-02.txt,154.245,0.250,38.561,2,2.938,7.62,1.469,2.141,0.156
2,ec.gp.GPIndividual@614886729{-780894203},3C_20_50-03.txt,30.993,0.250,7.748,1,1.078,13.91,1.078,2.141,0.156
2,ec.gp.GPIndividual@614886729{-780894203},3C_20_66-03.txt,118.340,0.250,29.585,2,4.578,15.47,2.289,2.672,0.156
2,ec.gp.GPIndividual@614886729{-780894203},3C_20_80-01.txt,4.194,0.250,1.049,1,0.438,41.72,0.438,2.672,0.156
2,ec.gp.GPIndividual@614886729{-780894203},3C_20_80-02.txt,35.738,0.250,8.935,1,0.938,10.49,0.938,2.672,0.156
2,ec.gp.GPIndividual@614886729{-780894203},3C_20_80-03.txt,169.439,0.250,42.360,1,3.016,7.12,3.016,3.016,0.156
2,ec.gp.GPIndividual@614886729{-780894203},3C_20_66-01.txt,7.322,0.250,1.831,2,1.078,58.90,0.539,3.016,0.156
2,ec.gp.GPIndividual@614886729{-780894203},3C_20_66-02.txt,154.245,0.250,38.561,2,3.563,9.24,1.781,3.016,0.156
2,ec.gp.GPIndividual@2024379330{-1102016300},3C_20_50-02.txt,61.404,0.250,15.351,1,0.172,1.12,0.172,0.172,0.172
2,ec.gp.GPIndividual@2024379330{-1102016300},3C_20_50-03.txt,30.993,0.250,7.748,1,0.516,6.65,0.516,0.516,0.172
2,ec.gp.GPIndividual@2024379330{-1102016300},3C_20_66-03.txt,118.340,0.250,29.585,1,1.797,6.07,1.797,1.797,0.172
2,ec.gp.GPIndividual@2024379330{-1102016300},3C_20_66-01.txt,7.322,0.250,1.831,1,0.469,25.61,0.469,1.797,0.172
2,ec.gp.GPIndividual@2024379330{-1102016300},3C_20_66-02.txt,154.245,0.250,38.561,2,3.688,9.56,1.844,2.594,0.172
2,ec.gp.GPIndividual@2024379330{-1102016300},3C_20_66-03.txt,118.340,0.250,29.585,1,1.453,4.91,1.453,2.594,0.172
2,ec.gp.GPIndividual@2024379330{-1102016300},3C_20_80-01.txt,4.194,0.250,1.049,2,0.703,67.05,0.352,2.594,0.172
2,ec.gp.GPIndividual@2024379330{-1102016300},3C_20_80-02.txt,35.738,0.250,8.935,1,2.625,29.38,2.625,2.625,0.172
2,ec.gp.GPIndividual@2024379330{-1102016300},3C_20_80-01.txt,4.194,0.250,1.049,2,0.984,93.87,0.492,2.625,0.125
2,ec.gp.GPIndividual@2024379330{-1102016300},3C_20_80-03.txt,169.439,0.250,42.360,1,0.422,1.00,0.422,2.625,0.125
2,ec.gp.GPIndividual@2024379330{-1102016300},3C_20_80-02.txt,35.738,0.250,8.935,1,14.594,163.34,14.594,14.594,0.125
2,ec.gp.GPIndividual@1744439248{1395838288},3C_20_50-02.txt,61.404,0.250,15.351,1,0.906,5.90,0.906,0.906,0.906
2,ec.gp.GPIndividual@1744439248{1395838288},3C_20_80-03.txt,169.439,0.250,42.360,2,0.891,2.10,0.445,0.906,0.172
2,ec.gp.GPIndividual@1744439248{1395838288},3C_20_50-03.txt,30.993,0.250,7.748,2,4.750,61.31,2.375,2.438,0.172
2,ec.gp.GPIndividual@1867195542{1938894987},3C_20_50-02.txt,61.404,0.250,15.351,4,4.891,31.86,1.223,2.188,0.188
2,ec.gp.GPIndividual@617074032{1031858383},3C_20_50-02.txt,61.404,0.250,15.351,5,14.734,95.98,2.947,12.625,0.094
2,ec.gp.GPIndividual@617074032{1031858383},3C_20_66-01.txt,7.322,0.250,1.831,2,0.953,52.07,0.477,12.625,0.094
2,ec.gp.GPIndividual@617074032{1031858383},3C_20_66-02.txt,154.245,0.250,38.561,4,2.063,5.35,0.516,12.625,0.094
2,ec.gp.GPIndividual@617074032{1031858383},3C_20_66-03.txt,118.340,0.250,29.585,2,6.938,23.45,3.469,12.625,0.094
2,ec.gp.GPIndividual@617074032{1031858383},3C_20_50-03.txt,30.993,0.250,7.748,4,6.906,89.13,1.727,12.625,0.094
2,ec.gp.GPIndividual@617074032{1031858383},3C_20_80-01.txt,4.194,0.250,1.049,2,0.672,64.07,0.336,12.625,0.094
2,ec.gp.GPIndividual@617074032{1031858383},3C_20_80-02.txt,35.738,0.250,8.935,1,1.453,16.26,1.453,12.625,0.094
2,ec.gp.GPIndividual@617074032{1031858383},3C_20_66-01.txt,7.322,0.250,1.831,4,1.625,88.77,0.406,12.625,0.094
2,ec.gp.GPIndividual@617074032{1031858383},3C_20_66-02.txt,154.245,0.250,38.561,1,0.250,0.65,0.250,12.625,0.094
2,ec.gp.GPIndividual@617074032{1031858383},3C_20_80-03.txt,169.439,0.250,42.360,8,30.891,72.92,3.861,15.719,0.094
3,ec.gp.GPIndividual@2051996054{1486960360},3C_20_50-02.txt,61.404,0.250,15.351,0,0.000,0.00,0.000,0.000,0.000
3,ec.gp.GPIndividual@2051996054{1486960360},3C_20_50-03.txt,30.993,0.250,7.748,0,0.000,0.00,0.000,0.000,0.000
3,ec.gp.GPIndividual@2051996054{1486960360},3C_20_66-01.txt,7.322,0.250,1.831,0,0.000,0.00,0.000,0.000,0.000
3,ec.gp.GPIndividual@2051996054{1486960360},3C_20_66-02.txt,154.245,0.250,38.561,0,0.000,0.00,0.000,0.000,0.000
3,ec.gp.GPIndividual@2051996054{1486960360},3C_20_66-03.txt,118.340,0.250,29.585,0,0.000,0.00,0.000,0.000,0.000
3,ec.gp.GPIndividual@2051996054{1486960360},3C_20_80-01.txt,4.194,0.250,1.049,0,0.000,0.00,0.000,0.000,0.000
3,ec.gp.GPIndividual@2051996054{1486960360},3C_20_80-02.txt,35.738,0.250,8.935,0,0.000,0.00,0.000,0.000,0.000
3,ec.gp.GPIndividual@2051996054{1486960360},3C_20_80-03.txt,169.439,0.250,42.360,0,0.000,0.00,0.000,0.000,0.000
3,ec.gp.GPIndividual@1388501380{-22298865},3C_20_50-02.txt,61.404,0.250,15.351,9,7.641,49.77,0.849,1.891,0.250
3,ec.gp.GPIndividual@1388501380{-22298865},3C_20_50-03.txt,30.993,0.250,7.748,1,1.891,24.40,1.891,1.891,0.250
3,ec.gp.GPIndividual@1388501380{-22298865},3C_20_50-03.txt,30.993,0.250,7.748,3,4.203,54.25,1.401,1.969,0.250
3,ec.gp.GPIndividual@1388501380{-22298865},3C_20_50-03.txt,30.993,0.250,7.748,3,0.688,8.87,0.229,1.969,0.000
3,ec.gp.GPIndividual@1388501380{-22298865},3C_20_50-03.txt,30.993,0.250,7.748,1,0.313,4.03,0.313,1.969,0.000
3,ec.gp.GPIndividual@1388501380{-22298865},3C_20_50-03.txt,30.993,0.250,7.748,2,1.609,20.77,0.805,1.969,0.000
3,ec.gp.GPIndividual@1388501380{-22298865},3C_20_66-01.txt,7.322,0.250,1.831,1,2.219,121.21,2.219,2.219,0.000
3,ec.gp.GPIndividual@1388501380{-22298865},3C_20_50-03.txt,30.993,0.250,7.748,2,0.891,11.49,0.445,2.219,0.000
3,ec.gp.GPIndividual@1388501380{-22298865},3C_20_66-02.txt,154.245,0.250,38.561,5,12.750,33.06,2.550,3.281,0.000
3,ec.gp.GPIndividual@1388501380{-22298865},3C_20_66-01.txt,7.322,0.250,1.831,1,0.734,40.12,0.734,3.281,0.000
3,ec.gp.GPIndividual@1388501380{-22298865},3C_20_66-02.txt,154.245,0.250,38.561,3,7.188,18.64,2.396,3.281,0.000
3,ec.gp.GPIndividual@1388501380{-22298865},3C_20_66-03.txt,118.340,0.250,29.585,2,7.016,23.71,3.508,4.672,0.000
3,ec.gp.GPIndividual@1388501380{-22298865},3C_20_66-01.txt,7.322,0.250,1.831,1,4.500,245.83,4.500,4.672,0.000
3,ec.gp.GPIndividual@1388501380{-22298865},3C_20_66-01.txt,7.322,0.250,1.831,1,4.453,243.27,4.453,4.672,0.000
3,ec.gp.GPIndividual@1388501380{-22298865},3C_20_66-01.txt,7.322,0.250,1.831,3,1.875,102.43,0.625,4.672,0.000
3,ec.gp.GPIndividual@1388501380{-22298865},3C_20_66-02.txt,154.245,0.250,38.561,2,1.500,3.89,0.750,4.672,0.000
3,ec.gp.GPIndividual@1388501380{-22298865},3C_20_66-03.txt,118.340,0.250,29.585,8,13.094,44.26,1.637,4.672,0.000
3,ec.gp.GPIndividual@1388501380{-22298865},3C_20_66-02.txt,154.245,0.250,38.561,2,6.313,16.37,3.156,5.109,0.000
3,ec.gp.GPIndividual@1388501380{-22298865},3C_20_66-03.txt,118.340,0.250,29.585,4,15.594,52.71,3.898,6.297,0.000
3,ec.gp.GPIndividual@1388501380{-22298865},3C_20_66-01.txt,7.322,0.250,1.831,1,1.453,79.38,1.453,6.297,0.000
3,ec.gp.GPIndividual@1388501380{-22298865},3C_20_66-03.txt,118.340,0.250,29.585,4,16.406,55.45,4.102,7.516,0.000
3,ec.gp.GPIndividual@1388501380{-22298865},3C_20_80-01.txt,4.194,0.250,1.049,1,1.453,138.57,1.453,7.516,0.000
3,ec.gp.GPIndividual@1388501380{-22298865},3C_20_66-02.txt,154.245,0.250,38.561,4,11.031,28.61,2.758,7.516,0.000
3,ec.gp.GPIndividual@1388501380{-22298865},3C_20_80-02.txt,35.738,0.250,8.935,1,3.563,39.87,3.563,7.516,0.000
3,ec.gp.GPIndividual@1388501380{-22298865},3C_20_80-01.txt,4.194,0.250,1.049,1,8.172,779.30,8.172,8.172,0.000
3,ec.gp.GPIndividual@1388501380{-22298865},3C_20_80-01.txt,4.194,0.250,1.049,2,0.484,46.19,0.242,8.172,0.000
3,ec.gp.GPIndividual@1388501380{-22298865},3C_20_80-03.txt,169.439,0.250,42.360,2,0.969,2.29,0.484,8.172,0.000
3,ec.gp.GPIndividual@1388501380{-22298865},3C_20_80-02.txt,35.738,0.250,8.935,2,12.047,134.83,6.023,10.609,0.000
3,ec.gp.GPIndividual@1388501380{-22298865},3C_20_66-02.txt,154.245,0.250,38.561,1,1.172,3.04,1.172,10.609,0.000
3,ec.gp.GPIndividual@1388501380{-22298865},3C_20_80-02.txt,35.738,0.250,8.935,1,1.406,15.74,1.406,10.609,0.000
3,ec.gp.GPIndividual@1388501380{-22298865},3C_20_66-03.txt,118.340,0.250,29.585,4,7.859,26.57,1.965,10.609,0.000
3,ec.gp.GPIndividual@1388501380{-22298865},3C_20_80-03.txt,169.439,0.250,42.360,2,3.672,8.67,1.836,10.609,0.000
3,ec.gp.GPIndividual@1376518397{997845238},3C_20_50-02.txt,61.404,0.250,15.351,3,3.063,19.95,1.021,1.359,0.344
3,ec.gp.GPIndividual@1376518397{997845238},3C_20_80-03.txt,169.439,0.250,42.360,2,8.484,20.03,4.242,7.063,0.344
3,ec.gp.GPIndividual@1376518397{997845238},3C_20_80-01.txt,4.194,0.250,1.049,1,1.750,166.89,1.750,7.063,0.344
3,ec.gp.GPIndividual@1376518397{997845238},3C_20_50-03.txt,30.993,0.250,7.748,4,7.859,101.44,1.965,7.063,0.000
3,ec.gp.GPIndividual@1376518397{997845238},3C_20_80-01.txt,4.194,0.250,1.049,2,1.219,116.22,0.609,7.063,0.000
3,ec.gp.GPIndividual@1376518397{997845238},3C_20_80-02.txt,35.738,0.250,8.935,5,8.719,97.58,1.744,7.063,0.000
3,ec.gp.GPIndividual@1376518397{997845238},3C_20_80-02.txt,35.738,0.250,8.935,3,3.672,41.10,1.224,7.063,0.000
3,ec.gp.GPIndividual@402870551{-1170761140},3C_20_50-02.txt,61.404,0.250,15.351,4,9.953,64.84,2.488,6.094,0.500
3,ec.gp.GPIndividual@402870551{-1170761140},3C_20_80-03.txt,169.439,0.250,42.360,1,2.813,6.64,2.813,6.094,0.500
3,ec.gp.GPIndividual@402870551{-1170761140},3C_20_66-03.txt,118.340,0.250,29.585,5,10.453,35.33,2.091,6.094,0.500
3,ec.gp.GPIndividual@1653414216{1601481200},3C_20_50-02.txt,61.404,0.250,15.351,2,2.156,14.05,1.078,1.625,0.531
3,ec.gp.GPIndividual@1653414216{1601481200},3C_20_80-03.txt,169.439,0.250,42.360,1,2.547,6.01,2.547,2.547,0.531
3,ec.gp.GPIndividual@1653414216{1601481200},3C_20_50-03.txt,30.993,0.250,7.748,2,2.328,30.05,1.164,2.547,0.531
3,ec.gp.GPIndividual@1653414216{1601481200},3C_20_50-03.txt,30.993,0.250,7.748,2,10.141,130.88,5.070,5.578,0.531
3,ec.gp.GPIndividual@1107852898{1976249656},3C_20_50-02.txt,61.404,0.250,15.351,1,5.891,38.37,5.891,5.891,5.891
3,ec.gp.GPIndividual@1107852898{1976249656},3C_20_80-01.txt,4.194,0.250,1.049,2,3.828,365.06,1.914,5.891,0.500
3,ec.gp.GPIndividual@1107852898{1976249656},3C_20_66-01.txt,7.322,0.250,1.831,2,1.844,100.72,0.922,5.891,0.484
3,ec.gp.GPIndividual@1107852898{1976249656},3C_20_66-01.txt,7.322,0.250,1.831,6,2.797,152.79,0.466,5.891,0.156
3,ec.gp.GPIndividual@1107852898{1976249656},3C_20_66-02.txt,154.245,0.250,38.561,2,0.688,1.78,0.344,5.891,0.000
3,ec.gp.GPIndividual@1107852898{1976249656},3C_20_50-03.txt,30.993,0.250,7.748,4,11.578,149.43,2.895,5.891,0.000
3,ec.gp.GPIndividual@1450350306{-60416239},3C_20_50-02.txt,61.404,0.250,15.351,0,0.000,0.00,0.000,0.000,0.000
3,ec.gp.GPIndividual@1450350306{-60416239},3C_20_50-03.txt,30.993,0.250,7.748,0,0.000,0.00,0.000,0.000,0.000
3,ec.gp.GPIndividual@1450350306{-60416239},3C_20_66-01.txt,7.322,0.250,1.831,1,0.938,51.21,0.938,0.938,0.938
3,ec.gp.GPIndividual@1450350306{-60416239},3C_20_66-02.txt,154.245,0.250,38.561,0,0.000,0.00,0.000,0.938,0.938
3,ec.gp.GPIndividual@1450350306{-60416239},3C_20_66-03.txt,118.340,0.250,29.585,1,1.438,4.86,1.438,1.438,0.938
3,ec.gp.GPIndividual@1450350306{-60416239},3C_20_80-02.txt,35.738,0.250,8.935,1,2.625,29.38,2.625,2.625,0.938
3,ec.gp.GPIndividual@1450350306{-60416239},3C_20_80-01.txt,4.194,0.250,1.049,1,0.469,44.70,0.469,2.625,0.469
3,ec.gp.GPIndividual@1450350306{-60416239},3C_20_66-02.txt,154.245,0.250,38.561,1,1.922,4.98,1.922,2.625,0.469
3,ec.gp.GPIndividual@1450350306{-60416239},3C_20_80-02.txt,35.738,0.250,8.935,0,0.000,0.00,0.000,2.625,0.469
3,ec.gp.GPIndividual@1450350306{-60416239},3C_20_80-03.txt,169.439,0.250,42.360,0,0.000,0.00,0.000,2.625,0.469
3,ec.gp.GPIndividual@1927963641{1750602351},3C_20_50-02.txt,61.404,0.250,15.351,2,3.703,24.12,1.852,3.219,0.484
3,ec.gp.GPIndividual@1927963641{1750602351},3C_20_50-03.txt,30.993,0.250,7.748,2,3.063,39.53,1.531,3.219,0.484
3,ec.gp.GPIndividual@1927963641{1750602351},3C_20_80-03.txt,169.439,0.250,42.360,2,3.703,8.74,1.852,3.219,0.484
3,ec.gp.GPIndividual@1927963641{1750602351},3C_20_66-03.txt,118.340,0.250,29.585,3,8.672,29.31,2.891,4.172,0.484
3,ec.gp.GPIndividual@1927963641{1750602351},3C_20_66-01.txt,7.322,0.250,1.831,1,4.250,232.17,4.250,4.250,0.484
3,ec.gp.GPIndividual@1927963641{1750602351},3C_20_66-01.txt,7.322,0.250,1.831,1,0.875,47.80,0.875,4.250,0.484
3,ec.gp.GPIndividual@1927963641{1750602351},3C_20_66-02.txt,154.245,0.250,38.561,3,4.969,12.89,1.656,4.250,0.484
3,ec.gp.GPIndividual@1927963641{1750602351},3C_20_66-03.txt,118.340,0.250,29.585,0,0.000,0.00,0.000,4.250,0.484
3,ec.gp.GPIndividual@1927963641{1750602351},3C_20_66-03.txt,118.340,0.250,29.585,2,7.094,23.98,3.547,6.063,0.484
3,ec.gp.GPIndividual@1878222230{-317037253},3C_20_50-02.txt,61.404,0.250,15.351,7,17.547,114.30,2.507,6.031,0.500
3,ec.gp.GPIndividual@1878222230{-317037253},3C_20_80-01.txt,4.194,0.250,1.049,1,2.891,275.66,2.891,6.031,0.500
3,ec.gp.GPIndividual@1878222230{-317037253},3C_20_80-01.txt,4.194,0.250,1.049,1,1.703,162.42,1.703,6.031,0.500
3,ec.gp.GPIndividual@1878222230{-317037253},3C_20_50-03.txt,30.993,0.250,7.748,1,0.469,6.05,0.469,6.031,0.469
3,ec.gp.GPIndividual@1878222230{-317037253},3C_20_80-02.txt,35.738,0.250,8.935,5,9.344,104.58,1.869,6.031,0.469
3,ec.gp.GPIndividual@1878222230{-317037253},3C_20_80-02.txt,35.738,0.250,8.935,1,1.375,15.39,1.375,6.031,0.469
3,ec.gp.GPIndividual@1878222230{-317037253},3C_20_80-03.txt,169.439,0.250,42.360,1,0.313,0.74,0.313,6.031,0.313
3,ec.gp.GPIndividual@1878222230{-317037253},3C_20_80-01.txt,4.194,0.250,1.049,1,9.828,937.24,9.828,9.828,0.313
3,ec.gp.GPIndividual@1878222230{-317037253},3C_20_66-01.txt,7.322,0.250,1.831,4,1.938,105.84,0.484,9.828,0.000
3,ec.gp.GPIndividual@1878222230{-317037253},3C_20_66-02.txt,154.245,0.250,38.561,6,8.750,22.69,1.458,9.828,0.000
3,ec.gp.GPIndividual@1878222230{-317037253},3C_20_66-02.txt,154.245,0.250,38.561,1,1.219,3.16,1.219,9.828,0.000
3,ec.gp.GPIndividual@1878222230{-317037253},3C_20_80-02.txt,35.738,0.250,8.935,4,7.797,87.27,1.949,9.828,0.000
3,ec.gp.GPIndividual@1878222230{-317037253},3C_20_80-03.txt,169.439,0.250,42.360,1,4.719,11.14,4.719,9.828,0.000
3,ec.gp.GPIndividual@1832716073{1120328231},3C_20_50-02.txt,61.404,0.250,15.351,9,15.453,100.66,1.717,4.156,0.516
3,ec.gp.GPIndividual@1832716073{1120328231},3C_20_66-03.txt,118.340,0.250,29.585,1,0.656,2.22,0.656,4.156,0.516
3,ec.gp.GPIndividual@1832716073{1120328231},3C_20_50-03.txt,30.993,0.250,7.748,1,1.375,17.75,1.375,4.156,0.516
3,ec.gp.GPIndividual@1832716073{1120328231},3C_20_66-03.txt,118.340,0.250,29.585,2,4.344,14.68,2.172,4.156,0.516
3,ec.gp.GPIndividual@1832716073{1120328231},3C_20_80-03.txt,169.439,0.250,42.360,2,9.250,21.84,4.625,5.984,0.516
3,ec.gp.GPIndividual@1832716073{1120328231},3C_20_66-01.txt,7.322,0.250,1.831,1,0.906,49.51,0.906,5.984,0.516
3,ec.gp.GPIndividual@1832716073{1120328231},3C_20_66-02.txt,154.245,0.250,38.561,4,19.844,51.46,4.961,6.359,0.516
3,ec.gp.GPIndividual@1832716073{1120328231},3C_20_80-01.txt,4.194,0.250,1.049,1,6.453,615.39,6.453,6.453,0.516
3,ec.gp.GPIndividual@1832716073{1120328231},3C_20_66-01.txt,7.322,0.250,1.831,2,2.125,116.09,1.063,6.453,0.438
3,ec.gp.GPIndividual@1832716073{1120328231},3C_20_66-03.txt,118.340,0.250,29.585,8,12.313,41.62,1.539,6.453,0.438
3,ec.gp.GPIndividual@1832716073{1120328231},3C_20_66-02.txt,154.245,0.250,38.561,6,39.438,102.27,6.573,14.594,0.438
3,ec.gp.GPIndividual@310868614{-1600761468},3C_20_50-02.txt,61.404,0.250,15.351,3,11.531,75.12,3.844,9.422,0.531
3,ec.gp.GPIndividual@310868614{-1600761468},3C_20_80-01.txt,4.194,0.250,1.049,3,1.063,101.32,0.354,9.422,0.172
3,ec.gp.GPIndividual@310868614{-1600761468},3C_20_80-02.txt,35.738,0.250,8.935,1,1.594,17.84,1.594,9.422,0.172
3,ec.gp.GPIndividual@310868614{-1600761468},3C_20_66-03.txt,118.340,0.250,29.585,1,1.750,5.92,1.750,9.422,0.172
3,ec.gp.GPIndividual@310868614{-1600761468},3C_20_50-03.txt,30.993,0.250,7.748,2,7.484,96.60,3.742,9.422,0.172
3,ec.gp.GPIndividual@310868614{-1600761468},3C_20_80-01.txt,4.194,0.250,1.049,1,0.531,50.66,0.531,9.422,0.172
3,ec.gp.GPIndividual@310868614{-1600761468},3C_20_80-02.txt,35.738,0.250,8.935,3,4.516,50.54,1.505,9.422,0.000
3,ec.gp.GPIndividual@310868614{-1600761468},3C_20_66-01.txt,7.322,0.250,1.831,2,0.734,40.12,0.367,9.422,0.000
3,ec.gp.GPIndividual@310868614{-1600761468},3C_20_66-02.txt,154.245,0.250,38.561,3,12.813,33.23,4.271,9.422,0.000
3,ec.gp.GPIndividual@667716077{-1810206498},3C_20_50-02.txt,61.404,0.250,15.351,6,26.875,175.07,4.479,14.984,0.438
3,ec.gp.GPIndividual@667716077{-1810206498},3C_20_80-02.txt,35.738,0.250,8.935,3,5.000,55.96,1.667,14.984,0.438
3,ec.gp.GPIndividual@667716077{-1810206498},3C_20_50-03.txt,30.993,0.250,7.748,1,1.547,19.96,1.547,14.984,0.438
3,ec.gp.GPIndividual@667716077{-1810206498},3C_20_66-03.txt,118.340,0.250,29.585,3,6.313,21.34,2.104,14.984,0.438
3,ec.gp.GPIndividual@667716077{-1810206498},3C_20_80-03.txt,169.439,0.250,42.360,1,2.969,7.01,2.969,14.984,0.438
3,ec.gp.GPIndividual@667716077{-1810206498},3C_20_80-03.txt,169.439,0.250,42.360,5,18.672,44.08,3.734,14.984,0.438
3,ec.gp.GPIndividual@667716077{-1810206498},3C_20_66-01.txt,7.322,0.250,1.831,1,6.359,347.40,6.359,14.984,0.438
3,ec.gp.GPIndividual@1434342990{1768003732},3C_20_50-02.txt,61.404,0.250,15.351,4,8.484,55.27,2.121,6.156,0.344
3,ec.gp.GPIndividual@1434342990{1768003732},3C_20_66-02.txt,154.245,0.250,38.561,2,5.219,13.53,2.609,6.156,0.344
3,ec.gp.GPIndividual@1869413896{65167796},3C_20_50-02.txt,61.404,0.250,15.351,2,5.094,33.18,2.547,2.563,2.531
3,ec.gp.GPIndividual@1869413896{65167796},3C_20_50-03.txt,30.993,0.250,7.748,2,1.547,19.96,0.773,2.563,0.344
3,ec.gp.GPIndividual@1869413896{65167796},3C_20_66-03.txt,118.340,0.250,29.585,1,7.031,23.77,7.031,7.031,0.344
3,ec.gp.GPIndividual@1869413896{65167796},3C_20_80-01.txt,4.194,0.250,1.049,2,0.531,50.66,0.266,7.031,0.000
3,ec.gp.GPIndividual@1869413896{65167796},3C_20_80-02.txt,35.738,0.250,8.935,1,1.844,20.64,1.844,7.031,0.000
3,ec.gp.GPIndividual@1869413896{65167796},3C_20_50-03.txt,30.993,0.250,7.748,4,8.156,105.27,2.039,7.031,0.000
3,ec.gp.GPIndividual@1869413896{65167796},3C_20_80-03.txt,169.439,0.250,42.360,1,0.344,0.81,0.344,7.031,0.000
3,ec.gp.GPIndividual@1869413896{65167796},3C_20_66-01.txt,7.322,0.250,1.831,1,13.531,739.19,13.531,13.531,0.000
3,ec.gp.GPIndividual@1869413896{65167796},3C_20_80-01.txt,4.194,0.250,1.049,1,3.219,306.95,3.219,13.531,0.000
3,ec.gp.GPIndividual@1869413896{65167796},3C_20_66-01.txt,7.322,0.250,1.831,2,0.781,42.68,0.391,13.531,0.000
3,ec.gp.GPIndividual@555493948{-649432333},3C_20_50-02.txt,61.404,0.250,15.351,4,2.109,13.74,0.527,0.844,0.000
3,ec.gp.GPIndividual@555493948{-649432333},3C_20_66-02.txt,154.245,0.250,38.561,2,16.828,43.64,8.414,16.313,0.000
3,ec.gp.GPIndividual@555493948{-649432333},3C_20_80-03.txt,169.439,0.250,42.360,6,13.531,31.94,2.255,16.313,0.000
3,ec.gp.GPIndividual@555493948{-649432333},3C_20_66-02.txt,154.245,0.250,38.561,2,5.563,14.43,2.781,16.313,0.000
3,ec.gp.GPIndividual@555493948{-649432333},3C_20_80-01.txt,4.194,0.250,1.049,1,1.422,135.59,1.422,16.313,0.000
3,ec.gp.GPIndividual@555493948{-649432333},3C_20_80-02.txt,35.738,0.250,8.935,1,1.563,17.49,1.563,16.313,0.000
3,ec.gp.GPIndividual@555493948{-649432333},3C_20_66-03.txt,118.340,0.250,29.585,4,6.531,22.08,1.633,16.313,0.000
3,ec.gp.GPIndividual@555493948{-649432333},3C_20_80-02.txt,35.738,0.250,8.935,4,9.000,100.73,2.250,16.313,0.000
3,ec.gp.GPIndividual@555493948{-649432333},3C_20_66-03.txt,118.340,0.250,29.585,2,2.297,7.76,1.148,16.313,0.000
3,ec.gp.GPIndividual@704114163{-780894203},3C_20_50-02.txt,61.404,0.250,15.351,5,7.797,50.79,1.559,2.781,0.500
3,ec.gp.GPIndividual@704114163{-780894203},3C_20_80-03.txt,169.439,0.250,42.360,1,1.594,3.76,1.594,2.781,0.500
3,ec.gp.GPIndividual@704114163{-780894203},3C_20_80-03.txt,169.439,0.250,42.360,1,1.766,4.17,1.766,2.781,0.500
3,ec.gp.GPIndividual@704114163{-780894203},3C_20_50-03.txt,30.993,0.250,7.748,2,6.484,83.69,3.242,5.375,0.500
3,ec.gp.GPIndividual@704114163{-780894203},3C_20_80-01.txt,4.194,0.250,1.049,2,0.547,52.15,0.273,5.375,0.000
3,ec.gp.GPIndividual@704114163{-780894203},3C_20_80-02.txt,35.738,0.250,8.935,1,5.125,57.36,5.125,5.375,0.000
3,ec.gp.GPIndividual@704114163{-780894203},3C_20_50-03.txt,30.993,0.250,7.748,2,9.375,121.00,4.688,6.172,0.000
3,ec.gp.GPIndividual@704114163{-780894203},3C_20_66-01.txt,7.322,0.250,1.831,3,1.750,95.60,0.583,6.172,0.000
3,ec.gp.GPIndividual@704114163{-780894203},3C_20_66-02.txt,154.245,0.250,38.561,1,0.531,1.38,0.531,6.172,0.000
3,ec.gp.GPIndividual@704114163{-780894203},3C_20_80-01.txt,4.194,0.250,1.049,1,1.938,184.77,1.938,6.172,0.000
3,ec.gp.GPIndividual@704114163{-780894203},3C_20_80-03.txt,169.439,0.250,42.360,4,15.203,35.89,3.801,6.172,0.000
3,ec.gp.GPIndividual@704114163{-780894203},3C_20_66-01.txt,7.322,0.250,1.831,2,1.578,86.21,0.789,6.172,0.000
3,ec.gp.GPIndividual@704114163{-780894203},3C_20_80-02.txt,35.738,0.250,8.935,2,3.078,34.45,1.539,6.172,0.000
3,ec.gp.GPIndividual@704114163{-780894203},3C_20_66-02.txt,154.245,0.250,38.561,1,1.438,3.73,1.438,6.172,0.000
3,ec.gp.GPIndividual@704114163{-780894203},3C_20_66-03.txt,118.340,0.250,29.585,6,14.547,49.17,2.424,6.172,0.000
3,ec.gp.GPIndividual@704114163{-780894203},3C_20_80-03.txt,169.439,0.250,42.360,4,32.547,76.83,8.137,12.172,0.000
3,ec.gp.GPIndividual@2025265801{1085396222},3C_20_50-02.txt,61.404,0.250,15.351,1,3.828,24.94,3.828,3.828,3.828
3,ec.gp.GPIndividual@2025265801{1085396222},3C_20_80-01.txt,4.194,0.250,1.049,1,6.563,625.82,6.563,6.563,3.828
3,ec.gp.GPIndividual@1330167260{1978283217},3C_20_50-02.txt,61.404,0.250,15.351,3,1.422,9.26,0.474,0.625,0.328
3,ec.gp.GPIndividual@1330167260{1978283217},3C_20_50-03.txt,30.993,0.250,7.748,2,3.203,41.34,1.602,2.188,0.328
3,ec.gp.GPIndividual@1330167260{1978283217},3C_20_80-02.txt,35.738,0.250,8.935,1,14.516,162.47,14.516,14.516,0.328
3,ec.gp.GPIndividual@1173636140{-782356556},3C_20_50-02.txt,61.404,0.250,15.351,3,4.531,29.52,1.510,2.313,0.516
3,ec.gp.GPIndividual@1173636140{-782356556},3C_20_66-03.txt,118.340,0.250,29.585,3,7.266,24.56,2.422,3.172,0.516
3,ec.gp.GPIndividual@1173636140{-782356556},3C_20_66-01.txt,7.322,0.250,1.831,1,2.688,146.81,2.688,3.172,0.516
3,ec.gp.GPIndividual@1173636140{-782356556},3C_20_50-03.txt,30.993,0.250,7.748,1,1.406,18.15,1.406,3.172,0.516
3,ec.gp.GPIndividual@1173636140{-782356556},3C_20_80-03.txt,169.439,0.250,42.360,1,0.891,2.10,0.891,3.172,0.516
3,ec.gp.GPIndividual@1173636140{-782356556},3C_20_66-02.txt,154.245,0.250,38.561,3,11.969,31.04,3.990,7.109,0.516
3,ec.gp.GPIndividual@1173636140{-782356556},3C_20_66-03.txt,118.340,0.250,29.585,1,3.234,10.93,3.234,7.109,0.516
3,ec.gp.GPIndividual@1173636140{-782356556},3C_20_66-01.txt,7.322,0.250,1.831,1,0.875,47.80,0.875,7.109,0.516
3,ec.gp.GPIndividual@1173636140{-782356556},3C_20_66-02.txt,154.245,0.250,38.561,1,0.891,2.31,0.891,7.109,0.516
3,ec.gp.GPIndividual@1173636140{-782356556},3C_20_80-01.txt,4.194,0.250,1.049,1,3.031,289.07,3.031,7.109,0.516
3,ec.gp.GPIndividual@1173636140{-782356556},3C_20_50-03.txt,30.993,0.250,7.748,1,0.516,6.65,0.516,7.109,0.516
3,ec.gp.GPIndividual@1173636140{-782356556},3C_20_80-02.txt,35.738,0.250,8.935,3,8.156,91.29,2.719,7.109,0.516
3,ec.gp.GPIndividual@1810934697{-1392017651},3C_20_50-02.txt,61.404,0.250,15.351,1,1.969,12.82,1.969,1.969,1.969
3,ec.gp.GPIndividual@1810934697{-1392017651},3C_20_80-03.txt,169.439,0.250,42.360,10,39.484,93.21,3.948,11.656,0.500
3,ec.gp.GPIndividual@1542511657{-1819793401},3C_20_50-02.txt,61.404,0.250,15.351,1,5.984,38.98,5.984,5.984,5.984
3,ec.gp.GPIndividual@1204144708{-336125321},3C_20_50-02.txt,61.404,0.250,15.351,4,5.891,38.37,1.473,3.047,0.516
3,ec.gp.GPIndividual@1204144708{-336125321},3C_20_50-03.txt,30.993,0.250,7.748,2,4.203,54.25,2.102,3.047,0.516
3,ec.gp.GPIndividual@1204144708{-336125321},3C_20_50-03.txt,30.993,0.250,7.748,2,2.406,31.06,1.203,3.047,0.000
3,ec.gp.GPIndividual@1204144708{-336125321},3C_20_66-01.txt,7.322,0.250,1.831,1,6.984,381.55,6.984,6.984,0.000
3,ec.gp.GPIndividual@1204144708{-336125321},3C_20_66-01.txt,7.322,0.250,1.831,1,11.188,611.16,11.188,11.188,0.000
3,ec.gp.GPIndividual@1204144708{-336125321},3C_20_80-01.txt,4.194,0.250,1.049,1,0.516,49.17,0.516,11.188,0.000
3,ec.gp.GPIndividual@1204144708{-336125321},3C_20_80-02.txt,35.738,0.250,8.935,2,0.859,9.62,0.430,11.188,0.000
3,ec.gp.GPIndividual@1204144708{-336125321},3C_20_66-02.txt,154.245,0.250,38.561,1,4.531,11.75,4.531,11.188,0.000
3,ec.gp.GPIndividual@1204144708{-336125321},3C_20_50-03.txt,30.993,0.250,7.748,2,9.563,123.42,4.781,11.188,0.000
3,ec.gp.GPIndividual@1204144708{-336125321},3C_20_66-03.txt,118.340,0.250,29.585,3,5.719,19.33,1.906,11.188,0.000
3,ec.gp.GPIndividual@1204144708{-336125321},3C_20_66-01.txt,7.322,0.250,1.831,1,2.484,135.72,2.484,11.188,0.000
3,ec.gp.GPIndividual@1204144708{-336125321},3C_20_66-03.txt,118.340,0.250,29.585,1,0.891,3.01,0.891,11.188,0.000
3,ec.gp.GPIndividual@1204144708{-336125321},3C_20_66-02.txt,154.245,0.250,38.561,10,20.719,53.73,2.072,11.188,0.000
3,ec.gp.GPIndividual@1204144708{-336125321},3C_20_66-01.txt,7.322,0.250,1.831,2,1.969,107.55,0.984,11.188,0.000
3,ec.gp.GPIndividual@1204144708{-336125321},3C_20_80-03.txt,169.439,0.250,42.360,2,2.266,5.35,1.133,11.188,0.000
3,ec.gp.GPIndividual@1204144708{-336125321},3C_20_66-02.txt,154.245,0.250,38.561,9,39.188,101.62,4.354,11.188,0.000
3,ec.gp.GPIndividual@1204144708{-336125321},3C_20_66-02.txt,154.245,0.250,38.561,2,10.438,27.07,5.219,11.188,0.000
3,ec.gp.GPIndividual@1204144708{-336125321},3C_20_80-01.txt,4.194,0.250,1.049,2,0.547,52.15,0.273,11.188,0.000
3,ec.gp.GPIndividual@1204144708{-336125321},3C_20_80-02.txt,35.738,0.250,8.935,1,3.984,44.60,3.984,11.188,0.000
3,ec.gp.GPIndividual@139238097{28655872},3C_20_50-02.txt,61.404,0.250,15.351,4,15.063,98.12,3.766,9.813,0.531
3,ec.gp.GPIndividual@139238097{28655872},3C_20_80-01.txt,4.194,0.250,1.049,1,7.797,743.54,7.797,9.813,0.531
3,ec.gp.GPIndividual@139238097{28655872},3C_20_66-03.txt,118.340,0.250,29.585,1,0.500,1.69,0.500,9.813,0.500
3,ec.gp.GPIndividual@139238097{28655872},3C_20_80-02.txt,35.738,0.250,8.935,2,2.922,32.70,1.461,9.813,0.500
3,ec.gp.GPIndividual@139238097{28655872},3C_20_80-03.txt,169.439,0.250,42.360,14,44.266,104.50,3.162,14.453,0.500
3,ec.gp.GPIndividual@139238097{28655872},3C_20_66-03.txt,118.340,0.250,29.585,2,14.453,48.85,7.227,14.453,0.500
3,ec.gp.GPIndividual@139238097{28655872},3C_20_50-03.txt,30.993,0.250,7.748,1,5.188,66.95,5.188,14.453,0.500
3,ec.gp.GPIndividual@139238097{28655872},3C_20_80-03.txt,169.439,0.250,42.360,1,7.172,16.93,7.172,14.453,0.500
3,ec.gp.GPIndividual@1839803477{-589768600},3C_20_50-02.txt,61.404,0.250,15.351,0,0.000,0.00,0.000,0.000,0.000
3,ec.gp.GPIndividual@1839803477{-589768600},3C_20_50-03.txt,30.993,0.250,7.748,0,0.000,0.00,0.000,0.000,0.000
3,ec.gp.GPIndividual@1839803477{-589768600},3C_20_66-01.txt,7.322,0.250,1.831,0,0.000,0.00,0.000,0.000,0.000
3,ec.gp.GPIndividual@1839803477{-589768600},3C_20_66-02.txt,154.245,0.250,38.561,0,0.000,0.00,0.000,0.000,0.000
3,ec.gp.GPIndividual@1839803477{-589768600},3C_20_66-03.txt,118.340,0.250,29.585,0,0.000,0.00,0.000,0.000,0.000
3,ec.gp.GPIndividual@1839803477{-589768600},3C_20_80-01.txt,4.194,0.250,1.049,0,0.000,0.00,0.000,0.000,0.000
3,ec.gp.GPIndividual@1839803477{-589768600},3C_20_80-02.txt,35.738,0.250,8.935,0,0.000,0.00,0.000,0.000,0.000
3,ec.gp.GPIndividual@1839803477{-589768600},3C_20_80-03.txt,169.439,0.250,42.360,0,0.000,0.00,0.000,0.000,0.000
3,ec.gp.GPIndividual@604894789{1844147996},3C_20_50-02.txt,61.404,0.250,15.351,0,0.000,0.00,0.000,0.000,0.000
3,ec.gp.GPIndividual@604894789{1844147996},3C_20_50-03.txt,30.993,0.250,7.748,0,0.000,0.00,0.000,0.000,0.000
3,ec.gp.GPIndividual@604894789{1844147996},3C_20_66-01.txt,7.322,0.250,1.831,0,0.000,0.00,0.000,0.000,0.000
3,ec.gp.GPIndividual@604894789{1844147996},3C_20_66-02.txt,154.245,0.250,38.561,0,0.000,0.00,0.000,0.000,0.000
3,ec.gp.GPIndividual@604894789{1844147996},3C_20_66-03.txt,118.340,0.250,29.585,0,0.000,0.00,0.000,0.000,0.000
3,ec.gp.GPIndividual@604894789{1844147996},3C_20_80-01.txt,4.194,0.250,1.049,0,0.000,0.00,0.000,0.000,0.000
3,ec.gp.GPIndividual@604894789{1844147996},3C_20_80-02.txt,35.738,0.250,8.935,0,0.000,0.00,0.000,0.000,0.000
3,ec.gp.GPIndividual@604894789{1844147996},3C_20_80-03.txt,169.439,0.250,42.360,0,0.000,0.00,0.000,0.000,0.000
3,ec.gp.GPIndividual@1975049792{-1361544793},3C_20_50-02.txt,61.404,0.250,15.351,1,0.438,2.85,0.438,0.438,0.438
3,ec.gp.GPIndividual@1975049792{-1361544793},3C_20_50-03.txt,30.993,0.250,7.748,1,3.797,49.00,3.797,3.797,0.438
3,ec.gp.GPIndividual@1975049792{-1361544793},3C_20_66-03.txt,118.340,0.250,29.585,1,4.516,15.26,4.516,4.516,0.438
3,ec.gp.GPIndividual@1975049792{-1361544793},3C_20_80-01.txt,4.194,0.250,1.049,3,9.359,892.54,3.120,8.625,0.297
3,ec.gp.GPIndividual@1975049792{-1361544793},3C_20_80-01.txt,4.194,0.250,1.049,1,9.469,902.97,9.469,9.469,0.297
3,ec.gp.GPIndividual@1975049792{-1361544793},3C_20_80-01.txt,4.194,0.250,1.049,1,0.531,50.66,0.531,9.469,0.297
3,ec.gp.GPIndividual@1975049792{-1361544793},3C_20_80-02.txt,35.738,0.250,8.935,4,4.234,47.39,1.059,9.469,0.000
3,ec.gp.GPIndividual@1975049792{-1361544793},3C_20_80-02.txt,35.738,0.250,8.935,0,0.000,0.00,0.000,9.469,0.000
3,ec.gp.GPIndividual@1975049792{-1361544793},3C_20_66-01.txt,7.322,0.250,1.831,2,1.813,99.01,0.906,9.469,0.000
3,ec.gp.GPIndividual@1975049792{-1361544793},3C_20_66-02.txt,154.245,0.250,38.561,1,0.422,1.09,0.422,9.469,0.000
3,ec.gp.GPIndividual@1975049792{-1361544793},3C_20_80-02.txt,35.738,0.250,8.935,1,1.531,17.14,1.531,9.469,0.000
3,ec.gp.GPIndividual@1975049792{-1361544793},3C_20_80-03.txt,169.439,0.250,42.360,3,4.719,11.14,1.573,9.469,0.000
3,ec.gp.GPIndividual@1975049792{-1361544793},3C_20_66-03.txt,118.340,0.250,29.585,11,26.063,88.09,2.369,9.469,0.000
3,ec.gp.GPIndividual@1975049792{-1361544793},3C_20_80-01.txt,4.194,0.250,1.049,1,0.438,41.72,0.438,9.469,0.000
3,ec.gp.GPIndividual@1975049792{-1361544793},3C_20_80-02.txt,35.738,0.250,8.935,3,8.375,93.74,2.792,9.469,0.000
3,ec.gp.GPIndividual@1300810925{-666552078},3C_20_50-02.txt,61.404,0.250,15.351,1,1.656,10.79,1.656,1.656,1.656
3,ec.gp.GPIndividual@1300810925{-666552078},3C_20_80-03.txt,169.439,0.250,42.360,2,4.188,9.89,2.094,4.047,0.141
3,ec.gp.GPIndividual@1300810925{-666552078},3C_20_80-03.txt,169.439,0.250,42.360,1,2.094,4.94,2.094,4.047,0.141
3,ec.gp.GPIndividual@1300810925{-666552078},3C_20_80-01.txt,4.194,0.250,1.049,1,3.547,338.24,3.547,4.047,0.141
3,ec.gp.GPIndividual@1300810925{-666552078},3C_20_80-03.txt,169.439,0.250,42.360,1,0.438,1.03,0.438,4.047,0.141
3,ec.gp.GPIndividual@1300810925{-666552078},3C_20_80-02.txt,35.738,0.250,8.935,5,10.563,118.22,2.113,4.594,0.141
3,ec.gp.GPIndividual@1243932805{554408964},3C_20_50-02.txt,61.404,0.250,15.351,2,1.438,9.36,0.719,1.109,0.328
3,ec.gp.GPIndividual@1243932805{554408964},3C_20_50-03.txt,30.993,0.250,7.748,1,1.625,20.97,1.625,1.625,0.328
3,ec.gp.GPIndividual@1243932805{554408964},3C_20_50-03.txt,30.993,0.250,7.748,3,6.469,83.49,2.156,4.094,0.328
3,ec.gp.GPIndividual@1697040632{-1752780819},3C_20_50-02.txt,61.404,0.250,15.351,4,5.922,38.58,1.480,2.422,0.219
3,ec.gp.GPIndividual@1697040632{-1752780819},3C_20_66-01.txt,7.322,0.250,1.831,1,1.031,56.34,1.031,2.422,0.219
3,ec.gp.GPIndividual@1697040632{-1752780819},3C_20_50-03.txt,30.993,0.250,7.748,1,0.594,7.66,0.594,2.422,0.219
3,ec.gp.GPIndividual@1697040632{-1752780819},3C_20_66-02.txt,154.245,0.250,38.561,2,3.344,8.67,1.672,2.422,0.219
3,ec.gp.GPIndividual@1697040632{-1752780819},3C_20_66-03.txt,118.340,0.250,29.585,3,7.109,24.03,2.370,2.594,0.219
3,ec.gp.GPIndividual@1697040632{-1752780819},3C_20_80-01.txt,4.194,0.250,1.049,1,0.469,44.70,0.469,2.594,0.219
3,ec.gp.GPIndividual@1697040632{-1752780819},3C_20_80-02.txt,35.738,0.250,8.935,1,5.719,64.01,5.719,5.719,0.219
3,ec.gp.GPIndividual@1697040632{-1752780819},3C_20_80-03.txt,169.439,0.250,42.360,1,1.234,2.91,1.234,5.719,0.219
3,ec.gp.GPIndividual@1697040632{-1752780819},3C_20_80-03.txt,169.439,0.250,42.360,1,3.500,8.26,3.500,5.719,0.219
3,ec.gp.GPIndividual@1697040632{-1752780819},3C_20_66-01.txt,7.322,0.250,1.831,2,0.734,40.12,0.367,5.719,0.000
3,ec.gp.GPIndividual@1697040632{-1752780819},3C_20_66-02.txt,154.245,0.250,38.561,3,8.188,21.23,2.729,5.719,0.000
3,ec.gp.GPIndividual@180746534{-1215486983},3C_20_50-02.txt,61.404,0.250,15.351,5,8.078,52.62,1.616,4.875,0.172
3,ec.gp.GPIndividual@180746534{-1215486983},3C_20_50-03.txt,30.993,0.250,7.748,2,4.266,55.05,2.133,4.875,0.172
3,ec.gp.GPIndividual@180746534{-1215486983},3C_20_66-01.txt,7.322,0.250,1.831,1,15.094,824.55,15.094,15.094,0.172
3,ec.gp.GPIndividual@1793277812{976072463},3C_20_50-02.txt,61.404,0.250,15.351,1,2.141,13.94,2.141,2.141,2.141
3,ec.gp.GPIndividual@1793277812{976072463},3C_20_80-03.txt,169.439,0.250,42.360,6,19.516,46.07,3.253,15.844,0.109
3,ec.gp.GPIndividual@599777714{1617780565},3C_20_50-02.txt,61.404,0.250,15.351,1,15.484,100.87,15.484,15.484,15.484
3,ec.gp.GPIndividual@599777714{1617780565},3C_20_50-03.txt,30.993,0.250,7.748,2,0.641,8.27,0.320,15.484,0.094
3,ec.gp.GPIndividual@599777714{1617780565},3C_20_50-03.txt,30.993,0.250,7.748,4,5.938,76.63,1.484,15.484,0.094
3,ec.gp.GPIndividual@599777714{1617780565},3C_20_66-01.txt,7.322,0.250,1.831,3,1.781,97.31,0.594,15.484,0.047
3,ec.gp.GPIndividual@599777714{1617780565},3C_20_66-01.txt,7.322,0.250,1.831,1,0.406,22.19,0.406,15.484,0.047
3,ec.gp.GPIndividual@599777714{1617780565},3C_20_66-02.txt,154.245,0.250,38.561,1,0.266,0.69,0.266,15.484,0.047
3,ec.gp.GPIndividual@599777714{1617780565},3C_20_66-02.txt,154.245,0.250,38.561,4,1.875,4.86,0.469,15.484,0.047
3,ec.gp.GPIndividual@599777714{1617780565},3C_20_66-03.txt,118.340,0.250,29.585,4,3.766,12.73,0.941,15.484,0.047
3,ec.gp.GPIndividual@599777714{1617780565},3C_20_80-01.txt,4.194,0.250,1.049,2,0.641,61.09,0.320,15.484,0.047
3,ec.gp.GPIndividual@599777714{1617780565},3C_20_80-02.txt,35.738,0.250,8.935,2,0.922,10.32,0.461,15.484,0.047
3,ec.gp.GPIndividual@599777714{1617780565},3C_20_80-03.txt,169.439,0.250,42.360,2,13.141,31.02,6.570,15.484,0.047
3,ec.gp.GPIndividual@599777714{1617780565},3C_20_66-03.txt,118.340,0.250,29.585,3,24.969,84.40,8.323,16.297,0.047
4,ec.gp.GPIndividual@1327872679{-538807129},3C_20_50-02.txt,61.404,0.250,15.351,0,0.000,0.00,0.000,0.000,0.000
4,ec.gp.GPIndividual@1327872679{-538807129},3C_20_50-02.txt,61.404,0.250,15.351,0,0.000,0.00,0.000,0.000,0.000
4,ec.gp.GPIndividual@1327872679{-538807129},3C_20_50-03.txt,30.993,0.250,7.748,0,0.000,0.00,0.000,0.000,0.000
4,ec.gp.GPIndividual@1327872679{-538807129},3C_20_66-01.txt,7.322,0.250,1.831,0,0.000,0.00,0.000,0.000,0.000
4,ec.gp.GPIndividual@1327872679{-538807129},3C_20_66-01.txt,7.322,0.250,1.831,0,0.000,0.00,0.000,0.000,0.000
4,ec.gp.GPIndividual@1327872679{-538807129},3C_20_66-02.txt,154.245,0.250,38.561,0,0.000,0.00,0.000,0.000,0.000
4,ec.gp.GPIndividual@1327872679{-538807129},3C_20_66-03.txt,118.340,0.250,29.585,0,0.000,0.00,0.000,0.000,0.000
4,ec.gp.GPIndividual@1327872679{-538807129},3C_20_80-01.txt,4.194,0.250,1.049,0,0.000,0.00,0.000,0.000,0.000
4,ec.gp.GPIndividual@1327872679{-538807129},3C_20_66-02.txt,154.245,0.250,38.561,0,0.000,0.00,0.000,0.000,0.000
4,ec.gp.GPIndividual@1327872679{-538807129},3C_20_80-02.txt,35.738,0.250,8.935,0,0.000,0.00,0.000,0.000,0.000
4,ec.gp.GPIndividual@1327872679{-538807129},3C_20_80-03.txt,169.439,0.250,42.360,0,0.000,0.00,0.000,0.000,0.000
4,ec.gp.GPIndividual@1327872679{-538807129},3C_20_66-03.txt,118.340,0.250,29.585,0,0.000,0.00,0.000,0.000,0.000
4,ec.gp.GPIndividual@233465662{619093064},3C_20_50-02.txt,61.404,0.250,15.351,0,0.000,0.00,0.000,0.000,0.000
4,ec.gp.GPIndividual@233465662{619093064},3C_20_50-03.txt,30.993,0.250,7.748,0,0.000,0.00,0.000,0.000,0.000
4,ec.gp.GPIndividual@233465662{619093064},3C_20_66-01.txt,7.322,0.250,1.831,0,0.000,0.00,0.000,0.000,0.000
4,ec.gp.GPIndividual@233465662{619093064},3C_20_66-02.txt,154.245,0.250,38.561,0,0.000,0.00,0.000,0.000,0.000
4,ec.gp.GPIndividual@233465662{619093064},3C_20_66-02.txt,154.245,0.250,38.561,0,0.000,0.00,0.000,0.000,0.000
4,ec.gp.GPIndividual@233465662{619093064},3C_20_66-03.txt,118.340,0.250,29.585,0,0.000,0.00,0.000,0.000,0.000
4,ec.gp.GPIndividual@233465662{619093064},3C_20_80-01.txt,4.194,0.250,1.049,0,0.000,0.00,0.000,0.000,0.000
4,ec.gp.GPIndividual@233465662{619093064},3C_20_80-02.txt,35.738,0.250,8.935,0,0.000,0.00,0.000,0.000,0.000
4,ec.gp.GPIndividual@233465662{619093064},3C_20_80-03.txt,169.439,0.250,42.360,0,0.000,0.00,0.000,0.000,0.000
4,ec.gp.GPIndividual@688204114{-1651946688},3C_20_50-02.txt,61.404,0.250,15.351,0,0.000,0.00,0.000,0.000,0.000
4,ec.gp.GPIndividual@688204114{-1651946688},3C_20_80-02.txt,35.738,0.250,8.935,0,0.000,0.00,0.000,0.000,0.000
4,ec.gp.GPIndividual@688204114{-1651946688},3C_20_80-03.txt,169.439,0.250,42.360,0,0.000,0.00,0.000,0.000,0.000
4,ec.gp.GPIndividual@350179238{1900235853},3C_20_50-02.txt,61.404,0.250,15.351,0,0.000,0.00,0.000,0.000,0.000
4,ec.gp.GPIndividual@350179238{1900235853},3C_20_50-03.txt,30.993,0.250,7.748,0,0.000,0.00,0.000,0.000,0.000
4,ec.gp.GPIndividual@350179238{1900235853},3C_20_50-03.txt,30.993,0.250,7.748,0,0.000,0.00,0.000,0.000,0.000
4,ec.gp.GPIndividual@350179238{1900235853},3C_20_66-01.txt,7.322,0.250,1.831,0,0.000,0.00,0.000,0.000,0.000
4,ec.gp.GPIndividual@350179238{1900235853},3C_20_66-01.txt,7.322,0.250,1.831,4,1.438,78.53,0.359,0.359,0.359
4,ec.gp.GPIndividual@350179238{1900235853},3C_20_66-02.txt,154.245,0.250,38.561,0,0.000,0.00,0.000,0.359,0.359
4,ec.gp.GPIndividual@350179238{1900235853},3C_20_66-02.txt,154.245,0.250,38.561,1,0.250,0.65,0.250,0.359,0.250
4,ec.gp.GPIndividual@350179238{1900235853},3C_20_66-03.txt,118.340,0.250,29.585,0,0.000,0.00,0.000,0.359,0.250
4,ec.gp.GPIndividual@350179238{1900235853},3C_20_66-03.txt,118.340,0.250,29.585,1,0.391,1.32,0.391,0.391,0.250
4,ec.gp.GPIndividual@350179238{1900235853},3C_20_80-01.txt,4.194,0.250,1.049,0,0.000,0.00,0.000,0.391,0.250
4,ec.gp.GPIndividual@350179238{1900235853},3C_20_80-01.txt,4.194,0.250,1.049,1,0.531,50.66,0.531,0.531,0.250
4,ec.gp.GPIndividual@350179238{1900235853},3C_20_50-03.txt,30.993,0.250,7.748,0,0.000,0.00,0.000,0.531,0.250
4,ec.gp.GPIndividual@350179238{1900235853},3C_20_80-02.txt,35.738,0.250,8.935,0,0.000,0.00,0.000,0.531,0.250
4,ec.gp.GPIndividual@350179238{1900235853},3C_20_80-02.txt,35.738,0.250,8.935,1,0.656,7.35,0.656,0.656,0.250
4,ec.gp.GPIndividual@350179238{1900235853},3C_20_80-03.txt,169.439,0.250,42.360,0,0.000,0.00,0.000,0.656,0.250
4,ec.gp.GPIndividual@350179238{1900235853},3C_20_80-03.txt,169.439,0.250,42.360,0,0.000,0.00,0.000,0.656,0.250
4,ec.gp.GPIndividual@1496010437{473848332},3C_20_50-02.txt,61.404,0.250,15.351,0,0.000,0.00,0.000,0.000,0.000
4,ec.gp.GPIndividual@1659981289{-686610675},3C_20_50-02.txt,61.404,0.250,15.351,8,12.594,82.04,1.574,3.156,0.516
4,ec.gp.GPIndividual@1659981289{-686610675},3C_20_66-01.txt,7.322,0.250,1.831,1,2.563,139.99,2.563,3.156,0.516
4,ec.gp.GPIndividual@1659981289{-686610675},3C_20_50-03.txt,30.993,0.250,7.748,1,2.375,30.65,2.375,3.156,0.516
4,ec.gp.GPIndividual@1659981289{-686610675},3C_20_50-03.txt,30.993,0.250,7.748,1,0.844,10.89,0.844,3.156,0.516
4,ec.gp.GPIndividual@1659981289{-686610675},3C_20_66-02.txt,154.245,0.250,38.561,1,2.531,6.56,2.531,3.156,0.516
4,ec.gp.GPIndividual@1659981289{-686610675},3C_20_50-03.txt,30.993,0.250,7.748,4,7.156,92.36,1.789,3.156,0.516
4,ec.gp.GPIndividual@1659981289{-686610675},3C_20_66-03.txt,118.340,0.250,29.585,5,12.766,43.15,2.553,3.172,0.516
4,ec.gp.GPIndividual@1659981289{-686610675},3C_20_50-03.txt,30.993,0.250,7.748,1,2.891,37.31,2.891,3.172,0.516
4,ec.gp.GPIndividual@1659981289{-686610675},3C_20_50-03.txt,30.993,0.250,7.748,5,7.688,99.22,1.538,4.203,0.000
4,ec.gp.GPIndividual@1659981289{-686610675},3C_20_66-01.txt,7.322,0.250,1.831,1,4.547,248.39,4.547,4.547,0.000
4,ec.gp.GPIndividual@1659981289{-686610675},3C_20_66-01.txt,7.322,0.250,1.831,1,4.344,237.29,4.344,4.547,0.000
4,ec.gp.GPIndividual@1659981289{-686610675},3C_20_66-01.txt,7.322,0.250,1.831,4,2.000,109.26,0.500,4.547,0.000
4,ec.gp.GPIndividual@1659981289{-686610675},3C_20_66-02.txt,154.245,0.250,38.561,10,22.891,59.36,2.289,8.734,0.000
4,ec.gp.GPIndividual@1659981289{-686610675},3C_20_66-02.txt,154.245,0.250,38.561,3,7.344,19.04,2.448,8.734,0.000
4,ec.gp.GPIndividual@1659981289{-686610675},3C_20_66-01.txt,7.322,0.250,1.831,1,4.531,247.54,4.531,8.734,0.000
4,ec.gp.GPIndividual@1659981289{-686610675},3C_20_66-01.txt,7.322,0.250,1.831,2,3.328,181.81,1.664,8.734,0.000
4,ec.gp.GPIndividual@1659981289{-686610675},3C_20_66-02.txt,154.245,0.250,38.561,0,0.000,0.00,0.000,8.734,0.000
4,ec.gp.GPIndividual@1659981289{-686610675},3C_20_66-03.txt,118.340,0.250,29.585,10,14.453,48.85,1.445,8.734,0.000
4,ec.gp.GPIndividual@1659981289{-686610675},3C_20_66-02.txt,154.245,0.250,38.561,2,9.922,25.73,4.961,8.734,0.000
4,ec.gp.GPIndividual@1659981289{-686610675},3C_20_80-01.txt,4.194,0.250,1.049,1,0.547,52.15,0.547,8.734,0.000
4,ec.gp.GPIndividual@1659981289{-686610675},3C_20_80-02.txt,35.738,0.250,8.935,3,9.672,108.25,3.224,8.734,0.000
4,ec.gp.GPIndividual@1659981289{-686610675},3C_20_80-01.txt,4.194,0.250,1.049,2,3.031,289.07,1.516,8.734,0.000
4,ec.gp.GPIndividual@1659981289{-686610675},3C_20_66-03.txt,118.340,0.250,29.585,6,6.656,22.50,1.109,8.734,0.000
4,ec.gp.GPIndividual@1659981289{-686610675},3C_20_66-03.txt,118.340,0.250,29.585,1,6.781,22.92,6.781,8.734,0.000
4,ec.gp.GPIndividual@1659981289{-686610675},3C_20_66-03.txt,118.340,0.250,29.585,10,37.922,128.18,3.792,10.484,0.000
4,ec.gp.GPIndividual@1659981289{-686610675},3C_20_80-01.txt,4.194,0.250,1.049,1,6.125,584.10,6.125,10.484,0.000
4,ec.gp.GPIndividual@1659981289{-686610675},3C_20_80-01.txt,4.194,0.250,1.049,3,0.953,90.89,0.318,10.484,0.000
4,ec.gp.GPIndividual@1659981289{-686610675},3C_20_80-02.txt,35.738,0.250,8.935,1,0.328,3.67,0.328,10.484,0.000
4,ec.gp.GPIndividual@1659981289{-686610675},3C_20_80-01.txt,4.194,0.250,1.049,3,7.219,688.40,2.406,10.484,0.000
4,ec.gp.GPIndividual@1659981289{-686610675},3C_20_80-02.txt,35.738,0.250,8.935,0,0.000,0.00,0.000,10.484,0.000
4,ec.gp.GPIndividual@1659981289{-686610675},3C_20_66-02.txt,154.245,0.250,38.561,5,11.266,29.21,2.253,10.484,0.000
4,ec.gp.GPIndividual@1659981289{-686610675},3C_20_80-03.txt,169.439,0.250,42.360,8,13.188,31.13,1.648,10.484,0.000
4,ec.gp.GPIndividual@1659981289{-686610675},3C_20_80-02.txt,35.738,0.250,8.935,6,9.141,102.31,1.523,10.484,0.000
4,ec.gp.GPIndividual@1659981289{-686610675},3C_20_80-03.txt,169.439,0.250,42.360,7,13.703,32.35,1.958,10.484,0.000
4,ec.gp.GPIndividual@1659981289{-686610675},3C_20_80-03.txt,169.439,0.250,42.360,1,1.453,3.43,1.453,10.484,0.000
4,ec.gp.GPIndividual@1659981289{-686610675},3C_20_80-03.txt,169.439,0.250,42.360,5,39.672,93.65,7.934,14.469,0.000
4,ec.gp.GPIndividual@1659981289{-686610675},3C_20_80-02.txt,35.738,0.250,8.935,2,14.609,163.52,7.305,14.469,0.000
4,ec.gp.GPIndividual@1659981289{-686610675},3C_20_66-03.txt,118.340,0.250,29.585,6,30.125,101.83,5.021,14.469,0.000
4,ec.gp.GPIndividual@162637854{-1313686399},3C_20_50-02.txt,61.404,0.250,15.351,3,17.047,111.05,5.682,14.500,0.531
4,ec.gp.GPIndividual@1944955957{-1522596639},3C_20_50-02.txt,61.404,0.250,15.351,5,14.813,96.49,2.963,6.547,0.516
4,ec.gp.GPIndividual@1944955957{-1522596639},3C_20_50-03.txt,30.993,0.250,7.748,2,3.063,39.53,1.531,6.547,0.516
4,ec.gp.GPIndividual@937954218{-1819793401},3C_20_50-02.txt,61.404,0.250,15.351,3,12.766,83.16,4.255,8.672,0.547
4,ec.gp.GPIndividual@937954218{-1819793401},3C_20_80-01.txt,4.194,0.250,1.049,3,1.063,101.32,0.354,8.672,0.172
4,ec.gp.GPIndividual@937954218{-1819793401},3C_20_80-02.txt,35.738,0.250,8.935,1,5.313,59.46,5.313,8.672,0.172
4,ec.gp.GPIndividual@937954218{-1819793401},3C_20_80-03.txt,169.439,0.250,42.360,3,7.641,18.04,2.547,8.672,0.172
4,ec.gp.GPIndividual@937954218{-1819793401},3C_20_50-03.txt,30.993,0.250,7.748,1,2.578,33.27,2.578,8.672,0.172
4,ec.gp.GPIndividual@99902448{436035334},3C_20_50-02.txt,61.404,0.250,15.351,0,0.000,0.00,0.000,0.000,0.000
4,ec.gp.GPIndividual@99902448{436035334},3C_20_50-03.txt,30.993,0.250,7.748,0,0.000,0.00,0.000,0.000,0.000
4,ec.gp.GPIndividual@99902448{436035334},3C_20_66-01.txt,7.322,0.250,1.831,0,0.000,0.00,0.000,0.000,0.000
4,ec.gp.GPIndividual@99902448{436035334},3C_20_66-02.txt,154.245,0.250,38.561,0,0.000,0.00,0.000,0.000,0.000
4,ec.gp.GPIndividual@99902448{436035334},3C_20_66-03.txt,118.340,0.250,29.585,0,0.000,0.00,0.000,0.000,0.000
4,ec.gp.GPIndividual@99902448{436035334},3C_20_80-01.txt,4.194,0.250,1.049,0,0.000,0.00,0.000,0.000,0.000
4,ec.gp.GPIndividual@99902448{436035334},3C_20_80-02.txt,35.738,0.250,8.935,0,0.000,0.00,0.000,0.000,0.000
4,ec.gp.GPIndividual@99902448{436035334},3C_20_80-03.txt,169.439,0.250,42.360,0,0.000,0.00,0.000,0.000,0.000
4,ec.gp.GPIndividual@1534670823{-38595876},3C_20_50-02.txt,61.404,0.250,15.351,1,0.531,3.46,0.531,0.531,0.531
4,ec.gp.GPIndividual@1534670823{-38595876},3C_20_50-03.txt,30.993,0.250,7.748,4,6.422,82.88,1.605,3.266,0.000
4,ec.gp.GPIndividual@1534670823{-38595876},3C_20_66-01.txt,7.322,0.250,1.831,1,4.172,227.90,4.172,4.172,0.000
4,ec.gp.GPIndividual@1534670823{-38595876},3C_20_50-03.txt,30.993,0.250,7.748,2,4.641,59.89,2.320,4.172,0.000
4,ec.gp.GPIndividual@1534670823{-38595876},3C_20_66-01.txt,7.322,0.250,1.831,1,4.500,245.83,4.500,4.500,0.000
4,ec.gp.GPIndividual@1534670823{-38595876},3C_20_66-01.txt,7.322,0.250,1.831,2,0.828,45.24,0.414,4.500,0.000
4,ec.gp.GPIndividual@1534670823{-38595876},3C_20_66-02.txt,154.245,0.250,38.561,1,0.797,2.07,0.797,4.500,0.000
4,ec.gp.GPIndividual@1534670823{-38595876},3C_20_66-02.txt,154.245,0.250,38.561,6,15.641,40.56,2.607,6.156,0.000
4,ec.gp.GPIndividual@1534670823{-38595876},3C_20_66-01.txt,7.322,0.250,1.831,1,2.484,135.72,2.484,6.156,0.000
4,ec.gp.GPIndividual@1534670823{-38595876},3C_20_66-03.txt,118.340,0.250,29.585,2,3.344,11.30,1.672,6.156,0.000
4,ec.gp.GPIndividual@1534670823{-38595876},3C_20_66-02.txt,154.245,0.250,38.561,1,0.859,2.23,0.859,6.156,0.000
4,ec.gp.GPIndividual@1534670823{-38595876},3C_20_66-02.txt,154.245,0.250,38.561,1,1.375,3.57,1.375,6.156,0.000
4,ec.gp.GPIndividual@1534670823{-38595876},3C_20_66-03.txt,118.340,0.250,29.585,4,10.219,34.54,2.555,6.156,0.000
4,ec.gp.GPIndividual@1534670823{-38595876},3C_20_80-01.txt,4.194,0.250,1.049,1,1.422,135.59,1.422,6.156,0.000
4,ec.gp.GPIndividual@1534670823{-38595876},3C_20_66-03.txt,118.340,0.250,29.585,1,0.516,1.74,0.516,6.156,0.000
4,ec.gp.GPIndividual@1534670823{-38595876},3C_20_80-02.txt,35.738,0.250,8.935,3,9.344,104.58,3.115,6.156,0.000
4,ec.gp.GPIndividual@1534670823{-38595876},3C_20_80-03.txt,169.439,0.250,42.360,1,0.891,2.10,0.891,6.156,0.000
4,ec.gp.GPIndividual@1534670823{-38595876},3C_20_80-01.txt,4.194,0.250,1.049,1,2.359,225.00,2.359,6.156,0.000
4,ec.gp.GPIndividual@1534670823{-38595876},3C_20_66-03.txt,118.340,0.250,29.585,2,0.531,1.80,0.266,6.156,0.000
4,ec.gp.GPIndividual@1534670823{-38595876},3C_20_80-02.txt,35.738,0.250,8.935,2,18.688,209.16,9.344,12.719,0.000
4,ec.gp.GPIndividual@2086042069{-1292733704},3C_20_50-02.txt,61.404,0.250,15.351,0,0.000,0.00,0.000,0.000,0.000
4,ec.gp.GPIndividual@2086042069{-1292733704},3C_20_50-03.txt,30.993,0.250,7.748,0,0.000,0.00,0.000,0.000,0.000
4,ec.gp.GPIndividual@2086042069{-1292733704},3C_20_66-01.txt,7.322,0.250,1.831,0,0.000,0.00,0.000,0.000,0.000
4,ec.gp.GPIndividual@2086042069{-1292733704},3C_20_66-02.txt,154.245,0.250,38.561,0,0.000,0.00,0.000,0.000,0.000
4,ec.gp.GPIndividual@2086042069{-1292733704},3C_20_66-03.txt,118.340,0.250,29.585,0,0.000,0.00,0.000,0.000,0.000
4,ec.gp.GPIndividual@2086042069{-1292733704},3C_20_80-01.txt,4.194,0.250,1.049,0,0.000,0.00,0.000,0.000,0.000
4,ec.gp.GPIndividual@2086042069{-1292733704},3C_20_80-02.txt,35.738,0.250,8.935,0,0.000,0.00,0.000,0.000,0.000
4,ec.gp.GPIndividual@2086042069{-1292733704},3C_20_80-03.txt,169.439,0.250,42.360,0,0.000,0.00,0.000,0.000,0.000
4,ec.gp.GPIndividual@1022707588{-2042290762},3C_20_50-02.txt,61.404,0.250,15.351,0,0.000,0.00,0.000,0.000,0.000
4,ec.gp.GPIndividual@1022707588{-2042290762},3C_20_50-03.txt,30.993,0.250,7.748,0,0.000,0.00,0.000,0.000,0.000
4,ec.gp.GPIndividual@1022707588{-2042290762},3C_20_66-01.txt,7.322,0.250,1.831,0,0.000,0.00,0.000,0.000,0.000
4,ec.gp.GPIndividual@1022707588{-2042290762},3C_20_66-02.txt,154.245,0.250,38.561,0,0.000,0.00,0.000,0.000,0.000
4,ec.gp.GPIndividual@1022707588{-2042290762},3C_20_66-03.txt,118.340,0.250,29.585,0,0.000,0.00,0.000,0.000,0.000
4,ec.gp.GPIndividual@1022707588{-2042290762},3C_20_80-01.txt,4.194,0.250,1.049,0,0.000,0.00,0.000,0.000,0.000
4,ec.gp.GPIndividual@1022707588{-2042290762},3C_20_80-02.txt,35.738,0.250,8.935,0,0.000,0.00,0.000,0.000,0.000
4,ec.gp.GPIndividual@1022707588{-2042290762},3C_20_80-03.txt,169.439,0.250,42.360,0,0.000,0.00,0.000,0.000,0.000
4,ec.gp.GPIndividual@260883588{-168221966},3C_20_50-02.txt,61.404,0.250,15.351,3,13.844,90.18,4.615,11.125,0.516
4,ec.gp.GPIndividual@260883588{-168221966},3C_20_80-03.txt,169.439,0.250,42.360,2,2.594,6.12,1.297,11.125,0.516
4,ec.gp.GPIndividual@260883588{-168221966},3C_20_80-03.txt,169.439,0.250,42.360,1,6.094,14.39,6.094,11.125,0.516
4,ec.gp.GPIndividual@1516612882{-1575817226},3C_20_50-02.txt,61.404,0.250,15.351,2,1.750,11.40,0.875,1.453,0.297
4,ec.gp.GPIndividual@256173702{1801589874},3C_20_50-02.txt,61.404,0.250,15.351,0,0.000,0.00,0.000,0.000,0.000
4,ec.gp.GPIndividual@256173702{1801589874},3C_20_50-03.txt,30.993,0.250,7.748,0,0.000,0.00,0.000,0.000,0.000
4,ec.gp.GPIndividual@256173702{1801589874},3C_20_66-01.txt,7.322,0.250,1.831,0,0.000,0.00,0.000,0.000,0.000
4,ec.gp.GPIndividual@256173702{1801589874},3C_20_66-02.txt,154.245,0.250,38.561,0,0.000,0.00,0.000,0.000,0.000
4,ec.gp.GPIndividual@256173702{1801589874},3C_20_66-03.txt,118.340,0.250,29.585,0,0.000,0.00,0.000,0.000,0.000
4,ec.gp.GPIndividual@256173702{1801589874},3C_20_80-01.txt,4.194,0.250,1.049,0,0.000,0.00,0.000,0.000,0.000
4,ec.gp.GPIndividual@256173702{1801589874},3C_20_80-02.txt,35.738,0.250,8.935,0,0.000,0.00,0.000,0.000,0.000
4,ec.gp.GPIndividual@256173702{1801589874},3C_20_80-03.txt,169.439,0.250,42.360,0,0.000,0.00,0.000,0.000,0.000
4,ec.gp.GPIndividual@711795329{-1022737677},3C_20_50-02.txt,61.404,0.250,15.351,0,0.000,0.00,0.000,0.000,0.000
4,ec.gp.GPIndividual@711795329{-1022737677},3C_20_50-03.txt,30.993,0.250,7.748,0,0.000,0.00,0.000,0.000,0.000
4,ec.gp.GPIndividual@711795329{-1022737677},3C_20_66-01.txt,7.322,0.250,1.831,0,0.000,0.00,0.000,0.000,0.000
4,ec.gp.GPIndividual@711795329{-1022737677},3C_20_66-02.txt,154.245,0.250,38.561,0,0.000,0.00,0.000,0.000,0.000
4,ec.gp.GPIndividual@711795329{-1022737677},3C_20_66-03.txt,118.340,0.250,29.585,0,0.000,0.00,0.000,0.000,0.000
4,ec.gp.GPIndividual@711795329{-1022737677},3C_20_80-01.txt,4.194,0.250,1.049,0,0.000,0.00,0.000,0.000,0.000
4,ec.gp.GPIndividual@711795329{-1022737677},3C_20_80-02.txt,35.738,0.250,8.935,3,6.406,71.70,2.135,3.141,1.594
4,ec.gp.GPIndividual@711795329{-1022737677},3C_20_66-01.txt,7.322,0.250,1.831,1,0.844,46.09,0.844,3.141,0.844
4,ec.gp.GPIndividual@711795329{-1022737677},3C_20_66-02.txt,154.245,0.250,38.561,5,6.391,16.57,1.278,3.141,0.844
4,ec.gp.GPIndividual@711795329{-1022737677},3C_20_80-03.txt,169.439,0.250,42.360,3,3.797,8.96,1.266,3.141,0.844
4,ec.gp.GPIndividual@711795329{-1022737677},3C_20_80-03.txt,169.439,0.250,42.360,0,0.000,0.00,0.000,3.141,0.844
4,ec.gp.GPIndividual@1979966479{-317037253},3C_20_50-02.txt,61.404,0.250,15.351,1,1.891,12.32,1.891,1.891,1.891
4,ec.gp.GPIndividual@1979966479{-317037253},3C_20_50-03.txt,30.993,0.250,7.748,7,6.953,89.74,0.993,1.891,0.406
4,ec.gp.GPIndividual@1979966479{-317037253},3C_20_80-03.txt,169.439,0.250,42.360,1,1.188,2.80,1.188,1.891,0.406
4,ec.gp.GPIndividual@1979966479{-317037253},3C_20_66-03.txt,118.340,0.250,29.585,5,11.406,38.55,2.281,4.516,0.000
4,ec.gp.GPIndividual@1979966479{-317037253},3C_20_50-03.txt,30.993,0.250,7.748,2,8.250,106.48,4.125,4.578,0.000
4,ec.gp.GPIndividual@1979966479{-317037253},3C_20_66-01.txt,7.322,0.250,1.831,1,4.844,264.61,4.844,4.844,0.000
4,ec.gp.GPIndividual@1979966479{-317037253},3C_20_80-01.txt,4.194,0.250,1.049,4,1.297,123.67,0.324,4.844,0.000
4,ec.gp.GPIndividual@1979966479{-317037253},3C_20_80-02.txt,35.738,0.250,8.935,1,1.406,15.74,1.406,4.844,0.000
4,ec.gp.GPIndividual@543148984{1439641799},3C_20_50-02.txt,61.404,0.250,15.351,8,9.000,58.63,1.125,3.219,0.000
4,ec.gp.GPIndividual@543148984{1439641799},3C_20_50-03.txt,30.993,0.250,7.748,2,9.141,117.97,4.570,8.141,0.000
4,ec.gp.GPIndividual@47702049{-326964246},3C_20_50-02.txt,61.404,0.250,15.351,4,7.906,51.50,1.977,3.500,0.281
4,ec.gp.GPIndividual@47702049{-326964246},3C_20_66-02.txt,154.245,0.250,38.561,12,23.891,61.96,1.991,4.203,0.000
4,ec.gp.GPIndividual@47702049{-326964246},3C_20_66-03.txt,118.340,0.250,29.585,1,5.344,18.06,5.344,5.344,0.000
4,ec.gp.GPIndividual@47702049{-326964246},3C_20_66-01.txt,7.322,0.250,1.831,4,5.938,324.36,1.484,5.344,0.000
4,ec.gp.GPIndividual@47702049{-326964246},3C_20_80-01.txt,4.194,0.250,1.049,1,0.172,16.39,0.172,5.344,0.000
4,ec.gp.GPIndividual@47702049{-326964246},3C_20_66-02.txt,154.245,0.250,38.561,2,8.188,21.23,4.094,7.297,0.000
4,ec.gp.GPIndividual@47702049{-326964246},3C_20_66-01.txt,7.322,0.250,1.831,1,6.797,371.30,6.797,7.297,0.000
4,ec.gp.GPIndividual@47702049{-326964246},3C_20_50-03.txt,30.993,0.250,7.748,7,6.656,85.91,0.951,7.297,0.000
4,ec.gp.GPIndividual@47702049{-326964246},3C_20_66-02.txt,154.245,0.250,38.561,1,1.766,4.58,1.766,7.297,0.000
4,ec.gp.GPIndividual@47702049{-326964246},3C_20_80-02.txt,35.738,0.250,8.935,1,12.703,142.18,12.703,12.703,0.000
4,ec.gp.GPIndividual@47702049{-326964246},3C_20_80-03.txt,169.439,0.250,42.360,3,5.438,12.84,1.813,12.703,0.000
4,ec.gp.GPIndividual@47702049{-326964246},3C_20_66-03.txt,118.340,0.250,29.585,4,5.828,19.70,1.457,12.703,0.000
4,ec.gp.GPIndividual@47702049{-326964246},3C_20_66-03.txt,118.340,0.250,29.585,9,33.344,112.71,3.705,12.703,0.000
4,ec.gp.GPIndividual@47702049{-326964246},3C_20_80-01.txt,4.194,0.250,1.049,1,0.594,56.62,0.594,12.703,0.000
4,ec.gp.GPIndividual@47702049{-326964246},3C_20_66-01.txt,7.322,0.250,1.831,1,10.109,552.26,10.109,12.703,0.000
4,ec.gp.GPIndividual@47702049{-326964246},3C_20_80-03.txt,169.439,0.250,42.360,2,12.734,30.06,6.367,12.703,0.000
4,ec.gp.GPIndividual@947373179{786834681},3C_20_50-02.txt,61.404,0.250,15.351,0,0.000,0.00,0.000,0.000,0.000
4,ec.gp.GPIndividual@947373179{786834681},3C_20_50-03.txt,30.993,0.250,7.748,0,0.000,0.00,0.000,0.000,0.000
4,ec.gp.GPIndividual@947373179{786834681},3C_20_66-01.txt,7.322,0.250,1.831,0,0.000,0.00,0.000,0.000,0.000
4,ec.gp.GPIndividual@947373179{786834681},3C_20_66-02.txt,154.245,0.250,38.561,0,0.000,0.00,0.000,0.000,0.000
4,ec.gp.GPIndividual@947373179{786834681},3C_20_66-03.txt,118.340,0.250,29.585,0,0.000,0.00,0.000,0.000,0.000
4,ec.gp.GPIndividual@947373179{786834681},3C_20_80-01.txt,4.194,0.250,1.049,0,0.000,0.00,0.000,0.000,0.000
4,ec.gp.GPIndividual@947373179{786834681},3C_20_80-02.txt,35.738,0.250,8.935,0,0.000,0.00,0.000,0.000,0.000
4,ec.gp.GPIndividual@947373179{786834681},3C_20_80-03.txt,169.439,0.250,42.360,0,0.000,0.00,0.000,0.000,0.000
4,ec.gp.GPIndividual@248776069{-1392017651},3C_20_50-02.txt,61.404,0.250,15.351,7,14.828,96.59,2.118,4.984,0.172
4,ec.gp.GPIndividual@248776069{-1392017651},3C_20_50-03.txt,30.993,0.250,7.748,3,14.000,180.69,4.667,10.500,0.172
4,ec.gp.GPIndividual@248776069{-1392017651},3C_20_66-02.txt,154.245,0.250,38.561,2,3.141,8.14,1.570,10.500,0.172
4,ec.gp.GPIndividual@105947910{1938894987},3C_20_50-02.txt,61.404,0.250,15.351,3,2.531,16.49,0.844,1.750,0.172
4,ec.gp.GPIndividual@105947910{1938894987},3C_20_66-01.txt,7.322,0.250,1.831,2,1.203,65.72,0.602,1.750,0.172
4,ec.gp.GPIndividual@105947910{1938894987},3C_20_66-02.txt,154.245,0.250,38.561,2,1.359,3.53,0.680,1.750,0.172
4,ec.gp.GPIndividual@105947910{1938894987},3C_20_50-03.txt,30.993,0.250,7.748,6,6.391,82.48,1.065,1.781,0.172
4,ec.gp.GPIndividual@105947910{1938894987},3C_20_66-01.txt,7.322,0.250,1.831,2,1.688,92.19,0.844,1.781,0.172
4,ec.gp.GPIndividual@105947910{1938894987},3C_20_66-03.txt,118.340,0.250,29.585,1,0.625,2.11,0.625,1.781,0.172
4,ec.gp.GPIndividual@105947910{1938894987},3C_20_66-02.txt,154.245,0.250,38.561,5,6.844,17.75,1.369,3.734,0.172
4,ec.gp.GPIndividual@105947910{1938894987},3C_20_66-03.txt,118.340,0.250,29.585,5,29.109,98.39,5.822,15.141,0.172
4,ec.gp.GPIndividual@105947910{1938894987},3C_20_80-01.txt,4.194,0.250,1.049,1,0.469,44.70,0.469,15.141,0.172
4,ec.gp.GPIndividual@105947910{1938894987},3C_20_80-02.txt,35.738,0.250,8.935,5,7.828,87.62,1.566,15.141,0.172
4,ec.gp.GPIndividual@105947910{1938894987},3C_20_66-03.txt,118.340,0.250,29.585,3,11.609,39.24,3.870,15.141,0.172
4,ec.gp.GPIndividual@105947910{1938894987},3C_20_80-01.txt,4.194,0.250,1.049,1,0.438,41.72,0.438,15.141,0.172
4,ec.gp.GPIndividual@105947910{1938894987},3C_20_80-02.txt,35.738,0.250,8.935,9,8.875,99.33,0.986,15.141,0.078
4,ec.gp.GPIndividual@105947910{1938894987},3C_20_80-03.txt,169.439,0.250,42.360,1,0.422,1.00,0.422,15.141,0.078
4,ec.gp.GPIndividual@105947910{1938894987},3C_20_80-01.txt,4.194,0.250,1.049,2,0.719,68.54,0.359,15.141,0.078
4,ec.gp.GPIndividual@105947910{1938894987},3C_20_80-02.txt,35.738,0.250,8.935,7,8.031,89.89,1.147,15.141,0.078
4,ec.gp.GPIndividual@1612237190{-1251298351},3C_20_50-02.txt,61.404,0.250,15.351,4,0.672,4.38,0.168,0.484,0.000
4,ec.gp.GPIndividual@1612237190{-1251298351},3C_20_50-03.txt,30.993,0.250,7.748,3,3.250,41.95,1.083,2.031,0.000
4,ec.gp.GPIndividual@1612237190{-1251298351},3C_20_66-01.txt,7.322,0.250,1.831,2,0.281,15.36,0.141,2.031,0.000
4,ec.gp.GPIndividual@1612237190{-1251298351},3C_20_66-02.txt,154.245,0.250,38.561,3,1.141,2.96,0.380,2.031,0.000
4,ec.gp.GPIndividual@1612237190{-1251298351},3C_20_66-03.txt,118.340,0.250,29.585,2,1.672,5.65,0.836,2.031,0.000
4,ec.gp.GPIndividual@1612237190{-1251298351},3C_20_80-01.txt,4.194,0.250,1.049,2,8.453,806.12,4.227,8.453,0.000
4,ec.gp.GPIndividual@1908176784{438212283},3C_20_50-02.txt,61.404,0.250,15.351,0,0.000,0.00,0.000,0.000,0.000
4,ec.gp.GPIndividual@1908176784{438212283},3C_20_50-03.txt,30.993,0.250,7.748,0,0.000,0.00,0.000,0.000,0.000
4,ec.gp.GPIndividual@1908176784{438212283},3C_20_66-01.txt,7.322,0.250,1.831,0,0.000,0.00,0.000,0.000,0.000
4,ec.gp.GPIndividual@1908176784{438212283},3C_20_66-02.txt,154.245,0.250,38.561,0,0.000,0.00,0.000,0.000,0.000
4,ec.gp.GPIndividual@1908176784{438212283},3C_20_66-03.txt,118.340,0.250,29.585,0,0.000,0.00,0.000,0.000,0.000
4,ec.gp.GPIndividual@1908176784{438212283},3C_20_80-01.txt,4.194,0.250,1.049,0,0.000,0.00,0.000,0.000,0.000
4,ec.gp.GPIndividual@1908176784{438212283},3C_20_80-02.txt,35.738,0.250,8.935,0,0.000,0.00,0.000,0.000,0.000
4,ec.gp.GPIndividual@1908176784{438212283},3C_20_80-03.txt,169.439,0.250,42.360,0,0.000,0.00,0.000,0.000,0.000
4,ec.gp.GPIndividual@1872784015{746334153},3C_20_50-02.txt,61.404,0.250,15.351,2,0.469,3.05,0.234,0.359,0.109
4,ec.gp.GPIndividual@1872784015{746334153},3C_20_80-02.txt,35.738,0.250,8.935,3,1.047,11.72,0.349,0.578,0.000
4,ec.gp.GPIndividual@1872784015{746334153},3C_20_80-03.txt,169.439,0.250,42.360,2,0.641,1.51,0.320,0.641,0.000
4,ec.gp.GPIndividual@1872784015{746334153},3C_20_50-03.txt,30.993,0.250,7.748,1,1.609,20.77,1.609,1.609,0.000
4,ec.gp.GPIndividual@2122997172{1830945147},3C_20_50-02.txt,61.404,0.250,15.351,7,6.563,42.75,0.938,1.672,0.094
4,ec.gp.GPIndividual@2122997172{1830945147},3C_20_66-01.txt,7.322,0.250,1.831,3,1.141,62.31,0.380,1.672,0.094
4,ec.gp.GPIndividual@2122997172{1830945147},3C_20_66-02.txt,154.245,0.250,38.561,3,5.266,13.66,1.755,4.172,0.094
4,ec.gp.GPIndividual@2122997172{1830945147},3C_20_50-03.txt,30.993,0.250,7.748,1,0.703,9.07,0.703,4.172,0.094
4,ec.gp.GPIndividual@2122997172{1830945147},3C_20_66-03.txt,118.340,0.250,29.585,6,11.031,37.29,1.839,4.172,0.094
4,ec.gp.GPIndividual@2122997172{1830945147},3C_20_80-01.txt,4.194,0.250,1.049,3,0.813,77.48,0.271,4.172,0.094
4,ec.gp.GPIndividual@2122997172{1830945147},3C_20_80-02.txt,35.738,0.250,8.935,3,4.203,47.04,1.401,4.172,0.094
4,ec.gp.GPIndividual@2122997172{1830945147},3C_20_80-03.txt,169.439,0.250,42.360,4,36.125,85.28,9.031,14.297,0.094
4,ec.gp.GPIndividual@2122997172{1830945147},3C_20_66-01.txt,7.322,0.250,1.831,6,1.609,87.92,0.268,14.297,0.000
4,ec.gp.GPIndividual@2122997172{1830945147},3C_20_66-02.txt,154.245,0.250,38.561,6,10.594,27.47,1.766,14.297,0.000
4,ec.gp.GPIndividual@1809174077{-1800447846},3C_20_50-02.txt,61.404,0.250,15.351,4,0.703,4.58,0.176,0.484,0.000
4,ec.gp.GPIndividual@1809174077{-1800447846},3C_20_50-03.txt,30.993,0.250,7.748,2,2.844,36.70,1.422,1.734,0.000
4,ec.gp.GPIndividual@1809174077{-1800447846},3C_20_66-01.txt,7.322,0.250,1.831,2,0.766,41.82,0.383,1.734,0.000
4,ec.gp.GPIndividual@1809174077{-1800447846},3C_20_66-02.txt,154.245,0.250,38.561,2,0.969,2.51,0.484,1.734,0.000
4,ec.gp.GPIndividual@1809174077{-1800447846},3C_20_66-03.txt,118.340,0.250,29.585,3,14.516,49.06,4.839,10.938,0.000
4,ec.gp.GPIndividual@1809174077{-1800447846},3C_20_80-01.txt,4.194,0.250,1.049,2,0.656,62.58,0.328,10.938,0.000
4,ec.gp.GPIndividual@1809174077{-1800447846},3C_20_80-02.txt,35.738,0.250,8.935,2,0.891,9.97,0.445,10.938,0.000
4,ec.gp.GPIndividual@1809174077{-1800447846},3C_20_80-03.txt,169.439,0.250,42.360,2,8.391,19.81,4.195,10.938,0.000
4,ec.gp.GPIndividual@1809174077{-1800447846},3C_20_66-03.txt,118.340,0.250,29.585,3,13.406,45.31,4.469,10.938,0.000
4,ec.gp.GPIndividual@1809174077{-1800447846},3C_20_80-01.txt,4.194,0.250,1.049,2,0.641,61.09,0.320,10.938,0.000
4,ec.gp.GPIndividual@1809174077{-1800447846},3C_20_80-02.txt,35.738,0.250,8.935,1,16.406,183.63,16.406,16.406,0.000
4,ec.gp.GPIndividual@1446964622{722371830},3C_20_50-02.txt,61.404,0.250,15.351,10,9.156,59.65,0.916,4.766,0.109
4,ec.gp.GPIndividual@1446964622{722371830},3C_20_80-03.txt,169.439,0.250,42.360,1,4.422,10.44,4.422,4.766,0.109
4,ec.gp.GPIndividual@1446964622{722371830},3C_20_50-03.txt,30.993,0.250,7.748,4,6.453,83.29,1.613,4.766,0.109
5,ec.gp.GPIndividual@992606422{644380586},3C_20_50-02.txt,61.404,0.250,15.351,0,0.000,0.00,0.000,0.000,0.000
5,ec.gp.GPIndividual@992606422{644380586},3C_20_50-03.txt,30.993,0.250,7.748,0,0.000,0.00,0.000,0.000,0.000
5,ec.gp.GPIndividual@992606422{644380586},3C_20_66-01.txt,7.322,0.250,1.831,0,0.000,0.00,0.000,0.000,0.000
5,ec.gp.GPIndividual@992606422{644380586},3C_20_66-02.txt,154.245,0.250,38.561,0,0.000,0.00,0.000,0.000,0.000
5,ec.gp.GPIndividual@992606422{644380586},3C_20_66-03.txt,118.340,0.250,29.585,0,0.000,0.00,0.000,0.000,0.000
5,ec.gp.GPIndividual@992606422{644380586},3C_20_80-01.txt,4.194,0.250,1.049,0,0.000,0.00,0.000,0.000,0.000
5,ec.gp.GPIndividual@992606422{644380586},3C_20_80-02.txt,35.738,0.250,8.935,0,0.000,0.00,0.000,0.000,0.000
5,ec.gp.GPIndividual@992606422{644380586},3C_20_80-03.txt,169.439,0.250,42.360,0,0.000,0.00,0.000,0.000,0.000
5,ec.gp.GPIndividual@1832014838{1353117758},3C_20_50-02.txt,61.404,0.250,15.351,8,4.516,29.42,0.564,1.688,0.391
5,ec.gp.GPIndividual@1832014838{1353117758},3C_20_50-03.txt,30.993,0.250,7.748,5,9.016,116.36,1.803,1.859,0.391
5,ec.gp.GPIndividual@1832014838{1353117758},3C_20_50-03.txt,30.993,0.250,7.748,1,0.281,3.63,0.281,1.859,0.281
5,ec.gp.GPIndividual@1832014838{1353117758},3C_20_50-03.txt,30.993,0.250,7.748,1,1.000,12.91,1.000,1.859,0.281
5,ec.gp.GPIndividual@1832014838{1353117758},3C_20_50-03.txt,30.993,0.250,7.748,1,1.719,22.18,1.719,1.859,0.281
5,ec.gp.GPIndividual@1832014838{1353117758},3C_20_50-03.txt,30.993,0.250,7.748,3,5.547,71.59,1.849,3.141,0.000
5,ec.gp.GPIndividual@1832014838{1353117758},3C_20_66-01.txt,7.322,0.250,1.831,0,0.000,0.00,0.000,3.141,0.000
5,ec.gp.GPIndividual@1832014838{1353117758},3C_20_66-02.txt,154.245,0.250,38.561,2,6.609,17.14,3.305,3.391,0.000
5,ec.gp.GPIndividual@1832014838{1353117758},3C_20_66-01.txt,7.322,0.250,1.831,1,3.156,172.42,3.156,3.391,0.000
5,ec.gp.GPIndividual@1832014838{1353117758},3C_20_66-01.txt,7.322,0.250,1.831,1,0.828,45.24,0.828,3.391,0.000
5,ec.gp.GPIndividual@1832014838{1353117758},3C_20_66-02.txt,154.245,0.250,38.561,2,2.266,5.88,1.133,3.391,0.000
5,ec.gp.GPIndividual@1832014838{1353117758},3C_20_50-03.txt,30.993,0.250,7.748,5,8.188,105.67,1.638,3.391,0.000
5,ec.gp.GPIndividual@1832014838{1353117758},3C_20_66-03.txt,118.340,0.250,29.585,1,0.188,0.63,0.188,3.391,0.000
5,ec.gp.GPIndividual@1832014838{1353117758},3C_20_66-03.txt,118.340,0.250,29.585,8,19.375,65.49,2.422,4.625,0.000
5,ec.gp.GPIndividual@1832014838{1353117758},3C_20_66-01.txt,7.322,0.250,1.831,1,4.078,222.78,4.078,4.625,0.000
5,ec.gp.GPIndividual@1832014838{1353117758},3C_20_66-01.txt,7.322,0.250,1.831,1,6.047,330.33,6.047,6.047,0.000
5,ec.gp.GPIndividual@1832014838{1353117758},3C_20_80-01.txt,4.194,0.250,1.049,3,1.078,102.81,0.359,6.047,0.000
5,ec.gp.GPIndividual@1832014838{1353117758},3C_20_66-02.txt,154.245,0.250,38.561,2,0.469,1.22,0.234,6.047,0.000
5,ec.gp.GPIndividual@1832014838{1353117758},3C_20_80-02.txt,35.738,0.250,8.935,4,12.328,137.98,3.082,8.406,0.000
5,ec.gp.GPIndividual@1832014838{1353117758},3C_20_80-01.txt,4.194,0.250,1.049,1,0.516,49.17,0.516,8.406,0.000
5,ec.gp.GPIndividual@1832014838{1353117758},3C_20_80-02.txt,35.738,0.250,8.935,2,9.828,110.00,4.914,8.406,0.000
5,ec.gp.GPIndividual@1832014838{1353117758},3C_20_66-01.txt,7.322,0.250,1.831,2,1.703,93.04,0.852,8.406,0.000
5,ec.gp.GPIndividual@1832014838{1353117758},3C_20_66-02.txt,154.245,0.250,38.561,1,1.328,3.44,1.328,8.406,0.000
5,ec.gp.GPIndividual@1832014838{1353117758},3C_20_80-03.txt,169.439,0.250,42.360,6,12.578,29.69,2.096,8.406,0.000
5,ec.gp.GPIndividual@1832014838{1353117758},3C_20_66-03.txt,118.340,0.250,29.585,3,5.281,17.85,1.760,8.406,0.000
5,ec.gp.GPIndividual@1832014838{1353117758},3C_20_66-02.txt,154.245,0.250,38.561,11,27.250,70.67,2.477,8.406,0.000
5,ec.gp.GPIndividual@1832014838{1353117758},3C_20_66-03.txt,118.340,0.250,29.585,3,19.578,66.18,6.526,14.328,0.000
5,ec.gp.GPIndividual@1832014838{1353117758},3C_20_66-02.txt,154.245,0.250,38.561,1,8.813,22.85,8.813,14.328,0.000
5,ec.gp.GPIndividual@83419587{-1749005025},3C_20_50-02.txt,61.404,0.250,15.351,2,14.406,93.85,7.203,7.641,6.766
5,ec.gp.GPIndividual@83419587{-1749005025},3C_20_80-03.txt,169.439,0.250,42.360,6,21.141,49.91,3.523,11.313,0.438
5,ec.gp.GPIndividual@83419587{-1749005025},3C_20_66-03.txt,118.340,0.250,29.585,4,19.438,65.70,4.859,11.313,0.438
5,ec.gp.GPIndividual@83419587{-1749005025},3C_20_80-01.txt,4.194,0.250,1.049,1,1.641,156.46,1.641,11.313,0.438
5,ec.gp.GPIndividual@83419587{-1749005025},3C_20_66-03.txt,118.340,0.250,29.585,2,4.641,15.69,2.320,11.313,0.438
5,ec.gp.GPIndividual@83419587{-1749005025},3C_20_80-01.txt,4.194,0.250,1.049,1,3.031,289.07,3.031,11.313,0.438
5,ec.gp.GPIndividual@83419587{-1749005025},3C_20_50-03.txt,30.993,0.250,7.748,4,4.375,56.47,1.094,11.313,0.438
5,ec.gp.GPIndividual@83419587{-1749005025},3C_20_80-02.txt,35.738,0.250,8.935,2,9.266,103.71,4.633,11.313,0.438
5,ec.gp.GPIndividual@83419587{-1749005025},3C_20_66-01.txt,7.322,0.250,1.831,1,1.641,89.62,1.641,11.313,0.438
5,ec.gp.GPIndividual@83419587{-1749005025},3C_20_80-02.txt,35.738,0.250,8.935,3,8.047,90.06,2.682,11.313,0.438
5,ec.gp.GPIndividual@83419587{-1749005025},3C_20_80-01.txt,4.194,0.250,1.049,1,2.109,201.16,2.109,11.313,0.438
5,ec.gp.GPIndividual@83419587{-1749005025},3C_20_80-03.txt,169.439,0.250,42.360,2,1.422,3.36,0.711,11.313,0.438
5,ec.gp.GPIndividual@83419587{-1749005025},3C_20_66-02.txt,154.245,0.250,38.561,1,1.313,3.40,1.313,11.313,0.438
5,ec.gp.GPIndividual@234916452{-1800447846},3C_20_50-02.txt,61.404,0.250,15.351,8,15.625,101.78,1.953,6.063,0.516
5,ec.gp.GPIndividual@234916452{-1800447846},3C_20_80-02.txt,35.738,0.250,8.935,1,1.234,13.82,1.234,6.063,0.516
5,ec.gp.GPIndividual@234916452{-1800447846},3C_20_80-03.txt,169.439,0.250,42.360,2,0.484,1.14,0.242,6.063,0.000
5,ec.gp.GPIndividual@234916452{-1800447846},3C_20_50-03.txt,30.993,0.250,7.748,2,4.313,55.66,2.156,6.063,0.000
5,ec.gp.GPIndividual@234916452{-1800447846},3C_20_80-01.txt,4.194,0.250,1.049,4,1.188,113.24,0.297,6.063,0.000
5,ec.gp.GPIndividual@234916452{-1800447846},3C_20_66-01.txt,7.322,0.250,1.831,1,0.328,17.92,0.328,6.063,0.000
5,ec.gp.GPIndividual@234916452{-1800447846},3C_20_80-02.txt,35.738,0.250,8.935,3,9.516,106.50,3.172,6.063,0.000
5,ec.gp.GPIndividual@651190583{911128124},3C_20_50-02.txt,61.404,0.250,15.351,0,0.000,0.00,0.000,0.000,0.000
5,ec.gp.GPIndividual@651190583{911128124},3C_20_50-03.txt,30.993,0.250,7.748,0,0.000,0.00,0.000,0.000,0.000
5,ec.gp.GPIndividual@651190583{911128124},3C_20_66-01.txt,7.322,0.250,1.831,0,0.000,0.00,0.000,0.000,0.000
5,ec.gp.GPIndividual@651190583{911128124},3C_20_66-02.txt,154.245,0.250,38.561,0,0.000,0.00,0.000,0.000,0.000
5,ec.gp.GPIndividual@651190583{911128124},3C_20_66-03.txt,118.340,0.250,29.585,0,0.000,0.00,0.000,0.000,0.000
5,ec.gp.GPIndividual@651190583{911128124},3C_20_80-01.txt,4.194,0.250,1.049,0,0.000,0.00,0.000,0.000,0.000
5,ec.gp.GPIndividual@651190583{911128124},3C_20_80-02.txt,35.738,0.250,8.935,0,0.000,0.00,0.000,0.000,0.000
5,ec.gp.GPIndividual@651190583{911128124},3C_20_80-03.txt,169.439,0.250,42.360,0,0.000,0.00,0.000,0.000,0.000
5,ec.gp.GPIndividual@806341390{387185237},3C_20_50-02.txt,61.404,0.250,15.351,0,0.000,0.00,0.000,0.000,0.000
5,ec.gp.GPIndividual@806341390{387185237},3C_20_50-03.txt,30.993,0.250,7.748,4,5.828,75.22,1.457,1.875,1.172
5,ec.gp.GPIndividual@806341390{387185237},3C_20_66-02.txt,154.245,0.250,38.561,2,3.500,9.08,1.750,2.094,1.172
5,ec.gp.GPIndividual@806341390{387185237},3C_20_80-03.txt,169.439,0.250,42.360,7,15.172,35.82,2.167,5.625,0.000
5,ec.gp.GPIndividual@806341390{387185237},3C_20_66-03.txt,118.340,0.250,29.585,2,6.172,20.86,3.086,5.625,0.000
5,ec.gp.GPIndividual@806341390{387185237},3C_20_66-01.txt,7.322,0.250,1.831,0,0.000,0.00,0.000,5.625,0.000
5,ec.gp.GPIndividual@806341390{387185237},3C_20_66-02.txt,154.245,0.250,38.561,0,0.000,0.00,0.000,5.625,0.000
5,ec.gp.GPIndividual@806341390{387185237},3C_20_66-03.txt,118.340,0.250,29.585,5,30.953,104.62,6.191,7.625,0.000
5,ec.gp.GPIndividual@1290473794{-1921463116},3C_20_50-02.txt,61.404,0.250,15.351,3,17.516,114.10,5.839,14.594,0.359
5,ec.gp.GPIndividual@1290473794{-1921463116},3C_20_80-01.txt,4.194,0.250,1.049,0,0.000,0.00,0.000,14.594,0.359
5,ec.gp.GPIndividual@1290473794{-1921463116},3C_20_80-02.txt,35.738,0.250,8.935,1,0.328,3.67,0.328,14.594,0.328
5,ec.gp.GPIndividual@1290473794{-1921463116},3C_20_66-03.txt,118.340,0.250,29.585,1,5.297,17.90,5.297,14.594,0.328
5,ec.gp.GPIndividual@1290473794{-1921463116},3C_20_80-01.txt,4.194,0.250,1.049,1,11.125,1060.92,11.125,14.594,0.328
5,ec.gp.GPIndividual@1290473794{-1921463116},3C_20_80-03.txt,169.439,0.250,42.360,1,9.469,22.35,9.469,14.594,0.328
5,ec.gp.GPIndividual@859855593{-1249145111},3C_20_50-02.txt,61.404,0.250,15.351,6,9.172,59.75,1.529,2.219,0.531
5,ec.gp.GPIndividual@859855593{-1249145111},3C_20_80-02.txt,35.738,0.250,8.935,2,3.750,41.97,1.875,2.484,0.531
5,ec.gp.GPIndividual@859855593{-1249145111},3C_20_50-03.txt,30.993,0.250,7.748,2,5.891,76.03,2.945,4.500,0.531
5,ec.gp.GPIndividual@859855593{-1249145111},3C_20_80-03.txt,169.439,0.250,42.360,0,0.000,0.00,0.000,4.500,0.531
5,ec.gp.GPIndividual@1498317167{387511023},3C_20_50-02.txt,61.404,0.250,15.351,6,13.844,90.18,2.307,5.734,0.516
5,ec.gp.GPIndividual@1498317167{387511023},3C_20_80-03.txt,169.439,0.250,42.360,1,1.266,2.99,1.266,5.734,0.516
5,ec.gp.GPIndividual@682950198{-1022737677},3C_20_50-02.txt,61.404,0.250,15.351,0,0.000,0.00,0.000,0.000,0.000
5,ec.gp.GPIndividual@682950198{-1022737677},3C_20_50-03.txt,30.993,0.250,7.748,0,0.000,0.00,0.000,0.000,0.000
5,ec.gp.GPIndividual@682950198{-1022737677},3C_20_66-01.txt,7.322,0.250,1.831,0,0.000,0.00,0.000,0.000,0.000
5,ec.gp.GPIndividual@682950198{-1022737677},3C_20_66-02.txt,154.245,0.250,38.561,0,0.000,0.00,0.000,0.000,0.000
5,ec.gp.GPIndividual@682950198{-1022737677},3C_20_66-03.txt,118.340,0.250,29.585,0,0.000,0.00,0.000,0.000,0.000
5,ec.gp.GPIndividual@682950198{-1022737677},3C_20_80-01.txt,4.194,0.250,1.049,0,0.000,0.00,0.000,0.000,0.000
5,ec.gp.GPIndividual@682950198{-1022737677},3C_20_80-02.txt,35.738,0.250,8.935,5,8.328,93.21,1.666,3.219,0.000
5,ec.gp.GPIndividual@682950198{-1022737677},3C_20_50-03.txt,30.993,0.250,7.748,4,9.969,128.66,2.492,3.656,0.000
5,ec.gp.GPIndividual@682950198{-1022737677},3C_20_50-03.txt,30.993,0.250,7.748,1,0.031,0.40,0.031,3.656,0.000
5,ec.gp.GPIndividual@682950198{-1022737677},3C_20_80-03.txt,169.439,0.250,42.360,0,0.000,0.00,0.000,3.656,0.000
5,ec.gp.GPIndividual@1834314043{-537173325},3C_20_50-02.txt,61.404,0.250,15.351,1,0.000,0.00,0.000,0.000,0.000
5,ec.gp.GPIndividual@1834314043{-537173325},3C_20_50-03.txt,30.993,0.250,7.748,1,0.000,0.00,0.000,0.000,0.000
5,ec.gp.GPIndividual@1834314043{-537173325},3C_20_66-01.txt,7.322,0.250,1.831,1,0.000,0.00,0.000,0.000,0.000
5,ec.gp.GPIndividual@1834314043{-537173325},3C_20_66-02.txt,154.245,0.250,38.561,1,0.000,0.00,0.000,0.000,0.000
5,ec.gp.GPIndividual@1834314043{-537173325},3C_20_66-03.txt,118.340,0.250,29.585,1,0.000,0.00,0.000,0.000,0.000
5,ec.gp.GPIndividual@1834314043{-537173325},3C_20_80-01.txt,4.194,0.250,1.049,1,0.000,0.00,0.000,0.000,0.000
5,ec.gp.GPIndividual@1834314043{-537173325},3C_20_80-02.txt,35.738,0.250,8.935,1,0.000,0.00,0.000,0.000,0.000
5,ec.gp.GPIndividual@1834314043{-537173325},3C_20_80-03.txt,169.439,0.250,42.360,1,0.000,0.00,0.000,0.000,0.000
5,ec.gp.GPIndividual@1277606786{709688452},3C_20_50-02.txt,61.404,0.250,15.351,2,1.406,9.16,0.703,1.063,0.344
5,ec.gp.GPIndividual@1277606786{709688452},3C_20_80-01.txt,4.194,0.250,1.049,2,4.250,405.29,2.125,3.719,0.344
5,ec.gp.GPIndividual@678573787{746334153},3C_20_50-02.txt,61.404,0.250,15.351,1,0.328,2.14,0.328,0.328,0.328
5,ec.gp.GPIndividual@678573787{746334153},3C_20_80-02.txt,35.738,0.250,8.935,7,9.141,102.31,1.306,3.156,0.000
5,ec.gp.GPIndividual@678573787{746334153},3C_20_66-01.txt,7.322,0.250,1.831,1,0.344,18.78,0.344,3.156,0.000
5,ec.gp.GPIndividual@678573787{746334153},3C_20_50-03.txt,30.993,0.250,7.748,1,3.219,41.54,3.219,3.219,0.000
5,ec.gp.GPIndividual@678573787{746334153},3C_20_66-01.txt,7.322,0.250,1.831,2,2.781,151.94,1.391,3.219,0.000
5,ec.gp.GPIndividual@678573787{746334153},3C_20_80-03.txt,169.439,0.250,42.360,2,2.781,6.57,1.391,3.219,0.000
5,ec.gp.GPIndividual@678573787{746334153},3C_20_66-02.txt,154.245,0.250,38.561,8,9.313,24.15,1.164,3.219,0.000
5,ec.gp.GPIndividual@678573787{746334153},3C_20_50-03.txt,30.993,0.250,7.748,4,8.813,113.74,2.203,4.391,0.000
5,ec.gp.GPIndividual@678573787{746334153},3C_20_66-01.txt,7.322,0.250,1.831,4,1.922,104.99,0.480,4.391,0.000
5,ec.gp.GPIndividual@678573787{746334153},3C_20_66-03.txt,118.340,0.250,29.585,6,14.422,48.75,2.404,5.859,0.000
5,ec.gp.GPIndividual@678573787{746334153},3C_20_66-01.txt,7.322,0.250,1.831,2,2.469,134.86,1.234,5.859,0.000
5,ec.gp.GPIndividual@678573787{746334153},3C_20_66-02.txt,154.245,0.250,38.561,2,1.156,3.00,0.578,5.859,0.000
5,ec.gp.GPIndividual@678573787{746334153},3C_20_66-02.txt,154.245,0.250,38.561,1,1.453,3.77,1.453,5.859,0.000
5,ec.gp.GPIndividual@678573787{746334153},3C_20_66-02.txt,154.245,0.250,38.561,13,44.844,116.29,3.450,9.813,0.000
5,ec.gp.GPIndividual@678573787{746334153},3C_20_66-01.txt,7.322,0.250,1.831,1,2.516,137.42,2.516,9.813,0.000
5,ec.gp.GPIndividual@678573787{746334153},3C_20_66-03.txt,118.340,0.250,29.585,2,2.953,9.98,1.477,9.813,0.000
5,ec.gp.GPIndividual@678573787{746334153},3C_20_66-03.txt,118.340,0.250,29.585,2,4.313,14.58,2.156,9.813,0.000
5,ec.gp.GPIndividual@678573787{746334153},3C_20_80-01.txt,4.194,0.250,1.049,1,0.531,50.66,0.531,9.813,0.000
5,ec.gp.GPIndividual@678573787{746334153},3C_20_80-02.txt,35.738,0.250,8.935,2,2.516,28.16,1.258,9.813,0.000
5,ec.gp.GPIndividual@678573787{746334153},3C_20_66-02.txt,154.245,0.250,38.561,11,33.234,86.19,3.021,9.813,0.000
5,ec.gp.GPIndividual@678573787{746334153},3C_20_66-03.txt,118.340,0.250,29.585,2,15.188,51.34,7.594,11.359,0.000
5,ec.gp.GPIndividual@678573787{746334153},3C_20_66-03.txt,118.340,0.250,29.585,2,10.656,36.02,5.328,11.359,0.000
5,ec.gp.GPIndividual@678573787{746334153},3C_20_80-03.txt,169.439,0.250,42.360,2,17.719,41.83,8.859,12.031,0.000
5,ec.gp.GPIndividual@120793801{-1809513618},3C_20_50-02.txt,61.404,0.250,15.351,5,15.141,98.63,3.028,6.609,0.359
5,ec.gp.GPIndividual@1756364632{-829063292},3C_20_50-02.txt,61.404,0.250,15.351,1,13.984,91.10,13.984,13.984,13.984
5,ec.gp.GPIndividual@1756364632{-829063292},3C_20_80-03.txt,169.439,0.250,42.360,2,16.406,38.73,8.203,16.125,0.281
5,ec.gp.GPIndividual@1756364632{-829063292},3C_20_50-03.txt,30.993,0.250,7.748,1,7.344,94.78,7.344,16.125,0.281
5,ec.gp.GPIndividual@1756364632{-829063292},3C_20_80-02.txt,35.738,0.250,8.935,1,3.203,35.85,3.203,16.125,0.281
5,ec.gp.GPIndividual@79280540{-504832410},3C_20_50-02.txt,61.404,0.250,15.351,8,15.672,102.09,1.959,4.391,0.281
5,ec.gp.GPIndividual@990980336{40905192},3C_20_50-02.txt,61.404,0.250,15.351,11,16.844,109.72,1.531,2.469,0.297
5,ec.gp.GPIndividual@990980336{40905192},3C_20_50-03.txt,30.993,0.250,7.748,2,3.250,41.95,1.625,2.984,0.266
5,ec.gp.GPIndividual@990980336{40905192},3C_20_50-03.txt,30.993,0.250,7.748,2,4.875,62.92,2.438,3.438,0.266
5,ec.gp.GPIndividual@990980336{40905192},3C_20_80-03.txt,169.439,0.250,42.360,1,1.797,4.24,1.797,3.438,0.266
5,ec.gp.GPIndividual@990980336{40905192},3C_20_66-01.txt,7.322,0.250,1.831,1,3.109,169.86,3.109,3.438,0.266
5,ec.gp.GPIndividual@990980336{40905192},3C_20_66-01.txt,7.322,0.250,1.831,1,3.125,170.71,3.125,3.438,0.266
5,ec.gp.GPIndividual@990980336{40905192},3C_20_50-03.txt,30.993,0.250,7.748,2,1.594,20.57,0.797,3.438,0.266
5,ec.gp.GPIndividual@990980336{40905192},3C_20_66-02.txt,154.245,0.250,38.561,14,39.531,102.52,2.824,9.391,0.266
5,ec.gp.GPIndividual@990980336{40905192},3C_20_66-01.txt,7.322,0.250,1.831,1,9.078,495.92,9.078,9.391,0.266
5,ec.gp.GPIndividual@990980336{40905192},3C_20_66-02.txt,154.245,0.250,38.561,2,4.109,10.66,2.055,9.391,0.266
5,ec.gp.GPIndividual@990980336{40905192},3C_20_66-01.txt,7.322,0.250,1.831,1,5.828,318.38,5.828,9.391,0.266
5,ec.gp.GPIndividual@990980336{40905192},3C_20_66-03.txt,118.340,0.250,29.585,3,13.484,45.58,4.495,11.875,0.266
5,ec.gp.GPIndividual@361583762{1864674411},3C_20_50-02.txt,61.404,0.250,15.351,0,0.000,0.00,0.000,0.000,0.000
5,ec.gp.GPIndividual@361583762{1864674411},3C_20_50-03.txt,30.993,0.250,7.748,0,0.000,0.00,0.000,0.000,0.000
5,ec.gp.GPIndividual@361583762{1864674411},3C_20_66-01.txt,7.322,0.250,1.831,0,0.000,0.00,0.000,0.000,0.000
5,ec.gp.GPIndividual@361583762{1864674411},3C_20_66-02.txt,154.245,0.250,38.561,0,0.000,0.00,0.000,0.000,0.000
5,ec.gp.GPIndividual@361583762{1864674411},3C_20_66-03.txt,118.340,0.250,29.585,0,0.000,0.00,0.000,0.000,0.000
5,ec.gp.GPIndividual@361583762{1864674411},3C_20_80-01.txt,4.194,0.250,1.049,0,0.000,0.00,0.000,0.000,0.000
5,ec.gp.GPIndividual@361583762{1864674411},3C_20_80-02.txt,35.738,0.250,8.935,0,0.000,0.00,0.000,0.000,0.000
5,ec.gp.GPIndividual@361583762{1864674411},3C_20_80-03.txt,169.439,0.250,42.360,0,0.000,0.00,0.000,0.000,0.000
5,ec.gp.GPIndividual@123314123{2107629999},3C_20_50-02.txt,61.404,0.250,15.351,14,15.453,100.66,1.104,3.359,0.125
5,ec.gp.GPIndividual@123314123{2107629999},3C_20_66-02.txt,154.245,0.250,38.561,4,4.578,11.87,1.145,3.359,0.125
5,ec.gp.GPIndividual@123314123{2107629999},3C_20_80-01.txt,4.194,0.250,1.049,3,1.438,137.08,0.479,3.359,0.125
5,ec.gp.GPIndividual@123314123{2107629999},3C_20_80-02.txt,35.738,0.250,8.935,7,8.016,89.72,1.145,3.359,0.125
5,ec.gp.GPIndividual@123314123{2107629999},3C_20_80-03.txt,169.439,0.250,42.360,2,2.500,5.90,1.250,3.359,0.125
5,ec.gp.GPIndividual@123314123{2107629999},3C_20_50-03.txt,30.993,0.250,7.748,1,2.672,34.48,2.672,3.359,0.125
5,ec.gp.GPIndividual@123314123{2107629999},3C_20_66-03.txt,118.340,0.250,29.585,1,3.234,10.93,3.234,3.359,0.125
5,ec.gp.GPIndividual@123314123{2107629999},3C_20_66-02.txt,154.245,0.250,38.561,13,34.266,88.86,2.636,4.813,0.125
5,ec.gp.GPIndividual@1036220405{-583701015},3C_20_50-02.txt,61.404,0.250,15.351,3,10.813,70.43,3.604,5.516,0.422
5,ec.gp.GPIndividual@1036220405{-583701015},3C_20_80-01.txt,4.194,0.250,1.049,2,6.500,619.86,3.250,6.063,0.422
5,ec.gp.GPIndividual@1036220405{-583701015},3C_20_66-03.txt,118.340,0.250,29.585,2,1.734,5.86,0.867,6.063,0.281
5,ec.gp.GPIndividual@1036220405{-583701015},3C_20_50-03.txt,30.993,0.250,7.748,2,2.016,26.01,1.008,6.063,0.281
5,ec.gp.GPIndividual@1036220405{-583701015},3C_20_80-02.txt,35.738,0.250,8.935,1,15.047,168.41,15.047,15.047,0.281
5,ec.gp.GPIndividual@1036220405{-583701015},3C_20_66-03.txt,118.340,0.250,29.585,1,4.047,13.68,4.047,15.047,0.281
5,ec.gp.GPIndividual@1036220405{-583701015},3C_20_66-01.txt,7.322,0.250,1.831,1,3.047,166.45,3.047,15.047,0.281
5,ec.gp.GPIndividual@1036220405{-583701015},3C_20_66-01.txt,7.322,0.250,1.831,2,2.328,127.18,1.164,15.047,0.281
5,ec.gp.GPIndividual@1036220405{-583701015},3C_20_80-03.txt,169.439,0.250,42.360,5,7.922,18.70,1.584,15.047,0.281
5,ec.gp.GPIndividual@1036220405{-583701015},3C_20_66-02.txt,154.245,0.250,38.561,8,10.797,28.00,1.350,15.047,0.000
5,ec.gp.GPIndividual@1036220405{-583701015},3C_20_66-02.txt,154.245,0.250,38.561,1,1.031,2.67,1.031,15.047,0.000
5,ec.gp.GPIndividual@1036220405{-583701015},3C_20_66-03.txt,118.340,0.250,29.585,10,28.953,97.86,2.895,15.047,0.000
5,ec.gp.GPIndividual@1036220405{-583701015},3C_20_80-01.txt,4.194,0.250,1.049,2,0.734,70.03,0.367,15.047,0.000
5,ec.gp.GPIndividual@1036220405{-583701015},3C_20_80-02.txt,35.738,0.250,8.935,2,11.563,129.41,5.781,15.047,0.000
5,ec.gp.GPIndividual@1769597782{-1913657235},3C_20_50-02.txt,61.404,0.250,15.351,0,0.000,0.00,0.000,0.000,0.000
5,ec.gp.GPIndividual@1769597782{-1913657235},3C_20_50-03.txt,30.993,0.250,7.748,0,0.000,0.00,0.000,0.000,0.000
5,ec.gp.GPIndividual@1769597782{-1913657235},3C_20_66-01.txt,7.322,0.250,1.831,0,0.000,0.00,0.000,0.000,0.000
5,ec.gp.GPIndividual@1769597782{-1913657235},3C_20_66-02.txt,154.245,0.250,38.561,0,0.000,0.00,0.000,0.000,0.000
5,ec.gp.GPIndividual@1769597782{-1913657235},3C_20_66-03.txt,118.340,0.250,29.585,0,0.000,0.00,0.000,0.000,0.000
5,ec.gp.GPIndividual@1769597782{-1913657235},3C_20_80-01.txt,4.194,0.250,1.049,0,0.000,0.00,0.000,0.000,0.000
5,ec.gp.GPIndividual@1769597782{-1913657235},3C_20_80-02.txt,35.738,0.250,8.935,0,0.000,0.00,0.000,0.000,0.000
5,ec.gp.GPIndividual@1769597782{-1913657235},3C_20_80-03.txt,169.439,0.250,42.360,0,0.000,0.00,0.000,0.000,0.000
5,ec.gp.GPIndividual@371959916{-410976350},3C_20_50-02.txt,61.404,0.250,15.351,0,0.000,0.00,0.000,0.000,0.000
5,ec.gp.GPIndividual@371959916{-410976350},3C_20_50-03.txt,30.993,0.250,7.748,0,0.000,0.00,0.000,0.000,0.000
5,ec.gp.GPIndividual@371959916{-410976350},3C_20_66-01.txt,7.322,0.250,1.831,0,0.000,0.00,0.000,0.000,0.000
5,ec.gp.GPIndividual@371959916{-410976350},3C_20_66-02.txt,154.245,0.250,38.561,0,0.000,0.00,0.000,0.000,0.000
5,ec.gp.GPIndividual@371959916{-410976350},3C_20_66-03.txt,118.340,0.250,29.585,0,0.000,0.00,0.000,0.000,0.000
5,ec.gp.GPIndividual@371959916{-410976350},3C_20_80-01.txt,4.194,0.250,1.049,0,0.000,0.00,0.000,0.000,0.000
5,ec.gp.GPIndividual@371959916{-410976350},3C_20_80-02.txt,35.738,0.250,8.935,0,0.000,0.00,0.000,0.000,0.000
5,ec.gp.GPIndividual@371959916{-410976350},3C_20_80-03.txt,169.439,0.250,42.360,0,0.000,0.00,0.000,0.000,0.000
5,ec.gp.GPIndividual@1436464531{-1148296178},3C_20_50-02.txt,61.404,0.250,15.351,3,6.141,40.00,2.047,4.094,0.250
5,ec.gp.GPIndividual@1436464531{-1148296178},3C_20_66-03.txt,118.340,0.250,29.585,1,0.984,3.33,0.984,4.094,0.250
5,ec.gp.GPIndividual@1436464531{-1148296178},3C_20_80-03.txt,169.439,0.250,42.360,2,15.828,37.37,7.914,12.766,0.250
5,ec.gp.GPIndividual@1436464531{-1148296178},3C_20_80-01.txt,4.194,0.250,1.049,1,1.297,123.67,1.297,12.766,0.250
5,ec.gp.GPIndividual@1436464531{-1148296178},3C_20_50-03.txt,30.993,0.250,7.748,5,10.703,138.14,2.141,12.766,0.250
5,ec.gp.GPIndividual@1436464531{-1148296178},3C_20_80-01.txt,4.194,0.250,1.049,3,1.000,95.36,0.333,12.766,0.000
5,ec.gp.GPIndividual@1436464531{-1148296178},3C_20_66-01.txt,7.322,0.250,1.831,1,4.750,259.49,4.750,12.766,0.000
5,ec.gp.GPIndividual@1743124789{-299150905},3C_20_50-02.txt,61.404,0.250,15.351,0,0.000,0.00,0.000,0.000,0.000
5,ec.gp.GPIndividual@1743124789{-299150905},3C_20_50-03.txt,30.993,0.250,7.748,0,0.000,0.00,0.000,0.000,0.000
5,ec.gp.GPIndividual@1743124789{-299150905},3C_20_66-01.txt,7.322,0.250,1.831,0,0.000,0.00,0.000,0.000,0.000
5,ec.gp.GPIndividual@1743124789{-299150905},3C_20_66-02.txt,154.245,0.250,38.561,0,0.000,0.00,0.000,0.000,0.000
5,ec.gp.GPIndividual@1743124789{-299150905},3C_20_66-03.txt,118.340,0.250,29.585,0,0.000,0.00,0.000,0.000,0.000
5,ec.gp.GPIndividual@1743124789{-299150905},3C_20_80-01.txt,4.194,0.250,1.049,0,0.000,0.00,0.000,0.000,0.000
5,ec.gp.GPIndividual@1743124789{-299150905},3C_20_80-02.txt,35.738,0.250,8.935,0,0.000,0.00,0.000,0.000,0.000
5,ec.gp.GPIndividual@1743124789{-299150905},3C_20_80-03.txt,169.439,0.250,42.360,0,0.000,0.00,0.000,0.000,0.000
5,ec.gp.GPIndividual@566188099{253144285},3C_20_50-02.txt,61.404,0.250,15.351,4,16.797,109.42,4.199,15.188,0.234
5,ec.gp.GPIndividual@1792129153{1415604201},3C_20_50-02.txt,61.404,0.250,15.351,7,5.750,37.46,0.821,1.063,0.219
5,ec.gp.GPIndividual@1792129153{1415604201},3C_20_50-03.txt,30.993,0.250,7.748,7,7.984,103.05,1.141,2.063,0.219
5,ec.gp.GPIndividual@1792129153{1415604201},3C_20_66-03.txt,118.340,0.250,29.585,1,0.734,2.48,0.734,2.063,0.219
5,ec.gp.GPIndividual@1792129153{1415604201},3C_20_50-03.txt,30.993,0.250,7.748,2,2.578,33.27,1.289,2.578,0.000
5,ec.gp.GPIndividual@1792129153{1415604201},3C_20_66-01.txt,7.322,0.250,1.831,3,1.750,95.60,0.583,2.578,0.000
5,ec.gp.GPIndividual@1792129153{1415604201},3C_20_80-03.txt,169.439,0.250,42.360,2,1.422,3.36,0.711,2.578,0.000
5,ec.gp.GPIndividual@1792129153{1415604201},3C_20_66-02.txt,154.245,0.250,38.561,5,10.766,27.92,2.153,3.406,0.000
5,ec.gp.GPIndividual@1792129153{1415604201},3C_20_66-03.txt,118.340,0.250,29.585,6,19.219,64.96,3.203,4.344,0.000
5,ec.gp.GPIndividual@1792129153{1415604201},3C_20_80-01.txt,4.194,0.250,1.049,2,0.484,46.19,0.242,4.344,0.000
5,ec.gp.GPIndividual@1792129153{1415604201},3C_20_80-02.txt,35.738,0.250,8.935,2,1.969,22.04,0.984,4.344,0.000
5,ec.gp.GPIndividual@1792129153{1415604201},3C_20_80-03.txt,169.439,0.250,42.360,3,25.359,59.87,8.453,11.141,0.000
5,ec.gp.GPIndividual@1792129153{1415604201},3C_20_80-01.txt,4.194,0.250,1.049,4,0.922,87.91,0.230,11.141,0.000
5,ec.gp.GPIndividual@1792129153{1415604201},3C_20_80-02.txt,35.738,0.250,8.935,4,7.547,84.47,1.887,11.141,0.000
5,ec.gp.GPIndividual@1534537760{1534156638},3C_20_50-02.txt,61.404,0.250,15.351,8,17.719,115.42,2.215,10.469,0.328
5,ec.gp.GPIndividual@1534537760{1534156638},3C_20_66-01.txt,7.322,0.250,1.831,1,0.719,39.26,0.719,10.469,0.328
5,ec.gp.GPIndividual@1534537760{1534156638},3C_20_66-02.txt,154.245,0.250,38.561,2,5.484,14.22,2.742,10.469,0.328
5,ec.gp.GPIndividual@1534537760{1534156638},3C_20_80-03.txt,169.439,0.250,42.360,7,29.891,70.56,4.270,11.313,0.328
5,ec.gp.GPIndividual@371444262{-586823707},3C_20_50-02.txt,61.404,0.250,15.351,2,9.969,64.94,4.984,9.797,0.172
5,ec.gp.GPIndividual@371444262{-586823707},3C_20_66-03.txt,118.340,0.250,29.585,8,20.797,70.30,2.600,9.797,0.172
5,ec.gp.GPIndividual@371444262{-586823707},3C_20_80-01.txt,4.194,0.250,1.049,1,0.453,43.21,0.453,9.797,0.172
5,ec.gp.GPIndividual@371444262{-586823707},3C_20_80-02.txt,35.738,0.250,8.935,3,17.141,191.85,5.714,9.922,0.172
5,ec.gp.GPIndividual@371444262{-586823707},3C_20_50-03.txt,30.993,0.250,7.748,7,8.203,105.87,1.172,9.922,0.172
5,ec.gp.GPIndividual@371444262{-586823707},3C_20_66-01.txt,7.322,0.250,1.831,1,1.266,69.14,1.266,9.922,0.172
5,ec.gp.GPIndividual@371444262{-586823707},3C_20_66-01.txt,7.322,0.250,1.831,1,0.969,52.92,0.969,9.922,0.172
5,ec.gp.GPIndividual@371444262{-586823707},3C_20_80-03.txt,169.439,0.250,42.360,2,0.828,1.95,0.414,9.922,0.172
5,ec.gp.GPIndividual@371444262{-586823707},3C_20_66-02.txt,154.245,0.250,38.561,1,0.391,1.01,0.391,9.922,0.172
5,ec.gp.GPIndividual@371444262{-586823707},3C_20_66-02.txt,154.245,0.250,38.561,13,46.219,119.86,3.555,12.703,0.172
5,ec.gp.GPIndividual@371444262{-586823707},3C_20_66-03.txt,118.340,0.250,29.585,1,2.078,7.02,2.078,12.703,0.172
5,ec.gp.GPIndividual@371444262{-586823707},3C_20_66-03.txt,118.340,0.250,29.585,3,14.484,48.96,4.828,12.703,0.172
5,ec.gp.GPIndividual@486158636{1749814448},3C_20_50-02.txt,61.404,0.250,15.351,5,6.766,44.07,1.353,5.766,0.031
5,ec.gp.GPIndividual@486158636{1749814448},3C_20_50-03.txt,30.993,0.250,7.748,4,4.781,61.71,1.195,5.766,0.031
5,ec.gp.GPIndividual@486158636{1749814448},3C_20_66-01.txt,7.322,0.250,1.831,7,1.453,79.38,0.208,5.766,0.000
5,ec.gp.GPIndividual@486158636{1749814448},3C_20_66-02.txt,154.245,0.250,38.561,9,28.344,73.50,3.149,10.750,0.000
5,ec.gp.GPIndividual@486158636{1749814448},3C_20_66-03.txt,118.340,0.250,29.585,5,20.250,68.45,4.050,10.750,0.000
5,ec.gp.GPIndividual@486158636{1749814448},3C_20_80-01.txt,4.194,0.250,1.049,3,0.672,64.07,0.224,10.750,0.000
5,ec.gp.GPIndividual@486158636{1749814448},3C_20_80-02.txt,35.738,0.250,8.935,6,4.234,47.39,0.706,10.750,0.000
5,ec.gp.GPIndividual@486158636{1749814448},3C_20_80-03.txt,169.439,0.250,42.360,2,17.438,41.17,8.719,16.656,0.000
6,ec.gp.GPIndividual@1230559187{1801589874},3C_20_50-02.txt,61.404,0.250,15.351,0,0.000,0.00,0.000,0.000,0.000
6,ec.gp.GPIndividual@1230559187{1801589874},3C_20_50-03.txt,30.993,0.250,7.748,0,0.000,0.00,0.000,0.000,0.000
6,ec.gp.GPIndividual@1230559187{1801589874},3C_20_66-01.txt,7.322,0.250,1.831,0,0.000,0.00,0.000,0.000,0.000
6,ec.gp.GPIndividual@1230559187{1801589874},3C_20_66-02.txt,154.245,0.250,38.561,0,0.000,0.00,0.000,0.000,0.000
6,ec.gp.GPIndividual@1230559187{1801589874},3C_20_66-03.txt,118.340,0.250,29.585,0,0.000,0.00,0.000,0.000,0.000
6,ec.gp.GPIndividual@1230559187{1801589874},3C_20_80-01.txt,4.194,0.250,1.049,0,0.000,0.00,0.000,0.000,0.000
6,ec.gp.GPIndividual@1230559187{1801589874},3C_20_80-02.txt,35.738,0.250,8.935,0,0.000,0.00,0.000,0.000,0.000
6,ec.gp.GPIndividual@1230559187{1801589874},3C_20_80-03.txt,169.439,0.250,42.360,0,0.000,0.00,0.000,0.000,0.000
6,ec.gp.GPIndividual@1563279035{-726112813},3C_20_50-02.txt,61.404,0.250,15.351,4,1.688,10.99,0.422,0.422,0.422
6,ec.gp.GPIndividual@1563279035{-726112813},3C_20_50-03.txt,30.993,0.250,7.748,6,8.234,106.28,1.372,1.891,0.422
6,ec.gp.GPIndividual@1563279035{-726112813},3C_20_50-03.txt,30.993,0.250,7.748,3,3.938,50.82,1.313,1.891,0.422
6,ec.gp.GPIndividual@1563279035{-726112813},3C_20_50-03.txt,30.993,0.250,7.748,1,3.281,42.35,3.281,3.281,0.422
6,ec.gp.GPIndividual@1563279035{-726112813},3C_20_66-01.txt,7.322,0.250,1.831,1,2.250,122.91,2.250,3.281,0.422
6,ec.gp.GPIndividual@1563279035{-726112813},3C_20_50-03.txt,30.993,0.250,7.748,1,0.906,11.70,0.906,3.281,0.422
6,ec.gp.GPIndividual@1563279035{-726112813},3C_20_66-02.txt,154.245,0.250,38.561,1,2.438,6.32,2.438,3.281,0.422
6,ec.gp.GPIndividual@1563279035{-726112813},3C_20_50-03.txt,30.993,0.250,7.748,1,2.141,27.63,2.141,3.281,0.422
6,ec.gp.GPIndividual@1563279035{-726112813},3C_20_50-03.txt,30.993,0.250,7.748,2,6.406,82.68,3.203,3.281,0.422
6,ec.gp.GPIndividual@1563279035{-726112813},3C_20_66-01.txt,7.322,0.250,1.831,1,2.547,139.13,2.547,3.281,0.422
6,ec.gp.GPIndividual@1563279035{-726112813},3C_20_66-03.txt,118.340,0.250,29.585,2,5.234,17.69,2.617,3.281,0.422
6,ec.gp.GPIndividual@1563279035{-726112813},3C_20_66-01.txt,7.322,0.250,1.831,1,0.844,46.09,0.844,3.281,0.422
6,ec.gp.GPIndividual@1563279035{-726112813},3C_20_66-02.txt,154.245,0.250,38.561,1,3.203,8.31,3.203,3.281,0.422
6,ec.gp.GPIndividual@1563279035{-726112813},3C_20_66-01.txt,7.322,0.250,1.831,1,3.188,174.13,3.188,3.281,0.422
6,ec.gp.GPIndividual@1563279035{-726112813},3C_20_66-01.txt,7.322,0.250,1.831,1,0.844,46.09,0.844,3.281,0.422
6,ec.gp.GPIndividual@1563279035{-726112813},3C_20_66-02.txt,154.245,0.250,38.561,1,0.859,2.23,0.859,3.281,0.422
6,ec.gp.GPIndividual@1563279035{-726112813},3C_20_66-02.txt,154.245,0.250,38.561,3,3.328,8.63,1.109,3.281,0.422
6,ec.gp.GPIndividual@1563279035{-726112813},3C_20_66-02.txt,154.245,0.250,38.561,9,21.578,55.96,2.398,5.891,0.422
6,ec.gp.GPIndividual@1563279035{-726112813},3C_20_80-01.txt,4.194,0.250,1.049,1,1.875,178.81,1.875,5.891,0.422
6,ec.gp.GPIndividual@1563279035{-726112813},3C_20_66-03.txt,118.340,0.250,29.585,3,3.266,11.04,1.089,5.891,0.422
6,ec.gp.GPIndividual@1563279035{-726112813},3C_20_80-02.txt,35.738,0.250,8.935,4,9.000,100.73,2.250,5.891,0.422
6,ec.gp.GPIndividual@1563279035{-726112813},3C_20_80-03.txt,169.439,0.250,42.360,2,2.500,5.90,1.250,5.891,0.422
6,ec.gp.GPIndividual@1563279035{-726112813},3C_20_66-03.txt,118.340,0.250,29.585,1,2.609,8.82,2.609,5.891,0.422
6,ec.gp.GPIndividual@1563279035{-726112813},3C_20_66-03.txt,118.340,0.250,29.585,1,6.406,21.65,6.406,6.406,0.422
6,ec.gp.GPIndividual@1563279035{-726112813},3C_20_66-01.txt,7.322,0.250,1.831,4,1.609,87.92,0.402,6.406,0.000
6,ec.gp.GPIndividual@1563279035{-726112813},3C_20_66-02.txt,154.245,0.250,38.561,1,6.094,15.80,6.094,6.406,0.000
6,ec.gp.GPIndividual@1843452394{-1938214571},3C_20_50-02.txt,61.404,0.250,15.351,5,15.063,98.12,3.013,8.734,0.484
6,ec.gp.GPIndividual@1843452394{-1938214571},3C_20_50-03.txt,30.993,0.250,7.748,2,0.719,9.28,0.359,8.734,0.000
6,ec.gp.GPIndividual@1843452394{-1938214571},3C_20_66-03.txt,118.340,0.250,29.585,4,24.359,82.34,6.090,9.250,0.000
6,ec.gp.GPIndividual@1843452394{-1938214571},3C_20_66-01.txt,7.322,0.250,1.831,1,0.906,49.51,0.906,9.250,0.000
6,ec.gp.GPIndividual@1843452394{-1938214571},3C_20_66-02.txt,154.245,0.250,38.561,2,4.953,12.84,2.477,9.250,0.000
6,ec.gp.GPIndividual@1843452394{-1938214571},3C_20_80-01.txt,4.194,0.250,1.049,1,0.516,49.17,0.516,9.250,0.000
6,ec.gp.GPIndividual@1843452394{-1938214571},3C_20_80-02.txt,35.738,0.250,8.935,3,8.578,96.01,2.859,9.250,0.000
6,ec.gp.GPIndividual@1843452394{-1938214571},3C_20_66-03.txt,118.340,0.250,29.585,1,1.094,3.70,1.094,9.250,0.000
6,ec.gp.GPIndividual@1843452394{-1938214571},3C_20_80-01.txt,4.194,0.250,1.049,2,2.625,250.33,1.313,9.250,0.000
6,ec.gp.GPIndividual@1843452394{-1938214571},3C_20_80-03.txt,169.439,0.250,42.360,2,7.609,17.96,3.805,9.250,0.000
6,ec.gp.GPIndividual@1843452394{-1938214571},3C_20_80-01.txt,4.194,0.250,1.049,1,16.516,1574.98,16.516,16.516,0.000
6,ec.gp.GPIndividual@1843452394{-1938214571},3C_20_66-03.txt,118.340,0.250,29.585,1,0.516,1.74,0.516,16.516,0.000
6,ec.gp.GPIndividual@1843452394{-1938214571},3C_20_80-02.txt,35.738,0.250,8.935,2,2.656,29.73,1.328,16.516,0.000
6,ec.gp.GPIndividual@1843452394{-1938214571},3C_20_80-02.txt,35.738,0.250,8.935,1,10.813,121.02,10.813,16.516,0.000
6,ec.gp.GPIndividual@1843452394{-1938214571},3C_20_80-01.txt,4.194,0.250,1.049,1,2.156,205.63,2.156,16.516,0.000
6,ec.gp.GPIndividual@1843452394{-1938214571},3C_20_80-03.txt,169.439,0.250,42.360,2,1.969,4.65,0.984,16.516,0.000
6,ec.gp.GPIndividual@1843452394{-1938214571},3C_20_80-02.txt,35.738,0.250,8.935,3,12.250,137.11,4.083,16.516,0.000
6,ec.gp.GPIndividual@751671728{-828598677},3C_20_50-02.txt,61.404,0.250,15.351,2,1.547,10.08,0.773,1.031,0.516
6,ec.gp.GPIndividual@751671728{-828598677},3C_20_80-03.txt,169.439,0.250,42.360,1,1.875,4.43,1.875,1.875,0.516
6,ec.gp.GPIndividual@751671728{-828598677},3C_20_80-01.txt,4.194,0.250,1.049,1,2.219,211.59,2.219,2.219,0.516
6,ec.gp.GPIndividual@751671728{-828598677},3C_20_80-03.txt,169.439,0.250,42.360,1,0.516,1.22,0.516,2.219,0.516
6,ec.gp.GPIndividual@751671728{-828598677},3C_20_80-02.txt,35.738,0.250,8.935,2,10.719,119.97,5.359,8.984,0.516
6,ec.gp.GPIndividual@751671728{-828598677},3C_20_80-01.txt,4.194,0.250,1.049,1,5.063,482.78,5.063,8.984,0.516
6,ec.gp.GPIndividual@1342077997{61055212},3C_20_50-02.txt,61.404,0.250,15.351,1,0.484,3.16,0.484,0.484,0.484
6,ec.gp.GPIndividual@1342077997{61055212},3C_20_80-02.txt,35.738,0.250,8.935,6,9.781,109.48,1.630,2.438,0.484
6,ec.gp.GPIndividual@1342077997{61055212},3C_20_50-03.txt,30.993,0.250,7.748,1,0.406,5.24,0.406,2.438,0.406
6,ec.gp.GPIndividual@1342077997{61055212},3C_20_80-03.txt,169.439,0.250,42.360,2,6.703,15.82,3.352,5.438,0.406
6,ec.gp.GPIndividual@1342077997{61055212},3C_20_80-03.txt,169.439,0.250,42.360,9,35.859,84.65,3.984,6.406,0.000
6,ec.gp.GPIndividual@1342077997{61055212},3C_20_66-01.txt,7.322,0.250,1.831,7,1.984,108.40,0.283,6.406,0.000
6,ec.gp.GPIndividual@1342077997{61055212},3C_20_66-02.txt,154.245,0.250,38.561,6,36.875,95.63,6.146,14.938,0.000
6,ec.gp.GPIndividual@1867074374{1830945147},3C_20_50-02.txt,61.404,0.250,15.351,1,11.813,76.95,11.813,11.813,11.813
6,ec.gp.GPIndividual@1867074374{1830945147},3C_20_50-03.txt,30.993,0.250,7.748,2,2.875,37.11,1.438,11.813,0.531
6,ec.gp.GPIndividual@1867074374{1830945147},3C_20_66-03.txt,118.340,0.250,29.585,6,28.234,95.44,4.706,11.813,0.531
6,ec.gp.GPIndividual@641950962{1991280790},3C_20_50-02.txt,61.404,0.250,15.351,5,23.406,152.47,4.681,13.734,0.547
6,ec.gp.GPIndividual@1867362960{-1461455475},3C_20_50-02.txt,61.404,0.250,15.351,1,0.531,3.46,0.531,0.531,0.531
6,ec.gp.GPIndividual@1867362960{-1461455475},3C_20_50-03.txt,30.993,0.250,7.748,2,7.813,100.83,3.906,4.531,0.531
6,ec.gp.GPIndividual@1867362960{-1461455475},3C_20_50-03.txt,30.993,0.250,7.748,1,9.141,117.97,9.141,9.141,0.531
6,ec.gp.GPIndividual@1824207075{-1112521440},3C_20_50-02.txt,61.404,0.250,15.351,1,2.359,15.37,2.359,2.359,2.359
6,ec.gp.GPIndividual@1824207075{-1112521440},3C_20_50-03.txt,30.993,0.250,7.748,3,6.109,78.85,2.036,4.344,0.344
6,ec.gp.GPIndividual@1824207075{-1112521440},3C_20_80-01.txt,4.194,0.250,1.049,4,2.156,205.63,0.539,4.344,0.000
6,ec.gp.GPIndividual@1824207075{-1112521440},3C_20_66-01.txt,7.322,0.250,1.831,1,3.219,175.84,3.219,4.344,0.000
6,ec.gp.GPIndividual@1824207075{-1112521440},3C_20_66-01.txt,7.322,0.250,1.831,1,1.906,104.14,1.906,4.344,0.000
6,ec.gp.GPIndividual@1824207075{-1112521440},3C_20_50-03.txt,30.993,0.250,7.748,4,2.484,32.06,0.621,4.344,0.000
6,ec.gp.GPIndividual@1824207075{-1112521440},3C_20_66-02.txt,154.245,0.250,38.561,2,6.406,16.61,3.203,4.344,0.000
6,ec.gp.GPIndividual@1824207075{-1112521440},3C_20_66-01.txt,7.322,0.250,1.831,2,1.844,100.72,0.922,4.344,0.000
6,ec.gp.GPIndividual@1824207075{-1112521440},3C_20_80-02.txt,35.738,0.250,8.935,2,1.328,14.87,0.664,4.344,0.000
6,ec.gp.GPIndividual@1824207075{-1112521440},3C_20_66-02.txt,154.245,0.250,38.561,0,0.000,0.00,0.000,4.344,0.000
6,ec.gp.GPIndividual@1824207075{-1112521440},3C_20_66-02.txt,154.245,0.250,38.561,2,5.734,14.87,2.867,4.344,0.000
6,ec.gp.GPIndividual@1824207075{-1112521440},3C_20_66-03.txt,118.340,0.250,29.585,10,22.266,75.26,2.227,4.438,0.000
6,ec.gp.GPIndividual@1824207075{-1112521440},3C_20_66-01.txt,7.322,0.250,1.831,2,1.281,69.99,0.641,4.438,0.000
6,ec.gp.GPIndividual@1824207075{-1112521440},3C_20_66-02.txt,154.245,0.250,38.561,3,9.750,25.28,3.250,6.375,0.000
6,ec.gp.GPIndividual@1824207075{-1112521440},3C_20_80-01.txt,4.194,0.250,1.049,1,0.531,50.66,0.531,6.375,0.000
6,ec.gp.GPIndividual@1824207075{-1112521440},3C_20_80-02.txt,35.738,0.250,8.935,4,12.828,143.58,3.207,7.281,0.000
6,ec.gp.GPIndividual@1824207075{-1112521440},3C_20_66-01.txt,7.322,0.250,1.831,1,6.938,378.99,6.938,7.281,0.000
6,ec.gp.GPIndividual@1824207075{-1112521440},3C_20_80-03.txt,169.439,0.250,42.360,1,2.141,5.05,2.141,7.281,0.000
6,ec.gp.GPIndividual@1824207075{-1112521440},3C_20_80-03.txt,169.439,0.250,42.360,1,1.250,2.95,1.250,7.281,0.000
6,ec.gp.GPIndividual@1824207075{-1112521440},3C_20_66-03.txt,118.340,0.250,29.585,2,3.359,11.36,1.680,7.281,0.000
6,ec.gp.GPIndividual@1824207075{-1112521440},3C_20_66-03.txt,118.340,0.250,29.585,1,2.984,10.09,2.984,7.281,0.000
6,ec.gp.GPIndividual@1824207075{-1112521440},3C_20_66-03.txt,118.340,0.250,29.585,6,19.859,67.13,3.310,7.281,0.000
6,ec.gp.GPIndividual@146737736{-1778320859},3C_20_50-02.txt,61.404,0.250,15.351,0,0.000,0.00,0.000,0.000,0.000
6,ec.gp.GPIndividual@146737736{-1778320859},3C_20_50-03.txt,30.993,0.250,7.748,0,0.000,0.00,0.000,0.000,0.000
6,ec.gp.GPIndividual@146737736{-1778320859},3C_20_66-01.txt,7.322,0.250,1.831,0,0.000,0.00,0.000,0.000,0.000
6,ec.gp.GPIndividual@146737736{-1778320859},3C_20_66-02.txt,154.245,0.250,38.561,0,0.000,0.00,0.000,0.000,0.000
6,ec.gp.GPIndividual@146737736{-1778320859},3C_20_66-03.txt,118.340,0.250,29.585,0,0.000,0.00,0.000,0.000,0.000
6,ec.gp.GPIndividual@146737736{-1778320859},3C_20_80-01.txt,4.194,0.250,1.049,0,0.000,0.00,0.000,0.000,0.000
6,ec.gp.GPIndividual@146737736{-1778320859},3C_20_80-02.txt,35.738,0.250,8.935,0,0.000,0.00,0.000,0.000,0.000
6,ec.gp.GPIndividual@146737736{-1778320859},3C_20_80-03.txt,169.439,0.250,42.360,0,0.000,0.00,0.000,0.000,0.000
6,ec.gp.GPIndividual@1789644111{-489329169},3C_20_50-02.txt,61.404,0.250,15.351,5,14.563,94.86,2.913,6.125,0.516
6,ec.gp.GPIndividual@1789644111{-489329169},3C_20_80-01.txt,4.194,0.250,1.049,2,2.297,219.04,1.148,6.125,0.516
6,ec.gp.GPIndividual@1789644111{-489329169},3C_20_50-03.txt,30.993,0.250,7.748,3,4.500,58.08,1.500,6.125,0.344
6,ec.gp.GPIndividual@1789644111{-489329169},3C_20_80-01.txt,4.194,0.250,1.049,1,4.578,436.59,4.578,6.125,0.344
6,ec.gp.GPIndividual@1789644111{-489329169},3C_20_80-01.txt,4.194,0.250,1.049,2,0.859,81.95,0.430,6.125,0.344
6,ec.gp.GPIndividual@1789644111{-489329169},3C_20_80-02.txt,35.738,0.250,8.935,1,0.516,5.77,0.516,6.125,0.344
6,ec.gp.GPIndividual@1789644111{-489329169},3C_20_80-02.txt,35.738,0.250,8.935,1,1.531,17.14,1.531,6.125,0.344
6,ec.gp.GPIndividual@1789644111{-489329169},3C_20_80-02.txt,35.738,0.250,8.935,1,3.141,35.15,3.141,6.125,0.344
6,ec.gp.GPIndividual@1789644111{-489329169},3C_20_66-01.txt,7.322,0.250,1.831,1,5.594,305.58,5.594,6.125,0.344
6,ec.gp.GPIndividual@1789644111{-489329169},3C_20_66-02.txt,154.245,0.250,38.561,2,7.109,18.44,3.555,6.266,0.344
6,ec.gp.GPIndividual@1789644111{-489329169},3C_20_66-02.txt,154.245,0.250,38.561,5,8.859,22.97,1.772,6.266,0.344
6,ec.gp.GPIndividual@1789644111{-489329169},3C_20_80-03.txt,169.439,0.250,42.360,18,36.813,86.90,2.045,6.266,0.344
6,ec.gp.GPIndividual@1789644111{-489329169},3C_20_66-03.txt,118.340,0.250,29.585,1,4.406,14.89,4.406,6.266,0.344
6,ec.gp.GPIndividual@1690416552{50297279},3C_20_50-02.txt,61.404,0.250,15.351,1,12.953,84.38,12.953,12.953,12.953
6,ec.gp.GPIndividual@127539382{-861074154},3C_20_50-02.txt,61.404,0.250,15.351,3,7.641,49.77,2.547,6.859,0.313
6,ec.gp.GPIndividual@127539382{-861074154},3C_20_80-03.txt,169.439,0.250,42.360,1,7.766,18.33,7.766,7.766,0.313
6,ec.gp.GPIndividual@127539382{-861074154},3C_20_80-03.txt,169.439,0.250,42.360,3,12.406,29.29,4.135,8.438,0.313
6,ec.gp.GPIndividual@127539382{-861074154},3C_20_66-03.txt,118.340,0.250,29.585,1,2.547,8.61,2.547,8.438,0.313
6,ec.gp.GPIndividual@127539382{-861074154},3C_20_50-03.txt,30.993,0.250,7.748,2,8.766,113.13,4.383,8.438,0.313
6,ec.gp.GPIndividual@127539382{-861074154},3C_20_80-01.txt,4.194,0.250,1.049,3,1.078,102.81,0.359,8.438,0.172
6,ec.gp.GPIndividual@127539382{-861074154},3C_20_80-02.txt,35.738,0.250,8.935,3,8.406,94.09,2.802,8.438,0.172
6,ec.gp.GPIndividual@106004356{-1491182370},3C_20_50-02.txt,61.404,0.250,15.351,0,0.000,0.00,0.000,0.000,0.000
6,ec.gp.GPIndividual@106004356{-1491182370},3C_20_50-03.txt,30.993,0.250,7.748,0,0.000,0.00,0.000,0.000,0.000
6,ec.gp.GPIndividual@106004356{-1491182370},3C_20_66-01.txt,7.322,0.250,1.831,0,0.000,0.00,0.000,0.000,0.000
6,ec.gp.GPIndividual@106004356{-1491182370},3C_20_66-02.txt,154.245,0.250,38.561,0,0.000,0.00,0.000,0.000,0.000
6,ec.gp.GPIndividual@106004356{-1491182370},3C_20_66-03.txt,118.340,0.250,29.585,0,0.000,0.00,0.000,0.000,0.000
6,ec.gp.GPIndividual@106004356{-1491182370},3C_20_80-01.txt,4.194,0.250,1.049,0,0.000,0.00,0.000,0.000,0.000
6,ec.gp.GPIndividual@106004356{-1491182370},3C_20_80-02.txt,35.738,0.250,8.935,0,0.000,0.00,0.000,0.000,0.000
6,ec.gp.GPIndividual@106004356{-1491182370},3C_20_80-03.txt,169.439,0.250,42.360,0,0.000,0.00,0.000,0.000,0.000
6,ec.gp.GPIndividual@1612099125{-336150617},3C_20_50-02.txt,61.404,0.250,15.351,5,14.125,92.01,2.825,5.875,0.344
6,ec.gp.GPIndividual@1612099125{-336150617},3C_20_50-03.txt,30.993,0.250,7.748,3,5.516,71.19,1.839,5.875,0.344
6,ec.gp.GPIndividual@1658085532{-10550313},3C_20_50-02.txt,61.404,0.250,15.351,4,13.734,89.47,3.434,9.063,0.547
6,ec.gp.GPIndividual@1658085532{-10550313},3C_20_50-03.txt,30.993,0.250,7.748,3,9.281,119.79,3.094,9.063,0.547
6,ec.gp.GPIndividual@1658085532{-10550313},3C_20_66-01.txt,7.322,0.250,1.831,2,3.016,164.74,1.508,9.063,0.547
6,ec.gp.GPIndividual@1658085532{-10550313},3C_20_80-01.txt,4.194,0.250,1.049,1,0.344,32.78,0.344,9.063,0.344
6,ec.gp.GPIndividual@1658085532{-10550313},3C_20_80-03.txt,169.439,0.250,42.360,1,0.656,1.55,0.656,9.063,0.344
6,ec.gp.GPIndividual@1658085532{-10550313},3C_20_50-03.txt,30.993,0.250,7.748,2,1.281,16.54,0.641,9.063,0.344
6,ec.gp.GPIndividual@1658085532{-10550313},3C_20_80-02.txt,35.738,0.250,8.935,1,1.297,14.52,1.297,9.063,0.344
6,ec.gp.GPIndividual@1658085532{-10550313},3C_20_66-01.txt,7.322,0.250,1.831,1,1.016,55.48,1.016,9.063,0.344
6,ec.gp.GPIndividual@1658085532{-10550313},3C_20_66-02.txt,154.245,0.250,38.561,2,4.047,10.49,2.023,9.063,0.344
6,ec.gp.GPIndividual@1658085532{-10550313},3C_20_66-01.txt,7.322,0.250,1.831,2,3.688,201.44,1.844,9.063,0.344
6,ec.gp.GPIndividual@1658085532{-10550313},3C_20_80-03.txt,169.439,0.250,42.360,2,1.906,4.50,0.953,9.063,0.328
6,ec.gp.GPIndividual@1658085532{-10550313},3C_20_66-02.txt,154.245,0.250,38.561,1,0.844,2.19,0.844,9.063,0.328
6,ec.gp.GPIndividual@1658085532{-10550313},3C_20_66-02.txt,154.245,0.250,38.561,1,3.234,8.39,3.234,9.063,0.328
6,ec.gp.GPIndividual@1658085532{-10550313},3C_20_66-01.txt,7.322,0.250,1.831,1,0.906,49.51,0.906,9.063,0.328
6,ec.gp.GPIndividual@1658085532{-10550313},3C_20_66-02.txt,154.245,0.250,38.561,11,26.094,67.67,2.372,9.063,0.328
6,ec.gp.GPIndividual@1658085532{-10550313},3C_20_66-03.txt,118.340,0.250,29.585,1,2.641,8.93,2.641,9.063,0.328
6,ec.gp.GPIndividual@1658085532{-10550313},3C_20_66-03.txt,118.340,0.250,29.585,5,16.438,55.56,3.288,9.063,0.328
6,ec.gp.GPIndividual@1074812692{1213809649},3C_20_50-02.txt,61.404,0.250,15.351,0,0.000,0.00,0.000,0.000,0.000
6,ec.gp.GPIndividual@1074812692{1213809649},3C_20_50-03.txt,30.993,0.250,7.748,0,0.000,0.00,0.000,0.000,0.000
6,ec.gp.GPIndividual@1074812692{1213809649},3C_20_66-01.txt,7.322,0.250,1.831,0,0.000,0.00,0.000,0.000,0.000
6,ec.gp.GPIndividual@1074812692{1213809649},3C_20_66-02.txt,154.245,0.250,38.561,0,0.000,0.00,0.000,0.000,0.000
6,ec.gp.GPIndividual@1074812692{1213809649},3C_20_66-03.txt,118.340,0.250,29.585,0,0.000,0.00,0.000,0.000,0.000
6,ec.gp.GPIndividual@1074812692{1213809649},3C_20_80-01.txt,4.194,0.250,1.049,0,0.000,0.00,0.000,0.000,0.000
6,ec.gp.GPIndividual@1074812692{1213809649},3C_20_80-02.txt,35.738,0.250,8.935,1,6.078,68.03,6.078,6.078,6.078
6,ec.gp.GPIndividual@1074812692{1213809649},3C_20_80-01.txt,4.194,0.250,1.049,3,0.891,84.93,0.297,6.078,0.000
6,ec.gp.GPIndividual@1074812692{1213809649},3C_20_80-02.txt,35.738,0.250,8.935,1,10.359,115.95,10.359,10.359,0.000
6,ec.gp.GPIndividual@1226040709{-787902976},3C_20_50-02.txt,61.404,0.250,15.351,0,0.000,0.00,0.000,0.000,0.000
6,ec.gp.GPIndividual@1226040709{-787902976},3C_20_50-03.txt,30.993,0.250,7.748,0,0.000,0.00,0.000,0.000,0.000
6,ec.gp.GPIndividual@1226040709{-787902976},3C_20_66-01.txt,7.322,0.250,1.831,0,0.000,0.00,0.000,0.000,0.000
6,ec.gp.GPIndividual@1226040709{-787902976},3C_20_66-02.txt,154.245,0.250,38.561,0,0.000,0.00,0.000,0.000,0.000
6,ec.gp.GPIndividual@1226040709{-787902976},3C_20_66-03.txt,118.340,0.250,29.585,0,0.000,0.00,0.000,0.000,0.000
6,ec.gp.GPIndividual@1226040709{-787902976},3C_20_80-01.txt,4.194,0.250,1.049,0,0.000,0.00,0.000,0.000,0.000
6,ec.gp.GPIndividual@1226040709{-787902976},3C_20_80-02.txt,35.738,0.250,8.935,0,0.000,0.00,0.000,0.000,0.000
6,ec.gp.GPIndividual@1226040709{-787902976},3C_20_80-03.txt,169.439,0.250,42.360,0,0.000,0.00,0.000,0.000,0.000
6,ec.gp.GPIndividual@704617293{1436195595},3C_20_50-02.txt,61.404,0.250,15.351,7,15.922,103.72,2.275,5.234,0.234
6,ec.gp.GPIndividual@704617293{1436195595},3C_20_80-01.txt,4.194,0.250,1.049,1,0.484,46.19,0.484,5.234,0.234
6,ec.gp.GPIndividual@704617293{1436195595},3C_20_80-02.txt,35.738,0.250,8.935,1,3.172,35.50,3.172,5.234,0.234
6,ec.gp.GPIndividual@704617293{1436195595},3C_20_80-01.txt,4.194,0.250,1.049,1,0.469,44.70,0.469,5.234,0.234
6,ec.gp.GPIndividual@704617293{1436195595},3C_20_80-02.txt,35.738,0.250,8.935,1,1.922,21.51,1.922,5.234,0.234
6,ec.gp.GPIndividual@704617293{1436195595},3C_20_50-03.txt,30.993,0.250,7.748,7,8.078,104.26,1.154,5.234,0.234
6,ec.gp.GPIndividual@704617293{1436195595},3C_20_80-03.txt,169.439,0.250,42.360,1,0.328,0.77,0.328,5.234,0.234
6,ec.gp.GPIndividual@704617293{1436195595},3C_20_66-01.txt,7.322,0.250,1.831,2,1.297,70.85,0.648,5.234,0.234
6,ec.gp.GPIndividual@704617293{1436195595},3C_20_80-03.txt,169.439,0.250,42.360,1,0.594,1.40,0.594,5.234,0.234
6,ec.gp.GPIndividual@704617293{1436195595},3C_20_66-02.txt,154.245,0.250,38.561,2,13.453,34.89,6.727,12.594,0.234
6,ec.gp.GPIndividual@704617293{1436195595},3C_20_66-03.txt,118.340,0.250,29.585,9,24.578,83.08,2.731,12.594,0.234
6,ec.gp.GPIndividual@1329381456{-170477383},3C_20_50-02.txt,61.404,0.250,15.351,5,6.703,43.67,1.341,4.922,0.000
6,ec.gp.GPIndividual@1329381456{-170477383},3C_20_50-03.txt,30.993,0.250,7.748,2,6.969,89.94,3.484,6.969,0.000
6,ec.gp.GPIndividual@1254843143{-357220730},3C_20_50-02.txt,61.404,0.250,15.351,3,1.938,12.62,0.646,1.016,0.188
6,ec.gp.GPIndividual@1254843143{-357220730},3C_20_50-03.txt,30.993,0.250,7.748,2,13.328,172.02,6.664,11.297,0.188
6,ec.gp.GPIndividual@1254843143{-357220730},3C_20_80-03.txt,169.439,0.250,42.360,3,7.375,17.41,2.458,11.297,0.188
6,ec.gp.GPIndividual@1254843143{-357220730},3C_20_66-01.txt,7.322,0.250,1.831,2,3.203,174.98,1.602,11.297,0.188
6,ec.gp.GPIndividual@874636748{1796222934},3C_20_50-02.txt,61.404,0.250,15.351,3,1.406,9.16,0.469,0.625,0.250
6,ec.gp.GPIndividual@874636748{1796222934},3C_20_66-02.txt,154.245,0.250,38.561,6,5.750,14.91,0.958,1.172,0.250
6,ec.gp.GPIndividual@874636748{1796222934},3C_20_66-03.txt,118.340,0.250,29.585,1,15.922,53.82,15.922,15.922,0.250
6,ec.gp.GPIndividual@1547449670{793910602},3C_20_50-02.txt,61.404,0.250,15.351,7,11.281,73.49,1.612,3.125,0.172
6,ec.gp.GPIndividual@1547449670{793910602},3C_20_80-01.txt,4.194,0.250,1.049,3,4.500,429.13,1.500,4.063,0.000
6,ec.gp.GPIndividual@1547449670{793910602},3C_20_50-03.txt,30.993,0.250,7.748,6,7.516,97.00,1.253,4.063,0.000
6,ec.gp.GPIndividual@1547449670{793910602},3C_20_80-02.txt,35.738,0.250,8.935,1,13.531,151.45,13.531,13.531,0.000
6,ec.gp.GPIndividual@1547449670{793910602},3C_20_50-03.txt,30.993,0.250,7.748,3,1.969,25.41,0.656,13.531,0.000
6,ec.gp.GPIndividual@1547449670{793910602},3C_20_66-01.txt,7.322,0.250,1.831,3,1.375,75.11,0.458,13.531,0.000
6,ec.gp.GPIndividual@1547449670{793910602},3C_20_80-03.txt,169.439,0.250,42.360,1,0.609,1.44,0.609,13.531,0.000
6,ec.gp.GPIndividual@1547449670{793910602},3C_20_66-02.txt,154.245,0.250,38.561,11,32.672,84.73,2.970,13.531,0.000
6,ec.gp.GPIndividual@1547449670{793910602},3C_20_66-03.txt,118.340,0.250,29.585,5,26.406,89.26,5.281,13.531,0.000
6,ec.gp.GPIndividual@168518647{241570262},3C_20_50-02.txt,61.404,0.250,15.351,4,10.625,69.21,2.656,5.625,0.172
6,ec.gp.GPIndividual@168518647{241570262},3C_20_80-01.txt,4.194,0.250,1.049,3,1.703,162.42,0.568,5.625,0.172
6,ec.gp.GPIndividual@168518647{241570262},3C_20_50-03.txt,30.993,0.250,7.748,2,0.141,1.81,0.070,5.625,0.000
6,ec.gp.GPIndividual@168518647{241570262},3C_20_80-02.txt,35.738,0.250,8.935,9,8.688,97.24,0.965,5.625,0.000
6,ec.gp.GPIndividual@168518647{241570262},3C_20_66-01.txt,7.322,0.250,1.831,1,2.141,116.94,2.141,5.625,0.000
6,ec.gp.GPIndividual@168518647{241570262},3C_20_66-01.txt,7.322,0.250,1.831,1,0.672,36.70,0.672,5.625,0.000
6,ec.gp.GPIndividual@168518647{241570262},3C_20_80-03.txt,169.439,0.250,42.360,4,1.750,4.13,0.438,5.625,0.000
6,ec.gp.GPIndividual@168518647{241570262},3C_20_66-02.txt,154.245,0.250,38.561,8,19.938,51.70,2.492,13.594,0.000
6,ec.gp.GPIndividual@1691487609{805593120},3C_20_50-02.txt,61.404,0.250,15.351,3,27.828,181.28,9.276,14.750,0.141
6,ec.gp.GPIndividual@1691487609{805593120},3C_20_66-03.txt,118.340,0.250,29.585,2,0.234,0.79,0.117,14.750,0.000
6,ec.gp.GPIndividual@1691487609{805593120},3C_20_66-02.txt,154.245,0.250,38.561,11,30.813,79.91,2.801,14.750,0.000
6,ec.gp.GPIndividual@1691487609{805593120},3C_20_66-03.txt,118.340,0.250,29.585,6,33.453,113.08,5.576,14.750,0.000
6,ec.gp.GPIndividual@1691487609{805593120},3C_20_50-03.txt,30.993,0.250,7.748,1,1.078,13.91,1.078,14.750,0.000
6,ec.gp.GPIndividual@1691487609{805593120},3C_20_80-01.txt,4.194,0.250,1.049,2,0.703,67.05,0.352,14.750,0.000
6,ec.gp.GPIndividual@1691487609{805593120},3C_20_80-02.txt,35.738,0.250,8.935,1,4.891,54.74,4.891,14.750,0.000
6,ec.gp.GPIndividual@1691487609{805593120},3C_20_80-01.txt,4.194,0.250,1.049,1,1.797,171.36,1.797,14.750,0.000
6,ec.gp.GPIndividual@1691487609{805593120},3C_20_66-01.txt,7.322,0.250,1.831,5,1.859,101.57,0.372,14.750,0.000
6,ec.gp.GPIndividual@1691487609{805593120},3C_20_66-02.txt,154.245,0.250,38.561,3,1.203,3.12,0.401,14.750,0.000
6,ec.gp.GPIndividual@1691487609{805593120},3C_20_80-03.txt,169.439,0.250,42.360,13,48.109,113.57,3.701,14.750,0.000
6,ec.gp.GPIndividual@1691487609{805593120},3C_20_80-02.txt,35.738,0.250,8.935,4,10.234,114.55,2.559,14.750,0.000
6,ec.gp.GPIndividual@1691487609{805593120},3C_20_66-03.txt,118.340,0.250,29.585,2,3.906,13.20,1.953,14.750,0.000
6,ec.gp.GPIndividual@27846531{1674048564},3C_20_50-02.txt,61.404,0.250,15.351,9,15.953,103.92,1.773,5.797,0.172
6,ec.gp.GPIndividual@27846531{1674048564},3C_20_80-03.txt,169.439,0.250,42.360,1,3.578,8.45,3.578,5.797,0.172
6,ec.gp.GPIndividual@27846531{1674048564},3C_20_50-03.txt,30.993,0.250,7.748,4,6.703,86.51,1.676,5.797,0.172
6,ec.gp.GPIndividual@1268396714{-1053616810},3C_20_50-02.txt,61.404,0.250,15.351,0,0.000,0.00,0.000,0.000,0.000
6,ec.gp.GPIndividual@1268396714{-1053616810},3C_20_50-03.txt,30.993,0.250,7.748,1,2.375,30.65,2.375,2.375,2.375
6,ec.gp.GPIndividual@1268396714{-1053616810},3C_20_66-01.txt,7.322,0.250,1.831,0,0.000,0.00,0.000,2.375,2.375
6,ec.gp.GPIndividual@1268396714{-1053616810},3C_20_66-02.txt,154.245,0.250,38.561,0,0.000,0.00,0.000,2.375,2.375
6,ec.gp.GPIndividual@1268396714{-1053616810},3C_20_66-03.txt,118.340,0.250,29.585,0,0.000,0.00,0.000,2.375,2.375
6,ec.gp.GPIndividual@1268396714{-1053616810},3C_20_80-01.txt,4.194,0.250,1.049,0,0.000,0.00,0.000,2.375,2.375
6,ec.gp.GPIndividual@1268396714{-1053616810},3C_20_80-02.txt,35.738,0.250,8.935,0,0.000,0.00,0.000,2.375,2.375
6,ec.gp.GPIndividual@1268396714{-1053616810},3C_20_80-03.txt,169.439,0.250,42.360,0,0.000,0.00,0.000,2.375,2.375
6,ec.gp.GPIndividual@1645037001{-1905003025},3C_20_50-02.txt,61.404,0.250,15.351,1,1.766,11.50,1.766,1.766,1.766
6,ec.gp.GPIndividual@1645037001{-1905003025},3C_20_66-01.txt,7.322,0.250,1.831,2,0.625,34.14,0.313,1.766,0.172
6,ec.gp.GPIndividual@1645037001{-1905003025},3C_20_66-02.txt,154.245,0.250,38.561,1,0.719,1.86,0.719,1.766,0.172
6,ec.gp.GPIndividual@1645037001{-1905003025},3C_20_50-03.txt,30.993,0.250,7.748,6,7.000,90.34,1.167,2.219,0.172
6,ec.gp.GPIndividual@1645037001{-1905003025},3C_20_66-01.txt,7.322,0.250,1.831,2,2.875,157.06,1.438,2.219,0.172
6,ec.gp.GPIndividual@1645037001{-1905003025},3C_20_80-01.txt,4.194,0.250,1.049,1,0.406,38.74,0.406,2.219,0.172
6,ec.gp.GPIndividual@1645037001{-1905003025},3C_20_66-02.txt,154.245,0.250,38.561,1,0.563,1.46,0.563,2.219,0.172
6,ec.gp.GPIndividual@1645037001{-1905003025},3C_20_66-03.txt,118.340,0.250,29.585,16,25.078,84.77,1.567,9.328,0.000
6,ec.gp.GPIndividual@1645037001{-1905003025},3C_20_66-03.txt,118.340,0.250,29.585,2,12.500,42.25,6.250,9.328,0.000
6,ec.gp.GPIndividual@1645037001{-1905003025},3C_20_80-01.txt,4.194,0.250,1.049,1,0.453,43.21,0.453,9.328,0.000
6,ec.gp.GPIndividual@1645037001{-1905003025},3C_20_80-02.txt,35.738,0.250,8.935,7,8.109,90.76,1.158,9.328,0.000
6,ec.gp.GPIndividual@1645037001{-1905003025},3C_20_80-01.txt,4.194,0.250,1.049,1,0.797,75.99,0.797,9.328,0.000
6,ec.gp.GPIndividual@1645037001{-1905003025},3C_20_80-03.txt,169.439,0.250,42.360,1,0.438,1.03,0.438,9.328,0.000
6,ec.gp.GPIndividual@1645037001{-1905003025},3C_20_80-02.txt,35.738,0.250,8.935,7,14.844,166.14,2.121,9.328,0.000
6,ec.gp.GPIndividual@1645037001{-1905003025},3C_20_80-02.txt,35.738,0.250,8.935,1,1.906,21.34,1.906,9.328,0.000
6,ec.gp.GPIndividual@1756200683{-1623152610},3C_20_50-02.txt,61.404,0.250,15.351,2,1.500,9.77,0.750,1.328,0.172
6,ec.gp.GPIndividual@1756200683{-1623152610},3C_20_80-03.txt,169.439,0.250,42.360,10,24.125,56.95,2.413,13.984,0.172
6,ec.gp.GPIndividual@1756200683{-1623152610},3C_20_50-03.txt,30.993,0.250,7.748,1,15.328,197.83,15.328,15.328,0.172
6,ec.gp.GPIndividual@1756200683{-1623152610},3C_20_80-03.txt,169.439,0.250,42.360,1,12.906,30.47,12.906,15.328,0.172
6,ec.gp.GPIndividual@1492191962{-1057664674},3C_20_50-02.txt,61.404,0.250,15.351,0,0.000,0.00,0.000,0.000,0.000
6,ec.gp.GPIndividual@1492191962{-1057664674},3C_20_50-03.txt,30.993,0.250,7.748,0,0.000,0.00,0.000,0.000,0.000
6,ec.gp.GPIndividual@1492191962{-1057664674},3C_20_66-01.txt,7.322,0.250,1.831,0,0.000,0.00,0.000,0.000,0.000
6,ec.gp.GPIndividual@1492191962{-1057664674},3C_20_66-02.txt,154.245,0.250,38.561,0,0.000,0.00,0.000,0.000,0.000
6,ec.gp.GPIndividual@1492191962{-1057664674},3C_20_66-03.txt,118.340,0.250,29.585,0,0.000,0.00,0.000,0.000,0.000
6,ec.gp.GPIndividual@1492191962{-1057664674},3C_20_80-01.txt,4.194,0.250,1.049,0,0.000,0.00,0.000,0.000,0.000
6,ec.gp.GPIndividual@1492191962{-1057664674},3C_20_80-02.txt,35.738,0.250,8.935,0,0.000,0.00,0.000,0.000,0.000
6,ec.gp.GPIndividual@1492191962{-1057664674},3C_20_80-03.txt,169.439,0.250,42.360,0,0.000,0.00,0.000,0.000,0.000
6,ec.gp.GPIndividual@268039898{400632907},3C_20_50-02.txt,61.404,0.250,15.351,5,8.422,54.86,1.684,6.188,0.094
6,ec.gp.GPIndividual@268039898{400632907},3C_20_66-01.txt,7.322,0.250,1.831,1,0.234,12.80,0.234,6.188,0.094
6,ec.gp.GPIndividual@268039898{400632907},3C_20_66-02.txt,154.245,0.250,38.561,5,7.219,18.72,1.444,6.188,0.094
6,ec.gp.GPIndividual@268039898{400632907},3C_20_50-03.txt,30.993,0.250,7.748,3,5.016,64.73,1.672,6.188,0.094
6,ec.gp.GPIndividual@268039898{400632907},3C_20_66-01.txt,7.322,0.250,1.831,6,1.719,93.89,0.286,6.188,0.094
6,ec.gp.GPIndividual@268039898{400632907},3C_20_66-02.txt,154.245,0.250,38.561,8,36.219,93.93,4.527,13.438,0.094
6,ec.gp.GPIndividual@268039898{400632907},3C_20_66-03.txt,118.340,0.250,29.585,2,7.109,24.03,3.555,13.438,0.094
6,ec.gp.GPIndividual@268039898{400632907},3C_20_66-03.txt,118.340,0.250,29.585,4,17.172,58.04,4.293,13.438,0.094
6,ec.gp.GPIndividual@268039898{400632907},3C_20_80-01.txt,4.194,0.250,1.049,2,11.156,1063.90,5.578,13.438,0.094
6,ec.gp.GPIndividual@268039898{400632907},3C_20_80-01.txt,4.194,0.250,1.049,1,0.328,31.29,0.328,13.438,0.094
6,ec.gp.GPIndividual@268039898{400632907},3C_20_80-02.txt,35.738,0.250,8.935,12,7.563,84.64,0.630,13.438,0.094
6,ec.gp.GPIndividual@268039898{400632907},3C_20_80-03.txt,169.439,0.250,42.360,1,1.281,3.02,1.281,13.438,0.094
6,ec.gp.GPIndividual@268039898{400632907},3C_20_80-02.txt,35.738,0.250,8.935,8,6.922,77.47,0.865,13.438,0.094
6,ec.gp.GPIndividual@1029547328{-1347511060},3C_20_50-02.txt,61.404,0.250,15.351,2,2.234,14.56,1.117,2.125,0.109
6,ec.gp.GPIndividual@1029547328{-1347511060},3C_20_80-03.txt,169.439,0.250,42.360,5,19.188,45.30,3.838,15.531,0.109
6,ec.gp.GPIndividual@1029547328{-1347511060},3C_20_50-03.txt,30.993,0.250,7.748,1,15.828,204.28,15.828,15.828,0.109
6,ec.gp.GPIndividual@115947682{994250917},3C_20_50-02.txt,61.404,0.250,15.351,5,6.750,43.97,1.350,5.750,0.047
6,ec.gp.GPIndividual@115947682{994250917},3C_20_50-03.txt,30.993,0.250,7.748,7,6.859,88.53,0.980,5.750,0.047
6,ec.gp.GPIndividual@115947682{994250917},3C_20_66-01.txt,7.322,0.250,1.831,1,0.125,6.83,0.125,5.750,0.047
6,ec.gp.GPIndividual@115947682{994250917},3C_20_66-02.txt,154.245,0.250,38.561,6,19.859,51.50,3.310,12.469,0.047
6,ec.gp.GPIndividual@115947682{994250917},3C_20_66-03.txt,118.340,0.250,29.585,3,14.359,48.54,4.786,12.469,0.047
6,ec.gp.GPIndividual@115947682{994250917},3C_20_80-01.txt,4.194,0.250,1.049,3,0.672,64.07,0.224,12.469,0.047
6,ec.gp.GPIndividual@115947682{994250917},3C_20_80-02.txt,35.738,0.250,8.935,6,4.234,47.39,0.706,12.469,0.047
6,ec.gp.GPIndividual@115947682{994250917},3C_20_80-03.txt,169.439,0.250,42.360,4,23.156,54.67,5.789,12.828,0.047
7,ec.gp.GPIndividual@1934610900{-381722781},3C_20_50-02.txt,61.404,0.250,15.351,0,0.000,0.00,0.000,0.000,0.000
7,ec.gp.GPIndividual@1934610900{-381722781},3C_20_50-03.txt,30.993,0.250,7.748,0,0.000,0.00,0.000,0.000,0.000
7,ec.gp.GPIndividual@1934610900{-381722781},3C_20_50-03.txt,30.993,0.250,7.748,0,0.000,0.00,0.000,0.000,0.000
7,ec.gp.GPIndividual@1934610900{-381722781},3C_20_66-01.txt,7.322,0.250,1.831,0,0.000,0.00,0.000,0.000,0.000
7,ec.gp.GPIndividual@1934610900{-381722781},3C_20_66-01.txt,7.322,0.250,1.831,0,0.000,0.00,0.000,0.000,0.000
7,ec.gp.GPIndividual@1934610900{-381722781},3C_20_66-02.txt,154.245,0.250,38.561,0,0.000,0.00,0.000,0.000,0.000
7,ec.gp.GPIndividual@1934610900{-381722781},3C_20_66-03.txt,118.340,0.250,29.585,0,0.000,0.00,0.000,0.000,0.000
7,ec.gp.GPIndividual@1934610900{-381722781},3C_20_66-03.txt,118.340,0.250,29.585,0,0.000,0.00,0.000,0.000,0.000
7,ec.gp.GPIndividual@1934610900{-381722781},3C_20_80-01.txt,4.194,0.250,1.049,0,0.000,0.00,0.000,0.000,0.000
7,ec.gp.GPIndividual@1934610900{-381722781},3C_20_80-01.txt,4.194,0.250,1.049,0,0.000,0.00,0.000,0.000,0.000
7,ec.gp.GPIndividual@1934610900{-381722781},3C_20_80-02.txt,35.738,0.250,8.935,0,0.000,0.00,0.000,0.000,0.000
7,ec.gp.GPIndividual@1934610900{-381722781},3C_20_80-02.txt,35.738,0.250,8.935,0,0.000,0.00,0.000,0.000,0.000
7,ec.gp.GPIndividual@1934610900{-381722781},3C_20_80-03.txt,169.439,0.250,42.360,0,0.000,0.00,0.000,0.000,0.000
7,ec.gp.GPIndividual@1184829056{1247047834},3C_20_50-02.txt,61.404,0.250,15.351,0,0.000,0.00,0.000,0.000,0.000
7,ec.gp.GPIndividual@1184829056{1247047834},3C_20_80-02.txt,35.738,0.250,8.935,0,0.000,0.00,0.000,0.000,0.000
7,ec.gp.GPIndividual@1184829056{1247047834},3C_20_80-03.txt,169.439,0.250,42.360,0,0.000,0.00,0.000,0.000,0.000
7,ec.gp.GPIndividual@844499967{1822361432},3C_20_50-02.txt,61.404,0.250,15.351,0,0.000,0.00,0.000,0.000,0.000
7,ec.gp.GPIndividual@844499967{1822361432},3C_20_50-03.txt,30.993,0.250,7.748,9,8.734,112.73,0.970,1.813,0.234
7,ec.gp.GPIndividual@844499967{1822361432},3C_20_50-03.txt,30.993,0.250,7.748,2,2.359,30.45,1.180,1.875,0.234
7,ec.gp.GPIndividual@844499967{1822361432},3C_20_50-03.txt,30.993,0.250,7.748,2,1.406,18.15,0.703,1.875,0.234
7,ec.gp.GPIndividual@844499967{1822361432},3C_20_50-03.txt,30.993,0.250,7.748,3,6.984,90.14,2.328,3.266,0.234
7,ec.gp.GPIndividual@844499967{1822361432},3C_20_50-03.txt,30.993,0.250,7.748,2,1.031,13.31,0.516,3.266,0.000
7,ec.gp.GPIndividual@844499967{1822361432},3C_20_50-03.txt,30.993,0.250,7.748,3,8.156,105.27,2.719,3.266,0.000
7,ec.gp.GPIndividual@844499967{1822361432},3C_20_66-01.txt,7.322,0.250,1.831,1,3.125,170.71,3.125,3.266,0.000
7,ec.gp.GPIndividual@844499967{1822361432},3C_20_66-01.txt,7.322,0.250,1.831,1,1.203,65.72,1.203,3.266,0.000
7,ec.gp.GPIndividual@844499967{1822361432},3C_20_66-01.txt,7.322,0.250,1.831,1,0.859,46.95,0.859,3.266,0.000
7,ec.gp.GPIndividual@844499967{1822361432},3C_20_66-02.txt,154.245,0.250,38.561,1,0.844,2.19,0.844,3.266,0.000
7,ec.gp.GPIndividual@844499967{1822361432},3C_20_66-02.txt,154.245,0.250,38.561,1,0.844,2.19,0.844,3.266,0.000
7,ec.gp.GPIndividual@844499967{1822361432},3C_20_66-02.txt,154.245,0.250,38.561,7,15.891,41.21,2.270,3.281,0.000
7,ec.gp.GPIndividual@844499967{1822361432},3C_20_66-03.txt,118.340,0.250,29.585,13,30.703,103.78,2.362,4.547,0.000
7,ec.gp.GPIndividual@844499967{1822361432},3C_20_80-01.txt,4.194,0.250,1.049,1,0.156,14.90,0.156,4.547,0.000
7,ec.gp.GPIndividual@844499967{1822361432},3C_20_66-03.txt,118.340,0.250,29.585,1,0.500,1.69,0.500,4.547,0.000
7,ec.gp.GPIndividual@844499967{1822361432},3C_20_80-02.txt,35.738,0.250,8.935,1,0.828,9.27,0.828,4.547,0.000
7,ec.gp.GPIndividual@844499967{1822361432},3C_20_66-03.txt,118.340,0.250,29.585,2,6.484,21.92,3.242,4.547,0.000
7,ec.gp.GPIndividual@844499967{1822361432},3C_20_80-03.txt,169.439,0.250,42.360,3,18.000,42.49,6.000,7.719,0.000
7,ec.gp.GPIndividual@844499967{1822361432},3C_20_66-01.txt,7.322,0.250,1.831,0,0.000,0.00,0.000,7.719,0.000
7,ec.gp.GPIndividual@844499967{1822361432},3C_20_66-02.txt,154.245,0.250,38.561,0,0.000,0.00,0.000,7.719,0.000
7,ec.gp.GPIndividual@844499967{1822361432},3C_20_66-03.txt,118.340,0.250,29.585,0,0.000,0.00,0.000,7.719,0.000
7,ec.gp.GPIndividual@844499967{1822361432},3C_20_80-01.txt,4.194,0.250,1.049,0,0.000,0.00,0.000,7.719,0.000
7,ec.gp.GPIndividual@844499967{1822361432},3C_20_80-02.txt,35.738,0.250,8.935,0,0.000,0.00,0.000,7.719,0.000
7,ec.gp.GPIndividual@844499967{1822361432},3C_20_80-03.txt,169.439,0.250,42.360,0,0.000,0.00,0.000,7.719,0.000
7,ec.gp.GPIndividual@1989337897{-1356507944},3C_20_50-02.txt,61.404,0.250,15.351,5,17.203,112.06,3.441,5.625,0.531
7,ec.gp.GPIndividual@384334675{1992022055},3C_20_50-02.txt,61.404,0.250,15.351,1,0.531,3.46,0.531,0.531,0.531
7,ec.gp.GPIndividual@384334675{1992022055},3C_20_50-03.txt,30.993,0.250,7.748,3,8.328,107.49,2.776,4.813,0.531
7,ec.gp.GPIndividual@384334675{1992022055},3C_20_66-01.txt,7.322,0.250,1.831,1,7.563,413.13,7.563,7.563,0.531
7,ec.gp.GPIndividual@384334675{1992022055},3C_20_66-01.txt,7.322,0.250,1.831,1,0.656,35.85,0.656,7.563,0.531
7,ec.gp.GPIndividual@384334675{1992022055},3C_20_80-01.txt,4.194,0.250,1.049,1,3.688,351.65,3.688,7.563,0.531
7,ec.gp.GPIndividual@384334675{1992022055},3C_20_80-01.txt,4.194,0.250,1.049,3,1.719,163.91,0.573,7.563,0.000
7,ec.gp.GPIndividual@384334675{1992022055},3C_20_66-02.txt,154.245,0.250,38.561,1,0.500,1.30,0.500,7.563,0.000
7,ec.gp.GPIndividual@384334675{1992022055},3C_20_80-02.txt,35.738,0.250,8.935,1,0.500,5.60,0.500,7.563,0.000
7,ec.gp.GPIndividual@384334675{1992022055},3C_20_80-02.txt,35.738,0.250,8.935,1,2.375,26.58,2.375,7.563,0.000
7,ec.gp.GPIndividual@384334675{1992022055},3C_20_50-03.txt,30.993,0.250,7.748,2,4.422,57.07,2.211,7.563,0.000
7,ec.gp.GPIndividual@384334675{1992022055},3C_20_66-01.txt,7.322,0.250,1.831,1,0.891,48.65,0.891,7.563,0.000
7,ec.gp.GPIndividual@384334675{1992022055},3C_20_66-02.txt,154.245,0.250,38.561,10,18.188,47.17,1.819,7.563,0.000
7,ec.gp.GPIndividual@384334675{1992022055},3C_20_66-03.txt,118.340,0.250,29.585,15,28.125,95.07,1.875,7.563,0.000
7,ec.gp.GPIndividual@384334675{1992022055},3C_20_80-01.txt,4.194,0.250,1.049,1,1.641,156.46,1.641,7.563,0.000
7,ec.gp.GPIndividual@384334675{1992022055},3C_20_66-02.txt,154.245,0.250,38.561,1,0.484,1.26,0.484,7.563,0.000
7,ec.gp.GPIndividual@384334675{1992022055},3C_20_80-02.txt,35.738,0.250,8.935,1,3.609,40.40,3.609,7.563,0.000
7,ec.gp.GPIndividual@384334675{1992022055},3C_20_66-03.txt,118.340,0.250,29.585,3,9.047,30.58,3.016,7.563,0.000
7,ec.gp.GPIndividual@384334675{1992022055},3C_20_80-03.txt,169.439,0.250,42.360,1,5.922,13.98,5.922,7.563,0.000
7,ec.gp.GPIndividual@384334675{1992022055},3C_20_80-03.txt,169.439,0.250,42.360,1,7.172,16.93,7.172,7.563,0.000
7,ec.gp.GPIndividual@384334675{1992022055},3C_20_80-03.txt,169.439,0.250,42.360,1,1.422,3.36,1.422,7.563,0.000
7,ec.gp.GPIndividual@384334675{1992022055},3C_20_66-03.txt,118.340,0.250,29.585,2,13.563,45.84,6.781,7.563,0.000
7,ec.gp.GPIndividual@384334675{1992022055},3C_20_66-01.txt,7.322,0.250,1.831,1,6.234,340.57,6.234,7.563,0.000
7,ec.gp.GPIndividual@1449590898{168162834},3C_20_50-02.txt,61.404,0.250,15.351,5,19.375,126.21,3.875,6.219,0.516
7,ec.gp.GPIndividual@1449590898{168162834},3C_20_80-01.txt,4.194,0.250,1.049,2,0.906,86.42,0.453,6.219,0.156
7,ec.gp.GPIndividual@1449590898{168162834},3C_20_66-02.txt,154.245,0.250,38.561,3,1.219,3.16,0.406,6.219,0.000
7,ec.gp.GPIndividual@915113256{-1480736428},3C_20_50-02.txt,61.404,0.250,15.351,0,0.000,0.00,0.000,0.000,0.000
7,ec.gp.GPIndividual@915113256{-1480736428},3C_20_50-03.txt,30.993,0.250,7.748,0,0.000,0.00,0.000,0.000,0.000
7,ec.gp.GPIndividual@915113256{-1480736428},3C_20_66-01.txt,7.322,0.250,1.831,0,0.000,0.00,0.000,0.000,0.000
7,ec.gp.GPIndividual@915113256{-1480736428},3C_20_66-02.txt,154.245,0.250,38.561,0,0.000,0.00,0.000,0.000,0.000
7,ec.gp.GPIndividual@915113256{-1480736428},3C_20_66-03.txt,118.340,0.250,29.585,0,0.000,0.00,0.000,0.000,0.000
7,ec.gp.GPIndividual@915113256{-1480736428},3C_20_80-01.txt,4.194,0.250,1.049,0,0.000,0.00,0.000,0.000,0.000
7,ec.gp.GPIndividual@915113256{-1480736428},3C_20_80-02.txt,35.738,0.250,8.935,0,0.000,0.00,0.000,0.000,0.000
7,ec.gp.GPIndividual@915113256{-1480736428},3C_20_80-03.txt,169.439,0.250,42.360,0,0.000,0.00,0.000,0.000,0.000
7,ec.gp.GPIndividual@1001087266{-996073093},3C_20_50-02.txt,61.404,0.250,15.351,5,10.688,69.62,2.138,3.719,0.328
7,ec.gp.GPIndividual@571084945{1541527073},3C_20_50-02.txt,61.404,0.250,15.351,0,0.000,0.00,0.000,0.000,0.000
7,ec.gp.GPIndividual@571084945{1541527073},3C_20_50-03.txt,30.993,0.250,7.748,0,0.000,0.00,0.000,0.000,0.000
7,ec.gp.GPIndividual@571084945{1541527073},3C_20_66-01.txt,7.322,0.250,1.831,0,0.000,0.00,0.000,0.000,0.000
7,ec.gp.GPIndividual@571084945{1541527073},3C_20_66-02.txt,154.245,0.250,38.561,0,0.000,0.00,0.000,0.000,0.000
7,ec.gp.GPIndividual@571084945{1541527073},3C_20_66-03.txt,118.340,0.250,29.585,0,0.000,0.00,0.000,0.000,0.000
7,ec.gp.GPIndividual@571084945{1541527073},3C_20_80-01.txt,4.194,0.250,1.049,0,0.000,0.00,0.000,0.000,0.000
7,ec.gp.GPIndividual@571084945{1541527073},3C_20_80-02.txt,35.738,0.250,8.935,0,0.000,0.00,0.000,0.000,0.000
7,ec.gp.GPIndividual@571084945{1541527073},3C_20_80-03.txt,169.439,0.250,42.360,0,0.000,0.00,0.000,0.000,0.000
7,ec.gp.GPIndividual@949975320{-365584133},3C_20_50-02.txt,61.404,0.250,15.351,0,0.000,0.00,0.000,0.000,0.000
7,ec.gp.GPIndividual@949975320{-365584133},3C_20_50-03.txt,30.993,0.250,7.748,0,0.000,0.00,0.000,0.000,0.000
7,ec.gp.GPIndividual@949975320{-365584133},3C_20_66-01.txt,7.322,0.250,1.831,0,0.000,0.00,0.000,0.000,0.000
7,ec.gp.GPIndividual@949975320{-365584133},3C_20_66-02.txt,154.245,0.250,38.561,0,0.000,0.00,0.000,0.000,0.000
7,ec.gp.GPIndividual@949975320{-365584133},3C_20_66-03.txt,118.340,0.250,29.585,0,0.000,0.00,0.000,0.000,0.000
7,ec.gp.GPIndividual@949975320{-365584133},3C_20_80-01.txt,4.194,0.250,1.049,0,0.000,0.00,0.000,0.000,0.000
7,ec.gp.GPIndividual@949975320{-365584133},3C_20_80-02.txt,35.738,0.250,8.935,0,0.000,0.00,0.000,0.000,0.000
7,ec.gp.GPIndividual@949975320{-365584133},3C_20_80-03.txt,169.439,0.250,42.360,0,0.000,0.00,0.000,0.000,0.000
7,ec.gp.GPIndividual@808730831{-879552784},3C_20_50-02.txt,61.404,0.250,15.351,3,6.094,39.70,2.031,2.641,1.625
7,ec.gp.GPIndividual@808730831{-879552784},3C_20_80-02.txt,35.738,0.250,8.935,6,13.109,146.73,2.185,4.969,0.500
7,ec.gp.GPIndividual@808730831{-879552784},3C_20_80-01.txt,4.194,0.250,1.049,1,2.641,251.82,2.641,4.969,0.500
7,ec.gp.GPIndividual@808730831{-879552784},3C_20_50-03.txt,30.993,0.250,7.748,6,6.234,80.46,1.039,4.969,0.000
7,ec.gp.GPIndividual@808730831{-879552784},3C_20_50-03.txt,30.993,0.250,7.748,3,3.656,47.19,1.219,4.969,0.000
7,ec.gp.GPIndividual@808730831{-879552784},3C_20_50-03.txt,30.993,0.250,7.748,5,8.125,104.86,1.625,4.969,0.000
7,ec.gp.GPIndividual@808730831{-879552784},3C_20_66-03.txt,118.340,0.250,29.585,1,1.234,4.17,1.234,4.969,0.000
7,ec.gp.GPIndividual@808730831{-879552784},3C_20_80-03.txt,169.439,0.250,42.360,1,0.484,1.14,0.484,4.969,0.000
7,ec.gp.GPIndividual@808730831{-879552784},3C_20_66-01.txt,7.322,0.250,1.831,1,3.109,169.86,3.109,4.969,0.000
7,ec.gp.GPIndividual@808730831{-879552784},3C_20_66-01.txt,7.322,0.250,1.831,6,2.719,148.52,0.453,4.969,0.000
7,ec.gp.GPIndividual@808730831{-879552784},3C_20_66-02.txt,154.245,0.250,38.561,2,2.328,6.04,1.164,4.969,0.000
7,ec.gp.GPIndividual@808730831{-879552784},3C_20_80-02.txt,35.738,0.250,8.935,6,8.781,98.28,1.464,4.969,0.000
7,ec.gp.GPIndividual@808730831{-879552784},3C_20_80-03.txt,169.439,0.250,42.360,2,3.328,7.86,1.664,4.969,0.000
7,ec.gp.GPIndividual@808730831{-879552784},3C_20_66-03.txt,118.340,0.250,29.585,8,33.906,114.61,4.238,6.344,0.000
7,ec.gp.GPIndividual@1130506185{840781514},3C_20_50-02.txt,61.404,0.250,15.351,3,3.891,25.34,1.297,2.391,0.531
7,ec.gp.GPIndividual@1130506185{840781514},3C_20_80-01.txt,4.194,0.250,1.049,1,0.547,52.15,0.547,2.391,0.531
7,ec.gp.GPIndividual@1130506185{840781514},3C_20_80-02.txt,35.738,0.250,8.935,3,12.047,134.83,4.016,6.063,0.531
7,ec.gp.GPIndividual@1130506185{840781514},3C_20_66-01.txt,7.322,0.250,1.831,1,6.563,358.50,6.563,6.563,0.531
7,ec.gp.GPIndividual@102984015{1218964734},3C_20_50-02.txt,61.404,0.250,15.351,9,5.625,36.64,0.625,1.875,0.000
7,ec.gp.GPIndividual@102984015{1218964734},3C_20_50-03.txt,30.993,0.250,7.748,4,9.984,128.86,2.496,5.891,0.000
7,ec.gp.GPIndividual@102984015{1218964734},3C_20_80-01.txt,4.194,0.250,1.049,1,1.453,138.57,1.453,5.891,0.000
7,ec.gp.GPIndividual@102984015{1218964734},3C_20_80-03.txt,169.439,0.250,42.360,3,3.672,8.67,1.224,5.891,0.000
7,ec.gp.GPIndividual@102984015{1218964734},3C_20_50-03.txt,30.993,0.250,7.748,5,10.000,129.06,2.000,5.891,0.000
7,ec.gp.GPIndividual@102984015{1218964734},3C_20_66-02.txt,154.245,0.250,38.561,6,10.344,26.82,1.724,5.891,0.000
7,ec.gp.GPIndividual@102984015{1218964734},3C_20_66-01.txt,7.322,0.250,1.831,1,1.578,86.21,1.578,5.891,0.000
7,ec.gp.GPIndividual@102984015{1218964734},3C_20_80-02.txt,35.738,0.250,8.935,1,0.875,9.79,0.875,5.891,0.000
7,ec.gp.GPIndividual@102984015{1218964734},3C_20_66-02.txt,154.245,0.250,38.561,15,38.516,99.88,2.568,6.000,0.000
7,ec.gp.GPIndividual@102984015{1218964734},3C_20_66-03.txt,118.340,0.250,29.585,1,4.031,13.63,4.031,6.000,0.000
7,ec.gp.GPIndividual@1039726188{-1215486983},3C_20_50-02.txt,61.404,0.250,15.351,2,14.297,93.13,7.148,12.875,1.422
7,ec.gp.GPIndividual@1039726188{-1215486983},3C_20_80-03.txt,169.439,0.250,42.360,9,48.766,115.12,5.418,14.891,0.516
7,ec.gp.GPIndividual@1039726188{-1215486983},3C_20_80-01.txt,4.194,0.250,1.049,1,0.531,50.66,0.531,14.891,0.516
7,ec.gp.GPIndividual@1039726188{-1215486983},3C_20_80-02.txt,35.738,0.250,8.935,1,1.219,13.64,1.219,14.891,0.516
7,ec.gp.GPIndividual@1039726188{-1215486983},3C_20_50-03.txt,30.993,0.250,7.748,2,8.313,107.28,4.156,14.891,0.516
7,ec.gp.GPIndividual@1039726188{-1215486983},3C_20_66-03.txt,118.340,0.250,29.585,1,10.000,33.80,10.000,14.891,0.516
7,ec.gp.GPIndividual@1039726188{-1215486983},3C_20_66-01.txt,7.322,0.250,1.831,1,2.281,124.62,2.281,14.891,0.516
7,ec.gp.GPIndividual@1039726188{-1215486983},3C_20_80-03.txt,169.439,0.250,42.360,1,2.281,5.39,2.281,14.891,0.516
7,ec.gp.GPIndividual@1403295174{-1255689321},3C_20_50-02.txt,61.404,0.250,15.351,5,4.547,29.62,0.909,3.156,0.000
7,ec.gp.GPIndividual@1403295174{-1255689321},3C_20_66-01.txt,7.322,0.250,1.831,1,0.734,40.12,0.734,3.156,0.000
7,ec.gp.GPIndividual@1403295174{-1255689321},3C_20_66-02.txt,154.245,0.250,38.561,1,1.266,3.28,1.266,3.156,0.000
7,ec.gp.GPIndividual@1403295174{-1255689321},3C_20_66-02.txt,154.245,0.250,38.561,4,15.109,39.18,3.777,12.641,0.000
7,ec.gp.GPIndividual@1403295174{-1255689321},3C_20_50-03.txt,30.993,0.250,7.748,4,10.547,136.12,2.637,12.641,0.000
7,ec.gp.GPIndividual@1403295174{-1255689321},3C_20_80-01.txt,4.194,0.250,1.049,3,1.750,166.89,0.583,12.641,0.000
7,ec.gp.GPIndividual@1403295174{-1255689321},3C_20_66-03.txt,118.340,0.250,29.585,1,0.344,1.16,0.344,12.641,0.000
7,ec.gp.GPIndividual@1403295174{-1255689321},3C_20_80-02.txt,35.738,0.250,8.935,3,9.953,111.40,3.318,12.641,0.000
7,ec.gp.GPIndividual@1403295174{-1255689321},3C_20_66-01.txt,7.322,0.250,1.831,2,0.906,49.51,0.453,12.641,0.000
7,ec.gp.GPIndividual@1403295174{-1255689321},3C_20_66-03.txt,118.340,0.250,29.585,2,3.000,10.14,1.500,12.641,0.000
7,ec.gp.GPIndividual@1154037352{167174284},3C_20_50-02.txt,61.404,0.250,15.351,4,4.406,28.70,1.102,1.453,0.531
7,ec.gp.GPIndividual@1154037352{167174284},3C_20_66-02.txt,154.245,0.250,38.561,11,33.125,85.90,3.011,10.000,0.000
7,ec.gp.GPIndividual@1154037352{167174284},3C_20_66-03.txt,118.340,0.250,29.585,7,22.797,77.06,3.257,10.000,0.000
7,ec.gp.GPIndividual@1154037352{167174284},3C_20_80-01.txt,4.194,0.250,1.049,5,1.188,113.24,0.238,10.000,0.000
7,ec.gp.GPIndividual@1154037352{167174284},3C_20_80-02.txt,35.738,0.250,8.935,2,9.594,107.38,4.797,10.000,0.000
7,ec.gp.GPIndividual@1154037352{167174284},3C_20_80-03.txt,169.439,0.250,42.360,1,2.344,5.53,2.344,10.000,0.000
7,ec.gp.GPIndividual@1154037352{167174284},3C_20_80-03.txt,169.439,0.250,42.360,2,8.141,19.22,4.070,10.000,0.000
7,ec.gp.GPIndividual@1154037352{167174284},3C_20_66-02.txt,154.245,0.250,38.561,2,14.531,37.68,7.266,10.000,0.000
7,ec.gp.GPIndividual@1154037352{167174284},3C_20_80-01.txt,4.194,0.250,1.049,1,10.266,978.96,10.266,10.266,0.000
7,ec.gp.GPIndividual@1154037352{167174284},3C_20_80-01.txt,4.194,0.250,1.049,4,1.438,137.08,0.359,10.266,0.000
7,ec.gp.GPIndividual@1154037352{167174284},3C_20_80-02.txt,35.738,0.250,8.935,5,13.078,146.38,2.616,10.266,0.000
7,ec.gp.GPIndividual@1847134052{547188090},3C_20_50-02.txt,61.404,0.250,15.351,0,0.000,0.00,0.000,0.000,0.000
7,ec.gp.GPIndividual@1847134052{547188090},3C_20_50-03.txt,30.993,0.250,7.748,0,0.000,0.00,0.000,0.000,0.000
7,ec.gp.GPIndividual@1847134052{547188090},3C_20_66-01.txt,7.322,0.250,1.831,0,0.000,0.00,0.000,0.000,0.000
7,ec.gp.GPIndividual@1847134052{547188090},3C_20_66-02.txt,154.245,0.250,38.561,0,0.000,0.00,0.000,0.000,0.000
7,ec.gp.GPIndividual@1847134052{547188090},3C_20_66-03.txt,118.340,0.250,29.585,0,0.000,0.00,0.000,0.000,0.000
7,ec.gp.GPIndividual@1847134052{547188090},3C_20_80-01.txt,4.194,0.250,1.049,0,0.000,0.00,0.000,0.000,0.000
7,ec.gp.GPIndividual@1847134052{547188090},3C_20_80-02.txt,35.738,0.250,8.935,0,0.000,0.00,0.000,0.000,0.000
7,ec.gp.GPIndividual@1847134052{547188090},3C_20_80-03.txt,169.439,0.250,42.360,0,0.000,0.00,0.000,0.000,0.000
7,ec.gp.GPIndividual@1978814039{271532587},3C_20_50-02.txt,61.404,0.250,15.351,0,0.000,0.00,0.000,0.000,0.000
7,ec.gp.GPIndividual@1978814039{271532587},3C_20_50-03.txt,30.993,0.250,7.748,0,0.000,0.00,0.000,0.000,0.000
7,ec.gp.GPIndividual@1978814039{271532587},3C_20_66-01.txt,7.322,0.250,1.831,0,0.000,0.00,0.000,0.000,0.000
7,ec.gp.GPIndividual@1978814039{271532587},3C_20_66-02.txt,154.245,0.250,38.561,0,0.000,0.00,0.000,0.000,0.000
7,ec.gp.GPIndividual@1978814039{271532587},3C_20_66-03.txt,118.340,0.250,29.585,0,0.000,0.00,0.000,0.000,0.000
7,ec.gp.GPIndividual@1978814039{271532587},3C_20_80-01.txt,4.194,0.250,1.049,0,0.000,0.00,0.000,0.000,0.000
7,ec.gp.GPIndividual@1978814039{271532587},3C_20_80-02.txt,35.738,0.250,8.935,0,0.000,0.00,0.000,0.000,0.000
7,ec.gp.GPIndividual@1978814039{271532587},3C_20_80-03.txt,169.439,0.250,42.360,0,0.000,0.00,0.000,0.000,0.000
7,ec.gp.GPIndividual@532297476{211885960},3C_20_50-02.txt,61.404,0.250,15.351,1,1.422,9.26,1.422,1.422,1.422
7,ec.gp.GPIndividual@532297476{211885960},3C_20_50-03.txt,30.993,0.250,7.748,0,0.000,0.00,0.000,1.422,1.422
7,ec.gp.GPIndividual@532297476{211885960},3C_20_66-01.txt,7.322,0.250,1.831,1,0.813,44.39,0.813,1.422,0.813
7,ec.gp.GPIndividual@532297476{211885960},3C_20_66-03.txt,118.340,0.250,29.585,0,0.000,0.00,0.000,1.422,0.813
7,ec.gp.GPIndividual@532297476{211885960},3C_20_66-02.txt,154.245,0.250,38.561,0,0.000,0.00,0.000,1.422,0.813
7,ec.gp.GPIndividual@532297476{211885960},3C_20_66-03.txt,118.340,0.250,29.585,1,5.969,20.17,5.969,5.969,0.813
7,ec.gp.GPIndividual@88964602{1811910616},3C_20_50-02.txt,61.404,0.250,15.351,0,0.000,0.00,0.000,0.000,0.000
7,ec.gp.GPIndividual@88964602{1811910616},3C_20_80-01.txt,4.194,0.250,1.049,1,1.422,135.59,1.422,1.422,1.422
7,ec.gp.GPIndividual@88964602{1811910616},3C_20_80-03.txt,169.439,0.250,42.360,0,0.000,0.00,0.000,1.422,1.422
7,ec.gp.GPIndividual@88964602{1811910616},3C_20_80-02.txt,35.738,0.250,8.935,0,0.000,0.00,0.000,1.422,1.422
7,ec.gp.GPIndividual@88964602{1811910616},3C_20_80-03.txt,169.439,0.250,42.360,1,0.297,0.70,0.297,1.422,0.297
7,ec.gp.GPIndividual@323353920{1813234599},3C_20_50-02.txt,61.404,0.250,15.351,0,0.000,0.00,0.000,0.000,0.000
7,ec.gp.GPIndividual@323353920{1813234599},3C_20_50-03.txt,30.993,0.250,7.748,0,0.000,0.00,0.000,0.000,0.000
7,ec.gp.GPIndividual@323353920{1813234599},3C_20_66-01.txt,7.322,0.250,1.831,0,0.000,0.00,0.000,0.000,0.000
7,ec.gp.GPIndividual@323353920{1813234599},3C_20_66-02.txt,154.245,0.250,38.561,0,0.000,0.00,0.000,0.000,0.000
7,ec.gp.GPIndividual@323353920{1813234599},3C_20_66-03.txt,118.340,0.250,29.585,0,0.000,0.00,0.000,0.000,0.000
7,ec.gp.GPIndividual@323353920{1813234599},3C_20_80-01.txt,4.194,0.250,1.049,0,0.000,0.00,0.000,0.000,0.000
7,ec.gp.GPIndividual@323353920{1813234599},3C_20_80-02.txt,35.738,0.250,8.935,0,0.000,0.00,0.000,0.000,0.000
7,ec.gp.GPIndividual@323353920{1813234599},3C_20_80-03.txt,169.439,0.250,42.360,0,0.000,0.00,0.000,0.000,0.000
7,ec.gp.GPIndividual@1546058658{293820649},3C_20_50-02.txt,61.404,0.250,15.351,5,18.484,120.41,3.697,10.156,0.234
7,ec.gp.GPIndividual@1546058658{293820649},3C_20_80-02.txt,35.738,0.250,8.935,1,1.594,17.84,1.594,10.156,0.234
7,ec.gp.GPIndividual@1546058658{293820649},3C_20_66-01.txt,7.322,0.250,1.831,1,3.594,196.32,3.594,10.156,0.234
7,ec.gp.GPIndividual@1546058658{293820649},3C_20_80-01.txt,4.194,0.250,1.049,2,0.766,73.01,0.383,10.156,0.219
7,ec.gp.GPIndividual@1546058658{293820649},3C_20_66-02.txt,154.245,0.250,38.561,4,2.188,5.67,0.547,10.156,0.000
7,ec.gp.GPIndividual@1546058658{293820649},3C_20_80-02.txt,35.738,0.250,8.935,1,0.188,2.10,0.188,10.156,0.000
7,ec.gp.GPIndividual@1546058658{293820649},3C_20_50-03.txt,30.993,0.250,7.748,7,8.094,104.46,1.156,10.156,0.000
7,ec.gp.GPIndividual@1546058658{293820649},3C_20_66-01.txt,7.322,0.250,1.831,6,2.672,145.96,0.445,10.156,0.000
7,ec.gp.GPIndividual@1546058658{293820649},3C_20_80-03.txt,169.439,0.250,42.360,1,0.094,0.22,0.094,10.156,0.000
7,ec.gp.GPIndividual@1546058658{293820649},3C_20_80-03.txt,169.439,0.250,42.360,3,1.625,3.84,0.542,10.156,0.000
7,ec.gp.GPIndividual@1546058658{293820649},3C_20_66-02.txt,154.245,0.250,38.561,1,1.406,3.65,1.406,10.156,0.000
7,ec.gp.GPIndividual@1546058658{293820649},3C_20_66-03.txt,118.340,0.250,29.585,12,27.953,94.48,2.329,10.156,0.000
7,ec.gp.GPIndividual@1546058658{293820649},3C_20_80-01.txt,4.194,0.250,1.049,1,8.438,804.63,8.438,10.156,0.000
7,ec.gp.GPIndividual@2008526732{-1313096718},3C_20_50-02.txt,61.404,0.250,15.351,2,3.094,20.15,1.547,2.625,0.469
7,ec.gp.GPIndividual@285914101{-426694345},3C_20_50-02.txt,61.404,0.250,15.351,0,0.000,0.00,0.000,0.000,0.000
7,ec.gp.GPIndividual@285914101{-426694345},3C_20_50-03.txt,30.993,0.250,7.748,0,0.000,0.00,0.000,0.000,0.000
7,ec.gp.GPIndividual@285914101{-426694345},3C_20_66-01.txt,7.322,0.250,1.831,0,0.000,0.00,0.000,0.000,0.000
7,ec.gp.GPIndividual@285914101{-426694345},3C_20_66-02.txt,154.245,0.250,38.561,0,0.000,0.00,0.000,0.000,0.000
7,ec.gp.GPIndividual@285914101{-426694345},3C_20_66-03.txt,118.340,0.250,29.585,0,0.000,0.00,0.000,0.000,0.000
7,ec.gp.GPIndividual@285914101{-426694345},3C_20_80-01.txt,4.194,0.250,1.049,0,0.000,0.00,0.000,0.000,0.000
7,ec.gp.GPIndividual@285914101{-426694345},3C_20_80-02.txt,35.738,0.250,8.935,0,0.000,0.00,0.000,0.000,0.000
7,ec.gp.GPIndividual@285914101{-426694345},3C_20_80-03.txt,169.439,0.250,42.360,0,0.000,0.00,0.000,0.000,0.000
7,ec.gp.GPIndividual@1893765462{-386110757},3C_20_50-02.txt,61.404,0.250,15.351,3,1.188,7.74,0.396,0.766,0.203
7,ec.gp.GPIndividual@1893765462{-386110757},3C_20_80-02.txt,35.738,0.250,8.935,3,9.266,103.71,3.089,7.219,0.203
7,ec.gp.GPIndividual@1893765462{-386110757},3C_20_50-03.txt,30.993,0.250,7.748,2,1.031,13.31,0.516,7.219,0.203
7,ec.gp.GPIndividual@1893765462{-386110757},3C_20_66-03.txt,118.340,0.250,29.585,3,3.438,11.62,1.146,7.219,0.203
7,ec.gp.GPIndividual@1893765462{-386110757},3C_20_50-03.txt,30.993,0.250,7.748,6,7.438,95.99,1.240,7.219,0.203
7,ec.gp.GPIndividual@1893765462{-386110757},3C_20_80-03.txt,169.439,0.250,42.360,3,4.891,11.55,1.630,7.219,0.203
7,ec.gp.GPIndividual@1893765462{-386110757},3C_20_66-01.txt,7.322,0.250,1.831,1,0.594,32.44,0.594,7.219,0.203
7,ec.gp.GPIndividual@1893765462{-386110757},3C_20_66-02.txt,154.245,0.250,38.561,3,8.109,21.03,2.703,7.219,0.203
7,ec.gp.GPIndividual@1893765462{-386110757},3C_20_80-01.txt,4.194,0.250,1.049,2,0.938,89.40,0.469,7.219,0.109
7,ec.gp.GPIndividual@1893765462{-386110757},3C_20_66-03.txt,118.340,0.250,29.585,3,4.547,15.37,1.516,7.219,0.109
7,ec.gp.GPIndividual@1893765462{-386110757},3C_20_80-02.txt,35.738,0.250,8.935,6,12.141,135.88,2.023,7.219,0.109
7,ec.gp.GPIndividual@1893765462{-386110757},3C_20_66-01.txt,7.322,0.250,1.831,1,0.188,10.24,0.188,7.219,0.109
7,ec.gp.GPIndividual@1538806849{1436195595},3C_20_50-02.txt,61.404,0.250,15.351,3,1.766,11.50,0.589,1.016,0.234
7,ec.gp.GPIndividual@1538806849{1436195595},3C_20_66-02.txt,154.245,0.250,38.561,1,2.078,5.39,2.078,2.078,0.234
7,ec.gp.GPIndividual@1538806849{1436195595},3C_20_80-01.txt,4.194,0.250,1.049,3,1.969,187.75,0.656,2.078,0.219
7,ec.gp.GPIndividual@1538806849{1436195595},3C_20_66-03.txt,118.340,0.250,29.585,2,1.109,3.75,0.555,2.078,0.078
7,ec.gp.GPIndividual@1538806849{1436195595},3C_20_80-03.txt,169.439,0.250,42.360,1,0.516,1.22,0.516,2.078,0.078
7,ec.gp.GPIndividual@1538806849{1436195595},3C_20_80-02.txt,35.738,0.250,8.935,6,9.141,102.31,1.523,3.234,0.078
7,ec.gp.GPIndividual@1176442990{-300479044},3C_20_50-02.txt,61.404,0.250,15.351,0,0.000,0.00,0.000,0.000,0.000
7,ec.gp.GPIndividual@1176442990{-300479044},3C_20_50-03.txt,30.993,0.250,7.748,0,0.000,0.00,0.000,0.000,0.000
7,ec.gp.GPIndividual@1176442990{-300479044},3C_20_66-01.txt,7.322,0.250,1.831,0,0.000,0.00,0.000,0.000,0.000
7,ec.gp.GPIndividual@1176442990{-300479044},3C_20_66-02.txt,154.245,0.250,38.561,0,0.000,0.00,0.000,0.000,0.000
7,ec.gp.GPIndividual@1176442990{-300479044},3C_20_66-03.txt,118.340,0.250,29.585,0,0.000,0.00,0.000,0.000,0.000
7,ec.gp.GPIndividual@1176442990{-300479044},3C_20_80-01.txt,4.194,0.250,1.049,0,0.000,0.00,0.000,0.000,0.000
7,ec.gp.GPIndividual@1176442990{-300479044},3C_20_80-02.txt,35.738,0.250,8.935,0,0.000,0.00,0.000,0.000,0.000
7,ec.gp.GPIndividual@1176442990{-300479044},3C_20_80-03.txt,169.439,0.250,42.360,0,0.000,0.00,0.000,0.000,0.000
7,ec.gp.GPIndividual@1504945466{-1650775216},3C_20_50-02.txt,61.404,0.250,15.351,7,10.203,66.47,1.458,5.766,0.000
7,ec.gp.GPIndividual@1504945466{-1650775216},3C_20_50-03.txt,30.993,0.250,7.748,7,6.656,85.91,0.951,5.766,0.000
7,ec.gp.GPIndividual@1504945466{-1650775216},3C_20_66-01.txt,7.322,0.250,1.831,7,1.453,79.38,0.208,5.766,0.000
7,ec.gp.GPIndividual@1504945466{-1650775216},3C_20_66-02.txt,154.245,0.250,38.561,11,32.469,84.20,2.952,10.797,0.000
7,ec.gp.GPIndividual@1504945466{-1650775216},3C_20_66-03.txt,118.340,0.250,29.585,7,24.031,81.23,3.433,10.797,0.000
7,ec.gp.GPIndividual@1504945466{-1650775216},3C_20_80-01.txt,4.194,0.250,1.049,5,0.828,78.97,0.166,10.797,0.000
7,ec.gp.GPIndividual@1504945466{-1650775216},3C_20_80-02.txt,35.738,0.250,8.935,7,4.219,47.22,0.603,10.797,0.000
7,ec.gp.GPIndividual@1504945466{-1650775216},3C_20_80-03.txt,169.439,0.250,42.360,3,17.406,41.09,5.802,16.641,0.000
7,ec.gp.GPIndividual@1153947218{-116499421},3C_20_50-02.txt,61.404,0.250,15.351,5,6.750,43.97,1.350,5.766,0.031
7,ec.gp.GPIndividual@1153947218{-116499421},3C_20_50-03.txt,30.993,0.250,7.748,4,4.734,61.10,1.184,5.766,0.031
7,ec.gp.GPIndividual@1153947218{-116499421},3C_20_66-01.txt,7.322,0.250,1.831,6,1.453,79.38,0.242,5.766,0.031
7,ec.gp.GPIndividual@1153947218{-116499421},3C_20_66-02.txt,154.245,0.250,38.561,9,28.359,73.54,3.151,10.766,0.031
7,ec.gp.GPIndividual@1153947218{-116499421},3C_20_66-03.txt,118.340,0.250,29.585,5,20.266,68.50,4.053,10.766,0.031
7,ec.gp.GPIndividual@1153947218{-116499421},3C_20_80-01.txt,4.194,0.250,1.049,3,0.656,62.58,0.219,10.766,0.031
7,ec.gp.GPIndividual@1153947218{-116499421},3C_20_80-02.txt,35.738,0.250,8.935,6,4.234,47.39,0.706,10.766,0.031
7,ec.gp.GPIndividual@1153947218{-116499421},3C_20_80-03.txt,169.439,0.250,42.360,2,17.422,41.13,8.711,16.656,0.031
8,ec.gp.GPIndividual@2138630048{911128124},3C_20_50-02.txt,61.404,0.250,15.351,0,0.000,0.00,0.000,0.000,0.000
8,ec.gp.GPIndividual@2138630048{911128124},3C_20_50-02.txt,61.404,0.250,15.351,0,0.000,0.00,0.000,0.000,0.000
8,ec.gp.GPIndividual@2138630048{911128124},3C_20_50-03.txt,30.993,0.250,7.748,0,0.000,0.00,0.000,0.000,0.000
8,ec.gp.GPIndividual@2138630048{911128124},3C_20_50-03.txt,30.993,0.250,7.748,0,0.000,0.00,0.000,0.000,0.000
8,ec.gp.GPIndividual@2138630048{911128124},3C_20_50-03.txt,30.993,0.250,7.748,0,0.000,0.00,0.000,0.000,0.000
8,ec.gp.GPIndividual@2138630048{911128124},3C_20_50-03.txt,30.993,0.250,7.748,0,0.000,0.00,0.000,0.000,0.000
8,ec.gp.GPIndividual@2138630048{911128124},3C_20_66-02.txt,154.245,0.250,38.561,0,0.000,0.00,0.000,0.000,0.000
8,ec.gp.GPIndividual@2138630048{911128124},3C_20_66-02.txt,154.245,0.250,38.561,0,0.000,0.00,0.000,0.000,0.000
8,ec.gp.GPIndividual@2138630048{911128124},3C_20_66-02.txt,154.245,0.250,38.561,0,0.000,0.00,0.000,0.000,0.000
8,ec.gp.GPIndividual@2138630048{911128124},3C_20_66-02.txt,154.245,0.250,38.561,0,0.000,0.00,0.000,0.000,0.000
8,ec.gp.GPIndividual@2138630048{911128124},3C_20_66-01.txt,7.322,0.250,1.831,0,0.000,0.00,0.000,0.000,0.000
8,ec.gp.GPIndividual@2138630048{911128124},3C_20_66-01.txt,7.322,0.250,1.831,0,0.000,0.00,0.000,0.000,0.000
8,ec.gp.GPIndividual@2138630048{911128124},3C_20_80-01.txt,4.194,0.250,1.049,0,0.000,0.00,0.000,0.000,0.000
8,ec.gp.GPIndividual@2138630048{911128124},3C_20_66-02.txt,154.245,0.250,38.561,0,0.000,0.00,0.000,0.000,0.000
8,ec.gp.GPIndividual@2138630048{911128124},3C_20_66-02.txt,154.245,0.250,38.561,0,0.000,0.00,0.000,0.000,0.000
8,ec.gp.GPIndividual@2138630048{911128124},3C_20_66-02.txt,154.245,0.250,38.561,0,0.000,0.00,0.000,0.000,0.000
8,ec.gp.GPIndividual@2138630048{911128124},3C_20_80-02.txt,35.738,0.250,8.935,0,0.000,0.00,0.000,0.000,0.000
8,ec.gp.GPIndividual@2138630048{911128124},3C_20_80-03.txt,169.439,0.250,42.360,0,0.000,0.00,0.000,0.000,0.000
8,ec.gp.GPIndividual@2138630048{911128124},3C_20_80-03.txt,169.439,0.250,42.360,0,0.000,0.00,0.000,0.000,0.000
8,ec.gp.GPIndividual@2138630048{911128124},3C_20_80-01.txt,4.194,0.250,1.049,0,0.000,0.00,0.000,0.000,0.000
8,ec.gp.GPIndividual@679637812{1412965006},3C_20_50-02.txt,61.404,0.250,15.351,1,0.000,0.00,0.000,0.000,0.000
8,ec.gp.GPIndividual@679637812{1412965006},3C_20_50-03.txt,30.993,0.250,7.748,1,0.000,0.00,0.000,0.000,0.000
8,ec.gp.GPIndividual@679637812{1412965006},3C_20_66-01.txt,7.322,0.250,1.831,1,0.000,0.00,0.000,0.000,0.000
8,ec.gp.GPIndividual@679637812{1412965006},3C_20_80-02.txt,35.738,0.250,8.935,0,0.000,0.00,0.000,0.000,0.000
8,ec.gp.GPIndividual@679637812{1412965006},3C_20_66-02.txt,154.245,0.250,38.561,1,0.000,0.00,0.000,0.000,0.000
8,ec.gp.GPIndividual@679637812{1412965006},3C_20_80-03.txt,169.439,0.250,42.360,0,0.000,0.00,0.000,0.000,0.000
8,ec.gp.GPIndividual@679637812{1412965006},3C_20_66-03.txt,118.340,0.250,29.585,1,0.000,0.00,0.000,0.000,0.000
8,ec.gp.GPIndividual@1775316893{1907970725},null,0.000,0.250,0.000,0,0.000,0.00,0.000,0.000,0.000
8,ec.gp.GPIndividual@1775316893{1907970725},3C_20_50-02.txt,61.404,0.250,15.351,0,0.000,0.00,0.000,0.000,0.000
8,ec.gp.GPIndividual@1775316893{1907970725},3C_20_80-02.txt,35.738,0.250,8.935,1,0.000,0.00,0.000,0.000,0.000
8,ec.gp.GPIndividual@1775316893{1907970725},3C_20_80-03.txt,169.439,0.250,42.360,1,0.000,0.00,0.000,0.000,0.000
8,ec.gp.GPIndividual@1125283437{1617255203},3C_20_50-02.txt,61.404,0.250,15.351,19,16.719,108.91,0.880,1.922,0.000
8,ec.gp.GPIndividual@1125283437{1617255203},3C_20_50-03.txt,30.993,0.250,7.748,1,0.156,2.02,0.156,1.922,0.000
8,ec.gp.GPIndividual@1125283437{1617255203},3C_20_50-03.txt,30.993,0.250,7.748,4,9.578,123.62,2.395,2.516,0.000
8,ec.gp.GPIndividual@1125283437{1617255203},3C_20_50-03.txt,30.993,0.250,7.748,3,0.641,8.27,0.214,2.516,0.000
8,ec.gp.GPIndividual@1125283437{1617255203},3C_20_50-03.txt,30.993,0.250,7.748,1,0.328,4.23,0.328,2.516,0.000
8,ec.gp.GPIndividual@1125283437{1617255203},3C_20_50-03.txt,30.993,0.250,7.748,1,1.328,17.14,1.328,2.516,0.000
8,ec.gp.GPIndividual@1125283437{1617255203},3C_20_50-03.txt,30.993,0.250,7.748,5,10.141,130.88,2.028,3.281,0.000
8,ec.gp.GPIndividual@1125283437{1617255203},3C_20_66-01.txt,7.322,0.250,1.831,3,3.531,192.91,1.177,3.281,0.000
8,ec.gp.GPIndividual@1125283437{1617255203},3C_20_66-01.txt,7.322,0.250,1.831,3,4.719,257.78,1.573,3.281,0.000
8,ec.gp.GPIndividual@1125283437{1617255203},3C_20_66-01.txt,7.322,0.250,1.831,3,2.016,110.11,0.672,3.281,0.000
8,ec.gp.GPIndividual@1125283437{1617255203},3C_20_66-01.txt,7.322,0.250,1.831,1,0.797,43.53,0.797,3.281,0.000
8,ec.gp.GPIndividual@1125283437{1617255203},3C_20_66-02.txt,154.245,0.250,38.561,1,3.125,8.10,3.125,3.281,0.000
8,ec.gp.GPIndividual@1125283437{1617255203},3C_20_66-01.txt,7.322,0.250,1.831,2,0.406,22.19,0.203,3.281,0.000
8,ec.gp.GPIndividual@1125283437{1617255203},3C_20_66-02.txt,154.245,0.250,38.561,5,3.125,8.10,0.625,3.281,0.000
8,ec.gp.GPIndividual@1125283437{1617255203},3C_20_66-02.txt,154.245,0.250,38.561,3,3.563,9.24,1.188,3.281,0.000
8,ec.gp.GPIndividual@1125283437{1617255203},3C_20_66-02.txt,154.245,0.250,38.561,18,34.500,89.47,1.917,4.344,0.000
8,ec.gp.GPIndividual@1125283437{1617255203},3C_20_66-03.txt,118.340,0.250,29.585,2,4.266,14.42,2.133,4.344,0.000
8,ec.gp.GPIndividual@1125283437{1617255203},3C_20_66-03.txt,118.340,0.250,29.585,1,4.375,14.79,4.375,4.375,0.000
8,ec.gp.GPIndividual@1125283437{1617255203},3C_20_66-03.txt,118.340,0.250,29.585,5,30.109,101.77,6.022,7.438,0.000
8,ec.gp.GPIndividual@1125283437{1617255203},3C_20_66-01.txt,7.322,0.250,1.831,1,11.359,620.55,11.359,11.359,0.000
8,ec.gp.GPIndividual@1125283437{1617255203},3C_20_66-03.txt,118.340,0.250,29.585,6,29.453,99.55,4.909,11.359,0.000
8,ec.gp.GPIndividual@1125283437{1617255203},3C_20_66-02.txt,154.245,0.250,38.561,1,2.516,6.52,2.516,11.359,0.000
8,ec.gp.GPIndividual@1125283437{1617255203},3C_20_80-01.txt,4.194,0.250,1.049,4,1.063,101.32,0.266,11.359,0.000
8,ec.gp.GPIndividual@1125283437{1617255203},3C_20_80-02.txt,35.738,0.250,8.935,5,12.109,135.53,2.422,11.359,0.000
8,ec.gp.GPIndividual@1125283437{1617255203},3C_20_80-01.txt,4.194,0.250,1.049,1,1.406,134.10,1.406,11.359,0.000
8,ec.gp.GPIndividual@1125283437{1617255203},3C_20_66-03.txt,118.340,0.250,29.585,2,1.203,4.07,0.602,11.359,0.000
8,ec.gp.GPIndividual@1125283437{1617255203},3C_20_80-02.txt,35.738,0.250,8.935,4,8.109,90.76,2.027,11.359,0.000
8,ec.gp.GPIndividual@1125283437{1617255203},3C_20_80-01.txt,4.194,0.250,1.049,1,1.359,129.63,1.359,11.359,0.000
8,ec.gp.GPIndividual@1125283437{1617255203},3C_20_80-03.txt,169.439,0.250,42.360,3,10.828,25.56,3.609,11.359,0.000
8,ec.gp.GPIndividual@1125283437{1617255203},3C_20_80-01.txt,4.194,0.250,1.049,1,1.219,116.22,1.219,11.359,0.000
8,ec.gp.GPIndividual@1125283437{1617255203},3C_20_80-02.txt,35.738,0.250,8.935,1,0.500,5.60,0.500,11.359,0.000
8,ec.gp.GPIndividual@1125283437{1617255203},3C_20_80-02.txt,35.738,0.250,8.935,6,9.969,111.58,1.661,11.359,0.000
8,ec.gp.GPIndividual@1125283437{1617255203},3C_20_80-03.txt,169.439,0.250,42.360,1,0.516,1.22,0.516,11.359,0.000
8,ec.gp.GPIndividual@1125283437{1617255203},3C_20_80-03.txt,169.439,0.250,42.360,1,2.344,5.53,2.344,11.359,0.000
8,ec.gp.GPIndividual@1125283437{1617255203},3C_20_66-02.txt,154.245,0.250,38.561,2,1.219,3.16,0.609,11.359,0.000
8,ec.gp.GPIndividual@1125283437{1617255203},3C_20_80-03.txt,169.439,0.250,42.360,10,39.078,92.25,3.908,11.359,0.000
8,ec.gp.GPIndividual@202375323{-2047957994},3C_20_50-02.txt,61.404,0.250,15.351,2,5.500,35.83,2.750,4.969,0.531
8,ec.gp.GPIndividual@1345560063{-1763384475},3C_20_50-02.txt,61.404,0.250,15.351,5,19.766,128.76,3.953,9.297,0.516
8,ec.gp.GPIndividual@1345560063{-1763384475},3C_20_80-01.txt,4.194,0.250,1.049,1,12.203,1163.73,12.203,12.203,0.516
8,ec.gp.GPIndividual@470125688{809623283},3C_20_50-02.txt,61.404,0.250,15.351,4,14.297,93.13,3.574,10.719,0.391
8,ec.gp.GPIndividual@470125688{809623283},3C_20_66-03.txt,118.340,0.250,29.585,1,2.875,9.72,2.875,10.719,0.391
8,ec.gp.GPIndividual@755022921{1411043049},3C_20_50-02.txt,61.404,0.250,15.351,1,0.000,0.00,0.000,0.000,0.000
8,ec.gp.GPIndividual@755022921{1411043049},3C_20_50-03.txt,30.993,0.250,7.748,1,0.000,0.00,0.000,0.000,0.000
8,ec.gp.GPIndividual@755022921{1411043049},3C_20_66-01.txt,7.322,0.250,1.831,1,0.000,0.00,0.000,0.000,0.000
8,ec.gp.GPIndividual@755022921{1411043049},3C_20_66-02.txt,154.245,0.250,38.561,1,0.000,0.00,0.000,0.000,0.000
8,ec.gp.GPIndividual@755022921{1411043049},3C_20_66-03.txt,118.340,0.250,29.585,1,0.000,0.00,0.000,0.000,0.000
8,ec.gp.GPIndividual@755022921{1411043049},3C_20_80-01.txt,4.194,0.250,1.049,1,0.000,0.00,0.000,0.000,0.000
8,ec.gp.GPIndividual@755022921{1411043049},3C_20_80-02.txt,35.738,0.250,8.935,1,0.000,0.00,0.000,0.000,0.000
8,ec.gp.GPIndividual@755022921{1411043049},3C_20_80-03.txt,169.439,0.250,42.360,1,0.000,0.00,0.000,0.000,0.000
8,ec.gp.GPIndividual@1495196318{450431889},3C_20_50-02.txt,61.404,0.250,15.351,8,14.188,92.42,1.773,3.141,0.453
8,ec.gp.GPIndividual@1495196318{450431889},3C_20_50-03.txt,30.993,0.250,7.748,4,6.953,89.74,1.738,3.141,0.453
8,ec.gp.GPIndividual@1495196318{450431889},3C_20_50-03.txt,30.993,0.250,7.748,1,3.578,46.18,3.578,3.578,0.453
8,ec.gp.GPIndividual@1495196318{450431889},3C_20_80-02.txt,35.738,0.250,8.935,4,13.219,147.95,3.305,6.156,0.453
8,ec.gp.GPIndividual@1495196318{450431889},3C_20_80-01.txt,4.194,0.250,1.049,3,1.438,137.08,0.479,6.156,0.000
8,ec.gp.GPIndividual@1495196318{450431889},3C_20_50-03.txt,30.993,0.250,7.748,5,8.609,111.12,1.722,6.156,0.000
8,ec.gp.GPIndividual@1495196318{450431889},3C_20_80-02.txt,35.738,0.250,8.935,1,0.156,1.75,0.156,6.156,0.000
8,ec.gp.GPIndividual@1495196318{450431889},3C_20_66-01.txt,7.322,0.250,1.831,1,2.938,160.47,2.938,6.156,0.000
8,ec.gp.GPIndividual@1495196318{450431889},3C_20_50-03.txt,30.993,0.250,7.748,2,2.672,34.48,1.336,6.156,0.000
8,ec.gp.GPIndividual@1495196318{450431889},3C_20_66-01.txt,7.322,0.250,1.831,2,1.313,71.70,0.656,6.156,0.000
8,ec.gp.GPIndividual@1495196318{450431889},3C_20_66-02.txt,154.245,0.250,38.561,21,38.484,99.80,1.833,6.156,0.000
8,ec.gp.GPIndividual@1495196318{450431889},3C_20_66-03.txt,118.340,0.250,29.585,5,19.781,66.86,3.956,6.672,0.000
8,ec.gp.GPIndividual@1495196318{450431889},3C_20_80-03.txt,169.439,0.250,42.360,3,21.547,50.87,7.182,7.578,0.000
8,ec.gp.GPIndividual@1495196318{450431889},3C_20_66-01.txt,7.322,0.250,1.831,1,6.609,361.06,6.609,7.578,0.000
8,ec.gp.GPIndividual@1495196318{450431889},3C_20_80-03.txt,169.439,0.250,42.360,5,21.703,51.24,4.341,10.172,0.000
8,ec.gp.GPIndividual@1495196318{450431889},3C_20_66-02.txt,154.245,0.250,38.561,12,46.906,121.64,3.909,12.828,0.000
8,ec.gp.GPIndividual@1495196318{450431889},3C_20_80-01.txt,4.194,0.250,1.049,2,0.891,84.93,0.445,12.828,0.000
8,ec.gp.GPIndividual@1495196318{450431889},3C_20_80-02.txt,35.738,0.250,8.935,1,4.016,44.94,4.016,12.828,0.000
8,ec.gp.GPIndividual@1495196318{450431889},3C_20_66-03.txt,118.340,0.250,29.585,1,14.547,49.17,14.547,14.547,0.000
8,ec.gp.GPIndividual@2112936457{-1353898671},3C_20_50-02.txt,61.404,0.250,15.351,1,1.922,12.52,1.922,1.922,1.922
8,ec.gp.GPIndividual@2112936457{-1353898671},3C_20_66-01.txt,7.322,0.250,1.831,3,1.219,66.58,0.406,1.922,0.000
8,ec.gp.GPIndividual@2112936457{-1353898671},3C_20_50-03.txt,30.993,0.250,7.748,2,10.484,135.31,5.242,9.594,0.000
8,ec.gp.GPIndividual@1050382466{1635325409},3C_20_50-02.txt,61.404,0.250,15.351,5,17.219,112.17,3.444,12.250,0.500
8,ec.gp.GPIndividual@1050382466{1635325409},3C_20_66-02.txt,154.245,0.250,38.561,19,38.688,100.33,2.036,12.250,0.172
8,ec.gp.GPIndividual@1050382466{1635325409},3C_20_50-03.txt,30.993,0.250,7.748,2,2.984,38.52,1.492,12.250,0.172
8,ec.gp.GPIndividual@1050382466{1635325409},3C_20_80-01.txt,4.194,0.250,1.049,3,1.063,101.32,0.354,12.250,0.172
8,ec.gp.GPIndividual@1050382466{1635325409},3C_20_80-02.txt,35.738,0.250,8.935,4,16.000,179.08,4.000,12.250,0.172
8,ec.gp.GPIndividual@1050382466{1635325409},3C_20_80-03.txt,169.439,0.250,42.360,4,7.250,17.12,1.813,12.250,0.000
8,ec.gp.GPIndividual@1050382466{1635325409},3C_20_66-03.txt,118.340,0.250,29.585,2,2.625,8.87,1.313,12.250,0.000
8,ec.gp.GPIndividual@1050382466{1635325409},3C_20_66-01.txt,7.322,0.250,1.831,3,2.453,134.01,0.818,12.250,0.000
8,ec.gp.GPIndividual@1050382466{1635325409},3C_20_66-02.txt,154.245,0.250,38.561,0,0.000,0.00,0.000,12.250,0.000
8,ec.gp.GPIndividual@1050382466{1635325409},3C_20_80-03.txt,169.439,0.250,42.360,12,42.375,100.04,3.531,12.250,0.000
8,ec.gp.GPIndividual@1050382466{1635325409},3C_20_66-01.txt,7.322,0.250,1.831,3,1.438,78.53,0.479,12.250,0.000
8,ec.gp.GPIndividual@1050382466{1635325409},3C_20_66-02.txt,154.245,0.250,38.561,2,3.047,7.90,1.523,12.250,0.000
8,ec.gp.GPIndividual@1050382466{1635325409},3C_20_66-03.txt,118.340,0.250,29.585,1,3.828,12.94,3.828,12.250,0.000
8,ec.gp.GPIndividual@1050382466{1635325409},3C_20_80-01.txt,4.194,0.250,1.049,1,5.813,554.30,5.813,12.250,0.000
8,ec.gp.GPIndividual@342714550{1232340763},3C_20_50-02.txt,61.404,0.250,15.351,6,21.781,141.89,3.630,16.969,0.000
8,ec.gp.GPIndividual@342714550{1232340763},3C_20_66-02.txt,154.245,0.250,38.561,2,13.906,36.06,6.953,16.969,0.000
8,ec.gp.GPIndividual@938221036{426077640},3C_20_50-02.txt,61.404,0.250,15.351,3,4.547,29.62,1.516,2.453,0.328
8,ec.gp.GPIndividual@938221036{426077640},3C_20_66-03.txt,118.340,0.250,29.585,11,29.750,100.56,2.705,6.266,0.328
8,ec.gp.GPIndividual@938221036{426077640},3C_20_80-02.txt,35.738,0.250,8.935,5,7.906,88.49,1.581,6.266,0.328
8,ec.gp.GPIndividual@938221036{426077640},3C_20_80-01.txt,4.194,0.250,1.049,1,2.125,202.65,2.125,6.266,0.328
8,ec.gp.GPIndividual@938221036{426077640},3C_20_80-03.txt,169.439,0.250,42.360,15,54.109,127.74,3.607,13.125,0.000
8,ec.gp.GPIndividual@938221036{426077640},3C_20_50-03.txt,30.993,0.250,7.748,3,17.063,220.21,5.688,14.172,0.000
8,ec.gp.GPIndividual@938221036{426077640},3C_20_80-01.txt,4.194,0.250,1.049,1,8.844,843.37,8.844,14.172,0.000
8,ec.gp.GPIndividual@1913617178{157739703},3C_20_50-02.txt,61.404,0.250,15.351,2,15.484,100.87,7.742,14.984,0.500
8,ec.gp.GPIndividual@1913617178{157739703},3C_20_50-03.txt,30.993,0.250,7.748,4,6.094,78.65,1.523,14.984,0.500
8,ec.gp.GPIndividual@1913617178{157739703},3C_20_66-03.txt,118.340,0.250,29.585,11,30.984,104.73,2.817,14.984,0.000
8,ec.gp.GPIndividual@1913617178{157739703},3C_20_80-01.txt,4.194,0.250,1.049,1,3.063,292.05,3.063,14.984,0.000
8,ec.gp.GPIndividual@1913617178{157739703},3C_20_50-03.txt,30.993,0.250,7.748,4,7.438,95.99,1.859,14.984,0.000
8,ec.gp.GPIndividual@1913617178{157739703},3C_20_66-01.txt,7.322,0.250,1.831,1,3.719,203.15,3.719,14.984,0.000
8,ec.gp.GPIndividual@1913617178{157739703},3C_20_66-01.txt,7.322,0.250,1.831,3,2.219,121.21,0.740,14.984,0.000
8,ec.gp.GPIndividual@1913617178{157739703},3C_20_66-02.txt,154.245,0.250,38.561,3,1.344,3.48,0.448,14.984,0.000
8,ec.gp.GPIndividual@1913617178{157739703},3C_20_80-02.txt,35.738,0.250,8.935,3,12.438,139.21,4.146,14.984,0.000
8,ec.gp.GPIndividual@1913617178{157739703},3C_20_80-02.txt,35.738,0.250,8.935,6,9.453,105.80,1.576,14.984,0.000
8,ec.gp.GPIndividual@1913617178{157739703},3C_20_66-02.txt,154.245,0.250,38.561,2,0.531,1.38,0.266,14.984,0.000
8,ec.gp.GPIndividual@1913617178{157739703},3C_20_66-01.txt,7.322,0.250,1.831,2,1.906,104.14,0.953,14.984,0.000
8,ec.gp.GPIndividual@1913617178{157739703},3C_20_66-03.txt,118.340,0.250,29.585,2,1.188,4.01,0.594,14.984,0.000
8,ec.gp.GPIndividual@1913617178{157739703},3C_20_80-03.txt,169.439,0.250,42.360,21,47.625,112.43,2.268,14.984,0.000
8,ec.gp.GPIndividual@1913617178{157739703},3C_20_80-01.txt,4.194,0.250,1.049,1,3.297,314.40,3.297,14.984,0.000
8,ec.gp.GPIndividual@1617176535{-386794977},3C_20_50-02.txt,61.404,0.250,15.351,0,0.000,0.00,0.000,0.000,0.000
8,ec.gp.GPIndividual@1617176535{-386794977},3C_20_50-03.txt,30.993,0.250,7.748,0,0.000,0.00,0.000,0.000,0.000
8,ec.gp.GPIndividual@1617176535{-386794977},3C_20_66-01.txt,7.322,0.250,1.831,0,0.000,0.00,0.000,0.000,0.000
8,ec.gp.GPIndividual@1617176535{-386794977},3C_20_66-02.txt,154.245,0.250,38.561,0,0.000,0.00,0.000,0.000,0.000
8,ec.gp.GPIndividual@1617176535{-386794977},3C_20_66-03.txt,118.340,0.250,29.585,0,0.000,0.00,0.000,0.000,0.000
8,ec.gp.GPIndividual@1617176535{-386794977},3C_20_80-01.txt,4.194,0.250,1.049,0,0.000,0.00,0.000,0.000,0.000
8,ec.gp.GPIndividual@1617176535{-386794977},3C_20_80-02.txt,35.738,0.250,8.935,0,0.000,0.00,0.000,0.000,0.000
8,ec.gp.GPIndividual@1617176535{-386794977},3C_20_80-03.txt,169.439,0.250,42.360,0,0.000,0.00,0.000,0.000,0.000
8,ec.gp.GPIndividual@1539633980{1633104259},3C_20_50-02.txt,61.404,0.250,15.351,8,16.219,105.65,2.027,5.734,0.484
8,ec.gp.GPIndividual@1539633980{1633104259},3C_20_50-03.txt,30.993,0.250,7.748,3,2.078,26.82,0.693,5.734,0.000
8,ec.gp.GPIndividual@1539633980{1633104259},3C_20_80-02.txt,35.738,0.250,8.935,3,7.859,87.97,2.620,7.141,0.000
8,ec.gp.GPIndividual@1539633980{1633104259},3C_20_66-02.txt,154.245,0.250,38.561,2,4.078,10.58,2.039,7.141,0.000
8,ec.gp.GPIndividual@1539633980{1633104259},3C_20_66-03.txt,118.340,0.250,29.585,4,11.063,37.39,2.766,7.141,0.000
8,ec.gp.GPIndividual@1539633980{1633104259},3C_20_80-03.txt,169.439,0.250,42.360,14,45.969,108.52,3.283,10.844,0.000
8,ec.gp.GPIndividual@1539633980{1633104259},3C_20_80-02.txt,35.738,0.250,8.935,2,12.766,142.88,6.383,10.844,0.000
8,ec.gp.GPIndividual@1539633980{1633104259},3C_20_66-01.txt,7.322,0.250,1.831,1,4.578,250.10,4.578,10.844,0.000
8,ec.gp.GPIndividual@1539633980{1633104259},3C_20_66-03.txt,118.340,0.250,29.585,3,5.172,17.48,1.724,10.844,0.000
8,ec.gp.GPIndividual@1539633980{1633104259},3C_20_80-01.txt,4.194,0.250,1.049,3,2.484,236.92,0.828,10.844,0.000
8,ec.gp.GPIndividual@1539633980{1633104259},3C_20_80-03.txt,169.439,0.250,42.360,2,0.156,0.37,0.078,10.844,0.000
8,ec.gp.GPIndividual@1539633980{1633104259},3C_20_66-02.txt,154.245,0.250,38.561,14,36.563,94.82,2.612,10.844,0.000
8,ec.gp.GPIndividual@1539633980{1633104259},3C_20_66-03.txt,118.340,0.250,29.585,10,30.547,103.25,3.055,10.844,0.000
8,ec.gp.GPIndividual@1851939119{-369579387},3C_20_50-02.txt,61.404,0.250,15.351,0,0.000,0.00,0.000,0.000,0.000
8,ec.gp.GPIndividual@1851939119{-369579387},3C_20_50-03.txt,30.993,0.250,7.748,0,0.000,0.00,0.000,0.000,0.000
8,ec.gp.GPIndividual@1851939119{-369579387},3C_20_66-01.txt,7.322,0.250,1.831,0,0.000,0.00,0.000,0.000,0.000
8,ec.gp.GPIndividual@1851939119{-369579387},3C_20_66-02.txt,154.245,0.250,38.561,0,0.000,0.00,0.000,0.000,0.000
8,ec.gp.GPIndividual@1851939119{-369579387},3C_20_66-03.txt,118.340,0.250,29.585,0,0.000,0.00,0.000,0.000,0.000
8,ec.gp.GPIndividual@1851939119{-369579387},3C_20_80-01.txt,4.194,0.250,1.049,0,0.000,0.00,0.000,0.000,0.000
8,ec.gp.GPIndividual@1851939119{-369579387},3C_20_80-02.txt,35.738,0.250,8.935,0,0.000,0.00,0.000,0.000,0.000
8,ec.gp.GPIndividual@1851939119{-369579387},3C_20_80-03.txt,169.439,0.250,42.360,0,0.000,0.00,0.000,0.000,0.000
8,ec.gp.GPIndividual@562757701{-588319225},3C_20_50-02.txt,61.404,0.250,15.351,1,1.016,6.62,1.016,1.016,1.016
8,ec.gp.GPIndividual@562757701{-588319225},3C_20_80-01.txt,4.194,0.250,1.049,3,1.234,117.71,0.411,1.016,0.281
8,ec.gp.GPIndividual@562757701{-588319225},3C_20_80-02.txt,35.738,0.250,8.935,1,6.688,74.85,6.688,6.688,0.281
8,ec.gp.GPIndividual@562757701{-588319225},3C_20_80-01.txt,4.194,0.250,1.049,1,0.266,25.33,0.266,6.688,0.266
8,ec.gp.GPIndividual@562757701{-588319225},3C_20_50-03.txt,30.993,0.250,7.748,5,13.531,174.64,2.706,9.359,0.266
8,ec.gp.GPIndividual@562757701{-588319225},3C_20_80-03.txt,169.439,0.250,42.360,18,39.078,92.25,2.171,9.359,0.266
8,ec.gp.GPIndividual@562757701{-588319225},3C_20_66-01.txt,7.322,0.250,1.831,1,7.984,436.17,7.984,9.359,0.266
8,ec.gp.GPIndividual@562757701{-588319225},3C_20_80-03.txt,169.439,0.250,42.360,3,13.969,32.98,4.656,9.359,0.266
8,ec.gp.GPIndividual@562757701{-588319225},3C_20_80-02.txt,35.738,0.250,8.935,2,12.875,144.10,6.438,12.156,0.266
8,ec.gp.GPIndividual@562757701{-588319225},3C_20_80-03.txt,169.439,0.250,42.360,11,32.563,76.87,2.960,13.563,0.266
8,ec.gp.GPIndividual@514853870{2110546525},3C_20_50-02.txt,61.404,0.250,15.351,3,11.219,73.08,3.740,9.500,0.328
8,ec.gp.GPIndividual@514853870{2110546525},3C_20_80-03.txt,169.439,0.250,42.360,2,22.156,52.30,11.078,12.203,0.328
8,ec.gp.GPIndividual@188041015{-1693870505},3C_20_50-02.txt,61.404,0.250,15.351,3,16.266,105.96,5.422,14.094,0.266
8,ec.gp.GPIndividual@188041015{-1693870505},3C_20_66-02.txt,154.245,0.250,38.561,12,33.125,85.90,2.760,14.094,0.000
8,ec.gp.GPIndividual@1461805387{-140205833},3C_20_50-02.txt,61.404,0.250,15.351,0,0.000,0.00,0.000,0.000,0.000
8,ec.gp.GPIndividual@1461805387{-140205833},3C_20_50-03.txt,30.993,0.250,7.748,0,0.000,0.00,0.000,0.000,0.000
8,ec.gp.GPIndividual@1461805387{-140205833},3C_20_66-01.txt,7.322,0.250,1.831,0,0.000,0.00,0.000,0.000,0.000
8,ec.gp.GPIndividual@1461805387{-140205833},3C_20_66-02.txt,154.245,0.250,38.561,0,0.000,0.00,0.000,0.000,0.000
8,ec.gp.GPIndividual@1461805387{-140205833},3C_20_66-03.txt,118.340,0.250,29.585,0,0.000,0.00,0.000,0.000,0.000
8,ec.gp.GPIndividual@1461805387{-140205833},3C_20_80-01.txt,4.194,0.250,1.049,0,0.000,0.00,0.000,0.000,0.000
8,ec.gp.GPIndividual@1461805387{-140205833},3C_20_80-02.txt,35.738,0.250,8.935,0,0.000,0.00,0.000,0.000,0.000
8,ec.gp.GPIndividual@1461805387{-140205833},3C_20_80-03.txt,169.439,0.250,42.360,0,0.000,0.00,0.000,0.000,0.000
8,ec.gp.GPIndividual@940470552{-1642755736},3C_20_50-02.txt,61.404,0.250,15.351,2,9.297,60.56,4.648,9.078,0.219
8,ec.gp.GPIndividual@940470552{-1642755736},3C_20_50-03.txt,30.993,0.250,7.748,2,15.109,195.01,7.555,14.109,0.219
8,ec.gp.GPIndividual@940470552{-1642755736},3C_20_50-03.txt,30.993,0.250,7.748,1,7.500,96.80,7.500,14.109,0.219
8,ec.gp.GPIndividual@940470552{-1642755736},3C_20_66-03.txt,118.340,0.250,29.585,10,29.313,99.08,2.931,14.109,0.219
8,ec.gp.GPIndividual@940470552{-1642755736},3C_20_80-01.txt,4.194,0.250,1.049,1,5.297,505.13,5.297,14.109,0.219
8,ec.gp.GPIndividual@940470552{-1642755736},3C_20_66-01.txt,7.322,0.250,1.831,2,9.281,507.02,4.641,14.109,0.219
8,ec.gp.GPIndividual@940470552{-1642755736},3C_20_50-03.txt,30.993,0.250,7.748,1,2.172,28.03,2.172,14.109,0.219
8,ec.gp.GPIndividual@940470552{-1642755736},3C_20_66-01.txt,7.322,0.250,1.831,3,1.438,78.53,0.479,14.109,0.219
8,ec.gp.GPIndividual@940470552{-1642755736},3C_20_80-02.txt,35.738,0.250,8.935,1,0.641,7.17,0.641,14.109,0.219
8,ec.gp.GPIndividual@940470552{-1642755736},3C_20_66-02.txt,154.245,0.250,38.561,1,0.641,1.66,0.641,14.109,0.219
8,ec.gp.GPIndividual@940470552{-1642755736},3C_20_66-02.txt,154.245,0.250,38.561,18,34.281,88.90,1.905,14.109,0.219
8,ec.gp.GPIndividual@940470552{-1642755736},3C_20_66-03.txt,118.340,0.250,29.585,1,9.516,32.16,9.516,14.109,0.219
8,ec.gp.GPIndividual@940470552{-1642755736},3C_20_80-03.txt,169.439,0.250,42.360,1,9.891,23.35,9.891,14.109,0.219
8,ec.gp.GPIndividual@940470552{-1642755736},3C_20_66-03.txt,118.340,0.250,29.585,1,5.391,18.22,5.391,14.109,0.219
8,ec.gp.GPIndividual@940470552{-1642755736},3C_20_66-01.txt,7.322,0.250,1.831,2,4.141,226.20,2.070,14.109,0.219
8,ec.gp.GPIndividual@1830530542{1809972464},3C_20_50-02.txt,61.404,0.250,15.351,3,4.297,27.99,1.432,3.563,0.141
8,ec.gp.GPIndividual@1830530542{1809972464},3C_20_66-02.txt,154.245,0.250,38.561,11,27.844,72.21,2.531,11.703,0.141
8,ec.gp.GPIndividual@1830530542{1809972464},3C_20_80-01.txt,4.194,0.250,1.049,1,9.422,898.50,9.422,11.703,0.141
8,ec.gp.GPIndividual@1830530542{1809972464},3C_20_50-03.txt,30.993,0.250,7.748,2,9.547,123.22,4.773,11.703,0.141
8,ec.gp.GPIndividual@1830530542{1809972464},3C_20_66-03.txt,118.340,0.250,29.585,1,13.031,44.05,13.031,13.031,0.141
8,ec.gp.GPIndividual@1830530542{1809972464},3C_20_80-01.txt,4.194,0.250,1.049,2,0.828,78.97,0.414,13.031,0.141
8,ec.gp.GPIndividual@1830530542{1809972464},3C_20_80-02.txt,35.738,0.250,8.935,1,0.469,5.25,0.469,13.031,0.141
8,ec.gp.GPIndividual@1830530542{1809972464},3C_20_80-02.txt,35.738,0.250,8.935,7,10.656,119.27,1.522,13.031,0.141
8,ec.gp.GPIndividual@1830530542{1809972464},3C_20_80-01.txt,4.194,0.250,1.049,2,0.922,87.91,0.461,13.031,0.109
8,ec.gp.GPIndividual@1830530542{1809972464},3C_20_80-03.txt,169.439,0.250,42.360,2,1.234,2.91,0.617,13.031,0.109
8,ec.gp.GPIndividual@1830530542{1809972464},3C_20_80-03.txt,169.439,0.250,42.360,12,29.281,69.13,2.440,13.031,0.109
8,ec.gp.GPIndividual@1830530542{1809972464},3C_20_66-01.txt,7.322,0.250,1.831,2,1.203,65.72,0.602,13.031,0.109
8,ec.gp.GPIndividual@1830530542{1809972464},3C_20_66-02.txt,154.245,0.250,38.561,4,11.125,28.85,2.781,13.031,0.109
8,ec.gp.GPIndividual@1677837762{1669567774},3C_20_50-02.txt,61.404,0.250,15.351,1,7.438,48.45,7.438,7.438,7.438
8,ec.gp.GPIndividual@1677837762{1669567774},3C_20_80-02.txt,35.738,0.250,8.935,6,16.891,189.05,2.815,12.734,0.219
8,ec.gp.GPIndividual@1662011145{-1396184992},3C_20_50-02.txt,61.404,0.250,15.351,3,10.094,65.75,3.365,9.203,0.156
8,ec.gp.GPIndividual@1662011145{-1396184992},3C_20_80-01.txt,4.194,0.250,1.049,1,1.078,102.81,1.078,9.203,0.156
8,ec.gp.GPIndividual@1662011145{-1396184992},3C_20_50-03.txt,30.993,0.250,7.748,5,19.359,249.86,3.872,15.969,0.156
8,ec.gp.GPIndividual@1662011145{-1396184992},3C_20_50-03.txt,30.993,0.250,7.748,3,3.969,51.22,1.323,15.969,0.156
8,ec.gp.GPIndividual@1662011145{-1396184992},3C_20_66-01.txt,7.322,0.250,1.831,2,2.188,119.50,1.094,15.969,0.156
8,ec.gp.GPIndividual@1662011145{-1396184992},3C_20_66-02.txt,154.245,0.250,38.561,2,0.063,0.16,0.031,15.969,0.000
8,ec.gp.GPIndividual@1662011145{-1396184992},3C_20_66-01.txt,7.322,0.250,1.831,4,1.609,87.92,0.402,15.969,0.000
8,ec.gp.GPIndividual@1662011145{-1396184992},3C_20_66-02.txt,154.245,0.250,38.561,1,0.375,0.97,0.375,15.969,0.000
8,ec.gp.GPIndividual@1662011145{-1396184992},3C_20_80-02.txt,35.738,0.250,8.935,14,8.875,99.33,0.634,15.969,0.000
8,ec.gp.GPIndividual@1662011145{-1396184992},3C_20_66-03.txt,118.340,0.250,29.585,2,0.406,1.37,0.203,15.969,0.000
8,ec.gp.GPIndividual@1662011145{-1396184992},3C_20_66-03.txt,118.340,0.250,29.585,1,0.656,2.22,0.656,15.969,0.000
8,ec.gp.GPIndividual@1662011145{-1396184992},3C_20_80-03.txt,169.439,0.250,42.360,8,40.313,95.17,5.039,15.969,0.000
8,ec.gp.GPIndividual@306987043{-97679990},3C_20_50-02.txt,61.404,0.250,15.351,0,0.000,0.00,0.000,0.000,0.000
8,ec.gp.GPIndividual@306987043{-97679990},3C_20_50-03.txt,30.993,0.250,7.748,0,0.000,0.00,0.000,0.000,0.000
8,ec.gp.GPIndividual@306987043{-97679990},3C_20_66-01.txt,7.322,0.250,1.831,0,0.000,0.00,0.000,0.000,0.000
8,ec.gp.GPIndividual@306987043{-97679990},3C_20_66-02.txt,154.245,0.250,38.561,0,0.000,0.00,0.000,0.000,0.000
8,ec.gp.GPIndividual@306987043{-97679990},3C_20_66-03.txt,118.340,0.250,29.585,0,0.000,0.00,0.000,0.000,0.000
8,ec.gp.GPIndividual@306987043{-97679990},3C_20_80-01.txt,4.194,0.250,1.049,0,0.000,0.00,0.000,0.000,0.000
8,ec.gp.GPIndividual@306987043{-97679990},3C_20_80-02.txt,35.738,0.250,8.935,0,0.000,0.00,0.000,0.000,0.000
8,ec.gp.GPIndividual@306987043{-97679990},3C_20_80-03.txt,169.439,0.250,42.360,0,0.000,0.00,0.000,0.000,0.000
8,ec.gp.GPIndividual@206816431{-1237186760},3C_20_50-02.txt,61.404,0.250,15.351,5,6.766,44.07,1.353,5.766,0.047
8,ec.gp.GPIndividual@206816431{-1237186760},3C_20_50-03.txt,30.993,0.250,7.748,7,6.906,89.13,0.987,5.766,0.047
8,ec.gp.GPIndividual@206816431{-1237186760},3C_20_66-01.txt,7.322,0.250,1.831,1,0.125,6.83,0.125,5.766,0.047
8,ec.gp.GPIndividual@206816431{-1237186760},3C_20_66-02.txt,154.245,0.250,38.561,6,19.859,51.50,3.310,12.516,0.047
8,ec.gp.GPIndividual@206816431{-1237186760},3C_20_66-03.txt,118.340,0.250,29.585,3,14.313,48.38,4.771,12.516,0.047
8,ec.gp.GPIndividual@206816431{-1237186760},3C_20_80-01.txt,4.194,0.250,1.049,3,0.656,62.58,0.219,12.516,0.047
8,ec.gp.GPIndividual@206816431{-1237186760},3C_20_80-02.txt,35.738,0.250,8.935,6,4.234,47.39,0.706,12.516,0.047
8,ec.gp.GPIndividual@206816431{-1237186760},3C_20_80-03.txt,169.439,0.250,42.360,4,23.141,54.63,5.785,12.844,0.047
8,ec.gp.GPIndividual@13306214{956858571},3C_20_50-02.txt,61.404,0.250,15.351,0,0.000,0.00,0.000,0.000,0.000
8,ec.gp.GPIndividual@13306214{956858571},3C_20_50-03.txt,30.993,0.250,7.748,0,0.000,0.00,0.000,0.000,0.000
8,ec.gp.GPIndividual@13306214{956858571},3C_20_66-01.txt,7.322,0.250,1.831,0,0.000,0.00,0.000,0.000,0.000
8,ec.gp.GPIndividual@13306214{956858571},3C_20_66-02.txt,154.245,0.250,38.561,0,0.000,0.00,0.000,0.000,0.000
8,ec.gp.GPIndividual@13306214{956858571},3C_20_66-03.txt,118.340,0.250,29.585,0,0.000,0.00,0.000,0.000,0.000
8,ec.gp.GPIndividual@13306214{956858571},3C_20_80-01.txt,4.194,0.250,1.049,0,0.000,0.00,0.000,0.000,0.000
8,ec.gp.GPIndividual@13306214{956858571},3C_20_80-02.txt,35.738,0.250,8.935,0,0.000,0.00,0.000,0.000,0.000
8,ec.gp.GPIndividual@13306214{956858571},3C_20_80-03.txt,169.439,0.250,42.360,0,0.000,0.00,0.000,0.000,0.000
9,ec.gp.GPIndividual@1397121375{534849455},3C_20_50-02.txt,61.404,0.250,15.351,0,0.000,0.00,0.000,0.000,0.000
9,ec.gp.GPIndividual@1397121375{534849455},3C_20_50-03.txt,30.993,0.250,7.748,0,0.000,0.00,0.000,0.000,0.000
9,ec.gp.GPIndividual@1397121375{534849455},3C_20_66-01.txt,7.322,0.250,1.831,0,0.000,0.00,0.000,0.000,0.000
9,ec.gp.GPIndividual@1397121375{534849455},3C_20_66-02.txt,154.245,0.250,38.561,0,0.000,0.00,0.000,0.000,0.000
9,ec.gp.GPIndividual@1397121375{534849455},3C_20_50-03.txt,30.993,0.250,7.748,0,0.000,0.00,0.000,0.000,0.000
9,ec.gp.GPIndividual@1397121375{534849455},3C_20_66-03.txt,118.340,0.250,29.585,0,0.000,0.00,0.000,0.000,0.000
9,ec.gp.GPIndividual@1397121375{534849455},3C_20_66-01.txt,7.322,0.250,1.831,0,0.000,0.00,0.000,0.000,0.000
9,ec.gp.GPIndividual@1397121375{534849455},3C_20_80-01.txt,4.194,0.250,1.049,0,0.000,0.00,0.000,0.000,0.000
9,ec.gp.GPIndividual@1397121375{534849455},3C_20_80-02.txt,35.738,0.250,8.935,0,0.000,0.00,0.000,0.000,0.000
9,ec.gp.GPIndividual@1397121375{534849455},3C_20_80-02.txt,35.738,0.250,8.935,0,0.000,0.00,0.000,0.000,0.000
9,ec.gp.GPIndividual@1397121375{534849455},3C_20_80-03.txt,169.439,0.250,42.360,0,0.000,0.00,0.000,0.000,0.000
9,ec.gp.GPIndividual@1364163187{-1987326397},3C_20_50-02.txt,61.404,0.250,15.351,0,0.000,0.00,0.000,0.000,0.000
9,ec.gp.GPIndividual@1364163187{-1987326397},3C_20_66-03.txt,118.340,0.250,29.585,0,0.000,0.00,0.000,0.000,0.000
9,ec.gp.GPIndividual@1364163187{-1987326397},3C_20_50-03.txt,30.993,0.250,7.748,0,0.000,0.00,0.000,0.000,0.000
9,ec.gp.GPIndividual@1364163187{-1987326397},3C_20_50-03.txt,30.993,0.250,7.748,0,0.000,0.00,0.000,0.000,0.000
9,ec.gp.GPIndividual@1364163187{-1987326397},3C_20_66-01.txt,7.322,0.250,1.831,0,0.000,0.00,0.000,0.000,0.000
9,ec.gp.GPIndividual@1364163187{-1987326397},3C_20_66-02.txt,154.245,0.250,38.561,0,0.000,0.00,0.000,0.000,0.000
9,ec.gp.GPIndividual@1364163187{-1987326397},3C_20_66-02.txt,154.245,0.250,38.561,0,0.000,0.00,0.000,0.000,0.000
9,ec.gp.GPIndividual@1364163187{-1987326397},3C_20_66-03.txt,118.340,0.250,29.585,0,0.000,0.00,0.000,0.000,0.000
9,ec.gp.GPIndividual@1364163187{-1987326397},3C_20_80-01.txt,4.194,0.250,1.049,0,0.000,0.00,0.000,0.000,0.000
9,ec.gp.GPIndividual@1364163187{-1987326397},3C_20_80-02.txt,35.738,0.250,8.935,0,0.000,0.00,0.000,0.000,0.000
9,ec.gp.GPIndividual@1364163187{-1987326397},3C_20_80-03.txt,169.439,0.250,42.360,0,0.000,0.00,0.000,0.000,0.000
9,ec.gp.GPIndividual@1364163187{-1987326397},3C_20_80-03.txt,169.439,0.250,42.360,0,0.000,0.00,0.000,0.000,0.000
9,ec.gp.GPIndividual@110825163{1907970725},3C_20_50-02.txt,61.404,0.250,15.351,0,0.000,0.00,0.000,0.000,0.000
9,ec.gp.GPIndividual@1954505786{-1100123587},3C_20_50-02.txt,61.404,0.250,15.351,14,14.891,97.00,1.064,1.859,0.406
9,ec.gp.GPIndividual@1954505786{-1100123587},3C_20_50-03.txt,30.993,0.250,7.748,1,1.578,20.37,1.578,1.859,0.406
9,ec.gp.GPIndividual@1954505786{-1100123587},3C_20_50-03.txt,30.993,0.250,7.748,4,9.609,124.02,2.402,2.453,0.406
9,ec.gp.GPIndividual@1954505786{-1100123587},3C_20_50-03.txt,30.993,0.250,7.748,3,4.016,51.83,1.339,2.453,0.313
9,ec.gp.GPIndividual@1954505786{-1100123587},3C_20_50-03.txt,30.993,0.250,7.748,1,3.188,41.14,3.188,3.188,0.313
9,ec.gp.GPIndividual@1954505786{-1100123587},3C_20_66-01.txt,7.322,0.250,1.831,1,3.188,174.13,3.188,3.188,0.313
9,ec.gp.GPIndividual@1954505786{-1100123587},3C_20_66-01.txt,7.322,0.250,1.831,2,1.719,93.89,0.859,3.188,0.313
9,ec.gp.GPIndividual@1954505786{-1100123587},3C_20_66-02.txt,154.245,0.250,38.561,2,6.047,15.68,3.023,3.188,0.313
9,ec.gp.GPIndividual@1954505786{-1100123587},3C_20_66-01.txt,7.322,0.250,1.831,2,2.891,157.91,1.445,3.188,0.313
9,ec.gp.GPIndividual@1954505786{-1100123587},3C_20_50-03.txt,30.993,0.250,7.748,1,0.844,10.89,0.844,3.188,0.313
9,ec.gp.GPIndividual@1954505786{-1100123587},3C_20_66-02.txt,154.245,0.250,38.561,1,0.688,1.78,0.688,3.188,0.313
9,ec.gp.GPIndividual@1954505786{-1100123587},3C_20_66-02.txt,154.245,0.250,38.561,17,37.531,97.33,2.208,4.500,0.313
9,ec.gp.GPIndividual@1954505786{-1100123587},3C_20_66-03.txt,118.340,0.250,29.585,1,1.594,5.39,1.594,4.500,0.313
9,ec.gp.GPIndividual@1954505786{-1100123587},3C_20_66-03.txt,118.340,0.250,29.585,2,6.828,23.08,3.414,4.500,0.313
9,ec.gp.GPIndividual@1954505786{-1100123587},3C_20_66-03.txt,118.340,0.250,29.585,4,27.469,92.85,6.867,14.359,0.313
9,ec.gp.GPIndividual@1954505786{-1100123587},3C_20_80-01.txt,4.194,0.250,1.049,3,1.047,99.83,0.349,14.359,0.172
9,ec.gp.GPIndividual@1954505786{-1100123587},3C_20_80-02.txt,35.738,0.250,8.935,3,11.438,128.01,3.813,14.359,0.000
9,ec.gp.GPIndividual@1954505786{-1100123587},3C_20_66-01.txt,7.322,0.250,1.831,1,8.891,485.68,8.891,14.359,0.000
9,ec.gp.GPIndividual@1954505786{-1100123587},3C_20_80-01.txt,4.194,0.250,1.049,3,8.219,783.77,2.740,14.359,0.000
9,ec.gp.GPIndividual@1954505786{-1100123587},3C_20_66-01.txt,7.322,0.250,1.831,2,0.156,8.54,0.078,14.359,0.000
9,ec.gp.GPIndividual@1954505786{-1100123587},3C_20_66-02.txt,154.245,0.250,38.561,1,0.484,1.26,0.484,14.359,0.000
9,ec.gp.GPIndividual@1954505786{-1100123587},3C_20_80-02.txt,35.738,0.250,8.935,3,4.953,55.44,1.651,14.359,0.000
9,ec.gp.GPIndividual@1954505786{-1100123587},3C_20_50-03.txt,30.993,0.250,7.748,1,8.969,115.75,8.969,14.359,0.000
9,ec.gp.GPIndividual@1954505786{-1100123587},3C_20_80-01.txt,4.194,0.250,1.049,1,0.516,49.17,0.516,14.359,0.000
9,ec.gp.GPIndividual@1954505786{-1100123587},3C_20_80-02.txt,35.738,0.250,8.935,6,9.266,103.71,1.544,14.359,0.000
9,ec.gp.GPIndividual@1954505786{-1100123587},3C_20_80-03.txt,169.439,0.250,42.360,5,5.609,13.24,1.122,14.359,0.000
9,ec.gp.GPIndividual@1954505786{-1100123587},3C_20_66-03.txt,118.340,0.250,29.585,13,33.484,113.18,2.576,14.359,0.000
9,ec.gp.GPIndividual@1954505786{-1100123587},3C_20_80-01.txt,4.194,0.250,1.049,1,1.047,99.83,1.047,14.359,0.000
9,ec.gp.GPIndividual@1954505786{-1100123587},3C_20_80-03.txt,169.439,0.250,42.360,2,2.281,5.39,1.141,14.359,0.000
9,ec.gp.GPIndividual@1519916934{1570410735},3C_20_50-02.txt,61.404,0.250,15.351,7,15.516,101.07,2.217,6.125,0.000
9,ec.gp.GPIndividual@1519916934{1570410735},3C_20_80-03.txt,169.439,0.250,42.360,2,10.875,25.67,5.438,8.484,0.000
9,ec.gp.GPIndividual@1519916934{1570410735},3C_20_50-03.txt,30.993,0.250,7.748,2,9.469,122.21,4.734,8.484,0.000
9,ec.gp.GPIndividual@1519916934{1570410735},3C_20_66-01.txt,7.322,0.250,1.831,1,3.438,187.79,3.438,8.484,0.000
9,ec.gp.GPIndividual@1519916934{1570410735},3C_20_80-02.txt,35.738,0.250,8.935,1,0.875,9.79,0.875,8.484,0.000
9,ec.gp.GPIndividual@1721479334{805593120},3C_20_50-02.txt,61.404,0.250,15.351,8,16.391,106.77,2.049,5.359,0.531
9,ec.gp.GPIndividual@1517030506{-1368867081},3C_20_50-02.txt,61.404,0.250,15.351,7,12.094,78.78,1.728,3.109,0.344
9,ec.gp.GPIndividual@1517030506{-1368867081},3C_20_66-01.txt,7.322,0.250,1.831,3,1.859,101.57,0.620,3.109,0.172
9,ec.gp.GPIndividual@1517030506{-1368867081},3C_20_66-02.txt,154.245,0.250,38.561,3,3.234,8.39,1.078,3.109,0.172
9,ec.gp.GPIndividual@1517030506{-1368867081},3C_20_66-02.txt,154.245,0.250,38.561,10,12.359,32.05,1.236,3.109,0.000
9,ec.gp.GPIndividual@1517030506{-1368867081},3C_20_50-03.txt,30.993,0.250,7.748,5,20.484,264.38,4.097,13.688,0.000
9,ec.gp.GPIndividual@1517030506{-1368867081},3C_20_66-02.txt,154.245,0.250,38.561,15,38.578,100.04,2.572,13.688,0.000
9,ec.gp.GPIndividual@1517030506{-1368867081},3C_20_80-03.txt,169.439,0.250,42.360,4,26.094,61.60,6.523,13.688,0.000
9,ec.gp.GPIndividual@1517030506{-1368867081},3C_20_66-03.txt,118.340,0.250,29.585,1,5.109,17.27,5.109,13.688,0.000
9,ec.gp.GPIndividual@1517030506{-1368867081},3C_20_66-03.txt,118.340,0.250,29.585,1,14.078,47.59,14.078,14.078,0.000
9,ec.gp.GPIndividual@1517030506{-1368867081},3C_20_50-03.txt,30.993,0.250,7.748,2,7.297,94.18,3.648,14.078,0.000
9,ec.gp.GPIndividual@838156175{-2017096894},3C_20_50-02.txt,61.404,0.250,15.351,5,19.141,124.69,3.828,7.281,0.531
9,ec.gp.GPIndividual@838156175{-2017096894},3C_20_80-01.txt,4.194,0.250,1.049,2,1.609,153.48,0.805,7.281,0.531
9,ec.gp.GPIndividual@838156175{-2017096894},3C_20_66-01.txt,7.322,0.250,1.831,2,2.844,155.35,1.422,7.281,0.344
9,ec.gp.GPIndividual@838156175{-2017096894},3C_20_50-03.txt,30.993,0.250,7.748,3,1.406,18.15,0.469,7.281,0.000
9,ec.gp.GPIndividual@838156175{-2017096894},3C_20_80-02.txt,35.738,0.250,8.935,2,9.172,102.66,4.586,8.891,0.000
9,ec.gp.GPIndividual@838156175{-2017096894},3C_20_80-01.txt,4.194,0.250,1.049,1,4.625,441.06,4.625,8.891,0.000
9,ec.gp.GPIndividual@838156175{-2017096894},3C_20_66-01.txt,7.322,0.250,1.831,3,12.109,661.52,4.036,10.578,0.000
9,ec.gp.GPIndividual@838156175{-2017096894},3C_20_66-03.txt,118.340,0.250,29.585,4,1.672,5.65,0.418,10.578,0.000
9,ec.gp.GPIndividual@838156175{-2017096894},3C_20_80-02.txt,35.738,0.250,8.935,6,9.047,101.26,1.508,10.578,0.000
9,ec.gp.GPIndividual@838156175{-2017096894},3C_20_80-03.txt,169.439,0.250,42.360,12,24.406,57.62,2.034,10.578,0.000
9,ec.gp.GPIndividual@838156175{-2017096894},3C_20_66-01.txt,7.322,0.250,1.831,2,6.547,357.65,3.273,10.578,0.000
9,ec.gp.GPIndividual@1219116559{1919336813},3C_20_50-02.txt,61.404,0.250,15.351,5,7.297,47.53,1.459,3.344,0.328
9,ec.gp.GPIndividual@1219116559{1919336813},3C_20_66-02.txt,154.245,0.250,38.561,7,17.234,44.69,2.462,5.125,0.000
9,ec.gp.GPIndividual@1219116559{1919336813},3C_20_80-03.txt,169.439,0.250,42.360,8,40.266,95.06,5.033,13.188,0.000
9,ec.gp.GPIndividual@299182972{-2114825396},3C_20_50-02.txt,61.404,0.250,15.351,4,8.594,55.98,2.148,4.328,0.000
9,ec.gp.GPIndividual@299182972{-2114825396},3C_20_66-03.txt,118.340,0.250,29.585,2,12.844,43.41,6.422,11.234,0.000
9,ec.gp.GPIndividual@299182972{-2114825396},3C_20_80-01.txt,4.194,0.250,1.049,3,1.063,101.32,0.354,11.234,0.000
9,ec.gp.GPIndividual@299182972{-2114825396},3C_20_80-02.txt,35.738,0.250,8.935,2,6.828,76.42,3.414,11.234,0.000
9,ec.gp.GPIndividual@299182972{-2114825396},3C_20_66-02.txt,154.245,0.250,38.561,1,9.703,25.16,9.703,11.234,0.000
9,ec.gp.GPIndividual@299182972{-2114825396},3C_20_66-02.txt,154.245,0.250,38.561,9,35.266,91.45,3.918,15.313,0.000
9,ec.gp.GPIndividual@299182972{-2114825396},3C_20_50-03.txt,30.993,0.250,7.748,2,4.344,56.06,2.172,15.313,0.000
9,ec.gp.GPIndividual@299182972{-2114825396},3C_20_50-03.txt,30.993,0.250,7.748,6,7.797,100.63,1.299,15.313,0.000
9,ec.gp.GPIndividual@299182972{-2114825396},3C_20_80-03.txt,169.439,0.250,42.360,2,2.469,5.83,1.234,15.313,0.000
9,ec.gp.GPIndividual@299182972{-2114825396},3C_20_80-01.txt,4.194,0.250,1.049,3,3.922,374.00,1.307,15.313,0.000
9,ec.gp.GPIndividual@299182972{-2114825396},3C_20_66-01.txt,7.322,0.250,1.831,1,3.203,174.98,3.203,15.313,0.000
9,ec.gp.GPIndividual@299182972{-2114825396},3C_20_66-01.txt,7.322,0.250,1.831,3,2.625,143.40,0.875,15.313,0.000
9,ec.gp.GPIndividual@299182972{-2114825396},3C_20_80-02.txt,35.738,0.250,8.935,2,1.016,11.37,0.508,15.313,0.000
9,ec.gp.GPIndividual@299182972{-2114825396},3C_20_66-03.txt,118.340,0.250,29.585,7,16.203,54.77,2.315,15.313,0.000
9,ec.gp.GPIndividual@299182972{-2114825396},3C_20_66-03.txt,118.340,0.250,29.585,12,29.609,100.08,2.467,15.313,0.000
9,ec.gp.GPIndividual@299182972{-2114825396},3C_20_80-01.txt,4.194,0.250,1.049,1,4.016,382.94,4.016,15.313,0.000
9,ec.gp.GPIndividual@299182972{-2114825396},3C_20_80-01.txt,4.194,0.250,1.049,4,1.188,113.24,0.297,15.313,0.000
9,ec.gp.GPIndividual@299182972{-2114825396},3C_20_80-02.txt,35.738,0.250,8.935,2,2.984,33.40,1.492,15.313,0.000
9,ec.gp.GPIndividual@299182972{-2114825396},3C_20_80-03.txt,169.439,0.250,42.360,13,41.922,98.97,3.225,15.313,0.000
9,ec.gp.GPIndividual@299182972{-2114825396},3C_20_80-02.txt,35.738,0.250,8.935,1,2.531,28.33,2.531,15.313,0.000
9,ec.gp.GPIndividual@1305765790{584204721},3C_20_50-02.txt,61.404,0.250,15.351,5,15.547,101.28,3.109,7.797,0.000
9,ec.gp.GPIndividual@1305765790{584204721},3C_20_80-03.txt,169.439,0.250,42.360,2,12.125,28.62,6.063,10.500,0.000
9,ec.gp.GPIndividual@1305765790{584204721},3C_20_66-02.txt,154.245,0.250,38.561,2,4.281,11.10,2.141,10.500,0.000
9,ec.gp.GPIndividual@401302746{894956818},3C_20_50-02.txt,61.404,0.250,15.351,7,24.797,161.53,3.542,14.703,0.344
9,ec.gp.GPIndividual@401302746{894956818},3C_20_66-02.txt,154.245,0.250,38.561,16,42.281,109.65,2.643,14.703,0.344
9,ec.gp.GPIndividual@401302746{894956818},3C_20_66-03.txt,118.340,0.250,29.585,2,4.219,14.26,2.109,14.703,0.344
9,ec.gp.GPIndividual@401302746{894956818},3C_20_66-03.txt,118.340,0.250,29.585,3,35.938,121.47,11.979,14.703,0.344
9,ec.gp.GPIndividual@401302746{894956818},3C_20_50-03.txt,30.993,0.250,7.748,1,3.141,40.53,3.141,14.703,0.344
9,ec.gp.GPIndividual@1052968234{-1963332428},3C_20_50-02.txt,61.404,0.250,15.351,5,16.031,104.43,3.206,6.391,0.000
9,ec.gp.GPIndividual@1052968234{-1963332428},3C_20_80-01.txt,4.194,0.250,1.049,1,1.813,172.85,1.813,6.391,0.000
9,ec.gp.GPIndividual@1052968234{-1963332428},3C_20_50-03.txt,30.993,0.250,7.748,2,8.344,107.69,4.172,7.656,0.000
9,ec.gp.GPIndividual@1052968234{-1963332428},3C_20_80-03.txt,169.439,0.250,42.360,3,6.953,16.41,2.318,7.656,0.000
9,ec.gp.GPIndividual@1052968234{-1963332428},3C_20_80-01.txt,4.194,0.250,1.049,3,2.656,253.31,0.885,7.656,0.000
9,ec.gp.GPIndividual@1052968234{-1963332428},3C_20_80-02.txt,35.738,0.250,8.935,2,3.344,37.43,1.672,7.656,0.000
9,ec.gp.GPIndividual@1052968234{-1963332428},3C_20_80-02.txt,35.738,0.250,8.935,1,11.516,128.89,11.516,11.516,0.000
9,ec.gp.GPIndividual@1052968234{-1963332428},3C_20_50-03.txt,30.993,0.250,7.748,4,6.969,89.94,1.742,11.516,0.000
9,ec.gp.GPIndividual@1052968234{-1963332428},3C_20_66-01.txt,7.322,0.250,1.831,1,4.422,241.56,4.422,11.516,0.000
9,ec.gp.GPIndividual@1052968234{-1963332428},3C_20_66-01.txt,7.322,0.250,1.831,2,2.406,131.45,1.203,11.516,0.000
9,ec.gp.GPIndividual@1052968234{-1963332428},3C_20_80-03.txt,169.439,0.250,42.360,1,0.328,0.77,0.328,11.516,0.000
9,ec.gp.GPIndividual@1052968234{-1963332428},3C_20_80-03.txt,169.439,0.250,42.360,18,40.484,95.57,2.249,11.516,0.000
9,ec.gp.GPIndividual@1880890944{871226493},3C_20_50-02.txt,61.404,0.250,15.351,0,0.000,0.00,0.000,0.000,0.000
9,ec.gp.GPIndividual@1880890944{871226493},3C_20_50-03.txt,30.993,0.250,7.748,0,0.000,0.00,0.000,0.000,0.000
9,ec.gp.GPIndividual@1880890944{871226493},3C_20_66-01.txt,7.322,0.250,1.831,0,0.000,0.00,0.000,0.000,0.000
9,ec.gp.GPIndividual@1880890944{871226493},3C_20_66-02.txt,154.245,0.250,38.561,0,0.000,0.00,0.000,0.000,0.000
9,ec.gp.GPIndividual@1880890944{871226493},3C_20_66-03.txt,118.340,0.250,29.585,0,0.000,0.00,0.000,0.000,0.000
9,ec.gp.GPIndividual@1880890944{871226493},3C_20_80-01.txt,4.194,0.250,1.049,0,0.000,0.00,0.000,0.000,0.000
9,ec.gp.GPIndividual@1880890944{871226493},3C_20_80-02.txt,35.738,0.250,8.935,0,0.000,0.00,0.000,0.000,0.000
9,ec.gp.GPIndividual@1880890944{871226493},3C_20_80-03.txt,169.439,0.250,42.360,0,0.000,0.00,0.000,0.000,0.000
9,ec.gp.GPIndividual@1979756187{-2056341593},3C_20_50-02.txt,61.404,0.250,15.351,5,15.234,99.24,3.047,6.641,0.141
9,ec.gp.GPIndividual@1979756187{-2056341593},3C_20_66-02.txt,154.245,0.250,38.561,12,39.266,101.83,3.272,14.281,0.000
9,ec.gp.GPIndividual@1979756187{-2056341593},3C_20_66-01.txt,7.322,0.250,1.831,1,3.016,164.74,3.016,14.281,0.000
9,ec.gp.GPIndividual@1979756187{-2056341593},3C_20_50-03.txt,30.993,0.250,7.748,2,6.266,80.87,3.133,14.281,0.000
9,ec.gp.GPIndividual@2118908360{-1938051628},3C_20_50-02.txt,61.404,0.250,15.351,0,0.000,0.00,0.000,0.000,0.000
9,ec.gp.GPIndividual@2118908360{-1938051628},3C_20_50-03.txt,30.993,0.250,7.748,1,1.500,19.36,1.500,1.500,1.500
9,ec.gp.GPIndividual@2118908360{-1938051628},3C_20_66-03.txt,118.340,0.250,29.585,0,0.000,0.00,0.000,1.500,1.500
9,ec.gp.GPIndividual@2118908360{-1938051628},3C_20_66-01.txt,7.322,0.250,1.831,0,0.000,0.00,0.000,1.500,1.500
9,ec.gp.GPIndividual@2118908360{-1938051628},3C_20_66-02.txt,154.245,0.250,38.561,0,0.000,0.00,0.000,1.500,1.500
9,ec.gp.GPIndividual@2118908360{-1938051628},3C_20_66-03.txt,118.340,0.250,29.585,0,0.000,0.00,0.000,1.500,1.500
9,ec.gp.GPIndividual@2118908360{-1938051628},3C_20_80-01.txt,4.194,0.250,1.049,0,0.000,0.00,0.000,1.500,1.500
9,ec.gp.GPIndividual@2118908360{-1938051628},3C_20_80-02.txt,35.738,0.250,8.935,1,1.203,13.47,1.203,1.500,1.203
9,ec.gp.GPIndividual@2118908360{-1938051628},3C_20_80-03.txt,169.439,0.250,42.360,0,0.000,0.00,0.000,1.500,1.203
9,ec.gp.GPIndividual@1425901712{293382017},3C_20_50-02.txt,61.404,0.250,15.351,7,24.625,160.41,3.518,12.609,0.281
9,ec.gp.GPIndividual@1425901712{293382017},3C_20_66-02.txt,154.245,0.250,38.561,3,7.094,18.40,2.365,12.609,0.281
9,ec.gp.GPIndividual@1425901712{293382017},3C_20_80-01.txt,4.194,0.250,1.049,2,4.406,420.19,2.203,12.609,0.281
9,ec.gp.GPIndividual@1425901712{293382017},3C_20_66-02.txt,154.245,0.250,38.561,4,5.469,14.18,1.367,12.609,0.266
9,ec.gp.GPIndividual@1425901712{293382017},3C_20_80-02.txt,35.738,0.250,8.935,6,7.734,86.57,1.289,12.609,0.000
9,ec.gp.GPIndividual@1425901712{293382017},3C_20_66-03.txt,118.340,0.250,29.585,2,8.656,29.26,4.328,12.609,0.000
9,ec.gp.GPIndividual@1425901712{293382017},3C_20_66-03.txt,118.340,0.250,29.585,8,36.266,122.58,4.533,13.703,0.000
9,ec.gp.GPIndividual@1425901712{293382017},3C_20_50-03.txt,30.993,0.250,7.748,4,7.625,98.41,1.906,13.703,0.000
9,ec.gp.GPIndividual@1425901712{293382017},3C_20_66-01.txt,7.322,0.250,1.831,1,9.172,501.05,9.172,13.703,0.000
9,ec.gp.GPIndividual@1425901712{293382017},3C_20_80-03.txt,169.439,0.250,42.360,11,31.875,75.25,2.898,13.703,0.000
9,ec.gp.GPIndividual@1425901712{293382017},3C_20_80-01.txt,4.194,0.250,1.049,7,1.188,113.24,0.170,13.703,0.000
9,ec.gp.GPIndividual@1425901712{293382017},3C_20_80-02.txt,35.738,0.250,8.935,4,8.828,98.81,2.207,13.703,0.000
9,ec.gp.GPIndividual@1425901712{293382017},3C_20_66-01.txt,7.322,0.250,1.831,1,6.188,338.01,6.188,13.703,0.000
9,ec.gp.GPIndividual@1960614597{240233302},3C_20_50-02.txt,61.404,0.250,15.351,7,18.891,123.06,2.699,13.078,0.422
9,ec.gp.GPIndividual@1960614597{240233302},3C_20_80-01.txt,4.194,0.250,1.049,2,9.781,932.77,4.891,13.078,0.422
9,ec.gp.GPIndividual@1960614597{240233302},3C_20_80-02.txt,35.738,0.250,8.935,6,8.391,93.91,1.398,13.078,0.422
9,ec.gp.GPIndividual@1960614597{240233302},3C_20_66-02.txt,154.245,0.250,38.561,2,7.563,19.61,3.781,13.078,0.422
9,ec.gp.GPIndividual@1960614597{240233302},3C_20_50-03.txt,30.993,0.250,7.748,1,3.641,46.99,3.641,13.078,0.422
9,ec.gp.GPIndividual@1960614597{240233302},3C_20_66-02.txt,154.245,0.250,38.561,1,1.141,2.96,1.141,13.078,0.422
9,ec.gp.GPIndividual@1960614597{240233302},3C_20_80-03.txt,169.439,0.250,42.360,15,43.188,101.95,2.879,13.531,0.422
9,ec.gp.GPIndividual@1960614597{240233302},3C_20_80-03.txt,169.439,0.250,42.360,3,26.844,63.37,8.948,13.531,0.422
9,ec.gp.GPIndividual@1960614597{240233302},3C_20_66-03.txt,118.340,0.250,29.585,1,5.188,17.53,5.188,13.531,0.422
9,ec.gp.GPIndividual@1960614597{240233302},3C_20_66-01.txt,7.322,0.250,1.831,1,3.969,216.81,3.969,13.531,0.422
9,ec.gp.GPIndividual@665833236{-772155143},3C_20_50-02.txt,61.404,0.250,15.351,8,15.078,98.22,1.885,5.016,0.438
9,ec.gp.GPIndividual@665833236{-772155143},3C_20_66-02.txt,154.245,0.250,38.561,1,0.875,2.27,0.875,5.016,0.438
9,ec.gp.GPIndividual@665833236{-772155143},3C_20_80-01.txt,4.194,0.250,1.049,1,1.781,169.87,1.781,5.016,0.438
9,ec.gp.GPIndividual@665833236{-772155143},3C_20_50-03.txt,30.993,0.250,7.748,5,7.297,94.18,1.459,5.016,0.438
9,ec.gp.GPIndividual@665833236{-772155143},3C_20_80-02.txt,35.738,0.250,8.935,1,0.766,8.57,0.766,5.016,0.438
9,ec.gp.GPIndividual@665833236{-772155143},3C_20_66-03.txt,118.340,0.250,29.585,1,1.500,5.07,1.500,5.016,0.438
9,ec.gp.GPIndividual@1819905516{-588149821},3C_20_50-02.txt,61.404,0.250,15.351,1,9.984,65.04,9.984,9.984,9.984
9,ec.gp.GPIndividual@1819905516{-588149821},3C_20_66-03.txt,118.340,0.250,29.585,14,29.125,98.45,2.080,9.984,0.281
9,ec.gp.GPIndividual@1819905516{-588149821},3C_20_80-03.txt,169.439,0.250,42.360,1,1.016,2.40,1.016,9.984,0.281
9,ec.gp.GPIndividual@1819905516{-588149821},3C_20_50-03.txt,30.993,0.250,7.748,3,5.938,76.63,1.979,9.984,0.281
9,ec.gp.GPIndividual@1819905516{-588149821},3C_20_80-01.txt,4.194,0.250,1.049,2,2.859,272.68,1.430,9.984,0.281
9,ec.gp.GPIndividual@1819905516{-588149821},3C_20_80-01.txt,4.194,0.250,1.049,1,0.266,25.33,0.266,9.984,0.266
9,ec.gp.GPIndividual@1819905516{-588149821},3C_20_80-02.txt,35.738,0.250,8.935,2,3.656,40.92,1.828,9.984,0.266
9,ec.gp.GPIndividual@1819905516{-588149821},3C_20_66-01.txt,7.322,0.250,1.831,1,5.734,313.26,5.734,9.984,0.266
9,ec.gp.GPIndividual@1819905516{-588149821},3C_20_66-01.txt,7.322,0.250,1.831,3,6.078,332.04,2.026,9.984,0.266
9,ec.gp.GPIndividual@172898706{534282529},3C_20_50-02.txt,61.404,0.250,15.351,2,0.641,4.17,0.320,0.516,0.125
9,ec.gp.GPIndividual@172898706{534282529},3C_20_66-02.txt,154.245,0.250,38.561,25,37.047,96.07,1.482,4.578,0.125
9,ec.gp.GPIndividual@172898706{534282529},3C_20_50-03.txt,30.993,0.250,7.748,1,3.984,51.42,3.984,4.578,0.125
9,ec.gp.GPIndividual@172898706{534282529},3C_20_66-03.txt,118.340,0.250,29.585,1,6.344,21.44,6.344,6.344,0.125
9,ec.gp.GPIndividual@172898706{534282529},3C_20_80-03.txt,169.439,0.250,42.360,9,41.016,96.83,4.557,7.781,0.125
9,ec.gp.GPIndividual@172898706{534282529},3C_20_80-01.txt,4.194,0.250,1.049,1,0.422,40.23,0.422,7.781,0.125
9,ec.gp.GPIndividual@172898706{534282529},3C_20_80-02.txt,35.738,0.250,8.935,1,12.891,144.28,12.891,12.891,0.125
9,ec.gp.GPIndividual@172898706{534282529},3C_20_66-02.txt,154.245,0.250,38.561,1,9.813,25.45,9.813,12.891,0.125
9,ec.gp.GPIndividual@1807150093{1943037973},3C_20_50-02.txt,61.404,0.250,15.351,15,14.297,93.13,0.953,2.266,0.203
9,ec.gp.GPIndividual@1807150093{1943037973},3C_20_66-03.txt,118.340,0.250,29.585,8,24.031,81.23,3.004,9.422,0.203
9,ec.gp.GPIndividual@1807150093{1943037973},3C_20_80-03.txt,169.439,0.250,42.360,2,8.297,19.59,4.148,9.422,0.000
9,ec.gp.GPIndividual@1807150093{1943037973},3C_20_80-02.txt,35.738,0.250,8.935,1,11.203,125.39,11.203,11.203,0.000
9,ec.gp.GPIndividual@1807150093{1943037973},3C_20_50-03.txt,30.993,0.250,7.748,1,6.016,77.64,6.016,11.203,0.000
9,ec.gp.GPIndividual@1807150093{1943037973},3C_20_80-01.txt,4.194,0.250,1.049,3,1.875,178.81,0.625,11.203,0.000
9,ec.gp.GPIndividual@1807150093{1943037973},3C_20_80-03.txt,169.439,0.250,42.360,2,0.203,0.48,0.102,11.203,0.000
9,ec.gp.GPIndividual@1807150093{1943037973},3C_20_80-02.txt,35.738,0.250,8.935,6,8.813,98.63,1.469,11.203,0.000
9,ec.gp.GPIndividual@352137049{2132243967},3C_20_50-02.txt,61.404,0.250,15.351,0,0.000,0.00,0.000,0.000,0.000
9,ec.gp.GPIndividual@352137049{2132243967},3C_20_50-03.txt,30.993,0.250,7.748,0,0.000,0.00,0.000,0.000,0.000
9,ec.gp.GPIndividual@352137049{2132243967},3C_20_66-01.txt,7.322,0.250,1.831,0,0.000,0.00,0.000,0.000,0.000
9,ec.gp.GPIndividual@352137049{2132243967},3C_20_66-02.txt,154.245,0.250,38.561,0,0.000,0.00,0.000,0.000,0.000
9,ec.gp.GPIndividual@352137049{2132243967},3C_20_66-03.txt,118.340,0.250,29.585,0,0.000,0.00,0.000,0.000,0.000
9,ec.gp.GPIndividual@352137049{2132243967},3C_20_80-01.txt,4.194,0.250,1.049,0,0.000,0.00,0.000,0.000,0.000
9,ec.gp.GPIndividual@352137049{2132243967},3C_20_80-02.txt,35.738,0.250,8.935,0,0.000,0.00,0.000,0.000,0.000
9,ec.gp.GPIndividual@352137049{2132243967},3C_20_80-03.txt,169.439,0.250,42.360,1,0.469,1.11,0.469,0.469,0.469
9,ec.gp.GPIndividual@1492449814{781213232},3C_20_50-02.txt,61.404,0.250,15.351,0,0.000,0.00,0.000,0.000,0.000
9,ec.gp.GPIndividual@1492449814{781213232},3C_20_80-03.txt,169.439,0.250,42.360,8,18.484,43.64,2.311,4.422,0.203
9,ec.gp.GPIndividual@1492449814{781213232},3C_20_66-01.txt,7.322,0.250,1.831,2,1.172,64.02,0.586,4.422,0.203
9,ec.gp.GPIndividual@1492449814{781213232},3C_20_66-02.txt,154.245,0.250,38.561,6,16.844,43.68,2.807,12.156,0.203
9,ec.gp.GPIndividual@1460854426{2128523785},3C_20_50-02.txt,61.404,0.250,15.351,7,11.094,72.27,1.585,3.047,0.172
9,ec.gp.GPIndividual@1460854426{2128523785},3C_20_66-01.txt,7.322,0.250,1.831,1,4.125,225.34,4.125,4.125,0.172
9,ec.gp.GPIndividual@1460854426{2128523785},3C_20_50-03.txt,30.993,0.250,7.748,4,15.156,195.61,3.789,13.563,0.172
9,ec.gp.GPIndividual@1460854426{2128523785},3C_20_66-03.txt,118.340,0.250,29.585,8,29.875,100.98,3.734,13.563,0.172
9,ec.gp.GPIndividual@1460854426{2128523785},3C_20_80-01.txt,4.194,0.250,1.049,1,7.406,706.28,7.406,13.563,0.172
9,ec.gp.GPIndividual@1460854426{2128523785},3C_20_66-01.txt,7.322,0.250,1.831,2,0.828,45.24,0.414,13.563,0.172
9,ec.gp.GPIndividual@1460854426{2128523785},3C_20_66-02.txt,154.245,0.250,38.561,4,5.109,13.25,1.277,13.563,0.172
9,ec.gp.GPIndividual@1460854426{2128523785},3C_20_66-02.txt,154.245,0.250,38.561,13,23.516,60.98,1.809,13.563,0.172
9,ec.gp.GPIndividual@1460854426{2128523785},3C_20_66-03.txt,118.340,0.250,29.585,1,11.625,39.29,11.625,13.563,0.172
9,ec.gp.GPIndividual@1460854426{2128523785},3C_20_66-03.txt,118.340,0.250,29.585,1,11.344,38.34,11.344,13.563,0.172
9,ec.gp.GPIndividual@1460854426{2128523785},3C_20_80-02.txt,35.738,0.250,8.935,7,8.828,98.81,1.261,13.563,0.172
9,ec.gp.GPIndividual@1460854426{2128523785},3C_20_80-01.txt,4.194,0.250,1.049,2,0.906,86.42,0.453,13.563,0.172
9,ec.gp.GPIndividual@1460854426{2128523785},3C_20_80-03.txt,169.439,0.250,42.360,1,0.422,1.00,0.422,13.563,0.172
9,ec.gp.GPIndividual@1460854426{2128523785},3C_20_80-02.txt,35.738,0.250,8.935,7,9.578,107.20,1.368,13.563,0.172
9,ec.gp.GPIndividual@1460854426{2128523785},3C_20_80-01.txt,4.194,0.250,1.049,1,1.266,120.69,1.266,13.563,0.172
9,ec.gp.GPIndividual@1940369331{1107003112},3C_20_50-02.txt,61.404,0.250,15.351,13,15.641,101.89,1.203,5.859,0.203
9,ec.gp.GPIndividual@1940369331{1107003112},3C_20_80-03.txt,169.439,0.250,42.360,1,3.297,7.78,3.297,5.859,0.203
9,ec.gp.GPIndividual@1940369331{1107003112},3C_20_50-03.txt,30.993,0.250,7.748,1,2.297,29.64,2.297,5.859,0.203
9,ec.gp.GPIndividual@1940369331{1107003112},3C_20_80-02.txt,35.738,0.250,8.935,6,8.016,89.72,1.336,5.859,0.203
9,ec.gp.GPIndividual@1736074468{1226874534},3C_20_50-02.txt,61.404,0.250,15.351,9,13.781,89.77,1.531,4.234,0.172
9,ec.gp.GPIndividual@1736074468{1226874534},3C_20_80-03.txt,169.439,0.250,42.360,1,2.406,5.68,2.406,4.234,0.172
9,ec.gp.GPIndividual@1736074468{1226874534},3C_20_50-03.txt,30.993,0.250,7.748,1,2.922,37.71,2.922,4.234,0.172
9,ec.gp.GPIndividual@1736074468{1226874534},3C_20_66-01.txt,7.322,0.250,1.831,1,0.359,19.63,0.359,4.234,0.172
9,ec.gp.GPIndividual@1736074468{1226874534},3C_20_66-02.txt,154.245,0.250,38.561,9,32.234,83.59,3.582,13.203,0.172
9,ec.gp.GPIndividual@1102572865{834983706},3C_20_50-02.txt,61.404,0.250,15.351,2,0.906,5.90,0.453,0.734,0.172
9,ec.gp.GPIndividual@1102572865{834983706},3C_20_50-03.txt,30.993,0.250,7.748,1,7.766,100.23,7.766,7.766,0.172
9,ec.gp.GPIndividual@1102572865{834983706},3C_20_66-01.txt,7.322,0.250,1.831,2,9.828,536.90,4.914,9.391,0.172
9,ec.gp.GPIndividual@1102572865{834983706},3C_20_66-03.txt,118.340,0.250,29.585,1,0.625,2.11,0.625,9.391,0.172
9,ec.gp.GPIndividual@1102572865{834983706},3C_20_66-02.txt,154.245,0.250,38.561,7,9.641,25.00,1.377,9.391,0.172
9,ec.gp.GPIndividual@1102572865{834983706},3C_20_66-01.txt,7.322,0.250,1.831,3,1.578,86.21,0.526,9.391,0.172
9,ec.gp.GPIndividual@1102572865{834983706},3C_20_66-03.txt,118.340,0.250,29.585,1,0.344,1.16,0.344,9.391,0.172
9,ec.gp.GPIndividual@1102572865{834983706},3C_20_66-02.txt,154.245,0.250,38.561,3,4.703,12.20,1.568,9.391,0.172
9,ec.gp.GPIndividual@1102572865{834983706},3C_20_66-03.txt,118.340,0.250,29.585,5,10.547,35.65,2.109,9.391,0.172
9,ec.gp.GPIndividual@1102572865{834983706},3C_20_80-01.txt,4.194,0.250,1.049,2,0.453,43.21,0.227,9.391,0.000
9,ec.gp.GPIndividual@1102572865{834983706},3C_20_80-02.txt,35.738,0.250,8.935,3,5.344,59.81,1.781,9.391,0.000
9,ec.gp.GPIndividual@1102572865{834983706},3C_20_80-03.txt,169.439,0.250,42.360,1,2.000,4.72,2.000,9.391,0.000
9,ec.gp.GPIndividual@1102572865{834983706},3C_20_80-01.txt,4.194,0.250,1.049,1,0.469,44.70,0.469,9.391,0.000
9,ec.gp.GPIndividual@1102572865{834983706},3C_20_80-02.txt,35.738,0.250,8.935,1,0.922,10.32,0.922,9.391,0.000
9,ec.gp.GPIndividual@1102572865{834983706},3C_20_80-03.txt,169.439,0.250,42.360,3,13.891,32.79,4.630,9.391,0.000
9,ec.gp.GPIndividual@1102572865{834983706},3C_20_80-01.txt,4.194,0.250,1.049,3,0.875,83.44,0.292,9.391,0.000
9,ec.gp.GPIndividual@1102572865{834983706},3C_20_80-02.txt,35.738,0.250,8.935,8,8.609,96.36,1.076,9.391,0.000
9,ec.gp.GPIndividual@842065818{-1401708633},3C_20_50-02.txt,61.404,0.250,15.351,5,7.406,48.25,1.481,5.313,0.094
9,ec.gp.GPIndividual@842065818{-1401708633},3C_20_50-03.txt,30.993,0.250,7.748,2,17.469,225.46,8.734,16.281,0.094
9,ec.gp.GPIndividual@737870181{485042917},3C_20_50-02.txt,61.404,0.250,15.351,7,11.219,73.08,1.603,4.438,0.109
9,ec.gp.GPIndividual@737870181{485042917},3C_20_50-03.txt,30.993,0.250,7.748,1,3.453,44.57,3.453,4.438,0.109
9,ec.gp.GPIndividual@737870181{485042917},3C_20_66-01.txt,7.322,0.250,1.831,4,1.859,101.57,0.465,4.438,0.047
9,ec.gp.GPIndividual@737870181{485042917},3C_20_66-02.txt,154.245,0.250,38.561,1,0.203,0.53,0.203,4.438,0.047
9,ec.gp.GPIndividual@737870181{485042917},3C_20_66-01.txt,7.322,0.250,1.831,1,0.266,14.51,0.266,4.438,0.047
9,ec.gp.GPIndividual@737870181{485042917},3C_20_66-02.txt,154.245,0.250,38.561,13,31.563,81.85,2.428,11.156,0.047
9,ec.gp.GPIndividual@737870181{485042917},3C_20_66-03.txt,118.340,0.250,29.585,3,11.828,39.98,3.943,11.156,0.047
9,ec.gp.GPIndividual@737870181{485042917},3C_20_66-03.txt,118.340,0.250,29.585,4,15.844,53.55,3.961,11.156,0.047
9,ec.gp.GPIndividual@737870181{485042917},3C_20_80-01.txt,4.194,0.250,1.049,2,0.641,61.09,0.320,11.156,0.047
9,ec.gp.GPIndividual@737870181{485042917},3C_20_80-02.txt,35.738,0.250,8.935,1,9.906,110.88,9.906,11.156,0.047
9,ec.gp.GPIndividual@737870181{485042917},3C_20_80-01.txt,4.194,0.250,1.049,3,1.000,95.36,0.333,11.156,0.047
9,ec.gp.GPIndividual@737870181{485042917},3C_20_80-03.txt,169.439,0.250,42.360,1,0.313,0.74,0.313,11.156,0.047
9,ec.gp.GPIndividual@737870181{485042917},3C_20_80-02.txt,35.738,0.250,8.935,8,7.438,83.24,0.930,11.156,0.047
9,ec.gp.GPIndividual@737870181{485042917},3C_20_80-03.txt,169.439,0.250,42.360,3,19.469,45.96,6.490,16.406,0.047
9,ec.gp.GPIndividual@1330286946{1358904753},3C_20_50-02.txt,61.404,0.250,15.351,5,6.766,44.07,1.353,5.750,0.047
9,ec.gp.GPIndividual@1330286946{1358904753},3C_20_50-03.txt,30.993,0.250,7.748,6,6.656,85.91,1.109,5.750,0.047
9,ec.gp.GPIndividual@1330286946{1358904753},3C_20_66-01.txt,7.322,0.250,1.831,6,1.406,76.82,0.234,5.750,0.047
9,ec.gp.GPIndividual@1330286946{1358904753},3C_20_66-02.txt,154.245,0.250,38.561,9,28.344,73.50,3.149,10.766,0.047
9,ec.gp.GPIndividual@1330286946{1358904753},3C_20_66-03.txt,118.340,0.250,29.585,5,20.219,68.34,4.044,10.766,0.047
9,ec.gp.GPIndividual@1330286946{1358904753},3C_20_80-01.txt,4.194,0.250,1.049,3,0.656,62.58,0.219,10.766,0.047
9,ec.gp.GPIndividual@1330286946{1358904753},3C_20_80-02.txt,35.738,0.250,8.935,6,4.234,47.39,0.706,10.766,0.047
9,ec.gp.GPIndividual@1330286946{1358904753},3C_20_80-03.txt,169.439,0.250,42.360,2,17.422,41.13,8.711,16.672,0.047
10,ec.gp.GPIndividual@814872279{-12083140},3C_20_50-02.txt,61.404,0.250,15.351,0,0.000,0.00,0.000,0.000,0.000
10,ec.gp.GPIndividual@814872279{-12083140},3C_20_50-03.txt,30.993,0.250,7.748,1,0.000,0.00,0.000,0.000,0.000
10,ec.gp.GPIndividual@814872279{-12083140},3C_20_66-01.txt,7.322,0.250,1.831,1,0.000,0.00,0.000,0.000,0.000
10,ec.gp.GPIndividual@814872279{-12083140},3C_20_66-02.txt,154.245,0.250,38.561,1,0.000,0.00,0.000,0.000,0.000
10,ec.gp.GPIndividual@814872279{-12083140},3C_20_66-03.txt,118.340,0.250,29.585,1,0.000,0.00,0.000,0.000,0.000
10,ec.gp.GPIndividual@814872279{-12083140},3C_20_80-01.txt,4.194,0.250,1.049,1,0.000,0.00,0.000,0.000,0.000
10,ec.gp.GPIndividual@814872279{-12083140},3C_20_80-02.txt,35.738,0.250,8.935,1,0.000,0.00,0.000,0.000,0.000
10,ec.gp.GPIndividual@814872279{-12083140},3C_20_80-03.txt,169.439,0.250,42.360,1,0.000,0.00,0.000,0.000,0.000
10,ec.gp.GPIndividual@1033315947{550795603},3C_20_50-02.txt,61.404,0.250,15.351,13,14.438,94.05,1.111,2.016,0.359
10,ec.gp.GPIndividual@1033315947{550795603},3C_20_50-03.txt,30.993,0.250,7.748,2,4.078,52.63,2.039,2.406,0.359
10,ec.gp.GPIndividual@1033315947{550795603},3C_20_50-03.txt,30.993,0.250,7.748,5,7.828,101.03,1.566,2.563,0.125
10,ec.gp.GPIndividual@1033315947{550795603},3C_20_50-03.txt,30.993,0.250,7.748,1,1.203,15.53,1.203,2.563,0.125
10,ec.gp.GPIndividual@1033315947{550795603},3C_20_50-03.txt,30.993,0.250,7.748,1,2.453,31.66,2.453,2.563,0.125
10,ec.gp.GPIndividual@1033315947{550795603},3C_20_50-03.txt,30.993,0.250,7.748,2,5.406,69.77,2.703,3.141,0.125
10,ec.gp.GPIndividual@1033315947{550795603},3C_20_50-03.txt,30.993,0.250,7.748,2,5.109,65.94,2.555,3.141,0.125
10,ec.gp.GPIndividual@1033315947{550795603},3C_20_66-01.txt,7.322,0.250,1.831,1,3.234,176.69,3.234,3.234,0.125
10,ec.gp.GPIndividual@1033315947{550795603},3C_20_66-01.txt,7.322,0.250,1.831,3,4.906,268.02,1.635,3.234,0.125
10,ec.gp.GPIndividual@1033315947{550795603},3C_20_66-01.txt,7.322,0.250,1.831,1,0.141,7.68,0.141,3.234,0.125
10,ec.gp.GPIndividual@1033315947{550795603},3C_20_66-02.txt,154.245,0.250,38.561,3,5.484,14.22,1.828,3.234,0.125
10,ec.gp.GPIndividual@1033315947{550795603},3C_20_66-01.txt,7.322,0.250,1.831,2,4.047,221.07,2.023,3.266,0.125
10,ec.gp.GPIndividual@1033315947{550795603},3C_20_66-01.txt,7.322,0.250,1.831,1,0.531,29.02,0.531,3.266,0.125
10,ec.gp.GPIndividual@1033315947{550795603},3C_20_66-02.txt,154.245,0.250,38.561,2,2.016,5.23,1.008,3.266,0.125
10,ec.gp.GPIndividual@1033315947{550795603},3C_20_66-02.txt,154.245,0.250,38.561,24,38.094,98.79,1.587,4.281,0.125
10,ec.gp.GPIndividual@1033315947{550795603},3C_20_66-03.txt,118.340,0.250,29.585,1,1.063,3.59,1.063,4.281,0.125
10,ec.gp.GPIndividual@1033315947{550795603},3C_20_66-03.txt,118.340,0.250,29.585,1,2.656,8.98,2.656,4.281,0.125
10,ec.gp.GPIndividual@1033315947{550795603},3C_20_66-02.txt,154.245,0.250,38.561,1,1.781,4.62,1.781,4.281,0.125
10,ec.gp.GPIndividual@1033315947{550795603},3C_20_66-03.txt,118.340,0.250,29.585,1,4.469,15.10,4.469,4.469,0.125
10,ec.gp.GPIndividual@1033315947{550795603},3C_20_66-02.txt,154.245,0.250,38.561,13,38.938,100.98,2.995,7.266,0.125
10,ec.gp.GPIndividual@1033315947{550795603},3C_20_80-01.txt,4.194,0.250,1.049,1,3.250,309.93,3.250,7.266,0.125
10,ec.gp.GPIndividual@1033315947{550795603},3C_20_80-01.txt,4.194,0.250,1.049,1,9.141,871.68,9.141,9.141,0.125
10,ec.gp.GPIndividual@1033315947{550795603},3C_20_80-01.txt,4.194,0.250,1.049,2,1.063,101.32,0.531,9.141,0.125
10,ec.gp.GPIndividual@1033315947{550795603},3C_20_80-02.txt,35.738,0.250,8.935,3,2.203,24.66,0.734,9.141,0.125
10,ec.gp.GPIndividual@1033315947{550795603},3C_20_80-02.txt,35.738,0.250,8.935,1,1.359,15.21,1.359,9.141,0.125
10,ec.gp.GPIndividual@1033315947{550795603},3C_20_66-03.txt,118.340,0.250,29.585,6,19.078,64.49,3.180,9.141,0.125
10,ec.gp.GPIndividual@1033315947{550795603},3C_20_66-03.txt,118.340,0.250,29.585,13,29.359,99.24,2.258,9.141,0.125
10,ec.gp.GPIndividual@1033315947{550795603},3C_20_80-01.txt,4.194,0.250,1.049,1,8.344,795.69,8.344,9.141,0.125
10,ec.gp.GPIndividual@1033315947{550795603},3C_20_66-01.txt,7.322,0.250,1.831,2,3.969,216.81,1.984,9.141,0.125
10,ec.gp.GPIndividual@1033315947{550795603},3C_20_80-01.txt,4.194,0.250,1.049,3,1.641,156.46,0.547,9.141,0.125
10,ec.gp.GPIndividual@1033315947{550795603},3C_20_80-02.txt,35.738,0.250,8.935,3,6.063,67.85,2.021,9.141,0.125
10,ec.gp.GPIndividual@1033315947{550795603},3C_20_80-03.txt,169.439,0.250,42.360,1,3.422,8.08,3.422,9.141,0.125
10,ec.gp.GPIndividual@1033315947{550795603},3C_20_80-03.txt,169.439,0.250,42.360,1,1.188,2.80,1.188,9.141,0.125
10,ec.gp.GPIndividual@1033315947{550795603},3C_20_66-02.txt,154.245,0.250,38.561,17,38.063,98.71,2.239,9.141,0.125
10,ec.gp.GPIndividual@1033315947{550795603},3C_20_66-03.txt,118.340,0.250,29.585,1,1.234,4.17,1.234,9.141,0.125
10,ec.gp.GPIndividual@1033315947{550795603},3C_20_80-03.txt,169.439,0.250,42.360,1,2.516,5.94,2.516,9.141,0.125
10,ec.gp.GPIndividual@299848083{-1440475721},3C_20_50-02.txt,61.404,0.250,15.351,1,1.938,12.62,1.938,1.938,1.938
10,ec.gp.GPIndividual@299848083{-1440475721},3C_20_80-02.txt,35.738,0.250,8.935,1,0.516,5.77,0.516,1.938,0.516
10,ec.gp.GPIndividual@299848083{-1440475721},3C_20_50-03.txt,30.993,0.250,7.748,2,8.813,113.74,4.406,6.625,0.516
10,ec.gp.GPIndividual@1320343649{-116499421},3C_20_50-02.txt,61.404,0.250,15.351,2,3.766,24.53,1.883,3.250,0.516
10,ec.gp.GPIndividual@1320343649{-116499421},3C_20_66-01.txt,7.322,0.250,1.831,2,1.734,94.75,0.867,3.250,0.344
10,ec.gp.GPIndividual@1320343649{-116499421},3C_20_80-03.txt,169.439,0.250,42.360,1,0.844,1.99,0.844,3.250,0.344
10,ec.gp.GPIndividual@1320343649{-116499421},3C_20_66-02.txt,154.245,0.250,38.561,4,26.828,69.57,6.707,13.406,0.344
10,ec.gp.GPIndividual@1320343649{-116499421},3C_20_80-02.txt,35.738,0.250,8.935,1,2.703,30.25,2.703,13.406,0.344
10,ec.gp.GPIndividual@1320343649{-116499421},3C_20_66-03.txt,118.340,0.250,29.585,9,27.656,93.48,3.073,13.406,0.344
10,ec.gp.GPIndividual@1320343649{-116499421},3C_20_80-01.txt,4.194,0.250,1.049,1,1.844,175.83,1.844,13.406,0.344
10,ec.gp.GPIndividual@1320343649{-116499421},3C_20_80-03.txt,169.439,0.250,42.360,1,0.500,1.18,0.500,13.406,0.344
10,ec.gp.GPIndividual@1320343649{-116499421},3C_20_80-02.txt,35.738,0.250,8.935,1,3.984,44.60,3.984,13.406,0.344
10,ec.gp.GPIndividual@1320343649{-116499421},3C_20_50-03.txt,30.993,0.250,7.748,1,10.141,130.88,10.141,13.406,0.344
10,ec.gp.GPIndividual@869423803{1318010817},3C_20_50-02.txt,61.404,0.250,15.351,1,5.047,32.88,5.047,5.047,5.047
10,ec.gp.GPIndividual@177128482{-1626683803},3C_20_50-02.txt,61.404,0.250,15.351,3,2.906,18.93,0.969,1.938,0.484
10,ec.gp.GPIndividual@177128482{-1626683803},3C_20_80-03.txt,169.439,0.250,42.360,1,8.734,20.62,8.734,8.734,0.484
10,ec.gp.GPIndividual@177128482{-1626683803},3C_20_80-01.txt,4.194,0.250,1.049,1,1.703,162.42,1.703,8.734,0.484
10,ec.gp.GPIndividual@177128482{-1626683803},3C_20_50-03.txt,30.993,0.250,7.748,5,8.078,104.26,1.616,8.734,0.484
10,ec.gp.GPIndividual@177128482{-1626683803},3C_20_80-02.txt,35.738,0.250,8.935,2,0.531,5.95,0.266,8.734,0.000
10,ec.gp.GPIndividual@177128482{-1626683803},3C_20_50-03.txt,30.993,0.250,7.748,3,7.563,97.60,2.521,8.734,0.000
10,ec.gp.GPIndividual@1637704528{-1417317991},3C_20_50-02.txt,61.404,0.250,15.351,5,13.828,90.08,2.766,6.031,0.359
10,ec.gp.GPIndividual@702472752{1368042535},3C_20_50-02.txt,61.404,0.250,15.351,1,2.516,16.39,2.516,2.516,2.516
10,ec.gp.GPIndividual@702472752{1368042535},3C_20_66-01.txt,7.322,0.250,1.831,2,3.438,187.79,1.719,3.141,0.297
10,ec.gp.GPIndividual@702472752{1368042535},3C_20_66-01.txt,7.322,0.250,1.831,2,1.953,106.70,0.977,3.141,0.297
10,ec.gp.GPIndividual@702472752{1368042535},3C_20_66-02.txt,154.245,0.250,38.561,1,0.313,0.81,0.313,3.141,0.297
10,ec.gp.GPIndividual@702472752{1368042535},3C_20_80-03.txt,169.439,0.250,42.360,5,6.609,15.60,1.322,3.141,0.297
10,ec.gp.GPIndividual@702472752{1368042535},3C_20_50-03.txt,30.993,0.250,7.748,1,4.313,55.66,4.313,4.313,0.297
10,ec.gp.GPIndividual@702472752{1368042535},3C_20_66-01.txt,7.322,0.250,1.831,1,2.422,132.30,2.422,4.313,0.297
10,ec.gp.GPIndividual@702472752{1368042535},3C_20_66-03.txt,118.340,0.250,29.585,3,3.500,11.83,1.167,4.313,0.297
10,ec.gp.GPIndividual@702472752{1368042535},3C_20_66-02.txt,154.245,0.250,38.561,8,24.531,63.62,3.066,5.750,0.297
10,ec.gp.GPIndividual@702472752{1368042535},3C_20_66-03.txt,118.340,0.250,29.585,3,15.188,51.34,5.063,6.656,0.297
10,ec.gp.GPIndividual@702472752{1368042535},3C_20_80-01.txt,4.194,0.250,1.049,2,10.266,978.96,5.133,9.734,0.297
10,ec.gp.GPIndividual@702472752{1368042535},3C_20_66-02.txt,154.245,0.250,38.561,1,10.313,26.74,10.313,10.313,0.297
10,ec.gp.GPIndividual@1076424583{1047436950},3C_20_50-02.txt,61.404,0.250,15.351,2,1.641,10.69,0.820,1.109,0.531
10,ec.gp.GPIndividual@1076424583{1047436950},3C_20_80-02.txt,35.738,0.250,8.935,2,8.109,90.76,4.055,7.375,0.531
10,ec.gp.GPIndividual@1076424583{1047436950},3C_20_66-01.txt,7.322,0.250,1.831,1,2.547,139.13,2.547,7.375,0.531
10,ec.gp.GPIndividual@1076424583{1047436950},3C_20_66-03.txt,118.340,0.250,29.585,2,16.141,54.56,8.070,14.375,0.531
10,ec.gp.GPIndividual@1076424583{1047436950},3C_20_50-03.txt,30.993,0.250,7.748,2,2.922,37.71,1.461,14.375,0.531
10,ec.gp.GPIndividual@1076424583{1047436950},3C_20_80-03.txt,169.439,0.250,42.360,2,9.578,22.61,4.789,14.375,0.531
10,ec.gp.GPIndividual@1076424583{1047436950},3C_20_80-01.txt,4.194,0.250,1.049,2,3.172,302.48,1.586,14.375,0.531
10,ec.gp.GPIndividual@1076424583{1047436950},3C_20_50-03.txt,30.993,0.250,7.748,4,5.938,76.63,1.484,14.375,0.328
10,ec.gp.GPIndividual@1076424583{1047436950},3C_20_80-02.txt,35.738,0.250,8.935,5,13.422,150.22,2.684,14.375,0.328
10,ec.gp.GPIndividual@1076424583{1047436950},3C_20_80-01.txt,4.194,0.250,1.049,1,2.125,202.65,2.125,14.375,0.328
10,ec.gp.GPIndividual@1076424583{1047436950},3C_20_80-03.txt,169.439,0.250,42.360,3,7.469,17.63,2.490,14.375,0.328
10,ec.gp.GPIndividual@842567876{-747793691},3C_20_50-02.txt,61.404,0.250,15.351,2,3.156,20.56,1.578,2.625,0.531
10,ec.gp.GPIndividual@842567876{-747793691},3C_20_66-01.txt,7.322,0.250,1.831,2,3.219,175.84,1.609,2.625,0.531
10,ec.gp.GPIndividual@842567876{-747793691},3C_20_66-02.txt,154.245,0.250,38.561,1,0.344,0.89,0.344,2.625,0.344
10,ec.gp.GPIndividual@842567876{-747793691},3C_20_80-02.txt,35.738,0.250,8.935,6,9.531,106.68,1.589,2.625,0.344
10,ec.gp.GPIndividual@842567876{-747793691},3C_20_66-02.txt,154.245,0.250,38.561,6,15.625,40.52,2.604,5.891,0.344
10,ec.gp.GPIndividual@842567876{-747793691},3C_20_66-03.txt,118.340,0.250,29.585,8,21.156,71.51,2.645,6.453,0.344
10,ec.gp.GPIndividual@842567876{-747793691},3C_20_66-01.txt,7.322,0.250,1.831,2,1.969,107.55,0.984,6.453,0.172
10,ec.gp.GPIndividual@842567876{-747793691},3C_20_66-03.txt,118.340,0.250,29.585,5,19.672,66.49,3.934,9.766,0.172
10,ec.gp.GPIndividual@2072767002{781213232},3C_20_50-02.txt,61.404,0.250,15.351,4,11.359,74.00,2.840,6.109,0.344
10,ec.gp.GPIndividual@2072767002{781213232},3C_20_80-03.txt,169.439,0.250,42.360,1,7.516,17.74,7.516,7.516,0.344
10,ec.gp.GPIndividual@2072767002{781213232},3C_20_50-03.txt,30.993,0.250,7.748,3,9.391,121.20,3.130,7.516,0.344
10,ec.gp.GPIndividual@2072767002{781213232},3C_20_80-01.txt,4.194,0.250,1.049,3,1.047,99.83,0.349,7.516,0.172
10,ec.gp.GPIndividual@2072767002{781213232},3C_20_80-02.txt,35.738,0.250,8.935,3,7.797,87.27,2.599,7.516,0.172
10,ec.gp.GPIndividual@2072767002{781213232},3C_20_66-01.txt,7.322,0.250,1.831,1,4.922,268.87,4.922,7.516,0.172
10,ec.gp.GPIndividual@2072767002{781213232},3C_20_80-01.txt,4.194,0.250,1.049,1,0.875,83.44,0.875,7.516,0.172
10,ec.gp.GPIndividual@2072767002{781213232},3C_20_66-02.txt,154.245,0.250,38.561,4,4.359,11.31,1.090,7.516,0.000
10,ec.gp.GPIndividual@2072767002{781213232},3C_20_66-02.txt,154.245,0.250,38.561,5,6.688,17.34,1.338,7.516,0.000
10,ec.gp.GPIndividual@2072767002{781213232},3C_20_50-03.txt,30.993,0.250,7.748,2,6.922,89.34,3.461,7.516,0.000
10,ec.gp.GPIndividual@129717601{896660477},3C_20_50-02.txt,61.404,0.250,15.351,0,0.000,0.00,0.000,0.000,0.000
10,ec.gp.GPIndividual@129717601{896660477},3C_20_50-03.txt,30.993,0.250,7.748,0,0.000,0.00,0.000,0.000,0.000
10,ec.gp.GPIndividual@129717601{896660477},3C_20_66-01.txt,7.322,0.250,1.831,0,0.000,0.00,0.000,0.000,0.000
10,ec.gp.GPIndividual@129717601{896660477},3C_20_66-02.txt,154.245,0.250,38.561,0,0.000,0.00,0.000,0.000,0.000
10,ec.gp.GPIndividual@129717601{896660477},3C_20_66-03.txt,118.340,0.250,29.585,0,0.000,0.00,0.000,0.000,0.000
10,ec.gp.GPIndividual@129717601{896660477},3C_20_80-01.txt,4.194,0.250,1.049,0,0.000,0.00,0.000,0.000,0.000
10,ec.gp.GPIndividual@129717601{896660477},3C_20_80-02.txt,35.738,0.250,8.935,0,0.000,0.00,0.000,0.000,0.000
10,ec.gp.GPIndividual@129717601{896660477},3C_20_80-03.txt,169.439,0.250,42.360,0,0.000,0.00,0.000,0.000,0.000
10,ec.gp.GPIndividual@1949867226{1295570354},3C_20_50-02.txt,61.404,0.250,15.351,1,0.000,0.00,0.000,0.000,0.000
10,ec.gp.GPIndividual@1949867226{1295570354},3C_20_50-03.txt,30.993,0.250,7.748,1,0.000,0.00,0.000,0.000,0.000
10,ec.gp.GPIndividual@1949867226{1295570354},3C_20_66-01.txt,7.322,0.250,1.831,1,0.000,0.00,0.000,0.000,0.000
10,ec.gp.GPIndividual@1949867226{1295570354},3C_20_66-02.txt,154.245,0.250,38.561,1,0.000,0.00,0.000,0.000,0.000
10,ec.gp.GPIndividual@1949867226{1295570354},3C_20_66-03.txt,118.340,0.250,29.585,1,0.000,0.00,0.000,0.000,0.000
10,ec.gp.GPIndividual@1949867226{1295570354},3C_20_80-01.txt,4.194,0.250,1.049,1,0.000,0.00,0.000,0.000,0.000
10,ec.gp.GPIndividual@1949867226{1295570354},3C_20_80-02.txt,35.738,0.250,8.935,1,0.000,0.00,0.000,0.000,0.000
10,ec.gp.GPIndividual@1949867226{1295570354},3C_20_80-03.txt,169.439,0.250,42.360,1,0.000,0.00,0.000,0.000,0.000
10,ec.gp.GPIndividual@789152487{-325361565},3C_20_50-02.txt,61.404,0.250,15.351,7,13.047,84.99,1.864,4.578,0.313
10,ec.gp.GPIndividual@789152487{-325361565},3C_20_80-02.txt,35.738,0.250,8.935,8,9.063,101.43,1.133,4.578,0.141
10,ec.gp.GPIndividual@789152487{-325361565},3C_20_80-03.txt,169.439,0.250,42.360,1,0.438,1.03,0.438,4.578,0.141
10,ec.gp.GPIndividual@789152487{-325361565},3C_20_80-03.txt,169.439,0.250,42.360,1,0.984,2.32,0.984,4.578,0.141
10,ec.gp.GPIndividual@789152487{-325361565},3C_20_66-03.txt,118.340,0.250,29.585,1,1.422,4.81,1.422,4.578,0.141
10,ec.gp.GPIndividual@789152487{-325361565},3C_20_50-03.txt,30.993,0.250,7.748,1,3.938,50.82,3.938,4.578,0.141
10,ec.gp.GPIndividual@575043293{-5301161},3C_20_50-02.txt,61.404,0.250,15.351,12,15.109,98.43,1.259,3.719,0.203
10,ec.gp.GPIndividual@575043293{-5301161},3C_20_66-02.txt,154.245,0.250,38.561,2,1.813,4.70,0.906,3.719,0.203
10,ec.gp.GPIndividual@575043293{-5301161},3C_20_80-01.txt,4.194,0.250,1.049,4,0.938,89.40,0.234,3.719,0.000
10,ec.gp.GPIndividual@575043293{-5301161},3C_20_80-02.txt,35.738,0.250,8.935,2,3.000,33.58,1.500,3.719,0.000
10,ec.gp.GPIndividual@575043293{-5301161},3C_20_50-03.txt,30.993,0.250,7.748,1,4.719,60.90,4.719,4.719,0.000
10,ec.gp.GPIndividual@1717852413{-658500531},3C_20_50-02.txt,61.404,0.250,15.351,7,5.219,34.00,0.746,1.266,0.203
10,ec.gp.GPIndividual@1717852413{-658500531},3C_20_50-03.txt,30.993,0.250,7.748,6,6.594,85.10,1.099,2.281,0.203
10,ec.gp.GPIndividual@1717852413{-658500531},3C_20_66-03.txt,118.340,0.250,29.585,5,13.141,44.42,2.628,4.297,0.203
10,ec.gp.GPIndividual@1717852413{-658500531},3C_20_66-01.txt,7.322,0.250,1.831,1,4.203,229.61,4.203,4.297,0.203
10,ec.gp.GPIndividual@1717852413{-658500531},3C_20_66-01.txt,7.322,0.250,1.831,2,1.156,63.16,0.578,4.297,0.203
10,ec.gp.GPIndividual@1717852413{-658500531},3C_20_66-02.txt,154.245,0.250,38.561,1,0.563,1.46,0.563,4.297,0.203
10,ec.gp.GPIndividual@1717852413{-658500531},3C_20_66-02.txt,154.245,0.250,38.561,4,5.813,15.07,1.453,4.297,0.203
10,ec.gp.GPIndividual@1717852413{-658500531},3C_20_66-03.txt,118.340,0.250,29.585,5,6.703,22.66,1.341,4.297,0.203
10,ec.gp.GPIndividual@1717852413{-658500531},3C_20_80-01.txt,4.194,0.250,1.049,1,10.828,1032.61,10.828,10.828,0.203
10,ec.gp.GPIndividual@1717852413{-658500531},3C_20_80-03.txt,169.439,0.250,42.360,2,1.156,2.73,0.578,10.828,0.203
10,ec.gp.GPIndividual@1717852413{-658500531},3C_20_80-02.txt,35.738,0.250,8.935,1,1.219,13.64,1.219,10.828,0.203
10,ec.gp.GPIndividual@1717852413{-658500531},3C_20_80-03.txt,169.439,0.250,42.360,2,6.938,16.38,3.469,10.828,0.203
10,ec.gp.GPIndividual@1988033606{864357972},3C_20_50-02.txt,61.404,0.250,15.351,4,17.219,112.17,4.305,14.641,0.234
10,ec.gp.GPIndividual@1988033606{864357972},3C_20_80-01.txt,4.194,0.250,1.049,2,11.078,1056.45,5.539,14.641,0.234
10,ec.gp.GPIndividual@1988033606{864357972},3C_20_66-03.txt,118.340,0.250,29.585,3,2.703,9.14,0.901,14.641,0.234
10,ec.gp.GPIndividual@1988033606{864357972},3C_20_80-02.txt,35.738,0.250,8.935,6,8.563,95.84,1.427,14.641,0.234
10,ec.gp.GPIndividual@1988033606{864357972},3C_20_80-01.txt,4.194,0.250,1.049,2,1.297,123.67,0.648,14.641,0.234
10,ec.gp.GPIndividual@1988033606{864357972},3C_20_80-03.txt,169.439,0.250,42.360,1,0.703,1.66,0.703,14.641,0.234
10,ec.gp.GPIndividual@1988033606{864357972},3C_20_80-02.txt,35.738,0.250,8.935,5,22.156,247.98,4.431,15.656,0.234
10,ec.gp.GPIndividual@1615963528{243478983},3C_20_50-02.txt,61.404,0.250,15.351,0,0.000,0.00,0.000,0.000,0.000
10,ec.gp.GPIndividual@1615963528{243478983},3C_20_50-03.txt,30.993,0.250,7.748,0,0.000,0.00,0.000,0.000,0.000
10,ec.gp.GPIndividual@1615963528{243478983},3C_20_66-01.txt,7.322,0.250,1.831,0,0.000,0.00,0.000,0.000,0.000
10,ec.gp.GPIndividual@1615963528{243478983},3C_20_66-02.txt,154.245,0.250,38.561,0,0.000,0.00,0.000,0.000,0.000
10,ec.gp.GPIndividual@1615963528{243478983},3C_20_66-03.txt,118.340,0.250,29.585,0,0.000,0.00,0.000,0.000,0.000
10,ec.gp.GPIndividual@1615963528{243478983},3C_20_80-01.txt,4.194,0.250,1.049,0,0.000,0.00,0.000,0.000,0.000
10,ec.gp.GPIndividual@1615963528{243478983},3C_20_80-02.txt,35.738,0.250,8.935,0,0.000,0.00,0.000,0.000,0.000
10,ec.gp.GPIndividual@1615963528{243478983},3C_20_80-03.txt,169.439,0.250,42.360,0,0.000,0.00,0.000,0.000,0.000
10,ec.gp.GPIndividual@1598668827{1351602612},3C_20_50-02.txt,61.404,0.250,15.351,3,2.063,13.44,0.688,1.047,0.344
10,ec.gp.GPIndividual@1020132966{-1244792671},3C_20_50-02.txt,61.404,0.250,15.351,7,16.328,106.36,2.333,11.125,0.250
10,ec.gp.GPIndividual@1020132966{-1244792671},3C_20_50-03.txt,30.993,0.250,7.748,1,0.203,2.62,0.203,11.125,0.203
10,ec.gp.GPIndividual@1020132966{-1244792671},3C_20_50-03.txt,30.993,0.250,7.748,4,8.844,114.14,2.211,11.125,0.203
10,ec.gp.GPIndividual@1020132966{-1244792671},3C_20_50-03.txt,30.993,0.250,7.748,2,6.078,78.45,3.039,11.125,0.203
10,ec.gp.GPIndividual@1020132966{-1244792671},3C_20_80-03.txt,169.439,0.250,42.360,3,7.000,16.53,2.333,11.125,0.203
10,ec.gp.GPIndividual@1020132966{-1244792671},3C_20_66-01.txt,7.322,0.250,1.831,2,1.203,65.72,0.602,11.125,0.203
10,ec.gp.GPIndividual@1020132966{-1244792671},3C_20_66-02.txt,154.245,0.250,38.561,2,7.844,20.34,3.922,11.125,0.203
10,ec.gp.GPIndividual@1020132966{-1244792671},3C_20_66-01.txt,7.322,0.250,1.831,3,1.766,96.45,0.589,11.125,0.094
10,ec.gp.GPIndividual@1020132966{-1244792671},3C_20_66-03.txt,118.340,0.250,29.585,11,31.813,107.53,2.892,11.125,0.000
10,ec.gp.GPIndividual@1020132966{-1244792671},3C_20_66-02.txt,154.245,0.250,38.561,1,6.781,17.59,6.781,11.125,0.000
10,ec.gp.GPIndividual@1020132966{-1244792671},3C_20_80-01.txt,4.194,0.250,1.049,1,14.063,1341.05,14.063,14.063,0.000
10,ec.gp.GPIndividual@885818365{1147493422},3C_20_50-02.txt,61.404,0.250,15.351,4,4.953,32.27,1.238,2.750,0.203
10,ec.gp.GPIndividual@885818365{1147493422},3C_20_66-01.txt,7.322,0.250,1.831,3,2.500,136.57,0.833,2.750,0.203
10,ec.gp.GPIndividual@885818365{1147493422},3C_20_50-03.txt,30.993,0.250,7.748,2,0.656,8.47,0.328,2.750,0.203
10,ec.gp.GPIndividual@885818365{1147493422},3C_20_66-03.txt,118.340,0.250,29.585,1,0.531,1.80,0.531,2.750,0.203
10,ec.gp.GPIndividual@885818365{1147493422},3C_20_80-02.txt,35.738,0.250,8.935,10,8.875,99.33,0.888,2.750,0.000
10,ec.gp.GPIndividual@885818365{1147493422},3C_20_66-01.txt,7.322,0.250,1.831,1,3.391,185.22,3.391,3.391,0.000
10,ec.gp.GPIndividual@885818365{1147493422},3C_20_80-01.txt,4.194,0.250,1.049,1,0.422,40.23,0.422,3.391,0.000
10,ec.gp.GPIndividual@885818365{1147493422},3C_20_80-03.txt,169.439,0.250,42.360,2,1.156,2.73,0.578,3.391,0.000
10,ec.gp.GPIndividual@885818365{1147493422},3C_20_80-02.txt,35.738,0.250,8.935,8,9.797,109.65,1.225,3.391,0.000
10,ec.gp.GPIndividual@885818365{1147493422},3C_20_66-02.txt,154.245,0.250,38.561,8,33.656,87.28,4.207,12.703,0.000
10,ec.gp.GPIndividual@885818365{1147493422},3C_20_80-03.txt,169.439,0.250,42.360,1,14.078,33.23,14.078,14.078,0.000
10,ec.gp.GPIndividual@946676714{-1290186040},3C_20_50-02.txt,61.404,0.250,15.351,0,0.000,0.00,0.000,0.000,0.000
10,ec.gp.GPIndividual@946676714{-1290186040},3C_20_50-03.txt,30.993,0.250,7.748,0,0.000,0.00,0.000,0.000,0.000
10,ec.gp.GPIndividual@946676714{-1290186040},3C_20_66-01.txt,7.322,0.250,1.831,0,0.000,0.00,0.000,0.000,0.000
10,ec.gp.GPIndividual@946676714{-1290186040},3C_20_66-02.txt,154.245,0.250,38.561,0,0.000,0.00,0.000,0.000,0.000
10,ec.gp.GPIndividual@946676714{-1290186040},3C_20_66-03.txt,118.340,0.250,29.585,0,0.000,0.00,0.000,0.000,0.000
10,ec.gp.GPIndividual@946676714{-1290186040},3C_20_80-01.txt,4.194,0.250,1.049,0,0.000,0.00,0.000,0.000,0.000
10,ec.gp.GPIndividual@946676714{-1290186040},3C_20_80-02.txt,35.738,0.250,8.935,0,0.000,0.00,0.000,0.000,0.000
10,ec.gp.GPIndividual@946676714{-1290186040},3C_20_80-03.txt,169.439,0.250,42.360,0,0.000,0.00,0.000,0.000,0.000
10,ec.gp.GPIndividual@132147779{-1958188374},3C_20_50-02.txt,61.404,0.250,15.351,3,2.016,13.13,0.672,1.109,0.172
10,ec.gp.GPIndividual@132147779{-1958188374},3C_20_50-03.txt,30.993,0.250,7.748,4,10.500,135.52,2.625,4.688,0.172
10,ec.gp.GPIndividual@132147779{-1958188374},3C_20_80-01.txt,4.194,0.250,1.049,2,0.797,75.99,0.398,4.688,0.000
10,ec.gp.GPIndividual@132147779{-1958188374},3C_20_66-01.txt,7.322,0.250,1.831,3,0.859,46.95,0.286,4.688,0.000
10,ec.gp.GPIndividual@132147779{-1958188374},3C_20_66-02.txt,154.245,0.250,38.561,2,2.047,5.31,1.023,4.688,0.000
10,ec.gp.GPIndividual@132147779{-1958188374},3C_20_80-01.txt,4.194,0.250,1.049,3,1.375,131.12,0.458,4.688,0.000
10,ec.gp.GPIndividual@132147779{-1958188374},3C_20_80-02.txt,35.738,0.250,8.935,2,0.219,2.45,0.109,4.688,0.000
10,ec.gp.GPIndividual@132147779{-1958188374},3C_20_80-02.txt,35.738,0.250,8.935,6,4.422,49.49,0.737,4.688,0.000
10,ec.gp.GPIndividual@132147779{-1958188374},3C_20_66-03.txt,118.340,0.250,29.585,7,5.969,20.17,0.853,4.688,0.000
10,ec.gp.GPIndividual@132147779{-1958188374},3C_20_80-01.txt,4.194,0.250,1.049,3,0.703,67.05,0.234,4.688,0.000
10,ec.gp.GPIndividual@132147779{-1958188374},3C_20_80-02.txt,35.738,0.250,8.935,1,0.828,9.27,0.828,4.688,0.000
10,ec.gp.GPIndividual@132147779{-1958188374},3C_20_80-03.txt,169.439,0.250,42.360,1,2.609,6.16,2.609,4.688,0.000
10,ec.gp.GPIndividual@1712715703{1821641892},3C_20_50-02.txt,61.404,0.250,15.351,5,6.766,44.07,1.353,5.750,0.047
10,ec.gp.GPIndividual@1712715703{1821641892},3C_20_50-03.txt,30.993,0.250,7.748,4,4.766,61.51,1.191,5.750,0.047
10,ec.gp.GPIndividual@1712715703{1821641892},3C_20_66-01.txt,7.322,0.250,1.831,3,0.984,53.77,0.328,5.750,0.047
10,ec.gp.GPIndividual@1712715703{1821641892},3C_20_66-02.txt,154.245,0.250,38.561,9,28.391,73.62,3.155,10.766,0.047
10,ec.gp.GPIndividual@1712715703{1821641892},3C_20_66-03.txt,118.340,0.250,29.585,5,20.219,68.34,4.044,10.766,0.047
10,ec.gp.GPIndividual@1712715703{1821641892},3C_20_80-01.txt,4.194,0.250,1.049,4,0.750,71.52,0.188,10.766,0.047
10,ec.gp.GPIndividual@1712715703{1821641892},3C_20_80-02.txt,35.738,0.250,8.935,6,4.250,47.57,0.708,10.766,0.047
10,ec.gp.GPIndividual@1712715703{1821641892},3C_20_80-03.txt,169.439,0.250,42.360,2,17.422,41.13,8.711,16.641,0.047
10,ec.gp.GPIndividual@1632008229{1806155113},3C_20_50-02.txt,61.404,0.250,15.351,9,13.516,88.04,1.502,5.734,0.000
10,ec.gp.GPIndividual@1632008229{1806155113},3C_20_50-03.txt,30.993,0.250,7.748,6,5.969,77.03,0.995,5.734,0.000
10,ec.gp.GPIndividual@1632008229{1806155113},3C_20_66-01.txt,7.322,0.250,1.831,9,1.719,93.89,0.191,5.734,0.000
10,ec.gp.GPIndividual@1632008229{1806155113},3C_20_66-02.txt,154.245,0.250,38.561,9,32.313,83.80,3.590,11.656,0.000
10,ec.gp.GPIndividual@1632008229{1806155113},3C_20_66-03.txt,118.340,0.250,29.585,12,27.281,92.21,2.273,11.656,0.000
10,ec.gp.GPIndividual@1632008229{1806155113},3C_20_80-01.txt,4.194,0.250,1.049,3,0.656,62.58,0.219,11.656,0.000
10,ec.gp.GPIndividual@1632008229{1806155113},3C_20_80-02.txt,35.738,0.250,8.935,9,7.906,88.49,0.878,11.656,0.000
10,ec.gp.GPIndividual@1632008229{1806155113},3C_20_80-03.txt,169.439,0.250,42.360,3,27.422,64.74,9.141,16.641,0.000
10,ec.gp.GPIndividual@622946112{1313466033},3C_20_50-02.txt,61.404,0.250,15.351,0,0.000,0.00,0.000,0.000,0.000
10,ec.gp.GPIndividual@622946112{1313466033},3C_20_50-03.txt,30.993,0.250,7.748,1,0.563,7.26,0.563,0.563,0.563
10,ec.gp.GPIndividual@622946112{1313466033},3C_20_66-01.txt,7.322,0.250,1.831,0,0.000,0.00,0.000,0.563,0.563
10,ec.gp.GPIndividual@622946112{1313466033},3C_20_66-02.txt,154.245,0.250,38.561,0,0.000,0.00,0.000,0.563,0.563
10,ec.gp.GPIndividual@622946112{1313466033},3C_20_66-03.txt,118.340,0.250,29.585,1,0.453,1.53,0.453,0.563,0.453
10,ec.gp.GPIndividual@622946112{1313466033},3C_20_80-01.txt,4.194,0.250,1.049,0,0.000,0.00,0.000,0.563,0.453
10,ec.gp.GPIndividual@622946112{1313466033},3C_20_80-02.txt,35.738,0.250,8.935,0,0.000,0.00,0.000,0.563,0.453
10,ec.gp.GPIndividual@622946112{1313466033},3C_20_80-03.txt,169.439,0.250,42.360,0,0.000,0.00,0.000,0.563,0.453
11,ec.gp.GPIndividual@1218440850{-16137495},3C_20_50-02.txt,61.404,0.250,15.351,3,0.969,6.31,0.323,0.375,0.219
11,ec.gp.GPIndividual@1218440850{-16137495},3C_20_50-03.txt,30.993,0.250,7.748,7,8.000,103.25,1.143,1.719,0.219
11,ec.gp.GPIndividual@1218440850{-16137495},3C_20_50-03.txt,30.993,0.250,7.748,4,7.000,90.34,1.750,3.266,0.219
11,ec.gp.GPIndividual@1218440850{-16137495},3C_20_66-01.txt,7.322,0.250,1.831,1,2.078,113.52,2.078,3.266,0.219
11,ec.gp.GPIndividual@1218440850{-16137495},3C_20_50-03.txt,30.993,0.250,7.748,1,0.875,11.29,0.875,3.266,0.219
11,ec.gp.GPIndividual@1218440850{-16137495},3C_20_66-02.txt,154.245,0.250,38.561,2,4.813,12.48,2.406,3.266,0.219
11,ec.gp.GPIndividual@1218440850{-16137495},3C_20_50-03.txt,30.993,0.250,7.748,1,1.750,22.59,1.750,3.266,0.219
11,ec.gp.GPIndividual@1218440850{-16137495},3C_20_50-03.txt,30.993,0.250,7.748,3,5.734,74.01,1.911,3.266,0.000
11,ec.gp.GPIndividual@1218440850{-16137495},3C_20_66-03.txt,118.340,0.250,29.585,1,1.844,6.23,1.844,3.266,0.000
11,ec.gp.GPIndividual@1218440850{-16137495},3C_20_66-01.txt,7.322,0.250,1.831,1,2.531,138.28,2.531,3.266,0.000
11,ec.gp.GPIndividual@1218440850{-16137495},3C_20_50-03.txt,30.993,0.250,7.748,5,10.453,134.91,2.091,3.266,0.000
11,ec.gp.GPIndividual@1218440850{-16137495},3C_20_66-01.txt,7.322,0.250,1.831,4,2.766,151.08,0.691,3.266,0.000
11,ec.gp.GPIndividual@1218440850{-16137495},3C_20_66-01.txt,7.322,0.250,1.831,0,0.000,0.00,0.000,3.266,0.000
11,ec.gp.GPIndividual@1218440850{-16137495},3C_20_66-02.txt,154.245,0.250,38.561,1,1.891,4.90,1.891,3.266,0.000
11,ec.gp.GPIndividual@1218440850{-16137495},3C_20_66-01.txt,7.322,0.250,1.831,4,1.969,107.55,0.492,3.266,0.000
11,ec.gp.GPIndividual@1218440850{-16137495},3C_20_66-02.txt,154.245,0.250,38.561,1,0.688,1.78,0.688,3.266,0.000
11,ec.gp.GPIndividual@1218440850{-16137495},3C_20_66-02.txt,154.245,0.250,38.561,3,6.938,17.99,2.313,3.469,0.000
11,ec.gp.GPIndividual@1218440850{-16137495},3C_20_80-01.txt,4.194,0.250,1.049,1,0.563,53.64,0.563,3.469,0.000
11,ec.gp.GPIndividual@1218440850{-16137495},3C_20_80-02.txt,35.738,0.250,8.935,1,1.203,13.47,1.203,3.469,0.000
11,ec.gp.GPIndividual@1218440850{-16137495},3C_20_66-02.txt,154.245,0.250,38.561,5,10.594,27.47,2.119,3.469,0.000
11,ec.gp.GPIndividual@1218440850{-16137495},3C_20_80-03.txt,169.439,0.250,42.360,14,28.141,66.43,2.010,4.922,0.000
11,ec.gp.GPIndividual@971563418{1532235979},3C_20_50-02.txt,61.404,0.250,15.351,7,15.969,104.02,2.281,6.938,0.672
11,ec.gp.GPIndividual@971563418{1532235979},3C_20_66-01.txt,7.322,0.250,1.831,2,4.906,268.02,2.453,6.938,0.672
11,ec.gp.GPIndividual@971563418{1532235979},3C_20_66-03.txt,118.340,0.250,29.585,4,11.563,39.08,2.891,6.938,0.547
11,ec.gp.GPIndividual@971563418{1532235979},3C_20_66-03.txt,118.340,0.250,29.585,1,1.219,4.12,1.219,6.938,0.547
11,ec.gp.GPIndividual@971563418{1532235979},3C_20_66-02.txt,154.245,0.250,38.561,1,7.734,20.06,7.734,7.734,0.547
11,ec.gp.GPIndividual@971563418{1532235979},3C_20_66-03.txt,118.340,0.250,29.585,1,2.328,7.87,2.328,7.734,0.547
11,ec.gp.GPIndividual@971563418{1532235979},3C_20_50-03.txt,30.993,0.250,7.748,3,9.781,126.24,3.260,7.734,0.547
11,ec.gp.GPIndividual@971563418{1532235979},3C_20_80-01.txt,4.194,0.250,1.049,1,3.266,311.42,3.266,7.734,0.547
11,ec.gp.GPIndividual@971563418{1532235979},3C_20_66-01.txt,7.322,0.250,1.831,3,1.906,104.14,0.635,7.734,0.141
11,ec.gp.GPIndividual@971563418{1532235979},3C_20_66-03.txt,118.340,0.250,29.585,3,7.328,24.77,2.443,7.734,0.141
11,ec.gp.GPIndividual@971563418{1532235979},3C_20_80-02.txt,35.738,0.250,8.935,3,9.078,101.61,3.026,7.734,0.141
11,ec.gp.GPIndividual@971563418{1532235979},3C_20_80-03.txt,169.439,0.250,42.360,1,0.891,2.10,0.891,7.734,0.141
11,ec.gp.GPIndividual@971563418{1532235979},3C_20_80-01.txt,4.194,0.250,1.049,1,1.594,151.99,1.594,7.734,0.141
11,ec.gp.GPIndividual@971563418{1532235979},3C_20_66-02.txt,154.245,0.250,38.561,1,0.469,1.22,0.469,7.734,0.141
11,ec.gp.GPIndividual@971563418{1532235979},3C_20_80-02.txt,35.738,0.250,8.935,2,13.125,146.90,6.563,9.688,0.141
11,ec.gp.GPIndividual@971563418{1532235979},3C_20_66-03.txt,118.340,0.250,29.585,3,7.141,24.14,2.380,9.688,0.141
11,ec.gp.GPIndividual@971563418{1532235979},3C_20_80-01.txt,4.194,0.250,1.049,1,5.781,551.32,5.781,9.688,0.141
11,ec.gp.GPIndividual@971563418{1532235979},3C_20_80-01.txt,4.194,0.250,1.049,4,1.484,141.55,0.371,9.688,0.141
11,ec.gp.GPIndividual@971563418{1532235979},3C_20_80-02.txt,35.738,0.250,8.935,3,3.672,41.10,1.224,9.688,0.141
11,ec.gp.GPIndividual@971563418{1532235979},3C_20_80-02.txt,35.738,0.250,8.935,4,10.781,120.67,2.695,9.688,0.141
11,ec.gp.GPIndividual@971563418{1532235979},3C_20_80-03.txt,169.439,0.250,42.360,1,0.156,0.37,0.156,9.688,0.141
11,ec.gp.GPIndividual@1318000529{-838689601},3C_20_50-02.txt,61.404,0.250,15.351,8,15.938,103.82,1.992,6.063,0.313
11,ec.gp.GPIndividual@1318000529{-838689601},3C_20_80-03.txt,169.439,0.250,42.360,2,2.234,5.27,1.117,6.063,0.313
11,ec.gp.GPIndividual@1318000529{-838689601},3C_20_66-03.txt,118.340,0.250,29.585,4,11.719,39.61,2.930,6.063,0.313
11,ec.gp.GPIndividual@1318000529{-838689601},3C_20_50-03.txt,30.993,0.250,7.748,2,9.594,123.82,4.797,6.109,0.313
11,ec.gp.GPIndividual@1843253249{-1519166216},3C_20_50-02.txt,61.404,0.250,15.351,0,0.000,0.00,0.000,0.000,0.000
11,ec.gp.GPIndividual@1843253249{-1519166216},3C_20_50-03.txt,30.993,0.250,7.748,0,0.000,0.00,0.000,0.000,0.000
11,ec.gp.GPIndividual@1843253249{-1519166216},3C_20_66-01.txt,7.322,0.250,1.831,0,0.000,0.00,0.000,0.000,0.000
11,ec.gp.GPIndividual@1843253249{-1519166216},3C_20_66-02.txt,154.245,0.250,38.561,0,0.000,0.00,0.000,0.000,0.000
11,ec.gp.GPIndividual@1843253249{-1519166216},3C_20_66-03.txt,118.340,0.250,29.585,0,0.000,0.00,0.000,0.000,0.000
11,ec.gp.GPIndividual@1843253249{-1519166216},3C_20_80-01.txt,4.194,0.250,1.049,0,0.000,0.00,0.000,0.000,0.000
11,ec.gp.GPIndividual@1843253249{-1519166216},3C_20_80-02.txt,35.738,0.250,8.935,0,0.000,0.00,0.000,0.000,0.000
11,ec.gp.GPIndividual@1843253249{-1519166216},3C_20_80-03.txt,169.439,0.250,42.360,0,0.000,0.00,0.000,0.000,0.000
11,ec.gp.GPIndividual@1057491663{2098104958},3C_20_50-02.txt,61.404,0.250,15.351,6,13.266,86.41,2.211,6.156,0.000
11,ec.gp.GPIndividual@1057491663{2098104958},3C_20_80-01.txt,4.194,0.250,1.049,1,1.828,174.34,1.828,6.156,0.000
11,ec.gp.GPIndividual@1057491663{2098104958},3C_20_50-03.txt,30.993,0.250,7.748,5,15.000,193.59,3.000,8.344,0.000
11,ec.gp.GPIndividual@1045948917{1677351486},3C_20_50-02.txt,61.404,0.250,15.351,2,4.891,31.86,2.445,3.234,1.656
11,ec.gp.GPIndividual@1045948917{1677351486},3C_20_66-01.txt,7.322,0.250,1.831,2,5.922,323.50,2.961,5.484,0.438
11,ec.gp.GPIndividual@1045948917{1677351486},3C_20_80-01.txt,4.194,0.250,1.049,2,0.938,89.40,0.469,5.484,0.438
11,ec.gp.GPIndividual@1045948917{1677351486},3C_20_50-03.txt,30.993,0.250,7.748,3,1.297,16.74,0.432,5.484,0.000
11,ec.gp.GPIndividual@1045948917{1677351486},3C_20_66-02.txt,154.245,0.250,38.561,7,29.703,77.03,4.243,16.266,0.000
11,ec.gp.GPIndividual@1045948917{1677351486},3C_20_80-03.txt,169.439,0.250,42.360,2,5.141,12.14,2.570,16.266,0.000
11,ec.gp.GPIndividual@1045948917{1677351486},3C_20_66-01.txt,7.322,0.250,1.831,2,1.375,75.11,0.688,16.266,0.000
11,ec.gp.GPIndividual@1045948917{1677351486},3C_20_80-02.txt,35.738,0.250,8.935,6,9.406,105.28,1.568,16.266,0.000
11,ec.gp.GPIndividual@1045948917{1677351486},3C_20_80-03.txt,169.439,0.250,42.360,13,37.797,89.23,2.907,16.266,0.000
11,ec.gp.GPIndividual@1045948917{1677351486},3C_20_66-01.txt,7.322,0.250,1.831,1,8.625,471.17,8.625,16.266,0.000
11,ec.gp.GPIndividual@1045948917{1677351486},3C_20_66-02.txt,154.245,0.250,38.561,2,7.125,18.48,3.563,16.266,0.000
11,ec.gp.GPIndividual@1381006589{22150229},3C_20_50-02.txt,61.404,0.250,15.351,1,9.313,60.66,9.313,9.313,9.313
11,ec.gp.GPIndividual@173514959{-1411014304},3C_20_50-02.txt,61.404,0.250,15.351,0,0.000,0.00,0.000,0.000,0.000
11,ec.gp.GPIndividual@173514959{-1411014304},3C_20_50-03.txt,30.993,0.250,7.748,0,0.000,0.00,0.000,0.000,0.000
11,ec.gp.GPIndividual@173514959{-1411014304},3C_20_66-01.txt,7.322,0.250,1.831,0,0.000,0.00,0.000,0.000,0.000
11,ec.gp.GPIndividual@173514959{-1411014304},3C_20_66-02.txt,154.245,0.250,38.561,0,0.000,0.00,0.000,0.000,0.000
11,ec.gp.GPIndividual@173514959{-1411014304},3C_20_66-03.txt,118.340,0.250,29.585,0,0.000,0.00,0.000,0.000,0.000
11,ec.gp.GPIndividual@173514959{-1411014304},3C_20_80-01.txt,4.194,0.250,1.049,0,0.000,0.00,0.000,0.000,0.000
11,ec.gp.GPIndividual@173514959{-1411014304},3C_20_80-02.txt,35.738,0.250,8.935,0,0.000,0.00,0.000,0.000,0.000
11,ec.gp.GPIndividual@173514959{-1411014304},3C_20_80-03.txt,169.439,0.250,42.360,0,0.000,0.00,0.000,0.000,0.000
11,ec.gp.GPIndividual@1461386425{-1290186040},3C_20_50-02.txt,61.404,0.250,15.351,0,0.000,0.00,0.000,0.000,0.000
11,ec.gp.GPIndividual@1461386425{-1290186040},3C_20_50-03.txt,30.993,0.250,7.748,0,0.000,0.00,0.000,0.000,0.000
11,ec.gp.GPIndividual@1461386425{-1290186040},3C_20_66-01.txt,7.322,0.250,1.831,0,0.000,0.00,0.000,0.000,0.000
11,ec.gp.GPIndividual@1461386425{-1290186040},3C_20_66-02.txt,154.245,0.250,38.561,0,0.000,0.00,0.000,0.000,0.000
11,ec.gp.GPIndividual@1461386425{-1290186040},3C_20_66-03.txt,118.340,0.250,29.585,0,0.000,0.00,0.000,0.000,0.000
11,ec.gp.GPIndividual@1461386425{-1290186040},3C_20_80-01.txt,4.194,0.250,1.049,0,0.000,0.00,0.000,0.000,0.000
11,ec.gp.GPIndividual@1461386425{-1290186040},3C_20_80-02.txt,35.738,0.250,8.935,0,0.000,0.00,0.000,0.000,0.000
11,ec.gp.GPIndividual@1461386425{-1290186040},3C_20_80-03.txt,169.439,0.250,42.360,0,0.000,0.00,0.000,0.000,0.000
11,ec.gp.GPIndividual@1744073932{-1790708492},3C_20_50-02.txt,61.404,0.250,15.351,6,16.359,106.57,2.727,11.766,0.000
11,ec.gp.GPIndividual@1744073932{-1790708492},3C_20_66-03.txt,118.340,0.250,29.585,1,13.203,44.63,13.203,13.203,0.000
11,ec.gp.GPIndividual@1744073932{-1790708492},3C_20_66-03.txt,118.340,0.250,29.585,3,4.125,13.94,1.375,13.203,0.000
11,ec.gp.GPIndividual@1744073932{-1790708492},3C_20_80-02.txt,35.738,0.250,8.935,5,9.516,106.50,1.903,13.203,0.000
11,ec.gp.GPIndividual@1744073932{-1790708492},3C_20_50-03.txt,30.993,0.250,7.748,3,4.531,58.48,1.510,13.203,0.000
11,ec.gp.GPIndividual@1744073932{-1790708492},3C_20_66-02.txt,154.245,0.250,38.561,10,26.609,69.01,2.661,13.203,0.000
11,ec.gp.GPIndividual@1744073932{-1790708492},3C_20_50-03.txt,30.993,0.250,7.748,4,11.172,144.19,2.793,13.203,0.000
11,ec.gp.GPIndividual@1744073932{-1790708492},3C_20_66-01.txt,7.322,0.250,1.831,1,3.594,196.32,3.594,13.203,0.000
11,ec.gp.GPIndividual@1744073932{-1790708492},3C_20_80-01.txt,4.194,0.250,1.049,1,0.500,47.68,0.500,13.203,0.000
11,ec.gp.GPIndividual@1744073932{-1790708492},3C_20_80-01.txt,4.194,0.250,1.049,1,0.500,47.68,0.500,13.203,0.000
11,ec.gp.GPIndividual@1744073932{-1790708492},3C_20_80-02.txt,35.738,0.250,8.935,7,9.500,106.33,1.357,13.203,0.000
11,ec.gp.GPIndividual@1744073932{-1790708492},3C_20_66-02.txt,154.245,0.250,38.561,12,19.516,50.61,1.626,13.203,0.000
11,ec.gp.GPIndividual@1744073932{-1790708492},3C_20_66-01.txt,7.322,0.250,1.831,2,1.781,97.31,0.891,13.203,0.000
11,ec.gp.GPIndividual@1744073932{-1790708492},3C_20_80-03.txt,169.439,0.250,42.360,11,35.234,83.18,3.203,13.203,0.000
11,ec.gp.GPIndividual@1744073932{-1790708492},3C_20_80-03.txt,169.439,0.250,42.360,1,9.547,22.54,9.547,13.203,0.000
11,ec.gp.GPIndividual@1744073932{-1790708492},3C_20_66-03.txt,118.340,0.250,29.585,1,14.203,48.01,14.203,14.203,0.000
11,ec.gp.GPIndividual@1744073932{-1790708492},3C_20_66-03.txt,118.340,0.250,29.585,1,8.078,27.30,8.078,14.203,0.000
11,ec.gp.GPIndividual@1744073932{-1790708492},3C_20_80-02.txt,35.738,0.250,8.935,2,15.156,169.64,7.578,14.203,0.000
11,ec.gp.GPIndividual@1744073932{-1790708492},3C_20_66-02.txt,154.245,0.250,38.561,2,16.047,41.61,8.023,14.203,0.000
11,ec.gp.GPIndividual@297627913{781213232},3C_20_50-02.txt,61.404,0.250,15.351,7,15.906,103.62,2.272,6.406,0.484
11,ec.gp.GPIndividual@297627913{781213232},3C_20_80-03.txt,169.439,0.250,42.360,3,4.516,10.66,1.505,6.406,0.328
11,ec.gp.GPIndividual@1360917061{-617281845},3C_20_50-02.txt,61.404,0.250,15.351,4,8.891,57.92,2.223,3.688,0.484
11,ec.gp.GPIndividual@1360917061{-617281845},3C_20_66-03.txt,118.340,0.250,29.585,2,2.984,10.09,1.492,3.688,0.484
11,ec.gp.GPIndividual@1360917061{-617281845},3C_20_50-03.txt,30.993,0.250,7.748,2,5.172,66.75,2.586,3.688,0.484
11,ec.gp.GPIndividual@1360917061{-617281845},3C_20_80-01.txt,4.194,0.250,1.049,2,0.891,84.93,0.445,3.688,0.359
11,ec.gp.GPIndividual@1360917061{-617281845},3C_20_80-02.txt,35.738,0.250,8.935,3,13.078,146.38,4.359,6.141,0.359
11,ec.gp.GPIndividual@1607946051{-1540993630},3C_20_50-02.txt,61.404,0.250,15.351,8,16.531,107.69,2.066,6.016,0.000
11,ec.gp.GPIndividual@1607946051{-1540993630},3C_20_50-03.txt,30.993,0.250,7.748,1,0.344,4.44,0.344,6.016,0.000
11,ec.gp.GPIndividual@1607946051{-1540993630},3C_20_80-01.txt,4.194,0.250,1.049,1,1.234,117.71,1.234,6.016,0.000
11,ec.gp.GPIndividual@1607946051{-1540993630},3C_20_80-03.txt,169.439,0.250,42.360,4,7.813,18.44,1.953,6.016,0.000
11,ec.gp.GPIndividual@1607946051{-1540993630},3C_20_80-01.txt,4.194,0.250,1.049,1,4.641,442.55,4.641,6.016,0.000
11,ec.gp.GPIndividual@1607946051{-1540993630},3C_20_66-01.txt,7.322,0.250,1.831,1,3.203,174.98,3.203,6.016,0.000
11,ec.gp.GPIndividual@1607946051{-1540993630},3C_20_66-01.txt,7.322,0.250,1.831,4,3.438,187.79,0.859,6.016,0.000
11,ec.gp.GPIndividual@1607946051{-1540993630},3C_20_80-02.txt,35.738,0.250,8.935,8,8.484,94.96,1.061,6.016,0.000
11,ec.gp.GPIndividual@1607946051{-1540993630},3C_20_66-02.txt,154.245,0.250,38.561,2,3.297,8.55,1.648,6.016,0.000
11,ec.gp.GPIndividual@1607946051{-1540993630},3C_20_66-02.txt,154.245,0.250,38.561,20,39.625,102.76,1.981,6.016,0.000
11,ec.gp.GPIndividual@1607946051{-1540993630},3C_20_80-03.txt,169.439,0.250,42.360,1,1.281,3.02,1.281,6.016,0.000
11,ec.gp.GPIndividual@1607946051{-1540993630},3C_20_66-03.txt,118.340,0.250,29.585,1,1.813,6.13,1.813,6.016,0.000
11,ec.gp.GPIndividual@1607946051{-1540993630},3C_20_66-03.txt,118.340,0.250,29.585,2,19.266,65.12,9.633,11.578,0.000
11,ec.gp.GPIndividual@800489596{1074625867},3C_20_50-02.txt,61.404,0.250,15.351,3,16.500,107.48,5.500,14.484,0.344
11,ec.gp.GPIndividual@800489596{1074625867},3C_20_50-03.txt,30.993,0.250,7.748,2,8.766,113.13,4.383,14.484,0.344
11,ec.gp.GPIndividual@800489596{1074625867},3C_20_50-03.txt,30.993,0.250,7.748,2,12.500,161.33,6.250,14.484,0.344
11,ec.gp.GPIndividual@800489596{1074625867},3C_20_80-01.txt,4.194,0.250,1.049,1,0.641,61.09,0.641,14.484,0.344
11,ec.gp.GPIndividual@1415550723{-1426585188},3C_20_50-02.txt,61.404,0.250,15.351,3,14.859,96.80,4.953,14.578,0.000
11,ec.gp.GPIndividual@1541506184{782185569},3C_20_50-02.txt,61.404,0.250,15.351,0,0.000,0.00,0.000,0.000,0.000
11,ec.gp.GPIndividual@1541506184{782185569},3C_20_50-03.txt,30.993,0.250,7.748,0,0.000,0.00,0.000,0.000,0.000
11,ec.gp.GPIndividual@1541506184{782185569},3C_20_66-01.txt,7.322,0.250,1.831,0,0.000,0.00,0.000,0.000,0.000
11,ec.gp.GPIndividual@1541506184{782185569},3C_20_66-02.txt,154.245,0.250,38.561,0,0.000,0.00,0.000,0.000,0.000
11,ec.gp.GPIndividual@1541506184{782185569},3C_20_66-03.txt,118.340,0.250,29.585,0,0.000,0.00,0.000,0.000,0.000
11,ec.gp.GPIndividual@1541506184{782185569},3C_20_80-01.txt,4.194,0.250,1.049,0,0.000,0.00,0.000,0.000,0.000
11,ec.gp.GPIndividual@1541506184{782185569},3C_20_80-02.txt,35.738,0.250,8.935,0,0.000,0.00,0.000,0.000,0.000
11,ec.gp.GPIndividual@1541506184{782185569},3C_20_80-03.txt,169.439,0.250,42.360,0,0.000,0.00,0.000,0.000,0.000
11,ec.gp.GPIndividual@75317000{-1886010798},3C_20_50-02.txt,61.404,0.250,15.351,4,24.297,158.27,6.074,11.609,0.281
11,ec.gp.GPIndividual@75317000{-1886010798},3C_20_66-02.txt,154.245,0.250,38.561,3,7.172,18.60,2.391,11.609,0.281
11,ec.gp.GPIndividual@214027237{1335410434},3C_20_50-02.txt,61.404,0.250,15.351,0,0.000,0.00,0.000,0.000,0.000
11,ec.gp.GPIndividual@214027237{1335410434},3C_20_50-03.txt,30.993,0.250,7.748,0,0.000,0.00,0.000,0.000,0.000
11,ec.gp.GPIndividual@214027237{1335410434},3C_20_66-01.txt,7.322,0.250,1.831,0,0.000,0.00,0.000,0.000,0.000
11,ec.gp.GPIndividual@214027237{1335410434},3C_20_66-02.txt,154.245,0.250,38.561,0,0.000,0.00,0.000,0.000,0.000
11,ec.gp.GPIndividual@214027237{1335410434},3C_20_66-03.txt,118.340,0.250,29.585,0,0.000,0.00,0.000,0.000,0.000
11,ec.gp.GPIndividual@214027237{1335410434},3C_20_80-01.txt,4.194,0.250,1.049,0,0.000,0.00,0.000,0.000,0.000
11,ec.gp.GPIndividual@214027237{1335410434},3C_20_80-02.txt,35.738,0.250,8.935,0,0.000,0.00,0.000,0.000,0.000
11,ec.gp.GPIndividual@214027237{1335410434},3C_20_80-03.txt,169.439,0.250,42.360,0,0.000,0.00,0.000,0.000,0.000
11,ec.gp.GPIndividual@1626030097{-2070126969},3C_20_50-02.txt,61.404,0.250,15.351,2,2.109,13.74,1.055,1.703,0.406
11,ec.gp.GPIndividual@1626030097{-2070126969},3C_20_66-02.txt,154.245,0.250,38.561,18,42.328,109.77,2.352,10.938,0.406
11,ec.gp.GPIndividual@1626030097{-2070126969},3C_20_50-03.txt,30.993,0.250,7.748,1,9.016,116.36,9.016,10.938,0.406
11,ec.gp.GPIndividual@1626030097{-2070126969},3C_20_50-03.txt,30.993,0.250,7.748,1,5.656,73.00,5.656,10.938,0.406
11,ec.gp.GPIndividual@1626030097{-2070126969},3C_20_66-03.txt,118.340,0.250,29.585,8,32.641,110.33,4.080,10.938,0.406
11,ec.gp.GPIndividual@1626030097{-2070126969},3C_20_66-01.txt,7.322,0.250,1.831,1,2.266,123.77,2.266,10.938,0.406
11,ec.gp.GPIndividual@1626030097{-2070126969},3C_20_66-01.txt,7.322,0.250,1.831,1,8.281,452.39,8.281,10.938,0.406
11,ec.gp.GPIndividual@1626030097{-2070126969},3C_20_50-03.txt,30.993,0.250,7.748,2,8.875,114.54,4.438,10.938,0.000
11,ec.gp.GPIndividual@1626030097{-2070126969},3C_20_66-03.txt,118.340,0.250,29.585,2,1.906,6.44,0.953,10.938,0.000
11,ec.gp.GPIndividual@1626030097{-2070126969},3C_20_80-01.txt,4.194,0.250,1.049,3,1.344,128.14,0.448,10.938,0.000
11,ec.gp.GPIndividual@1626030097{-2070126969},3C_20_66-02.txt,154.245,0.250,38.561,2,1.703,4.42,0.852,10.938,0.000
11,ec.gp.GPIndividual@1626030097{-2070126969},3C_20_80-02.txt,35.738,0.250,8.935,5,9.094,101.78,1.819,10.938,0.000
11,ec.gp.GPIndividual@1626030097{-2070126969},3C_20_80-03.txt,169.439,0.250,42.360,7,9.516,22.46,1.359,10.938,0.000
11,ec.gp.GPIndividual@1626030097{-2070126969},3C_20_66-02.txt,154.245,0.250,38.561,5,10.484,27.19,2.097,10.938,0.000
11,ec.gp.GPIndividual@1626030097{-2070126969},3C_20_66-01.txt,7.322,0.250,1.831,4,6.578,359.35,1.645,10.938,0.000
11,ec.gp.GPIndividual@2142584092{145160364},3C_20_50-02.txt,61.404,0.250,15.351,3,0.625,4.07,0.208,0.516,0.000
11,ec.gp.GPIndividual@2142584092{145160364},3C_20_66-03.txt,118.340,0.250,29.585,2,1.375,4.65,0.688,1.000,0.000
11,ec.gp.GPIndividual@2142584092{145160364},3C_20_66-02.txt,154.245,0.250,38.561,11,20.531,53.24,1.866,4.844,0.000
11,ec.gp.GPIndividual@2142584092{145160364},3C_20_66-03.txt,118.340,0.250,29.585,4,30.563,103.30,7.641,13.094,0.000
11,ec.gp.GPIndividual@2142584092{145160364},3C_20_80-01.txt,4.194,0.250,1.049,2,1.672,159.44,0.836,13.094,0.000
11,ec.gp.GPIndividual@2142584092{145160364},3C_20_66-03.txt,118.340,0.250,29.585,3,10.609,35.86,3.536,13.094,0.000
11,ec.gp.GPIndividual@2142584092{145160364},3C_20_50-03.txt,30.993,0.250,7.748,1,7.734,99.82,7.734,13.094,0.000
11,ec.gp.GPIndividual@2142584092{145160364},3C_20_80-01.txt,4.194,0.250,1.049,1,1.063,101.32,1.063,13.094,0.000
11,ec.gp.GPIndividual@2142584092{145160364},3C_20_80-02.txt,35.738,0.250,8.935,6,11.125,124.52,1.854,13.094,0.000
11,ec.gp.GPIndividual@2142584092{145160364},3C_20_80-01.txt,4.194,0.250,1.049,1,3.156,300.99,3.156,13.094,0.000
11,ec.gp.GPIndividual@2142584092{145160364},3C_20_66-01.txt,7.322,0.250,1.831,1,1.031,56.34,1.031,13.094,0.000
11,ec.gp.GPIndividual@2142584092{145160364},3C_20_80-03.txt,169.439,0.250,42.360,7,9.828,23.20,1.404,13.094,0.000
11,ec.gp.GPIndividual@2142584092{145160364},3C_20_80-02.txt,35.738,0.250,8.935,7,9.328,104.41,1.333,13.094,0.000
11,ec.gp.GPIndividual@2142584092{145160364},3C_20_80-03.txt,169.439,0.250,42.360,3,4.656,10.99,1.552,13.094,0.000
11,ec.gp.GPIndividual@2142584092{145160364},3C_20_66-02.txt,154.245,0.250,38.561,1,2.063,5.35,2.063,13.094,0.000
11,ec.gp.GPIndividual@2142584092{145160364},3C_20_80-01.txt,4.194,0.250,1.049,2,3.438,327.81,1.719,13.094,0.000
11,ec.gp.GPIndividual@2142584092{145160364},3C_20_80-02.txt,35.738,0.250,8.935,9,9.328,104.41,1.036,13.094,0.000
11,ec.gp.GPIndividual@2142584092{145160364},3C_20_66-03.txt,118.340,0.250,29.585,0,0.000,0.00,0.000,13.094,0.000
11,ec.gp.GPIndividual@2142584092{145160364},3C_20_80-03.txt,169.439,0.250,42.360,1,0.891,2.10,0.891,13.094,0.000
11,ec.gp.GPIndividual@2142584092{145160364},3C_20_80-02.txt,35.738,0.250,8.935,3,8.203,91.81,2.734,13.094,0.000
11,ec.gp.GPIndividual@510761383{-1009197839},3C_20_50-02.txt,61.404,0.250,15.351,8,15.594,101.58,1.949,4.813,0.422
11,ec.gp.GPIndividual@510761383{-1009197839},3C_20_80-01.txt,4.194,0.250,1.049,1,0.281,26.82,0.281,4.813,0.281
11,ec.gp.GPIndividual@510761383{-1009197839},3C_20_80-03.txt,169.439,0.250,42.360,8,29.531,69.72,3.691,15.203,0.281
11,ec.gp.GPIndividual@1468074065{456672473},3C_20_50-02.txt,61.404,0.250,15.351,9,14.891,97.00,1.655,3.344,0.281
11,ec.gp.GPIndividual@1468074065{456672473},3C_20_50-03.txt,30.993,0.250,7.748,1,1.359,17.54,1.359,3.344,0.281
11,ec.gp.GPIndividual@1468074065{456672473},3C_20_80-02.txt,35.738,0.250,8.935,4,17.203,192.55,4.301,11.234,0.281
11,ec.gp.GPIndividual@846758793{2051315560},3C_20_50-02.txt,61.404,0.250,15.351,1,14.438,94.05,14.438,14.438,14.438
11,ec.gp.GPIndividual@40900814{-1262699958},3C_20_50-02.txt,61.404,0.250,15.351,0,0.000,0.00,0.000,0.000,0.000
11,ec.gp.GPIndividual@40900814{-1262699958},3C_20_50-03.txt,30.993,0.250,7.748,3,14.906,192.38,4.969,13.625,0.266
11,ec.gp.GPIndividual@40900814{-1262699958},3C_20_50-03.txt,30.993,0.250,7.748,5,8.828,113.94,1.766,13.625,0.266
11,ec.gp.GPIndividual@40900814{-1262699958},3C_20_66-01.txt,7.322,0.250,1.831,0,0.000,0.00,0.000,13.625,0.266
11,ec.gp.GPIndividual@40900814{-1262699958},3C_20_66-02.txt,154.245,0.250,38.561,0,0.000,0.00,0.000,13.625,0.266
11,ec.gp.GPIndividual@40900814{-1262699958},3C_20_66-03.txt,118.340,0.250,29.585,1,2.719,9.19,2.719,13.625,0.266
11,ec.gp.GPIndividual@40900814{-1262699958},3C_20_66-01.txt,7.322,0.250,1.831,2,4.641,253.51,2.320,13.625,0.266
11,ec.gp.GPIndividual@40900814{-1262699958},3C_20_66-01.txt,7.322,0.250,1.831,1,0.250,13.66,0.250,13.625,0.250
11,ec.gp.GPIndividual@40900814{-1262699958},3C_20_50-03.txt,30.993,0.250,7.748,1,0.844,10.89,0.844,13.625,0.250
11,ec.gp.GPIndividual@40900814{-1262699958},3C_20_80-03.txt,169.439,0.250,42.360,10,15.391,36.33,1.539,13.625,0.250
11,ec.gp.GPIndividual@40900814{-1262699958},3C_20_80-01.txt,4.194,0.250,1.049,0,0.000,0.00,0.000,13.625,0.250
11,ec.gp.GPIndividual@40900814{-1262699958},3C_20_80-02.txt,35.738,0.250,8.935,3,7.719,86.39,2.573,13.625,0.250
11,ec.gp.GPIndividual@40900814{-1262699958},3C_20_80-03.txt,169.439,0.250,42.360,0,0.000,0.00,0.000,13.625,0.250
11,ec.gp.GPIndividual@1397950745{-2008470268},3C_20_50-02.txt,61.404,0.250,15.351,2,1.781,11.60,0.891,1.344,0.438
11,ec.gp.GPIndividual@1223276294{-141943392},3C_20_50-02.txt,61.404,0.250,15.351,8,14.703,95.78,1.838,3.547,0.422
11,ec.gp.GPIndividual@1223276294{-141943392},3C_20_50-03.txt,30.993,0.250,7.748,1,3.344,43.16,3.344,3.547,0.422
11,ec.gp.GPIndividual@1223276294{-141943392},3C_20_66-02.txt,154.245,0.250,38.561,10,35.672,92.51,3.567,12.672,0.422
11,ec.gp.GPIndividual@1223276294{-141943392},3C_20_66-01.txt,7.322,0.250,1.831,1,3.500,191.20,3.500,12.672,0.422
11,ec.gp.GPIndividual@1223276294{-141943392},3C_20_66-01.txt,7.322,0.250,1.831,2,2.094,114.38,1.047,12.672,0.422
11,ec.gp.GPIndividual@1223276294{-141943392},3C_20_66-03.txt,118.340,0.250,29.585,4,3.078,10.40,0.770,12.672,0.422
11,ec.gp.GPIndividual@1223276294{-141943392},3C_20_66-02.txt,154.245,0.250,38.561,10,27.750,71.96,2.775,12.672,0.000
11,ec.gp.GPIndividual@1223276294{-141943392},3C_20_50-03.txt,30.993,0.250,7.748,4,6.375,82.28,1.594,12.672,0.000
11,ec.gp.GPIndividual@1223276294{-141943392},3C_20_66-03.txt,118.340,0.250,29.585,1,1.531,5.18,1.531,12.672,0.000
11,ec.gp.GPIndividual@1223276294{-141943392},3C_20_80-01.txt,4.194,0.250,1.049,3,0.859,81.95,0.286,12.672,0.000
11,ec.gp.GPIndividual@1223276294{-141943392},3C_20_80-02.txt,35.738,0.250,8.935,5,8.641,96.71,1.728,12.672,0.000
11,ec.gp.GPIndividual@1223276294{-141943392},3C_20_80-03.txt,169.439,0.250,42.360,2,0.734,1.73,0.367,12.672,0.000
11,ec.gp.GPIndividual@1223276294{-141943392},3C_20_66-01.txt,7.322,0.250,1.831,1,4.656,254.36,4.656,12.672,0.000
11,ec.gp.GPIndividual@1223276294{-141943392},3C_20_80-01.txt,4.194,0.250,1.049,3,1.438,137.08,0.479,12.672,0.000
11,ec.gp.GPIndividual@1223276294{-141943392},3C_20_66-02.txt,154.245,0.250,38.561,1,0.875,2.27,0.875,12.672,0.000
11,ec.gp.GPIndividual@1223276294{-141943392},3C_20_80-02.txt,35.738,0.250,8.935,1,12.984,145.33,12.984,12.984,0.000
11,ec.gp.GPIndividual@1223276294{-141943392},3C_20_66-02.txt,154.245,0.250,38.561,18,37.578,97.45,2.088,12.984,0.000
11,ec.gp.GPIndividual@1223276294{-141943392},3C_20_66-03.txt,118.340,0.250,29.585,1,1.969,6.65,1.969,12.984,0.000
11,ec.gp.GPIndividual@1223276294{-141943392},3C_20_80-03.txt,169.439,0.250,42.360,2,8.063,19.03,4.031,12.984,0.000
11,ec.gp.GPIndividual@1462792146{-1340434422},3C_20_50-02.txt,61.404,0.250,15.351,4,2.938,19.14,0.734,1.078,0.219
11,ec.gp.GPIndividual@1462792146{-1340434422},3C_20_80-02.txt,35.738,0.250,8.935,1,3.125,34.98,3.125,3.125,0.219
11,ec.gp.GPIndividual@1462792146{-1340434422},3C_20_66-03.txt,118.340,0.250,29.585,12,30.750,103.94,2.563,7.359,0.219
11,ec.gp.GPIndividual@1462792146{-1340434422},3C_20_80-03.txt,169.439,0.250,42.360,1,1.953,4.61,1.953,7.359,0.219
11,ec.gp.GPIndividual@1462792146{-1340434422},3C_20_50-03.txt,30.993,0.250,7.748,2,12.438,160.52,6.219,7.578,0.219
11,ec.gp.GPIndividual@1462792146{-1340434422},3C_20_80-01.txt,4.194,0.250,1.049,3,1.906,181.79,0.635,7.578,0.219
11,ec.gp.GPIndividual@1462792146{-1340434422},3C_20_80-01.txt,4.194,0.250,1.049,2,0.563,53.64,0.281,7.578,0.219
11,ec.gp.GPIndividual@1462792146{-1340434422},3C_20_80-02.txt,35.738,0.250,8.935,7,8.828,98.81,1.261,7.578,0.219
11,ec.gp.GPIndividual@1462792146{-1340434422},3C_20_80-03.txt,169.439,0.250,42.360,1,0.797,1.88,0.797,7.578,0.219
11,ec.gp.GPIndividual@1669435847{-1941983663},3C_20_50-02.txt,61.404,0.250,15.351,10,18.688,121.73,1.869,4.234,0.203
11,ec.gp.GPIndividual@1669435847{-1941983663},3C_20_66-01.txt,7.322,0.250,1.831,1,4.219,230.46,4.219,4.234,0.203
11,ec.gp.GPIndividual@1669435847{-1941983663},3C_20_80-02.txt,35.738,0.250,8.935,1,0.438,4.90,0.438,4.234,0.203
11,ec.gp.GPIndividual@2253944{955347492},3C_20_50-02.txt,61.404,0.250,15.351,8,15.234,99.24,1.904,11.328,0.000
11,ec.gp.GPIndividual@2253944{955347492},3C_20_80-03.txt,169.439,0.250,42.360,1,4.813,11.36,4.813,11.328,0.000
11,ec.gp.GPIndividual@2253944{955347492},3C_20_50-03.txt,30.993,0.250,7.748,2,12.813,165.36,6.406,11.328,0.000
11,ec.gp.GPIndividual@2253944{955347492},3C_20_66-01.txt,7.322,0.250,1.831,2,1.844,100.72,0.922,11.328,0.000
11,ec.gp.GPIndividual@2253944{955347492},3C_20_66-01.txt,7.322,0.250,1.831,2,2.484,135.72,1.242,11.328,0.000
11,ec.gp.GPIndividual@1335343360{40959165},3C_20_50-02.txt,61.404,0.250,15.351,3,1.172,7.63,0.391,0.578,0.172
11,ec.gp.GPIndividual@1335343360{40959165},3C_20_66-02.txt,154.245,0.250,38.561,3,1.531,3.97,0.510,0.781,0.156
11,ec.gp.GPIndividual@1335343360{40959165},3C_20_50-03.txt,30.993,0.250,7.748,9,7.453,96.19,0.828,1.844,0.156
11,ec.gp.GPIndividual@1335343360{40959165},3C_20_66-01.txt,7.322,0.250,1.831,1,2.297,125.47,2.297,2.297,0.156
11,ec.gp.GPIndividual@1335343360{40959165},3C_20_66-02.txt,154.245,0.250,38.561,1,0.609,1.58,0.609,2.297,0.156
11,ec.gp.GPIndividual@1335343360{40959165},3C_20_66-03.txt,118.340,0.250,29.585,1,0.438,1.48,0.438,2.297,0.156
11,ec.gp.GPIndividual@1335343360{40959165},3C_20_66-02.txt,154.245,0.250,38.561,4,3.281,8.51,0.820,2.297,0.156
11,ec.gp.GPIndividual@1335343360{40959165},3C_20_66-03.txt,118.340,0.250,29.585,6,8.609,29.10,1.435,2.609,0.156
11,ec.gp.GPIndividual@1335343360{40959165},3C_20_80-01.txt,4.194,0.250,1.049,6,1.094,104.30,0.182,2.609,0.078
11,ec.gp.GPIndividual@1335343360{40959165},3C_20_80-02.txt,35.738,0.250,8.935,1,0.906,10.14,0.906,2.609,0.078
11,ec.gp.GPIndividual@1335343360{40959165},3C_20_80-03.txt,169.439,0.250,42.360,1,2.594,6.12,2.594,2.609,0.078
12,ec.gp.GPIndividual@1301007860{1025905295},3C_20_50-02.txt,61.404,0.250,15.351,1,0.000,0.00,0.000,0.000,0.000
12,ec.gp.GPIndividual@1301007860{1025905295},3C_20_50-03.txt,30.993,0.250,7.748,1,0.000,0.00,0.000,0.000,0.000
12,ec.gp.GPIndividual@1301007860{1025905295},3C_20_66-01.txt,7.322,0.250,1.831,1,0.000,0.00,0.000,0.000,0.000
12,ec.gp.GPIndividual@1301007860{1025905295},3C_20_66-02.txt,154.245,0.250,38.561,1,0.000,0.00,0.000,0.000,0.000
12,ec.gp.GPIndividual@1301007860{1025905295},3C_20_66-03.txt,118.340,0.250,29.585,1,0.000,0.00,0.000,0.000,0.000
12,ec.gp.GPIndividual@1301007860{1025905295},3C_20_80-01.txt,4.194,0.250,1.049,1,0.000,0.00,0.000,0.000,0.000
12,ec.gp.GPIndividual@1301007860{1025905295},3C_20_80-02.txt,35.738,0.250,8.935,1,0.000,0.00,0.000,0.000,0.000
12,ec.gp.GPIndividual@1301007860{1025905295},3C_20_80-03.txt,169.439,0.250,42.360,1,0.000,0.00,0.000,0.000,0.000
12,ec.gp.GPIndividual@2002450332{1436680561},3C_20_50-02.txt,61.404,0.250,15.351,0,0.000,0.00,0.000,0.000,0.000
12,ec.gp.GPIndividual@2002450332{1436680561},3C_20_50-03.txt,30.993,0.250,7.748,0,0.000,0.00,0.000,0.000,0.000
12,ec.gp.GPIndividual@2002450332{1436680561},3C_20_66-01.txt,7.322,0.250,1.831,0,0.000,0.00,0.000,0.000,0.000
12,ec.gp.GPIndividual@2002450332{1436680561},3C_20_50-03.txt,30.993,0.250,7.748,0,0.000,0.00,0.000,0.000,0.000
12,ec.gp.GPIndividual@2002450332{1436680561},3C_20_66-02.txt,154.245,0.250,38.561,0,0.000,0.00,0.000,0.000,0.000
12,ec.gp.GPIndividual@2002450332{1436680561},3C_20_66-01.txt,7.322,0.250,1.831,0,0.000,0.00,0.000,0.000,0.000
12,ec.gp.GPIndividual@2002450332{1436680561},3C_20_66-03.txt,118.340,0.250,29.585,0,0.000,0.00,0.000,0.000,0.000
12,ec.gp.GPIndividual@2002450332{1436680561},3C_20_80-01.txt,4.194,0.250,1.049,0,0.000,0.00,0.000,0.000,0.000
12,ec.gp.GPIndividual@2002450332{1436680561},3C_20_80-02.txt,35.738,0.250,8.935,0,0.000,0.00,0.000,0.000,0.000
12,ec.gp.GPIndividual@2002450332{1436680561},3C_20_66-02.txt,154.245,0.250,38.561,0,0.000,0.00,0.000,0.000,0.000
12,ec.gp.GPIndividual@2002450332{1436680561},3C_20_80-03.txt,169.439,0.250,42.360,0,0.000,0.00,0.000,0.000,0.000
12,ec.gp.GPIndividual@1917189353{-1743535772},3C_20_50-02.txt,61.404,0.250,15.351,0,0.000,0.00,0.000,0.000,0.000
12,ec.gp.GPIndividual@1917189353{-1743535772},3C_20_66-03.txt,118.340,0.250,29.585,0,0.000,0.00,0.000,0.000,0.000
12,ec.gp.GPIndividual@1917189353{-1743535772},3C_20_80-01.txt,4.194,0.250,1.049,0,0.000,0.00,0.000,0.000,0.000
12,ec.gp.GPIndividual@1917189353{-1743535772},3C_20_80-02.txt,35.738,0.250,8.935,0,0.000,0.00,0.000,0.000,0.000
12,ec.gp.GPIndividual@1917189353{-1743535772},3C_20_80-03.txt,169.439,0.250,42.360,0,0.000,0.00,0.000,0.000,0.000
12,ec.gp.GPIndividual@1381903261{1491469492},3C_20_50-02.txt,61.404,0.250,15.351,15,14.359,93.54,0.957,1.766,0.000
12,ec.gp.GPIndividual@1381903261{1491469492},3C_20_50-03.txt,30.993,0.250,7.748,4,9.203,118.78,2.301,2.469,0.000
12,ec.gp.GPIndividual@1381903261{1491469492},3C_20_50-03.txt,30.993,0.250,7.748,4,6.656,85.91,1.664,2.469,0.000
12,ec.gp.GPIndividual@1381903261{1491469492},3C_20_50-03.txt,30.993,0.250,7.748,3,4.125,53.24,1.375,2.469,0.000
12,ec.gp.GPIndividual@1381903261{1491469492},3C_20_50-03.txt,30.993,0.250,7.748,2,1.547,19.96,0.773,2.469,0.000
12,ec.gp.GPIndividual@1381903261{1491469492},3C_20_50-03.txt,30.993,0.250,7.748,4,7.469,96.39,1.867,3.234,0.000
12,ec.gp.GPIndividual@1381903261{1491469492},3C_20_66-01.txt,7.322,0.250,1.831,1,2.250,122.91,2.250,3.234,0.000
12,ec.gp.GPIndividual@1381903261{1491469492},3C_20_50-03.txt,30.993,0.250,7.748,4,9.125,117.77,2.281,3.234,0.000
12,ec.gp.GPIndividual@1381903261{1491469492},3C_20_66-01.txt,7.322,0.250,1.831,2,4.063,221.93,2.031,3.234,0.000
12,ec.gp.GPIndividual@1381903261{1491469492},3C_20_66-01.txt,7.322,0.250,1.831,4,2.344,128.04,0.586,3.234,0.000
12,ec.gp.GPIndividual@1381903261{1491469492},3C_20_66-01.txt,7.322,0.250,1.831,1,0.641,35.00,0.641,3.234,0.000
12,ec.gp.GPIndividual@1381903261{1491469492},3C_20_66-02.txt,154.245,0.250,38.561,3,3.172,8.23,1.057,3.234,0.000
12,ec.gp.GPIndividual@1381903261{1491469492},3C_20_66-01.txt,7.322,0.250,1.831,3,1.688,92.19,0.563,3.234,0.000
12,ec.gp.GPIndividual@1381903261{1491469492},3C_20_66-02.txt,154.245,0.250,38.561,1,3.219,8.35,3.219,3.234,0.000
12,ec.gp.GPIndividual@1381903261{1491469492},3C_20_66-01.txt,7.322,0.250,1.831,3,1.625,88.77,0.542,3.234,0.000
12,ec.gp.GPIndividual@1381903261{1491469492},3C_20_66-02.txt,154.245,0.250,38.561,2,1.188,3.08,0.594,3.234,0.000
12,ec.gp.GPIndividual@1381903261{1491469492},3C_20_66-02.txt,154.245,0.250,38.561,1,0.891,2.31,0.891,3.234,0.000
12,ec.gp.GPIndividual@1381903261{1491469492},3C_20_66-02.txt,154.245,0.250,38.561,24,38.828,100.69,1.618,3.234,0.000
12,ec.gp.GPIndividual@1381903261{1491469492},3C_20_66-03.txt,118.340,0.250,29.585,2,2.438,8.24,1.219,3.234,0.000
12,ec.gp.GPIndividual@1381903261{1491469492},3C_20_66-03.txt,118.340,0.250,29.585,2,2.969,10.03,1.484,3.234,0.000
12,ec.gp.GPIndividual@1381903261{1491469492},3C_20_66-03.txt,118.340,0.250,29.585,6,26.844,90.73,4.474,6.563,0.000
12,ec.gp.GPIndividual@1381903261{1491469492},3C_20_80-01.txt,4.194,0.250,1.049,3,1.094,104.30,0.365,6.563,0.000
12,ec.gp.GPIndividual@1381903261{1491469492},3C_20_80-02.txt,35.738,0.250,8.935,3,8.188,91.64,2.729,6.563,0.000
12,ec.gp.GPIndividual@1381903261{1491469492},3C_20_80-01.txt,4.194,0.250,1.049,2,11.844,1129.46,5.922,11.297,0.000
12,ec.gp.GPIndividual@1381903261{1491469492},3C_20_66-03.txt,118.340,0.250,29.585,3,9.813,33.17,3.271,11.297,0.000
12,ec.gp.GPIndividual@1381903261{1491469492},3C_20_66-02.txt,154.245,0.250,38.561,1,2.078,5.39,2.078,11.297,0.000
12,ec.gp.GPIndividual@1381903261{1491469492},3C_20_80-01.txt,4.194,0.250,1.049,1,2.078,198.18,2.078,11.297,0.000
12,ec.gp.GPIndividual@1381903261{1491469492},3C_20_80-03.txt,169.439,0.250,42.360,2,11.891,28.07,5.945,11.391,0.000
12,ec.gp.GPIndividual@1381903261{1491469492},3C_20_66-03.txt,118.340,0.250,29.585,1,1.141,3.86,1.141,11.391,0.000
12,ec.gp.GPIndividual@1381903261{1491469492},3C_20_80-02.txt,35.738,0.250,8.935,6,8.703,97.41,1.451,11.391,0.000
12,ec.gp.GPIndividual@1381903261{1491469492},3C_20_66-03.txt,118.340,0.250,29.585,1,0.875,2.96,0.875,11.391,0.000
12,ec.gp.GPIndividual@1381903261{1491469492},3C_20_80-02.txt,35.738,0.250,8.935,3,7.891,88.32,2.630,11.391,0.000
12,ec.gp.GPIndividual@1381903261{1491469492},3C_20_80-01.txt,4.194,0.250,1.049,1,1.453,138.57,1.453,11.391,0.000
12,ec.gp.GPIndividual@1381903261{1491469492},3C_20_80-03.txt,169.439,0.250,42.360,14,43.328,102.29,3.095,11.391,0.000
12,ec.gp.GPIndividual@1381903261{1491469492},3C_20_80-01.txt,4.194,0.250,1.049,1,4.172,397.84,4.172,11.391,0.000
12,ec.gp.GPIndividual@1381903261{1491469492},3C_20_80-02.txt,35.738,0.250,8.935,1,1.219,13.64,1.219,11.391,0.000
12,ec.gp.GPIndividual@1381903261{1491469492},3C_20_80-03.txt,169.439,0.250,42.360,2,2.391,5.64,1.195,11.391,0.000
12,ec.gp.GPIndividual@467156208{-320905517},3C_20_50-02.txt,61.404,0.250,15.351,0,0.000,0.00,0.000,0.000,0.000
12,ec.gp.GPIndividual@467156208{-320905517},3C_20_50-03.txt,30.993,0.250,7.748,0,0.000,0.00,0.000,0.000,0.000
12,ec.gp.GPIndividual@467156208{-320905517},3C_20_66-01.txt,7.322,0.250,1.831,0,0.000,0.00,0.000,0.000,0.000
12,ec.gp.GPIndividual@467156208{-320905517},3C_20_66-02.txt,154.245,0.250,38.561,0,0.000,0.00,0.000,0.000,0.000
12,ec.gp.GPIndividual@467156208{-320905517},3C_20_66-03.txt,118.340,0.250,29.585,0,0.000,0.00,0.000,0.000,0.000
12,ec.gp.GPIndividual@467156208{-320905517},3C_20_80-01.txt,4.194,0.250,1.049,0,0.000,0.00,0.000,0.000,0.000
12,ec.gp.GPIndividual@467156208{-320905517},3C_20_80-02.txt,35.738,0.250,8.935,0,0.000,0.00,0.000,0.000,0.000
12,ec.gp.GPIndividual@467156208{-320905517},3C_20_80-03.txt,169.439,0.250,42.360,0,0.000,0.00,0.000,0.000,0.000
12,ec.gp.GPIndividual@1329766054{584724377},3C_20_50-02.txt,61.404,0.250,15.351,4,8.828,57.51,2.207,5.172,0.531
12,ec.gp.GPIndividual@1329766054{584724377},3C_20_80-01.txt,4.194,0.250,1.049,1,0.516,49.17,0.516,5.172,0.516
12,ec.gp.GPIndividual@1329766054{584724377},3C_20_80-02.txt,35.738,0.250,8.935,6,8.703,97.41,1.451,5.172,0.344
12,ec.gp.GPIndividual@1329766054{584724377},3C_20_80-03.txt,169.439,0.250,42.360,1,2.328,5.50,2.328,5.172,0.344
12,ec.gp.GPIndividual@1329766054{584724377},3C_20_80-02.txt,35.738,0.250,8.935,1,1.047,11.72,1.047,5.172,0.344
12,ec.gp.GPIndividual@1329766054{584724377},3C_20_80-03.txt,169.439,0.250,42.360,3,23.438,55.33,7.813,14.625,0.344
12,ec.gp.GPIndividual@1391404856{1020628292},3C_20_50-02.txt,61.404,0.250,15.351,1,0.359,2.34,0.359,0.359,0.359
12,ec.gp.GPIndividual@1391404856{1020628292},3C_20_50-03.txt,30.993,0.250,7.748,4,7.172,92.56,1.793,3.047,0.359
12,ec.gp.GPIndividual@1391404856{1020628292},3C_20_80-03.txt,169.439,0.250,42.360,1,1.078,2.55,1.078,3.047,0.359
12,ec.gp.GPIndividual@1391404856{1020628292},3C_20_50-03.txt,30.993,0.250,7.748,1,3.234,41.74,3.234,3.234,0.359
12,ec.gp.GPIndividual@1391404856{1020628292},3C_20_66-01.txt,7.322,0.250,1.831,1,6.063,331.19,6.063,6.063,0.359
12,ec.gp.GPIndividual@1602493736{1864180516},3C_20_50-02.txt,61.404,0.250,15.351,2,1.953,12.72,0.977,1.672,0.281
12,ec.gp.GPIndividual@1602493736{1864180516},3C_20_80-03.txt,169.439,0.250,42.360,4,19.016,44.89,4.754,9.766,0.281
12,ec.gp.GPIndividual@72720663{547188090},3C_20_50-02.txt,61.404,0.250,15.351,0,0.000,0.00,0.000,0.000,0.000
12,ec.gp.GPIndividual@72720663{547188090},3C_20_50-03.txt,30.993,0.250,7.748,0,0.000,0.00,0.000,0.000,0.000
12,ec.gp.GPIndividual@72720663{547188090},3C_20_66-01.txt,7.322,0.250,1.831,0,0.000,0.00,0.000,0.000,0.000
12,ec.gp.GPIndividual@72720663{547188090},3C_20_66-02.txt,154.245,0.250,38.561,0,0.000,0.00,0.000,0.000,0.000
12,ec.gp.GPIndividual@72720663{547188090},3C_20_66-03.txt,118.340,0.250,29.585,0,0.000,0.00,0.000,0.000,0.000
12,ec.gp.GPIndividual@72720663{547188090},3C_20_80-01.txt,4.194,0.250,1.049,0,0.000,0.00,0.000,0.000,0.000
12,ec.gp.GPIndividual@72720663{547188090},3C_20_80-02.txt,35.738,0.250,8.935,0,0.000,0.00,0.000,0.000,0.000
12,ec.gp.GPIndividual@72720663{547188090},3C_20_80-03.txt,169.439,0.250,42.360,0,0.000,0.00,0.000,0.000,0.000
12,ec.gp.GPIndividual@16873244{-188505794},3C_20_50-02.txt,61.404,0.250,15.351,1,13.078,85.19,13.078,13.078,13.078
12,ec.gp.GPIndividual@1924802860{1839385259},3C_20_50-02.txt,61.404,0.250,15.351,3,5.453,35.52,1.818,4.625,0.406
12,ec.gp.GPIndividual@2048935401{792705664},3C_20_50-02.txt,61.404,0.250,15.351,2,2.453,15.98,1.227,2.047,0.406
12,ec.gp.GPIndividual@2048935401{792705664},3C_20_50-03.txt,30.993,0.250,7.748,5,7.234,93.37,1.447,2.125,0.406
12,ec.gp.GPIndividual@2048935401{792705664},3C_20_50-03.txt,30.993,0.250,7.748,1,3.172,40.94,3.172,3.172,0.406
12,ec.gp.GPIndividual@2048935401{792705664},3C_20_66-01.txt,7.322,0.250,1.831,2,8.484,463.49,4.242,7.141,0.406
12,ec.gp.GPIndividual@2048935401{792705664},3C_20_66-01.txt,7.322,0.250,1.831,1,0.859,46.95,0.859,7.141,0.406
12,ec.gp.GPIndividual@2048935401{792705664},3C_20_66-02.txt,154.245,0.250,38.561,1,0.266,0.69,0.266,7.141,0.266
12,ec.gp.GPIndividual@2048935401{792705664},3C_20_50-03.txt,30.993,0.250,7.748,2,6.172,79.66,3.086,7.141,0.266
12,ec.gp.GPIndividual@2048935401{792705664},3C_20_50-03.txt,30.993,0.250,7.748,2,2.797,36.10,1.398,7.141,0.266
12,ec.gp.GPIndividual@2048935401{792705664},3C_20_66-03.txt,118.340,0.250,29.585,8,23.063,77.95,2.883,7.141,0.266
12,ec.gp.GPIndividual@2048935401{792705664},3C_20_80-01.txt,4.194,0.250,1.049,1,0.438,41.72,0.438,7.141,0.266
12,ec.gp.GPIndividual@2048935401{792705664},3C_20_80-02.txt,35.738,0.250,8.935,2,5.156,57.71,2.578,7.141,0.266
12,ec.gp.GPIndividual@2048935401{792705664},3C_20_80-03.txt,169.439,0.250,42.360,5,25.953,61.27,5.191,8.031,0.266
12,ec.gp.GPIndividual@633080188{-471101440},3C_20_50-02.txt,61.404,0.250,15.351,3,7.828,50.99,2.609,5.844,0.438
12,ec.gp.GPIndividual@633080188{-471101440},3C_20_66-01.txt,7.322,0.250,1.831,2,6.266,342.28,3.133,5.844,0.438
12,ec.gp.GPIndividual@633080188{-471101440},3C_20_66-01.txt,7.322,0.250,1.831,3,3.203,174.98,1.068,5.844,0.438
12,ec.gp.GPIndividual@633080188{-471101440},3C_20_50-03.txt,30.993,0.250,7.748,2,0.797,10.28,0.398,5.844,0.250
12,ec.gp.GPIndividual@633080188{-471101440},3C_20_66-02.txt,154.245,0.250,38.561,1,0.875,2.27,0.875,5.844,0.250
12,ec.gp.GPIndividual@633080188{-471101440},3C_20_66-02.txt,154.245,0.250,38.561,16,38.266,99.23,2.392,8.125,0.250
12,ec.gp.GPIndividual@633080188{-471101440},3C_20_66-01.txt,7.322,0.250,1.831,2,2.859,156.20,1.430,8.125,0.250
12,ec.gp.GPIndividual@633080188{-471101440},3C_20_66-03.txt,118.340,0.250,29.585,1,0.391,1.32,0.391,8.125,0.250
12,ec.gp.GPIndividual@633080188{-471101440},3C_20_66-03.txt,118.340,0.250,29.585,3,10.188,34.43,3.396,8.469,0.250
12,ec.gp.GPIndividual@633080188{-471101440},3C_20_66-02.txt,154.245,0.250,38.561,15,38.219,99.11,2.548,12.109,0.250
12,ec.gp.GPIndividual@633080188{-471101440},3C_20_80-01.txt,4.194,0.250,1.049,1,0.906,86.42,0.906,12.109,0.250
12,ec.gp.GPIndividual@633080188{-471101440},3C_20_66-03.txt,118.340,0.250,29.585,3,7.453,25.19,2.484,12.109,0.250
12,ec.gp.GPIndividual@633080188{-471101440},3C_20_80-01.txt,4.194,0.250,1.049,3,0.891,84.93,0.297,12.109,0.141
12,ec.gp.GPIndividual@633080188{-471101440},3C_20_80-02.txt,35.738,0.250,8.935,3,8.234,92.16,2.745,12.109,0.141
12,ec.gp.GPIndividual@633080188{-471101440},3C_20_66-01.txt,7.322,0.250,1.831,2,2.828,154.50,1.414,12.109,0.141
12,ec.gp.GPIndividual@633080188{-471101440},3C_20_80-03.txt,169.439,0.250,42.360,6,11.188,26.41,1.865,12.109,0.141
12,ec.gp.GPIndividual@633080188{-471101440},3C_20_80-02.txt,35.738,0.250,8.935,4,9.766,109.30,2.441,12.109,0.141
12,ec.gp.GPIndividual@633080188{-471101440},3C_20_80-01.txt,4.194,0.250,1.049,2,2.141,204.14,1.070,12.109,0.141
12,ec.gp.GPIndividual@633080188{-471101440},3C_20_80-03.txt,169.439,0.250,42.360,2,1.172,2.77,0.586,12.109,0.141
12,ec.gp.GPIndividual@349490176{56302464},3C_20_50-02.txt,61.404,0.250,15.351,0,0.000,0.00,0.000,0.000,0.000
12,ec.gp.GPIndividual@349490176{56302464},3C_20_50-03.txt,30.993,0.250,7.748,0,0.000,0.00,0.000,0.000,0.000
12,ec.gp.GPIndividual@349490176{56302464},3C_20_66-01.txt,7.322,0.250,1.831,0,0.000,0.00,0.000,0.000,0.000
12,ec.gp.GPIndividual@349490176{56302464},3C_20_66-02.txt,154.245,0.250,38.561,0,0.000,0.00,0.000,0.000,0.000
12,ec.gp.GPIndividual@349490176{56302464},3C_20_66-03.txt,118.340,0.250,29.585,0,0.000,0.00,0.000,0.000,0.000
12,ec.gp.GPIndividual@349490176{56302464},3C_20_80-01.txt,4.194,0.250,1.049,0,0.000,0.00,0.000,0.000,0.000
12,ec.gp.GPIndividual@349490176{56302464},3C_20_80-02.txt,35.738,0.250,8.935,0,0.000,0.00,0.000,0.000,0.000
12,ec.gp.GPIndividual@349490176{56302464},3C_20_80-03.txt,169.439,0.250,42.360,0,0.000,0.00,0.000,0.000,0.000
12,ec.gp.GPIndividual@2075420916{1387333713},3C_20_50-02.txt,61.404,0.250,15.351,2,1.234,8.04,0.617,0.828,0.406
12,ec.gp.GPIndividual@2075420916{1387333713},3C_20_80-02.txt,35.738,0.250,8.935,2,12.797,143.23,6.398,10.125,0.406
12,ec.gp.GPIndividual@2075420916{1387333713},3C_20_66-02.txt,154.245,0.250,38.561,2,1.938,5.02,0.969,10.125,0.406
12,ec.gp.GPIndividual@2075420916{1387333713},3C_20_50-03.txt,30.993,0.250,7.748,4,9.141,117.97,2.285,10.125,0.406
12,ec.gp.GPIndividual@1325573388{1295570354},3C_20_50-02.txt,61.404,0.250,15.351,1,0.000,0.00,0.000,0.000,0.000
12,ec.gp.GPIndividual@1325573388{1295570354},3C_20_50-03.txt,30.993,0.250,7.748,1,0.000,0.00,0.000,0.000,0.000
12,ec.gp.GPIndividual@1325573388{1295570354},3C_20_66-01.txt,7.322,0.250,1.831,1,0.000,0.00,0.000,0.000,0.000
12,ec.gp.GPIndividual@1325573388{1295570354},3C_20_66-02.txt,154.245,0.250,38.561,1,0.000,0.00,0.000,0.000,0.000
12,ec.gp.GPIndividual@1325573388{1295570354},3C_20_66-03.txt,118.340,0.250,29.585,1,0.000,0.00,0.000,0.000,0.000
12,ec.gp.GPIndividual@1325573388{1295570354},3C_20_80-01.txt,4.194,0.250,1.049,1,0.000,0.00,0.000,0.000,0.000
12,ec.gp.GPIndividual@1325573388{1295570354},3C_20_80-02.txt,35.738,0.250,8.935,1,0.000,0.00,0.000,0.000,0.000
12,ec.gp.GPIndividual@1325573388{1295570354},3C_20_80-03.txt,169.439,0.250,42.360,1,0.000,0.00,0.000,0.000,0.000
12,ec.gp.GPIndividual@1822649778{1818227133},3C_20_50-02.txt,61.404,0.250,15.351,12,15.938,103.82,1.328,3.219,0.281
12,ec.gp.GPIndividual@1822649778{1818227133},3C_20_66-03.txt,118.340,0.250,29.585,2,0.266,0.90,0.133,3.219,0.000
12,ec.gp.GPIndividual@1822649778{1818227133},3C_20_50-03.txt,30.993,0.250,7.748,2,5.313,68.56,2.656,3.406,0.000
12,ec.gp.GPIndividual@1822649778{1818227133},3C_20_80-03.txt,169.439,0.250,42.360,1,1.844,4.35,1.844,3.406,0.000
12,ec.gp.GPIndividual@1822649778{1818227133},3C_20_66-01.txt,7.322,0.250,1.831,2,3.922,214.25,1.961,3.406,0.000
12,ec.gp.GPIndividual@1822649778{1818227133},3C_20_66-01.txt,7.322,0.250,1.831,4,1.891,103.28,0.473,3.406,0.000
12,ec.gp.GPIndividual@1822649778{1818227133},3C_20_66-02.txt,154.245,0.250,38.561,6,13.469,34.93,2.245,4.625,0.000
12,ec.gp.GPIndividual@1822649778{1818227133},3C_20_66-02.txt,154.245,0.250,38.561,2,3.906,10.13,1.953,4.625,0.000
12,ec.gp.GPIndividual@1822649778{1818227133},3C_20_66-03.txt,118.340,0.250,29.585,2,17.516,59.20,8.758,15.563,0.000
12,ec.gp.GPIndividual@1822649778{1818227133},3C_20_66-02.txt,154.245,0.250,38.561,6,11.203,29.05,1.867,15.563,0.000
12,ec.gp.GPIndividual@1822649778{1818227133},3C_20_80-01.txt,4.194,0.250,1.049,3,1.734,165.40,0.578,15.563,0.000
12,ec.gp.GPIndividual@1822649778{1818227133},3C_20_66-03.txt,118.340,0.250,29.585,3,2.453,8.29,0.818,15.563,0.000
12,ec.gp.GPIndividual@1822649778{1818227133},3C_20_80-02.txt,35.738,0.250,8.935,1,1.828,20.46,1.828,15.563,0.000
12,ec.gp.GPIndividual@1822649778{1818227133},3C_20_80-03.txt,169.439,0.250,42.360,1,11.672,27.55,11.672,15.563,0.000
12,ec.gp.GPIndividual@1557148306{-2025307999},3C_20_50-02.txt,61.404,0.250,15.351,6,16.359,106.57,2.727,4.766,0.438
12,ec.gp.GPIndividual@538877474{664058415},3C_20_50-02.txt,61.404,0.250,15.351,2,14.672,95.58,7.336,14.391,0.281
12,ec.gp.GPIndividual@538877474{664058415},3C_20_80-01.txt,4.194,0.250,1.049,2,2.031,193.71,1.016,14.391,0.281
12,ec.gp.GPIndividual@538877474{664058415},3C_20_50-03.txt,30.993,0.250,7.748,3,3.859,49.81,1.286,14.391,0.266
12,ec.gp.GPIndividual@538877474{664058415},3C_20_80-01.txt,4.194,0.250,1.049,1,0.844,80.46,0.844,14.391,0.266
12,ec.gp.GPIndividual@538877474{664058415},3C_20_80-02.txt,35.738,0.250,8.935,3,12.656,141.66,4.219,14.391,0.266
12,ec.gp.GPIndividual@538877474{664058415},3C_20_66-03.txt,118.340,0.250,29.585,14,28.203,95.33,2.015,14.391,0.266
12,ec.gp.GPIndividual@538877474{664058415},3C_20_80-02.txt,35.738,0.250,8.935,1,1.359,15.21,1.359,14.391,0.266
12,ec.gp.GPIndividual@538877474{664058415},3C_20_80-03.txt,169.439,0.250,42.360,1,1.938,4.57,1.938,14.391,0.266
12,ec.gp.GPIndividual@538877474{664058415},3C_20_80-01.txt,4.194,0.250,1.049,4,0.859,81.95,0.215,14.391,0.000
12,ec.gp.GPIndividual@538877474{664058415},3C_20_80-02.txt,35.738,0.250,8.935,4,9.453,105.80,2.363,14.391,0.000
12,ec.gp.GPIndividual@538877474{664058415},3C_20_66-01.txt,7.322,0.250,1.831,1,7.422,405.45,7.422,14.391,0.000
12,ec.gp.GPIndividual@538877474{664058415},3C_20_50-03.txt,30.993,0.250,7.748,5,7.953,102.65,1.591,14.391,0.000
12,ec.gp.GPIndividual@205853465{-1290186040},3C_20_50-02.txt,61.404,0.250,15.351,0,0.000,0.00,0.000,0.000,0.000
12,ec.gp.GPIndividual@205853465{-1290186040},3C_20_50-03.txt,30.993,0.250,7.748,0,0.000,0.00,0.000,0.000,0.000
12,ec.gp.GPIndividual@205853465{-1290186040},3C_20_66-01.txt,7.322,0.250,1.831,0,0.000,0.00,0.000,0.000,0.000
12,ec.gp.GPIndividual@205853465{-1290186040},3C_20_66-02.txt,154.245,0.250,38.561,0,0.000,0.00,0.000,0.000,0.000
12,ec.gp.GPIndividual@205853465{-1290186040},3C_20_66-03.txt,118.340,0.250,29.585,0,0.000,0.00,0.000,0.000,0.000
12,ec.gp.GPIndividual@205853465{-1290186040},3C_20_80-01.txt,4.194,0.250,1.049,0,0.000,0.00,0.000,0.000,0.000
12,ec.gp.GPIndividual@205853465{-1290186040},3C_20_80-02.txt,35.738,0.250,8.935,0,0.000,0.00,0.000,0.000,0.000
12,ec.gp.GPIndividual@205853465{-1290186040},3C_20_80-03.txt,169.439,0.250,42.360,0,0.000,0.00,0.000,0.000,0.000
12,ec.gp.GPIndividual@666379086{99506712},3C_20_50-02.txt,61.404,0.250,15.351,13,15.609,101.68,1.201,3.188,0.406
12,ec.gp.GPIndividual@666379086{99506712},3C_20_66-02.txt,154.245,0.250,38.561,0,0.000,0.00,0.000,3.188,0.406
12,ec.gp.GPIndividual@666379086{99506712},3C_20_80-03.txt,169.439,0.250,42.360,3,6.766,15.97,2.255,3.188,0.406
12,ec.gp.GPIndividual@666379086{99506712},3C_20_80-03.txt,169.439,0.250,42.360,4,8.844,20.88,2.211,3.625,0.406
12,ec.gp.GPIndividual@666379086{99506712},3C_20_66-01.txt,7.322,0.250,1.831,2,1.500,81.94,0.750,3.625,0.406
12,ec.gp.GPIndividual@666379086{99506712},3C_20_66-03.txt,118.340,0.250,29.585,10,29.734,100.51,2.973,7.391,0.406
12,ec.gp.GPIndividual@917270947{1730031835},3C_20_50-02.txt,61.404,0.250,15.351,2,9.922,64.63,4.961,9.641,0.281
12,ec.gp.GPIndividual@1708344789{1999513560},3C_20_50-02.txt,61.404,0.250,15.351,2,11.844,77.15,5.922,11.594,0.250
12,ec.gp.GPIndividual@1708344789{1999513560},3C_20_80-01.txt,4.194,0.250,1.049,2,1.078,102.81,0.539,11.594,0.094
12,ec.gp.GPIndividual@1708344789{1999513560},3C_20_50-03.txt,30.993,0.250,7.748,1,2.250,29.04,2.250,11.594,0.094
12,ec.gp.GPIndividual@1708344789{1999513560},3C_20_66-02.txt,154.245,0.250,38.561,5,11.359,29.46,2.272,11.594,0.094
12,ec.gp.GPIndividual@1708344789{1999513560},3C_20_66-01.txt,7.322,0.250,1.831,2,3.281,179.25,1.641,11.594,0.094
12,ec.gp.GPIndividual@1708344789{1999513560},3C_20_66-01.txt,7.322,0.250,1.831,2,1.016,55.48,0.508,11.594,0.094
12,ec.gp.GPIndividual@1708344789{1999513560},3C_20_66-03.txt,118.340,0.250,29.585,2,1.125,3.80,0.563,11.594,0.094
12,ec.gp.GPIndividual@1708344789{1999513560},3C_20_66-02.txt,154.245,0.250,38.561,15,26.156,67.83,1.744,11.594,0.094
12,ec.gp.GPIndividual@1708344789{1999513560},3C_20_80-01.txt,4.194,0.250,1.049,1,9.422,898.50,9.422,11.594,0.094
12,ec.gp.GPIndividual@1708344789{1999513560},3C_20_80-02.txt,35.738,0.250,8.935,1,0.469,5.25,0.469,11.594,0.094
12,ec.gp.GPIndividual@1708344789{1999513560},3C_20_80-02.txt,35.738,0.250,8.935,1,9.156,102.48,9.156,11.594,0.094
12,ec.gp.GPIndividual@1708344789{1999513560},3C_20_66-03.txt,118.340,0.250,29.585,14,29.172,98.60,2.084,12.172,0.094
12,ec.gp.GPIndividual@1708344789{1999513560},3C_20_80-03.txt,169.439,0.250,42.360,1,1.953,4.61,1.953,12.172,0.094
12,ec.gp.GPIndividual@1708344789{1999513560},3C_20_80-03.txt,169.439,0.250,42.360,1,1.172,2.77,1.172,12.172,0.094
12,ec.gp.GPIndividual@1708344789{1999513560},3C_20_80-01.txt,4.194,0.250,1.049,1,6.438,613.90,6.438,12.172,0.094
12,ec.gp.GPIndividual@1708344789{1999513560},3C_20_66-02.txt,154.245,0.250,38.561,15,30.078,78.00,2.005,12.172,0.094
12,ec.gp.GPIndividual@1594669652{1259844374},3C_20_50-02.txt,61.404,0.250,15.351,3,21.594,140.67,7.198,12.172,0.219
12,ec.gp.GPIndividual@1607411037{2077448608},3C_20_50-02.txt,61.404,0.250,15.351,3,9.094,59.24,3.031,7.781,0.203
12,ec.gp.GPIndividual@1607411037{2077448608},3C_20_80-02.txt,35.738,0.250,8.935,2,3.609,40.40,1.805,7.781,0.203
12,ec.gp.GPIndividual@1607411037{2077448608},3C_20_66-03.txt,118.340,0.250,29.585,12,22.438,75.84,1.870,7.781,0.203
12,ec.gp.GPIndividual@1607411037{2077448608},3C_20_80-03.txt,169.439,0.250,42.360,2,14.750,34.82,7.375,9.281,0.203
12,ec.gp.GPIndividual@1607411037{2077448608},3C_20_50-03.txt,30.993,0.250,7.748,1,7.984,103.05,7.984,9.281,0.203
12,ec.gp.GPIndividual@1607411037{2077448608},3C_20_50-03.txt,30.993,0.250,7.748,3,8.469,109.30,2.823,9.281,0.203
12,ec.gp.GPIndividual@1607411037{2077448608},3C_20_66-01.txt,7.322,0.250,1.831,4,1.750,95.60,0.438,9.281,0.000
12,ec.gp.GPIndividual@1607411037{2077448608},3C_20_66-01.txt,7.322,0.250,1.831,1,0.453,24.75,0.453,9.281,0.000
12,ec.gp.GPIndividual@1607411037{2077448608},3C_20_66-02.txt,154.245,0.250,38.561,2,2.375,6.16,1.188,9.281,0.000
12,ec.gp.GPIndividual@1748734865{1667765212},3C_20_50-02.txt,61.404,0.250,15.351,13,13.094,85.30,1.007,1.703,0.188
12,ec.gp.GPIndividual@1748734865{1667765212},3C_20_66-03.txt,118.340,0.250,29.585,1,1.953,6.60,1.953,1.953,0.188
12,ec.gp.GPIndividual@1748734865{1667765212},3C_20_50-03.txt,30.993,0.250,7.748,2,15.203,196.22,7.602,11.109,0.188
12,ec.gp.GPIndividual@1748734865{1667765212},3C_20_80-01.txt,4.194,0.250,1.049,3,0.938,89.40,0.313,11.109,0.188
12,ec.gp.GPIndividual@1748734865{1667765212},3C_20_80-02.txt,35.738,0.250,8.935,2,1.547,17.31,0.773,11.109,0.000
12,ec.gp.GPIndividual@1748734865{1667765212},3C_20_66-02.txt,154.245,0.250,38.561,16,33.844,87.77,2.115,11.109,0.000
12,ec.gp.GPIndividual@1748734865{1667765212},3C_20_66-03.txt,118.340,0.250,29.585,1,10.000,33.80,10.000,11.109,0.000
12,ec.gp.GPIndividual@1748734865{1667765212},3C_20_80-01.txt,4.194,0.250,1.049,1,8.891,847.84,8.891,11.109,0.000
12,ec.gp.GPIndividual@1748734865{1667765212},3C_20_80-03.txt,169.439,0.250,42.360,3,5.766,13.61,1.922,11.109,0.000
12,ec.gp.GPIndividual@1748734865{1667765212},3C_20_66-01.txt,7.322,0.250,1.831,1,3.625,198.03,3.625,11.109,0.000
12,ec.gp.GPIndividual@1748734865{1667765212},3C_20_80-01.txt,4.194,0.250,1.049,2,1.078,102.81,0.539,11.109,0.000
12,ec.gp.GPIndividual@1748734865{1667765212},3C_20_80-02.txt,35.738,0.250,8.935,9,9.063,101.43,1.007,11.109,0.000
12,ec.gp.GPIndividual@1748734865{1667765212},3C_20_80-03.txt,169.439,0.250,42.360,1,0.328,0.77,0.328,11.109,0.000
12,ec.gp.GPIndividual@1748734865{1667765212},3C_20_80-02.txt,35.738,0.250,8.935,3,2.156,24.13,0.719,11.109,0.000
12,ec.gp.GPIndividual@1748734865{1667765212},3C_20_66-02.txt,154.245,0.250,38.561,6,7.984,20.71,1.331,11.109,0.000
12,ec.gp.GPIndividual@1068943907{-285020974},3C_20_50-02.txt,61.404,0.250,15.351,5,6.422,41.83,1.284,3.531,0.219
12,ec.gp.GPIndividual@1068943907{-285020974},3C_20_50-03.txt,30.993,0.250,7.748,5,8.109,104.66,1.622,3.531,0.219
12,ec.gp.GPIndividual@1068943907{-285020974},3C_20_80-03.txt,169.439,0.250,42.360,1,2.047,4.83,2.047,3.531,0.219
12,ec.gp.GPIndividual@1068943907{-285020974},3C_20_66-03.txt,118.340,0.250,29.585,1,0.938,3.17,0.938,3.531,0.219
12,ec.gp.GPIndividual@1068943907{-285020974},3C_20_66-01.txt,7.322,0.250,1.831,1,4.734,258.63,4.734,4.734,0.219
12,ec.gp.GPIndividual@893683915{1948675049},3C_20_50-02.txt,61.404,0.250,15.351,0,0.000,0.00,0.000,0.000,0.000
12,ec.gp.GPIndividual@893683915{1948675049},3C_20_50-03.txt,30.993,0.250,7.748,0,0.000,0.00,0.000,0.000,0.000
12,ec.gp.GPIndividual@893683915{1948675049},3C_20_66-01.txt,7.322,0.250,1.831,0,0.000,0.00,0.000,0.000,0.000
12,ec.gp.GPIndividual@893683915{1948675049},3C_20_66-02.txt,154.245,0.250,38.561,0,0.000,0.00,0.000,0.000,0.000
12,ec.gp.GPIndividual@893683915{1948675049},3C_20_66-03.txt,118.340,0.250,29.585,0,0.000,0.00,0.000,0.000,0.000
12,ec.gp.GPIndividual@893683915{1948675049},3C_20_80-01.txt,4.194,0.250,1.049,0,0.000,0.00,0.000,0.000,0.000
12,ec.gp.GPIndividual@893683915{1948675049},3C_20_80-02.txt,35.738,0.250,8.935,0,0.000,0.00,0.000,0.000,0.000
12,ec.gp.GPIndividual@893683915{1948675049},3C_20_80-03.txt,169.439,0.250,42.360,0,0.000,0.00,0.000,0.000,0.000
12,ec.gp.GPIndividual@378807302{99450708},3C_20_50-02.txt,61.404,0.250,15.351,5,6.734,43.87,1.347,5.750,0.031
12,ec.gp.GPIndividual@378807302{99450708},3C_20_50-03.txt,30.993,0.250,7.748,4,4.797,61.91,1.199,5.750,0.031
12,ec.gp.GPIndividual@378807302{99450708},3C_20_66-01.txt,7.322,0.250,1.831,6,1.438,78.53,0.240,5.750,0.031
12,ec.gp.GPIndividual@378807302{99450708},3C_20_66-02.txt,154.245,0.250,38.561,9,28.359,73.54,3.151,10.719,0.031
12,ec.gp.GPIndividual@378807302{99450708},3C_20_66-03.txt,118.340,0.250,29.585,5,20.219,68.34,4.044,10.719,0.031
12,ec.gp.GPIndividual@378807302{99450708},3C_20_80-01.txt,4.194,0.250,1.049,3,0.672,64.07,0.224,10.719,0.031
12,ec.gp.GPIndividual@378807302{99450708},3C_20_80-02.txt,35.738,0.250,8.935,6,4.234,47.39,0.706,10.719,0.031
12,ec.gp.GPIndividual@378807302{99450708},3C_20_80-03.txt,169.439,0.250,42.360,2,17.469,41.24,8.734,16.641,0.031
13,ec.gp.GPIndividual@1163342888{2049566432},3C_20_50-02.txt,61.404,0.250,15.351,13,14.375,93.64,1.106,1.906,0.375
13,ec.gp.GPIndividual@1163342888{2049566432},3C_20_50-03.txt,30.993,0.250,7.748,4,8.766,113.13,2.191,2.422,0.375
13,ec.gp.GPIndividual@1163342888{2049566432},3C_20_50-03.txt,30.993,0.250,7.748,3,4.828,62.31,1.609,2.563,0.375
13,ec.gp.GPIndividual@1163342888{2049566432},3C_20_50-03.txt,30.993,0.250,7.748,3,5.719,73.81,1.906,3.234,0.000
13,ec.gp.GPIndividual@1163342888{2049566432},3C_20_50-03.txt,30.993,0.250,7.748,3,4.078,52.63,1.359,3.234,0.000
13,ec.gp.GPIndividual@1163342888{2049566432},3C_20_50-03.txt,30.993,0.250,7.748,2,5.266,67.96,2.633,3.344,0.000
13,ec.gp.GPIndividual@1163342888{2049566432},3C_20_66-01.txt,7.322,0.250,1.831,2,3.234,176.69,1.617,3.344,0.000
13,ec.gp.GPIndividual@1163342888{2049566432},3C_20_50-03.txt,30.993,0.250,7.748,2,3.672,47.39,1.836,3.344,0.000
13,ec.gp.GPIndividual@1163342888{2049566432},3C_20_66-02.txt,154.245,0.250,38.561,9,26.359,68.36,2.929,4.547,0.000
13,ec.gp.GPIndividual@1163342888{2049566432},3C_20_66-01.txt,7.322,0.250,1.831,1,4.359,238.15,4.359,4.547,0.000
13,ec.gp.GPIndividual@1163342888{2049566432},3C_20_66-01.txt,7.322,0.250,1.831,2,1.750,95.60,0.875,4.547,0.000
13,ec.gp.GPIndividual@1163342888{2049566432},3C_20_66-03.txt,118.340,0.250,29.585,3,6.203,20.97,2.068,4.547,0.000
13,ec.gp.GPIndividual@1163342888{2049566432},3C_20_66-01.txt,7.322,0.250,1.831,2,4.891,267.17,2.445,4.547,0.000
13,ec.gp.GPIndividual@1163342888{2049566432},3C_20_66-01.txt,7.322,0.250,1.831,3,2.266,123.77,0.755,4.547,0.000
13,ec.gp.GPIndividual@1163342888{2049566432},3C_20_66-02.txt,154.245,0.250,38.561,1,0.328,0.85,0.328,4.547,0.000
13,ec.gp.GPIndividual@1163342888{2049566432},3C_20_66-02.txt,154.245,0.250,38.561,1,0.484,1.26,0.484,4.547,0.000
13,ec.gp.GPIndividual@1163342888{2049566432},3C_20_66-02.txt,154.245,0.250,38.561,19,39.531,102.52,2.081,6.703,0.000
13,ec.gp.GPIndividual@1163342888{2049566432},3C_20_66-03.txt,118.340,0.250,29.585,1,0.297,1.00,0.297,6.703,0.000
13,ec.gp.GPIndividual@1163342888{2049566432},3C_20_66-03.txt,118.340,0.250,29.585,3,6.203,20.97,2.068,6.703,0.000
13,ec.gp.GPIndividual@1163342888{2049566432},3C_20_66-03.txt,118.340,0.250,29.585,5,27.750,93.80,5.550,7.266,0.000
13,ec.gp.GPIndividual@1163342888{2049566432},3C_20_80-01.txt,4.194,0.250,1.049,3,1.063,101.32,0.354,7.266,0.000
13,ec.gp.GPIndividual@1163342888{2049566432},3C_20_80-02.txt,35.738,0.250,8.935,2,13.453,150.57,6.727,9.844,0.000
13,ec.gp.GPIndividual@1163342888{2049566432},3C_20_80-01.txt,4.194,0.250,1.049,1,3.781,360.59,3.781,9.844,0.000
13,ec.gp.GPIndividual@1163342888{2049566432},3C_20_80-01.txt,4.194,0.250,1.049,2,0.875,83.44,0.438,9.844,0.000
13,ec.gp.GPIndividual@1163342888{2049566432},3C_20_80-02.txt,35.738,0.250,8.935,2,11.766,131.69,5.883,11.234,0.000
13,ec.gp.GPIndividual@1163342888{2049566432},3C_20_66-02.txt,154.245,0.250,38.561,3,5.359,13.90,1.786,11.234,0.000
13,ec.gp.GPIndividual@1163342888{2049566432},3C_20_80-01.txt,4.194,0.250,1.049,2,1.875,178.81,0.938,11.234,0.000
13,ec.gp.GPIndividual@1163342888{2049566432},3C_20_80-03.txt,169.439,0.250,42.360,2,9.578,22.61,4.789,11.234,0.000
13,ec.gp.GPIndividual@1163342888{2049566432},3C_20_66-01.txt,7.322,0.250,1.831,1,2.188,119.50,2.188,11.234,0.000
13,ec.gp.GPIndividual@1163342888{2049566432},3C_20_80-03.txt,169.439,0.250,42.360,7,9.813,23.16,1.402,11.234,0.000
13,ec.gp.GPIndividual@1163342888{2049566432},3C_20_80-02.txt,35.738,0.250,8.935,5,8.969,100.38,1.794,11.234,0.000
13,ec.gp.GPIndividual@1163342888{2049566432},3C_20_80-03.txt,169.439,0.250,42.360,7,18.172,42.90,2.596,11.234,0.000
13,ec.gp.GPIndividual@1163342888{2049566432},3C_20_80-02.txt,35.738,0.250,8.935,3,6.688,74.85,2.229,11.234,0.000
13,ec.gp.GPIndividual@1163342888{2049566432},3C_20_66-03.txt,118.340,0.250,29.585,7,29.703,100.40,4.243,11.234,0.000
13,ec.gp.GPIndividual@1340346889{713756500},3C_20_50-02.txt,61.404,0.250,15.351,4,12.984,84.58,3.246,10.313,0.000
13,ec.gp.GPIndividual@1340346889{713756500},3C_20_66-02.txt,154.245,0.250,38.561,2,14.953,38.78,7.477,13.125,0.000
13,ec.gp.GPIndividual@891416548{1096608486},3C_20_50-02.txt,61.404,0.250,15.351,0,0.000,0.00,0.000,0.000,0.000
13,ec.gp.GPIndividual@891416548{1096608486},3C_20_50-03.txt,30.993,0.250,7.748,0,0.000,0.00,0.000,0.000,0.000
13,ec.gp.GPIndividual@891416548{1096608486},3C_20_66-01.txt,7.322,0.250,1.831,0,0.000,0.00,0.000,0.000,0.000
13,ec.gp.GPIndividual@891416548{1096608486},3C_20_66-02.txt,154.245,0.250,38.561,0,0.000,0.00,0.000,0.000,0.000
13,ec.gp.GPIndividual@891416548{1096608486},3C_20_66-03.txt,118.340,0.250,29.585,0,0.000,0.00,0.000,0.000,0.000
13,ec.gp.GPIndividual@891416548{1096608486},3C_20_80-01.txt,4.194,0.250,1.049,0,0.000,0.00,0.000,0.000,0.000
13,ec.gp.GPIndividual@891416548{1096608486},3C_20_80-02.txt,35.738,0.250,8.935,0,0.000,0.00,0.000,0.000,0.000
13,ec.gp.GPIndividual@891416548{1096608486},3C_20_80-03.txt,169.439,0.250,42.360,0,0.000,0.00,0.000,0.000,0.000
13,ec.gp.GPIndividual@1637521644{1667765212},3C_20_50-02.txt,61.404,0.250,15.351,3,12.844,83.67,4.281,8.922,0.359
13,ec.gp.GPIndividual@1040459180{664513076},3C_20_50-02.txt,61.404,0.250,15.351,0,0.000,0.00,0.000,0.000,0.000
13,ec.gp.GPIndividual@1040459180{664513076},3C_20_50-03.txt,30.993,0.250,7.748,0,0.000,0.00,0.000,0.000,0.000
13,ec.gp.GPIndividual@1040459180{664513076},3C_20_66-01.txt,7.322,0.250,1.831,0,0.000,0.00,0.000,0.000,0.000
13,ec.gp.GPIndividual@1040459180{664513076},3C_20_66-02.txt,154.245,0.250,38.561,0,0.000,0.00,0.000,0.000,0.000
13,ec.gp.GPIndividual@1040459180{664513076},3C_20_66-03.txt,118.340,0.250,29.585,0,0.000,0.00,0.000,0.000,0.000
13,ec.gp.GPIndividual@1040459180{664513076},3C_20_80-01.txt,4.194,0.250,1.049,0,0.000,0.00,0.000,0.000,0.000
13,ec.gp.GPIndividual@1040459180{664513076},3C_20_80-02.txt,35.738,0.250,8.935,0,0.000,0.00,0.000,0.000,0.000
13,ec.gp.GPIndividual@1040459180{664513076},3C_20_80-03.txt,169.439,0.250,42.360,0,0.000,0.00,0.000,0.000,0.000
13,ec.gp.GPIndividual@1480639345{-618074676},3C_20_50-02.txt,61.404,0.250,15.351,0,0.000,0.00,0.000,0.000,0.000
13,ec.gp.GPIndividual@1480639345{-618074676},3C_20_50-03.txt,30.993,0.250,7.748,0,0.000,0.00,0.000,0.000,0.000
13,ec.gp.GPIndividual@1480639345{-618074676},3C_20_66-01.txt,7.322,0.250,1.831,0,0.000,0.00,0.000,0.000,0.000
13,ec.gp.GPIndividual@1480639345{-618074676},3C_20_66-02.txt,154.245,0.250,38.561,0,0.000,0.00,0.000,0.000,0.000
13,ec.gp.GPIndividual@1480639345{-618074676},3C_20_66-03.txt,118.340,0.250,29.585,0,0.000,0.00,0.000,0.000,0.000
13,ec.gp.GPIndividual@1480639345{-618074676},3C_20_80-01.txt,4.194,0.250,1.049,0,0.000,0.00,0.000,0.000,0.000
13,ec.gp.GPIndividual@1480639345{-618074676},3C_20_80-02.txt,35.738,0.250,8.935,0,0.000,0.00,0.000,0.000,0.000
13,ec.gp.GPIndividual@1480639345{-618074676},3C_20_80-03.txt,169.439,0.250,42.360,0,0.000,0.00,0.000,0.000,0.000
13,ec.gp.GPIndividual@2122572009{776845061},3C_20_50-02.txt,61.404,0.250,15.351,6,15.828,103.11,2.638,6.984,0.516
13,ec.gp.GPIndividual@2122572009{776845061},3C_20_50-03.txt,30.993,0.250,7.748,2,2.094,27.02,1.047,6.984,0.516
13,ec.gp.GPIndividual@2122572009{776845061},3C_20_80-03.txt,169.439,0.250,42.360,4,11.703,27.63,2.926,6.984,0.516
13,ec.gp.GPIndividual@2122572009{776845061},3C_20_80-01.txt,4.194,0.250,1.049,3,4.031,384.43,1.344,6.984,0.359
13,ec.gp.GPIndividual@2122572009{776845061},3C_20_66-01.txt,7.322,0.250,1.831,4,1.969,107.55,0.492,6.984,0.141
13,ec.gp.GPIndividual@2122572009{776845061},3C_20_80-02.txt,35.738,0.250,8.935,0,0.000,0.00,0.000,6.984,0.141
13,ec.gp.GPIndividual@2122572009{776845061},3C_20_66-03.txt,118.340,0.250,29.585,14,30.188,102.04,2.156,6.984,0.141
13,ec.gp.GPIndividual@2122572009{776845061},3C_20_80-03.txt,169.439,0.250,42.360,1,1.609,3.80,1.609,6.984,0.141
13,ec.gp.GPIndividual@2122572009{776845061},3C_20_80-01.txt,4.194,0.250,1.049,3,1.063,101.32,0.354,6.984,0.141
13,ec.gp.GPIndividual@2122572009{776845061},3C_20_80-02.txt,35.738,0.250,8.935,2,7.578,84.82,3.789,6.984,0.141
13,ec.gp.GPIndividual@2004077304{2004285173},3C_20_50-02.txt,61.404,0.250,15.351,0,0.000,0.00,0.000,0.000,0.000
13,ec.gp.GPIndividual@2004077304{2004285173},3C_20_50-03.txt,30.993,0.250,7.748,0,0.000,0.00,0.000,0.000,0.000
13,ec.gp.GPIndividual@2004077304{2004285173},3C_20_66-01.txt,7.322,0.250,1.831,0,0.000,0.00,0.000,0.000,0.000
13,ec.gp.GPIndividual@2004077304{2004285173},3C_20_66-02.txt,154.245,0.250,38.561,0,0.000,0.00,0.000,0.000,0.000
13,ec.gp.GPIndividual@2004077304{2004285173},3C_20_66-03.txt,118.340,0.250,29.585,0,0.000,0.00,0.000,0.000,0.000
13,ec.gp.GPIndividual@2004077304{2004285173},3C_20_80-01.txt,4.194,0.250,1.049,0,0.000,0.00,0.000,0.000,0.000
13,ec.gp.GPIndividual@2004077304{2004285173},3C_20_80-02.txt,35.738,0.250,8.935,0,0.000,0.00,0.000,0.000,0.000
13,ec.gp.GPIndividual@2004077304{2004285173},3C_20_80-03.txt,169.439,0.250,42.360,0,0.000,0.00,0.000,0.000,0.000
13,ec.gp.GPIndividual@1725957645{254139628},3C_20_50-02.txt,61.404,0.250,15.351,2,12.516,81.53,6.258,10.484,2.031
13,ec.gp.GPIndividual@1725957645{254139628},3C_20_50-03.txt,30.993,0.250,7.748,3,15.672,202.27,5.224,14.109,0.328
13,ec.gp.GPIndividual@1725957645{254139628},3C_20_50-03.txt,30.993,0.250,7.748,4,7.844,101.23,1.961,14.109,0.156
13,ec.gp.GPIndividual@1725957645{254139628},3C_20_50-03.txt,30.993,0.250,7.748,2,2.438,31.46,1.219,14.109,0.156
13,ec.gp.GPIndividual@960708198{1733955179},3C_20_50-02.txt,61.404,0.250,15.351,0,0.000,0.00,0.000,0.000,0.000
13,ec.gp.GPIndividual@960708198{1733955179},3C_20_50-03.txt,30.993,0.250,7.748,0,0.000,0.00,0.000,0.000,0.000
13,ec.gp.GPIndividual@960708198{1733955179},3C_20_66-01.txt,7.322,0.250,1.831,0,0.000,0.00,0.000,0.000,0.000
13,ec.gp.GPIndividual@960708198{1733955179},3C_20_66-02.txt,154.245,0.250,38.561,0,0.000,0.00,0.000,0.000,0.000
13,ec.gp.GPIndividual@960708198{1733955179},3C_20_66-03.txt,118.340,0.250,29.585,0,0.000,0.00,0.000,0.000,0.000
13,ec.gp.GPIndividual@960708198{1733955179},3C_20_80-01.txt,4.194,0.250,1.049,0,0.000,0.00,0.000,0.000,0.000
13,ec.gp.GPIndividual@960708198{1733955179},3C_20_80-02.txt,35.738,0.250,8.935,0,0.000,0.00,0.000,0.000,0.000
13,ec.gp.GPIndividual@960708198{1733955179},3C_20_80-03.txt,169.439,0.250,42.360,0,0.000,0.00,0.000,0.000,0.000
13,ec.gp.GPIndividual@1178675574{1864180516},3C_20_50-02.txt,61.404,0.250,15.351,8,15.063,98.12,1.883,3.203,0.344
13,ec.gp.GPIndividual@1178675574{1864180516},3C_20_80-03.txt,169.439,0.250,42.360,5,13.516,31.91,2.703,4.313,0.344
13,ec.gp.GPIndividual@1178675574{1864180516},3C_20_50-03.txt,30.993,0.250,7.748,1,4.578,59.09,4.578,4.578,0.344
13,ec.gp.GPIndividual@1178675574{1864180516},3C_20_66-01.txt,7.322,0.250,1.831,2,6.813,372.16,3.406,5.953,0.344
13,ec.gp.GPIndividual@400105062{795655226},3C_20_50-02.txt,61.404,0.250,15.351,1,0.000,0.00,0.000,0.000,0.000
13,ec.gp.GPIndividual@400105062{795655226},3C_20_50-03.txt,30.993,0.250,7.748,1,0.000,0.00,0.000,0.000,0.000
13,ec.gp.GPIndividual@400105062{795655226},3C_20_66-01.txt,7.322,0.250,1.831,1,0.000,0.00,0.000,0.000,0.000
13,ec.gp.GPIndividual@400105062{795655226},3C_20_66-02.txt,154.245,0.250,38.561,1,0.000,0.00,0.000,0.000,0.000
13,ec.gp.GPIndividual@400105062{795655226},3C_20_66-03.txt,118.340,0.250,29.585,1,0.000,0.00,0.000,0.000,0.000
13,ec.gp.GPIndividual@400105062{795655226},3C_20_80-01.txt,4.194,0.250,1.049,1,0.000,0.00,0.000,0.000,0.000
13,ec.gp.GPIndividual@400105062{795655226},3C_20_80-02.txt,35.738,0.250,8.935,1,0.000,0.00,0.000,0.000,0.000
13,ec.gp.GPIndividual@400105062{795655226},3C_20_80-03.txt,169.439,0.250,42.360,1,0.000,0.00,0.000,0.000,0.000
13,ec.gp.GPIndividual@78546180{1207287901},3C_20_50-02.txt,61.404,0.250,15.351,2,4.703,30.64,2.352,4.703,0.000
13,ec.gp.GPIndividual@78546180{1207287901},3C_20_66-01.txt,7.322,0.250,1.831,2,0.984,53.77,0.492,4.703,0.000
13,ec.gp.GPIndividual@78546180{1207287901},3C_20_50-03.txt,30.993,0.250,7.748,2,0.688,8.87,0.344,4.703,0.000
13,ec.gp.GPIndividual@78546180{1207287901},3C_20_66-02.txt,154.245,0.250,38.561,2,17.953,46.56,8.977,17.109,0.000
13,ec.gp.GPIndividual@78546180{1207287901},3C_20_66-02.txt,154.245,0.250,38.561,6,18.625,48.30,3.104,17.109,0.000
13,ec.gp.GPIndividual@78546180{1207287901},3C_20_66-01.txt,7.322,0.250,1.831,2,2.656,145.11,1.328,17.109,0.000
13,ec.gp.GPIndividual@78546180{1207287901},3C_20_66-03.txt,118.340,0.250,29.585,1,0.875,2.96,0.875,17.109,0.000
13,ec.gp.GPIndividual@78546180{1207287901},3C_20_66-02.txt,154.245,0.250,38.561,7,12.281,31.85,1.754,17.109,0.000
13,ec.gp.GPIndividual@78546180{1207287901},3C_20_66-03.txt,118.340,0.250,29.585,7,32.188,108.80,4.598,17.109,0.000
13,ec.gp.GPIndividual@78546180{1207287901},3C_20_80-01.txt,4.194,0.250,1.049,2,3.484,332.28,1.742,17.109,0.000
13,ec.gp.GPIndividual@78546180{1207287901},3C_20_80-01.txt,4.194,0.250,1.049,1,0.484,46.19,0.484,17.109,0.000
13,ec.gp.GPIndividual@78546180{1207287901},3C_20_80-02.txt,35.738,0.250,8.935,3,2.016,22.56,0.672,17.109,0.000
13,ec.gp.GPIndividual@78546180{1207287901},3C_20_66-01.txt,7.322,0.250,1.831,2,2.172,118.65,1.086,17.109,0.000
13,ec.gp.GPIndividual@78546180{1207287901},3C_20_80-02.txt,35.738,0.250,8.935,2,2.625,29.38,1.313,17.109,0.000
13,ec.gp.GPIndividual@78546180{1207287901},3C_20_80-03.txt,169.439,0.250,42.360,2,4.531,10.70,2.266,17.109,0.000
13,ec.gp.GPIndividual@78546180{1207287901},3C_20_66-01.txt,7.322,0.250,1.831,1,1.219,66.58,1.219,17.109,0.000
13,ec.gp.GPIndividual@78546180{1207287901},3C_20_66-02.txt,154.245,0.250,38.561,8,31.078,80.59,3.885,17.109,0.000
13,ec.gp.GPIndividual@78546180{1207287901},3C_20_66-03.txt,118.340,0.250,29.585,5,11.344,38.34,2.269,17.109,0.000
13,ec.gp.GPIndividual@610825242{1194068447},3C_20_50-02.txt,61.404,0.250,15.351,8,16.484,107.38,2.061,6.063,0.516
13,ec.gp.GPIndividual@610825242{1194068447},3C_20_80-01.txt,4.194,0.250,1.049,3,3.625,345.69,1.208,6.063,0.359
13,ec.gp.GPIndividual@610825242{1194068447},3C_20_50-03.txt,30.993,0.250,7.748,1,0.156,2.02,0.156,6.063,0.156
13,ec.gp.GPIndividual@610825242{1194068447},3C_20_80-02.txt,35.738,0.250,8.935,1,4.141,46.34,4.141,6.063,0.156
13,ec.gp.GPIndividual@610825242{1194068447},3C_20_80-03.txt,169.439,0.250,42.360,1,9.609,22.69,9.609,9.609,0.156
13,ec.gp.GPIndividual@610825242{1194068447},3C_20_66-02.txt,154.245,0.250,38.561,2,7.531,19.53,3.766,9.609,0.156
13,ec.gp.GPIndividual@610825242{1194068447},3C_20_66-03.txt,118.340,0.250,29.585,12,29.438,99.50,2.453,9.609,0.156
13,ec.gp.GPIndividual@610825242{1194068447},3C_20_80-01.txt,4.194,0.250,1.049,1,4.516,430.62,4.516,9.609,0.156
13,ec.gp.GPIndividual@610825242{1194068447},3C_20_66-01.txt,7.322,0.250,1.831,3,3.297,180.10,1.099,9.609,0.156
13,ec.gp.GPIndividual@610825242{1194068447},3C_20_80-03.txt,169.439,0.250,42.360,4,3.328,7.86,0.832,9.609,0.156
13,ec.gp.GPIndividual@610825242{1194068447},3C_20_80-02.txt,35.738,0.250,8.935,2,5.688,63.66,2.844,9.609,0.156
13,ec.gp.GPIndividual@227290032{-1510734122},3C_20_50-02.txt,61.404,0.250,15.351,2,1.969,12.82,0.984,1.438,0.531
13,ec.gp.GPIndividual@227290032{-1510734122},3C_20_66-02.txt,154.245,0.250,38.561,2,13.969,36.22,6.984,11.844,0.531
13,ec.gp.GPIndividual@227290032{-1510734122},3C_20_66-02.txt,154.245,0.250,38.561,19,38.156,98.95,2.008,11.844,0.531
13,ec.gp.GPIndividual@227290032{-1510734122},3C_20_66-03.txt,118.340,0.250,29.585,1,3.625,12.25,3.625,11.844,0.531
13,ec.gp.GPIndividual@227290032{-1510734122},3C_20_50-03.txt,30.993,0.250,7.748,1,0.859,11.09,0.859,11.844,0.531
13,ec.gp.GPIndividual@227290032{-1510734122},3C_20_66-03.txt,118.340,0.250,29.585,1,4.625,15.63,4.625,11.844,0.531
13,ec.gp.GPIndividual@227290032{-1510734122},3C_20_80-03.txt,169.439,0.250,42.360,3,29.953,70.71,9.984,15.750,0.531
13,ec.gp.GPIndividual@1365486275{-1955637092},3C_20_50-02.txt,61.404,0.250,15.351,5,15.188,98.93,3.038,6.484,0.328
13,ec.gp.GPIndividual@1365486275{-1955637092},3C_20_80-01.txt,4.194,0.250,1.049,1,6.156,587.08,6.156,6.484,0.328
13,ec.gp.GPIndividual@1328481359{2117252996},3C_20_50-02.txt,61.404,0.250,15.351,6,12.313,80.21,2.052,4.828,0.500
13,ec.gp.GPIndividual@1328481359{2117252996},3C_20_80-01.txt,4.194,0.250,1.049,1,1.953,186.26,1.953,4.828,0.500
13,ec.gp.GPIndividual@1328481359{2117252996},3C_20_50-03.txt,30.993,0.250,7.748,6,10.672,137.73,1.779,4.828,0.500
13,ec.gp.GPIndividual@1328481359{2117252996},3C_20_80-02.txt,35.738,0.250,8.935,1,1.406,15.74,1.406,4.828,0.500
13,ec.gp.GPIndividual@1328481359{2117252996},3C_20_50-03.txt,30.993,0.250,7.748,1,2.328,30.05,2.328,4.828,0.500
13,ec.gp.GPIndividual@1328481359{2117252996},3C_20_80-02.txt,35.738,0.250,8.935,2,13.938,156.00,6.969,10.766,0.500
13,ec.gp.GPIndividual@1328481359{2117252996},3C_20_66-03.txt,118.340,0.250,29.585,13,32.016,108.22,2.463,10.766,0.500
13,ec.gp.GPIndividual@1328481359{2117252996},3C_20_66-01.txt,7.322,0.250,1.831,1,4.281,233.88,4.281,10.766,0.500
13,ec.gp.GPIndividual@1328481359{2117252996},3C_20_66-01.txt,7.322,0.250,1.831,1,0.906,49.51,0.906,10.766,0.500
13,ec.gp.GPIndividual@1328481359{2117252996},3C_20_80-03.txt,169.439,0.250,42.360,2,3.250,7.67,1.625,10.766,0.500
13,ec.gp.GPIndividual@1328481359{2117252996},3C_20_80-01.txt,4.194,0.250,1.049,3,1.766,168.38,0.589,10.766,0.156
13,ec.gp.GPIndividual@1328481359{2117252996},3C_20_66-02.txt,154.245,0.250,38.561,4,9.594,24.88,2.398,10.766,0.156
13,ec.gp.GPIndividual@1328481359{2117252996},3C_20_66-01.txt,7.322,0.250,1.831,2,3.406,186.08,1.703,10.766,0.156
13,ec.gp.GPIndividual@1328481359{2117252996},3C_20_66-03.txt,118.340,0.250,29.585,1,1.406,4.75,1.406,10.766,0.156
13,ec.gp.GPIndividual@1328481359{2117252996},3C_20_66-02.txt,154.245,0.250,38.561,16,39.141,101.50,2.446,10.766,0.156
13,ec.gp.GPIndividual@1328481359{2117252996},3C_20_80-01.txt,4.194,0.250,1.049,1,1.266,120.69,1.266,10.766,0.156
13,ec.gp.GPIndividual@1328481359{2117252996},3C_20_66-03.txt,118.340,0.250,29.585,2,2.453,8.29,1.227,10.766,0.156
13,ec.gp.GPIndividual@1328481359{2117252996},3C_20_80-02.txt,35.738,0.250,8.935,2,17.422,194.99,8.711,16.359,0.156
13,ec.gp.GPIndividual@1328481359{2117252996},3C_20_80-03.txt,169.439,0.250,42.360,3,12.813,30.25,4.271,16.359,0.156
13,ec.gp.GPIndividual@1328481359{2117252996},3C_20_66-02.txt,154.245,0.250,38.561,1,11.891,30.84,11.891,16.359,0.156
13,ec.gp.GPIndividual@1543389329{-2087274083},3C_20_50-02.txt,61.404,0.250,15.351,10,15.031,97.92,1.503,4.516,0.266
13,ec.gp.GPIndividual@362083388{1378974624},3C_20_50-02.txt,61.404,0.250,15.351,0,0.000,0.00,0.000,0.000,0.000
13,ec.gp.GPIndividual@362083388{1378974624},3C_20_50-03.txt,30.993,0.250,7.748,0,0.000,0.00,0.000,0.000,0.000
13,ec.gp.GPIndividual@362083388{1378974624},3C_20_66-01.txt,7.322,0.250,1.831,0,0.000,0.00,0.000,0.000,0.000
13,ec.gp.GPIndividual@362083388{1378974624},3C_20_66-02.txt,154.245,0.250,38.561,0,0.000,0.00,0.000,0.000,0.000
13,ec.gp.GPIndividual@362083388{1378974624},3C_20_66-03.txt,118.340,0.250,29.585,0,0.000,0.00,0.000,0.000,0.000
13,ec.gp.GPIndividual@362083388{1378974624},3C_20_80-01.txt,4.194,0.250,1.049,0,0.000,0.00,0.000,0.000,0.000
13,ec.gp.GPIndividual@362083388{1378974624},3C_20_80-02.txt,35.738,0.250,8.935,0,0.000,0.00,0.000,0.000,0.000
13,ec.gp.GPIndividual@362083388{1378974624},3C_20_80-03.txt,169.439,0.250,42.360,0,0.000,0.00,0.000,0.000,0.000
13,ec.gp.GPIndividual@1655555521{752699081},3C_20_50-02.txt,61.404,0.250,15.351,1,2.938,19.14,2.938,2.938,2.938
13,ec.gp.GPIndividual@1655555521{752699081},3C_20_80-02.txt,35.738,0.250,8.935,2,4.969,55.61,2.484,4.563,0.406
13,ec.gp.GPIndividual@1655555521{752699081},3C_20_66-03.txt,118.340,0.250,29.585,5,9.328,31.53,1.866,4.563,0.281
13,ec.gp.GPIndividual@1655555521{752699081},3C_20_50-03.txt,30.993,0.250,7.748,2,3.422,44.16,1.711,4.563,0.281
13,ec.gp.GPIndividual@1655555521{752699081},3C_20_50-03.txt,30.993,0.250,7.748,4,10.016,129.26,2.504,4.719,0.281
13,ec.gp.GPIndividual@1655555521{752699081},3C_20_80-01.txt,4.194,0.250,1.049,4,1.844,175.83,0.461,4.719,0.141
13,ec.gp.GPIndividual@1655555521{752699081},3C_20_66-01.txt,7.322,0.250,1.831,1,0.219,11.95,0.219,4.719,0.141
13,ec.gp.GPIndividual@1655555521{752699081},3C_20_80-02.txt,35.738,0.250,8.935,5,8.406,94.09,1.681,4.719,0.141
13,ec.gp.GPIndividual@1655555521{752699081},3C_20_66-02.txt,154.245,0.250,38.561,2,2.469,6.40,1.234,4.719,0.141
13,ec.gp.GPIndividual@1655555521{752699081},3C_20_80-03.txt,169.439,0.250,42.360,1,3.047,7.19,3.047,4.719,0.141
13,ec.gp.GPIndividual@1655555521{752699081},3C_20_80-03.txt,169.439,0.250,42.360,2,12.281,28.99,6.141,10.359,0.141
13,ec.gp.GPIndividual@1655555521{752699081},3C_20_80-02.txt,35.738,0.250,8.935,1,1.063,11.89,1.063,10.359,0.141
13,ec.gp.GPIndividual@1655555521{752699081},3C_20_66-03.txt,118.340,0.250,29.585,1,3.563,12.04,3.563,10.359,0.141
13,ec.gp.GPIndividual@1655555521{752699081},3C_20_66-01.txt,7.322,0.250,1.831,2,2.500,136.57,1.250,10.359,0.141
13,ec.gp.GPIndividual@1655555521{752699081},3C_20_80-03.txt,169.439,0.250,42.360,4,10.484,24.75,2.621,10.359,0.141
13,ec.gp.GPIndividual@1655555521{752699081},3C_20_66-02.txt,154.245,0.250,38.561,1,4.625,11.99,4.625,10.359,0.141
13,ec.gp.GPIndividual@1655555521{752699081},3C_20_80-01.txt,4.194,0.250,1.049,1,2.094,199.67,2.094,10.359,0.141
13,ec.gp.GPIndividual@1655555521{752699081},3C_20_66-03.txt,118.340,0.250,29.585,3,6.047,20.44,2.016,10.359,0.141
13,ec.gp.GPIndividual@1655555521{752699081},3C_20_80-02.txt,35.738,0.250,8.935,1,1.844,20.64,1.844,10.359,0.141
13,ec.gp.GPIndividual@1655555521{752699081},3C_20_80-03.txt,169.439,0.250,42.360,3,12.703,29.99,4.234,10.359,0.141
13,ec.gp.GPIndividual@305809128{196216967},3C_20_50-02.txt,61.404,0.250,15.351,0,0.000,0.00,0.000,0.000,0.000
13,ec.gp.GPIndividual@305809128{196216967},3C_20_50-03.txt,30.993,0.250,7.748,0,0.000,0.00,0.000,0.000,0.000
13,ec.gp.GPIndividual@305809128{196216967},3C_20_66-01.txt,7.322,0.250,1.831,0,0.000,0.00,0.000,0.000,0.000
13,ec.gp.GPIndividual@305809128{196216967},3C_20_66-02.txt,154.245,0.250,38.561,0,0.000,0.00,0.000,0.000,0.000
13,ec.gp.GPIndividual@305809128{196216967},3C_20_66-03.txt,118.340,0.250,29.585,0,0.000,0.00,0.000,0.000,0.000
13,ec.gp.GPIndividual@305809128{196216967},3C_20_80-01.txt,4.194,0.250,1.049,0,0.000,0.00,0.000,0.000,0.000
13,ec.gp.GPIndividual@305809128{196216967},3C_20_80-02.txt,35.738,0.250,8.935,0,0.000,0.00,0.000,0.000,0.000
13,ec.gp.GPIndividual@305809128{196216967},3C_20_80-03.txt,169.439,0.250,42.360,0,0.000,0.00,0.000,0.000,0.000
13,ec.gp.GPIndividual@296992383{1380494538},3C_20_50-02.txt,61.404,0.250,15.351,5,7.453,48.55,1.491,5.281,0.141
13,ec.gp.GPIndividual@296992383{1380494538},3C_20_50-03.txt,30.993,0.250,7.748,1,13.906,179.48,13.906,13.906,0.141
13,ec.gp.GPIndividual@296992383{1380494538},3C_20_80-01.txt,4.194,0.250,1.049,2,1.578,150.50,0.789,13.906,0.141
13,ec.gp.GPIndividual@296992383{1380494538},3C_20_66-01.txt,7.322,0.250,1.831,1,0.266,14.51,0.266,13.906,0.141
13,ec.gp.GPIndividual@296992383{1380494538},3C_20_80-02.txt,35.738,0.250,8.935,11,8.500,95.14,0.773,13.906,0.141
13,ec.gp.GPIndividual@296992383{1380494538},3C_20_80-03.txt,169.439,0.250,42.360,1,1.016,2.40,1.016,13.906,0.141
13,ec.gp.GPIndividual@296992383{1380494538},3C_20_66-02.txt,154.245,0.250,38.561,8,29.578,76.70,3.697,14.406,0.141
13,ec.gp.GPIndividual@1610914694{-210064581},3C_20_50-02.txt,61.404,0.250,15.351,1,0.000,0.00,0.000,0.000,0.000
13,ec.gp.GPIndividual@1610914694{-210064581},3C_20_50-03.txt,30.993,0.250,7.748,1,0.000,0.00,0.000,0.000,0.000
13,ec.gp.GPIndividual@1610914694{-210064581},3C_20_66-01.txt,7.322,0.250,1.831,1,0.000,0.00,0.000,0.000,0.000
13,ec.gp.GPIndividual@1610914694{-210064581},3C_20_66-02.txt,154.245,0.250,38.561,1,0.000,0.00,0.000,0.000,0.000
13,ec.gp.GPIndividual@1610914694{-210064581},3C_20_66-03.txt,118.340,0.250,29.585,1,0.000,0.00,0.000,0.000,0.000
13,ec.gp.GPIndividual@1610914694{-210064581},3C_20_80-01.txt,4.194,0.250,1.049,1,0.000,0.00,0.000,0.000,0.000
13,ec.gp.GPIndividual@1610914694{-210064581},3C_20_80-02.txt,35.738,0.250,8.935,1,0.000,0.00,0.000,0.000,0.000
13,ec.gp.GPIndividual@1610914694{-210064581},3C_20_80-03.txt,169.439,0.250,42.360,1,0.000,0.00,0.000,0.000,0.000
13,ec.gp.GPIndividual@1524631213{854071769},3C_20_50-02.txt,61.404,0.250,15.351,6,16.469,107.28,2.745,9.000,0.156
13,ec.gp.GPIndividual@1524631213{854071769},3C_20_50-03.txt,30.993,0.250,7.748,2,2.906,37.51,1.453,9.000,0.156
13,ec.gp.GPIndividual@1524631213{854071769},3C_20_66-03.txt,118.340,0.250,29.585,6,23.922,80.86,3.987,10.031,0.156
13,ec.gp.GPIndividual@1524631213{854071769},3C_20_80-01.txt,4.194,0.250,1.049,2,0.641,61.09,0.320,10.031,0.156
13,ec.gp.GPIndividual@1524631213{854071769},3C_20_80-02.txt,35.738,0.250,8.935,8,8.719,97.58,1.090,10.031,0.000
13,ec.gp.GPIndividual@1524631213{854071769},3C_20_66-01.txt,7.322,0.250,1.831,2,2.984,163.03,1.492,10.031,0.000
13,ec.gp.GPIndividual@1524631213{854071769},3C_20_80-03.txt,169.439,0.250,42.360,7,29.688,70.08,4.241,15.859,0.000
13,ec.gp.GPIndividual@2029949627{1105779592},3C_20_50-02.txt,61.404,0.250,15.351,8,14.203,92.52,1.775,9.906,0.000
13,ec.gp.GPIndividual@2029949627{1105779592},3C_20_66-02.txt,154.245,0.250,38.561,2,6.000,15.56,3.000,9.906,0.000
13,ec.gp.GPIndividual@2029949627{1105779592},3C_20_50-03.txt,30.993,0.250,7.748,9,7.250,93.57,0.806,9.906,0.000
13,ec.gp.GPIndividual@2029949627{1105779592},3C_20_66-03.txt,118.340,0.250,29.585,1,1.172,3.96,1.172,9.906,0.000
13,ec.gp.GPIndividual@2029949627{1105779592},3C_20_66-01.txt,7.322,0.250,1.831,3,1.250,68.29,0.417,9.906,0.000
13,ec.gp.GPIndividual@2029949627{1105779592},3C_20_66-02.txt,154.245,0.250,38.561,10,32.547,84.40,3.255,12.438,0.000
13,ec.gp.GPIndividual@2029949627{1105779592},3C_20_66-03.txt,118.340,0.250,29.585,5,18.500,62.53,3.700,12.438,0.000
13,ec.gp.GPIndividual@2029949627{1105779592},3C_20_80-01.txt,4.194,0.250,1.049,4,0.828,78.97,0.207,12.438,0.000
13,ec.gp.GPIndividual@2029949627{1105779592},3C_20_80-02.txt,35.738,0.250,8.935,2,11.375,127.31,5.688,12.438,0.000
13,ec.gp.GPIndividual@2029949627{1105779592},3C_20_80-01.txt,4.194,0.250,1.049,4,1.016,96.85,0.254,12.438,0.000
13,ec.gp.GPIndividual@2029949627{1105779592},3C_20_80-02.txt,35.738,0.250,8.935,2,0.203,2.27,0.102,12.438,0.000
13,ec.gp.GPIndividual@2029949627{1105779592},3C_20_80-03.txt,169.439,0.250,42.360,8,35.109,82.88,4.389,15.813,0.000
13,ec.gp.GPIndividual@2029949627{1105779592},3C_20_80-03.txt,169.439,0.250,42.360,3,10.719,25.30,3.573,15.813,0.000
14,ec.gp.GPIndividual@1719524250{2004285173},3C_20_50-02.txt,61.404,0.250,15.351,0,0.000,0.00,0.000,0.000,0.000
14,ec.gp.GPIndividual@1719524250{2004285173},3C_20_50-03.txt,30.993,0.250,7.748,0,0.000,0.00,0.000,0.000,0.000
14,ec.gp.GPIndividual@1719524250{2004285173},3C_20_66-01.txt,7.322,0.250,1.831,0,0.000,0.00,0.000,0.000,0.000
14,ec.gp.GPIndividual@1719524250{2004285173},3C_20_66-02.txt,154.245,0.250,38.561,0,0.000,0.00,0.000,0.000,0.000
14,ec.gp.GPIndividual@1719524250{2004285173},3C_20_66-03.txt,118.340,0.250,29.585,0,0.000,0.00,0.000,0.000,0.000
14,ec.gp.GPIndividual@1719524250{2004285173},3C_20_80-01.txt,4.194,0.250,1.049,0,0.000,0.00,0.000,0.000,0.000
14,ec.gp.GPIndividual@1719524250{2004285173},3C_20_80-02.txt,35.738,0.250,8.935,0,0.000,0.00,0.000,0.000,0.000
14,ec.gp.GPIndividual@1719524250{2004285173},3C_20_80-03.txt,169.439,0.250,42.360,0,0.000,0.00,0.000,0.000,0.000
14,ec.gp.GPIndividual@956875549{-683822054},3C_20_50-02.txt,61.404,0.250,15.351,14,14.703,95.78,1.050,1.781,0.406
14,ec.gp.GPIndividual@956875549{-683822054},3C_20_50-03.txt,30.993,0.250,7.748,1,1.891,24.40,1.891,1.891,0.406
14,ec.gp.GPIndividual@956875549{-683822054},3C_20_50-03.txt,30.993,0.250,7.748,3,7.766,100.23,2.589,2.672,0.406
14,ec.gp.GPIndividual@956875549{-683822054},3C_20_50-03.txt,30.993,0.250,7.748,2,3.828,49.41,1.914,2.672,0.406
14,ec.gp.GPIndividual@956875549{-683822054},3C_20_50-03.txt,30.993,0.250,7.748,1,2.125,27.43,2.125,2.672,0.406
14,ec.gp.GPIndividual@956875549{-683822054},3C_20_50-03.txt,30.993,0.250,7.748,3,8.469,109.30,2.823,3.172,0.406
14,ec.gp.GPIndividual@956875549{-683822054},3C_20_66-01.txt,7.322,0.250,1.831,1,3.156,172.42,3.156,3.172,0.406
14,ec.gp.GPIndividual@956875549{-683822054},3C_20_66-01.txt,7.322,0.250,1.831,1,0.859,46.95,0.859,3.172,0.406
14,ec.gp.GPIndividual@956875549{-683822054},3C_20_66-02.txt,154.245,0.250,38.561,1,1.031,2.67,1.031,3.172,0.406
14,ec.gp.GPIndividual@956875549{-683822054},3C_20_66-01.txt,7.322,0.250,1.831,3,4.078,222.78,1.359,3.172,0.406
14,ec.gp.GPIndividual@956875549{-683822054},3C_20_50-03.txt,30.993,0.250,7.748,1,3.172,40.94,3.172,3.172,0.406
14,ec.gp.GPIndividual@956875549{-683822054},3C_20_66-01.txt,7.322,0.250,1.831,1,0.141,7.68,0.141,3.172,0.141
14,ec.gp.GPIndividual@956875549{-683822054},3C_20_66-02.txt,154.245,0.250,38.561,3,4.609,11.95,1.536,3.266,0.141
14,ec.gp.GPIndividual@956875549{-683822054},3C_20_66-02.txt,154.245,0.250,38.561,2,3.406,8.83,1.703,3.266,0.141
14,ec.gp.GPIndividual@956875549{-683822054},3C_20_66-02.txt,154.245,0.250,38.561,19,38.109,98.83,2.006,4.453,0.141
14,ec.gp.GPIndividual@956875549{-683822054},3C_20_66-03.txt,118.340,0.250,29.585,5,8.656,29.26,1.731,4.453,0.141
14,ec.gp.GPIndividual@956875549{-683822054},3C_20_66-03.txt,118.340,0.250,29.585,1,7.188,24.29,7.188,7.188,0.141
14,ec.gp.GPIndividual@956875549{-683822054},3C_20_66-01.txt,7.322,0.250,1.831,2,1.453,79.38,0.727,7.188,0.141
14,ec.gp.GPIndividual@956875549{-683822054},3C_20_66-02.txt,154.245,0.250,38.561,3,16.109,41.78,5.370,7.344,0.141
14,ec.gp.GPIndividual@956875549{-683822054},3C_20_66-01.txt,7.322,0.250,1.831,1,6.188,338.01,6.188,7.344,0.141
14,ec.gp.GPIndividual@956875549{-683822054},3C_20_80-01.txt,4.194,0.250,1.049,2,1.406,134.10,0.703,7.344,0.141
14,ec.gp.GPIndividual@956875549{-683822054},3C_20_80-02.txt,35.738,0.250,8.935,2,2.813,31.48,1.406,7.344,0.141
14,ec.gp.GPIndividual@956875549{-683822054},3C_20_66-02.txt,154.245,0.250,38.561,3,16.734,43.40,5.578,10.672,0.141
14,ec.gp.GPIndividual@956875549{-683822054},3C_20_66-03.txt,118.340,0.250,29.585,2,11.125,37.60,5.563,10.672,0.141
14,ec.gp.GPIndividual@956875549{-683822054},3C_20_66-03.txt,118.340,0.250,29.585,13,29.344,99.18,2.257,10.672,0.141
14,ec.gp.GPIndividual@956875549{-683822054},3C_20_80-03.txt,169.439,0.250,42.360,1,1.047,2.47,1.047,10.672,0.141
14,ec.gp.GPIndividual@956875549{-683822054},3C_20_80-01.txt,4.194,0.250,1.049,1,1.547,147.52,1.547,10.672,0.141
14,ec.gp.GPIndividual@956875549{-683822054},3C_20_66-03.txt,118.340,0.250,29.585,3,5.328,18.01,1.776,10.672,0.141
14,ec.gp.GPIndividual@956875549{-683822054},3C_20_80-01.txt,4.194,0.250,1.049,2,0.875,83.44,0.438,10.672,0.141
14,ec.gp.GPIndividual@956875549{-683822054},3C_20_80-02.txt,35.738,0.250,8.935,2,9.609,107.55,4.805,10.672,0.141
14,ec.gp.GPIndividual@956875549{-683822054},3C_20_66-03.txt,118.340,0.250,29.585,3,22.531,76.16,7.510,14.094,0.141
14,ec.gp.GPIndividual@956875549{-683822054},3C_20_80-01.txt,4.194,0.250,1.049,1,0.547,52.15,0.547,14.094,0.141
14,ec.gp.GPIndividual@956875549{-683822054},3C_20_80-02.txt,35.738,0.250,8.935,1,2.906,32.53,2.906,14.094,0.141
14,ec.gp.GPIndividual@956875549{-683822054},3C_20_80-02.txt,35.738,0.250,8.935,3,8.188,91.64,2.729,14.094,0.141
14,ec.gp.GPIndividual@956875549{-683822054},3C_20_80-03.txt,169.439,0.250,42.360,1,1.219,2.88,1.219,14.094,0.141
14,ec.gp.GPIndividual@956875549{-683822054},3C_20_80-01.txt,4.194,0.250,1.049,2,2.609,248.84,1.305,14.094,0.141
14,ec.gp.GPIndividual@956875549{-683822054},3C_20_80-03.txt,169.439,0.250,42.360,4,4.828,11.40,1.207,14.094,0.141
14,ec.gp.GPIndividual@956875549{-683822054},3C_20_80-02.txt,35.738,0.250,8.935,2,7.438,83.24,3.719,14.094,0.141
14,ec.gp.GPIndividual@956875549{-683822054},3C_20_80-01.txt,4.194,0.250,1.049,1,1.438,137.08,1.438,14.094,0.141
14,ec.gp.GPIndividual@956875549{-683822054},3C_20_80-03.txt,169.439,0.250,42.360,6,19.516,46.07,3.253,14.094,0.141
14,ec.gp.GPIndividual@1241446301{157402873},3C_20_50-02.txt,61.404,0.250,15.351,7,18.781,122.34,2.683,5.984,0.516
14,ec.gp.GPIndividual@1378985855{-1693833845},3C_20_50-02.txt,61.404,0.250,15.351,1,1.078,7.02,1.078,1.078,1.078
14,ec.gp.GPIndividual@1378985855{-1693833845},3C_20_80-03.txt,169.439,0.250,42.360,1,3.063,7.23,3.063,3.063,1.078
14,ec.gp.GPIndividual@1378985855{-1693833845},3C_20_80-02.txt,35.738,0.250,8.935,3,5.875,65.76,1.958,3.875,0.297
14,ec.gp.GPIndividual@1908176463{-698056863},3C_20_50-02.txt,61.404,0.250,15.351,0,0.000,0.00,0.000,0.000,0.000
14,ec.gp.GPIndividual@1908176463{-698056863},3C_20_50-03.txt,30.993,0.250,7.748,0,0.000,0.00,0.000,0.000,0.000
14,ec.gp.GPIndividual@1908176463{-698056863},3C_20_66-01.txt,7.322,0.250,1.831,0,0.000,0.00,0.000,0.000,0.000
14,ec.gp.GPIndividual@1908176463{-698056863},3C_20_66-02.txt,154.245,0.250,38.561,0,0.000,0.00,0.000,0.000,0.000
14,ec.gp.GPIndividual@1908176463{-698056863},3C_20_66-03.txt,118.340,0.250,29.585,0,0.000,0.00,0.000,0.000,0.000
14,ec.gp.GPIndividual@1908176463{-698056863},3C_20_80-01.txt,4.194,0.250,1.049,0,0.000,0.00,0.000,0.000,0.000
14,ec.gp.GPIndividual@1908176463{-698056863},3C_20_80-02.txt,35.738,0.250,8.935,0,0.000,0.00,0.000,0.000,0.000
14,ec.gp.GPIndividual@1908176463{-698056863},3C_20_80-03.txt,169.439,0.250,42.360,0,0.000,0.00,0.000,0.000,0.000
14,ec.gp.GPIndividual@1127962960{-1496906263},3C_20_50-02.txt,61.404,0.250,15.351,9,16.719,108.91,1.858,2.547,0.359
14,ec.gp.GPIndividual@1127962960{-1496906263},3C_20_50-03.txt,30.993,0.250,7.748,1,0.531,6.86,0.531,2.547,0.359
14,ec.gp.GPIndividual@1127962960{-1496906263},3C_20_80-03.txt,169.439,0.250,42.360,1,2.719,6.42,2.719,2.719,0.359
14,ec.gp.GPIndividual@1127962960{-1496906263},3C_20_50-03.txt,30.993,0.250,7.748,4,7.484,96.60,1.871,6.000,0.000
14,ec.gp.GPIndividual@1127962960{-1496906263},3C_20_50-03.txt,30.993,0.250,7.748,1,0.844,10.89,0.844,6.000,0.000
14,ec.gp.GPIndividual@769290579{-688063255},3C_20_50-02.txt,61.404,0.250,15.351,3,16.609,108.20,5.536,13.156,0.344
14,ec.gp.GPIndividual@1576103055{196216967},3C_20_50-02.txt,61.404,0.250,15.351,0,0.000,0.00,0.000,0.000,0.000
14,ec.gp.GPIndividual@1576103055{196216967},3C_20_50-03.txt,30.993,0.250,7.748,0,0.000,0.00,0.000,0.000,0.000
14,ec.gp.GPIndividual@1576103055{196216967},3C_20_66-01.txt,7.322,0.250,1.831,0,0.000,0.00,0.000,0.000,0.000
14,ec.gp.GPIndividual@1576103055{196216967},3C_20_66-02.txt,154.245,0.250,38.561,0,0.000,0.00,0.000,0.000,0.000
14,ec.gp.GPIndividual@1576103055{196216967},3C_20_66-03.txt,118.340,0.250,29.585,0,0.000,0.00,0.000,0.000,0.000
14,ec.gp.GPIndividual@1576103055{196216967},3C_20_80-01.txt,4.194,0.250,1.049,0,0.000,0.00,0.000,0.000,0.000
14,ec.gp.GPIndividual@1576103055{196216967},3C_20_80-02.txt,35.738,0.250,8.935,0,0.000,0.00,0.000,0.000,0.000
14,ec.gp.GPIndividual@1576103055{196216967},3C_20_80-03.txt,169.439,0.250,42.360,0,0.000,0.00,0.000,0.000,0.000
14,ec.gp.GPIndividual@305456350{-1027567577},3C_20_50-02.txt,61.404,0.250,15.351,7,19.297,125.70,2.757,6.141,0.469
14,ec.gp.GPIndividual@1188796237{490801678},3C_20_50-02.txt,61.404,0.250,15.351,5,6.141,40.00,1.228,2.844,0.000
14,ec.gp.GPIndividual@1188796237{490801678},3C_20_50-03.txt,30.993,0.250,7.748,2,8.797,113.54,4.398,4.594,0.000
14,ec.gp.GPIndividual@1188796237{490801678},3C_20_66-01.txt,7.322,0.250,1.831,3,2.641,144.25,0.880,4.594,0.000
14,ec.gp.GPIndividual@1188796237{490801678},3C_20_50-03.txt,30.993,0.250,7.748,4,8.891,114.75,2.223,4.594,0.000
14,ec.gp.GPIndividual@1188796237{490801678},3C_20_66-01.txt,7.322,0.250,1.831,1,0.891,48.65,0.891,4.594,0.000
14,ec.gp.GPIndividual@1188796237{490801678},3C_20_50-03.txt,30.993,0.250,7.748,1,4.391,56.67,4.391,4.594,0.000
14,ec.gp.GPIndividual@1188796237{490801678},3C_20_66-01.txt,7.322,0.250,1.831,1,1.359,74.26,1.359,4.594,0.000
14,ec.gp.GPIndividual@1188796237{490801678},3C_20_66-02.txt,154.245,0.250,38.561,2,3.391,8.79,1.695,4.594,0.000
14,ec.gp.GPIndividual@1188796237{490801678},3C_20_66-01.txt,7.322,0.250,1.831,2,4.000,218.51,2.000,4.594,0.000
14,ec.gp.GPIndividual@1188796237{490801678},3C_20_66-01.txt,7.322,0.250,1.831,4,2.281,124.62,0.570,4.594,0.000
14,ec.gp.GPIndividual@1188796237{490801678},3C_20_66-02.txt,154.245,0.250,38.561,3,1.484,3.85,0.495,4.594,0.000
14,ec.gp.GPIndividual@1188796237{490801678},3C_20_66-02.txt,154.245,0.250,38.561,3,4.781,12.40,1.594,4.594,0.000
14,ec.gp.GPIndividual@1188796237{490801678},3C_20_66-02.txt,154.245,0.250,38.561,21,37.609,97.53,1.791,4.594,0.000
14,ec.gp.GPIndividual@1188796237{490801678},3C_20_66-03.txt,118.340,0.250,29.585,2,3.031,10.25,1.516,4.594,0.000
14,ec.gp.GPIndividual@1188796237{490801678},3C_20_66-03.txt,118.340,0.250,29.585,7,27.484,92.90,3.926,6.406,0.000
14,ec.gp.GPIndividual@1188796237{490801678},3C_20_80-01.txt,4.194,0.250,1.049,2,8.047,767.38,4.023,7.516,0.000
14,ec.gp.GPIndividual@1188796237{490801678},3C_20_66-01.txt,7.322,0.250,1.831,1,0.344,18.78,0.344,7.516,0.000
14,ec.gp.GPIndividual@1188796237{490801678},3C_20_80-02.txt,35.738,0.250,8.935,1,6.563,73.45,6.563,7.516,0.000
14,ec.gp.GPIndividual@1188796237{490801678},3C_20_66-02.txt,154.245,0.250,38.561,3,13.781,35.74,4.594,9.109,0.000
14,ec.gp.GPIndividual@1188796237{490801678},3C_20_66-03.txt,118.340,0.250,29.585,4,14.250,48.17,3.563,11.234,0.000
14,ec.gp.GPIndividual@1188796237{490801678},3C_20_66-03.txt,118.340,0.250,29.585,13,29.672,100.29,2.282,11.234,0.000
14,ec.gp.GPIndividual@1188796237{490801678},3C_20_80-01.txt,4.194,0.250,1.049,2,2.016,192.22,1.008,11.234,0.000
14,ec.gp.GPIndividual@1188796237{490801678},3C_20_66-03.txt,118.340,0.250,29.585,3,2.859,9.66,0.953,11.234,0.000
14,ec.gp.GPIndividual@1188796237{490801678},3C_20_80-03.txt,169.439,0.250,42.360,1,1.281,3.02,1.281,11.234,0.000
14,ec.gp.GPIndividual@1188796237{490801678},3C_20_80-02.txt,35.738,0.250,8.935,1,3.297,36.90,3.297,11.234,0.000
14,ec.gp.GPIndividual@1188796237{490801678},3C_20_80-01.txt,4.194,0.250,1.049,2,6.203,591.55,3.102,11.234,0.000
14,ec.gp.GPIndividual@1188796237{490801678},3C_20_66-02.txt,154.245,0.250,38.561,3,3.688,9.56,1.229,11.234,0.000
14,ec.gp.GPIndividual@1188796237{490801678},3C_20_80-02.txt,35.738,0.250,8.935,2,14.938,167.19,7.469,13.672,0.000
14,ec.gp.GPIndividual@1188796237{490801678},3C_20_80-01.txt,4.194,0.250,1.049,1,2.328,222.02,2.328,13.672,0.000
14,ec.gp.GPIndividual@1188796237{490801678},3C_20_66-03.txt,118.340,0.250,29.585,14,29.063,98.23,2.076,13.672,0.000
14,ec.gp.GPIndividual@1188796237{490801678},3C_20_80-03.txt,169.439,0.250,42.360,2,2.484,5.86,1.242,13.672,0.000
14,ec.gp.GPIndividual@1188796237{490801678},3C_20_80-01.txt,4.194,0.250,1.049,1,6.141,585.59,6.141,13.672,0.000
14,ec.gp.GPIndividual@1188796237{490801678},3C_20_80-01.txt,4.194,0.250,1.049,2,3.672,350.16,1.836,13.672,0.000
14,ec.gp.GPIndividual@1188796237{490801678},3C_20_80-02.txt,35.738,0.250,8.935,3,5.703,63.83,1.901,13.672,0.000
14,ec.gp.GPIndividual@621713323{-1585155376},3C_20_50-02.txt,61.404,0.250,15.351,7,10.469,68.20,1.496,2.266,0.516
14,ec.gp.GPIndividual@621713323{-1585155376},3C_20_80-02.txt,35.738,0.250,8.935,4,9.016,100.91,2.254,5.922,0.172
14,ec.gp.GPIndividual@1593682688{753425794},3C_20_50-02.txt,61.404,0.250,15.351,0,0.000,0.00,0.000,0.000,0.000
14,ec.gp.GPIndividual@1593682688{753425794},3C_20_50-03.txt,30.993,0.250,7.748,0,0.000,0.00,0.000,0.000,0.000
14,ec.gp.GPIndividual@1593682688{753425794},3C_20_66-01.txt,7.322,0.250,1.831,0,0.000,0.00,0.000,0.000,0.000
14,ec.gp.GPIndividual@1593682688{753425794},3C_20_66-02.txt,154.245,0.250,38.561,0,0.000,0.00,0.000,0.000,0.000
14,ec.gp.GPIndividual@1593682688{753425794},3C_20_66-03.txt,118.340,0.250,29.585,0,0.000,0.00,0.000,0.000,0.000
14,ec.gp.GPIndividual@1593682688{753425794},3C_20_80-01.txt,4.194,0.250,1.049,0,0.000,0.00,0.000,0.000,0.000
14,ec.gp.GPIndividual@1593682688{753425794},3C_20_80-02.txt,35.738,0.250,8.935,0,0.000,0.00,0.000,0.000,0.000
14,ec.gp.GPIndividual@1593682688{753425794},3C_20_80-03.txt,169.439,0.250,42.360,0,0.000,0.00,0.000,0.000,0.000
14,ec.gp.GPIndividual@1377472814{-1095435975},3C_20_50-02.txt,61.404,0.250,15.351,5,12.063,78.58,2.413,5.453,0.328
14,ec.gp.GPIndividual@1377472814{-1095435975},3C_20_80-03.txt,169.439,0.250,42.360,2,4.422,10.44,2.211,5.453,0.328
14,ec.gp.GPIndividual@1377472814{-1095435975},3C_20_80-02.txt,35.738,0.250,8.935,6,9.000,100.73,1.500,5.453,0.156
14,ec.gp.GPIndividual@1377472814{-1095435975},3C_20_80-03.txt,169.439,0.250,42.360,2,2.391,5.64,1.195,5.453,0.156
14,ec.gp.GPIndividual@1377472814{-1095435975},3C_20_50-03.txt,30.993,0.250,7.748,1,0.797,10.28,0.797,5.453,0.156
14,ec.gp.GPIndividual@1377472814{-1095435975},3C_20_80-03.txt,169.439,0.250,42.360,7,17.531,41.39,2.504,5.969,0.156
14,ec.gp.GPIndividual@1377472814{-1095435975},3C_20_50-03.txt,30.993,0.250,7.748,3,9.250,119.38,3.083,6.047,0.156
14,ec.gp.GPIndividual@1377472814{-1095435975},3C_20_80-03.txt,169.439,0.250,42.360,1,0.234,0.55,0.234,6.047,0.156
14,ec.gp.GPIndividual@777093660{-14979940},3C_20_50-02.txt,61.404,0.250,15.351,6,16.297,106.16,2.716,5.797,0.297
14,ec.gp.GPIndividual@777093660{-14979940},3C_20_50-03.txt,30.993,0.250,7.748,2,0.516,6.65,0.258,5.797,0.000
14,ec.gp.GPIndividual@777093660{-14979940},3C_20_66-01.txt,7.322,0.250,1.831,2,3.422,186.93,1.711,5.797,0.000
14,ec.gp.GPIndividual@777093660{-14979940},3C_20_66-01.txt,7.322,0.250,1.831,1,3.844,209.98,3.844,5.797,0.000
14,ec.gp.GPIndividual@38268091{781213232},3C_20_50-02.txt,61.404,0.250,15.351,11,15.344,99.95,1.395,5.844,0.000
14,ec.gp.GPIndividual@38268091{781213232},3C_20_50-03.txt,30.993,0.250,7.748,1,1.031,13.31,1.031,5.844,0.000
14,ec.gp.GPIndividual@1097277171{1378974624},3C_20_50-02.txt,61.404,0.250,15.351,0,0.000,0.00,0.000,0.000,0.000
14,ec.gp.GPIndividual@1097277171{1378974624},3C_20_50-03.txt,30.993,0.250,7.748,0,0.000,0.00,0.000,0.000,0.000
14,ec.gp.GPIndividual@1097277171{1378974624},3C_20_66-01.txt,7.322,0.250,1.831,0,0.000,0.00,0.000,0.000,0.000
14,ec.gp.GPIndividual@1097277171{1378974624},3C_20_66-02.txt,154.245,0.250,38.561,0,0.000,0.00,0.000,0.000,0.000
14,ec.gp.GPIndividual@1097277171{1378974624},3C_20_66-03.txt,118.340,0.250,29.585,0,0.000,0.00,0.000,0.000,0.000
14,ec.gp.GPIndividual@1097277171{1378974624},3C_20_80-01.txt,4.194,0.250,1.049,0,0.000,0.00,0.000,0.000,0.000
14,ec.gp.GPIndividual@1097277171{1378974624},3C_20_80-02.txt,35.738,0.250,8.935,0,0.000,0.00,0.000,0.000,0.000
14,ec.gp.GPIndividual@1097277171{1378974624},3C_20_80-03.txt,169.439,0.250,42.360,0,0.000,0.00,0.000,0.000,0.000
14,ec.gp.GPIndividual@19533105{515697644},3C_20_50-02.txt,61.404,0.250,15.351,1,1.438,9.36,1.438,1.438,1.438
14,ec.gp.GPIndividual@19533105{515697644},3C_20_66-02.txt,154.245,0.250,38.561,3,12.250,31.77,4.083,10.281,0.469
14,ec.gp.GPIndividual@1328811835{-736190573},3C_20_50-02.txt,61.404,0.250,15.351,0,0.000,0.00,0.000,0.000,0.000
14,ec.gp.GPIndividual@1328811835{-736190573},3C_20_50-03.txt,30.993,0.250,7.748,0,0.000,0.00,0.000,0.000,0.000
14,ec.gp.GPIndividual@1328811835{-736190573},3C_20_66-01.txt,7.322,0.250,1.831,0,0.000,0.00,0.000,0.000,0.000
14,ec.gp.GPIndividual@1328811835{-736190573},3C_20_66-02.txt,154.245,0.250,38.561,0,0.000,0.00,0.000,0.000,0.000
14,ec.gp.GPIndividual@1328811835{-736190573},3C_20_66-03.txt,118.340,0.250,29.585,0,0.000,0.00,0.000,0.000,0.000
14,ec.gp.GPIndividual@1328811835{-736190573},3C_20_80-01.txt,4.194,0.250,1.049,0,0.000,0.00,0.000,0.000,0.000
14,ec.gp.GPIndividual@1328811835{-736190573},3C_20_80-02.txt,35.738,0.250,8.935,0,0.000,0.00,0.000,0.000,0.000
14,ec.gp.GPIndividual@1328811835{-736190573},3C_20_80-03.txt,169.439,0.250,42.360,0,0.000,0.00,0.000,0.000,0.000
14,ec.gp.GPIndividual@1802069006{-240276235},3C_20_50-02.txt,61.404,0.250,15.351,8,15.813,103.01,1.977,3.266,0.531
14,ec.gp.GPIndividual@1802069006{-240276235},3C_20_50-03.txt,30.993,0.250,7.748,6,7.750,100.02,1.292,3.266,0.172
14,ec.gp.GPIndividual@1802069006{-240276235},3C_20_66-03.txt,118.340,0.250,29.585,1,0.906,3.06,0.906,3.266,0.172
14,ec.gp.GPIndividual@1802069006{-240276235},3C_20_50-03.txt,30.993,0.250,7.748,2,4.047,52.23,2.023,4.047,0.000
14,ec.gp.GPIndividual@1802069006{-240276235},3C_20_66-01.txt,7.322,0.250,1.831,2,1.750,95.60,0.875,4.047,0.000
14,ec.gp.GPIndividual@1802069006{-240276235},3C_20_66-02.txt,154.245,0.250,38.561,2,3.000,7.78,1.500,4.047,0.000
14,ec.gp.GPIndividual@1802069006{-240276235},3C_20_66-01.txt,7.322,0.250,1.831,1,3.172,173.27,3.172,4.047,0.000
14,ec.gp.GPIndividual@1802069006{-240276235},3C_20_66-01.txt,7.322,0.250,1.831,3,2.375,129.74,0.792,4.047,0.000
14,ec.gp.GPIndividual@1802069006{-240276235},3C_20_66-02.txt,154.245,0.250,38.561,8,13.203,34.24,1.650,4.047,0.000
14,ec.gp.GPIndividual@1802069006{-240276235},3C_20_66-02.txt,154.245,0.250,38.561,1,1.406,3.65,1.406,4.047,0.000
14,ec.gp.GPIndividual@1802069006{-240276235},3C_20_66-02.txt,154.245,0.250,38.561,18,37.922,98.34,2.107,5.906,0.000
14,ec.gp.GPIndividual@1802069006{-240276235},3C_20_66-03.txt,118.340,0.250,29.585,1,0.922,3.12,0.922,5.906,0.000
14,ec.gp.GPIndividual@1802069006{-240276235},3C_20_66-03.txt,118.340,0.250,29.585,2,4.594,15.53,2.297,5.906,0.000
14,ec.gp.GPIndividual@1802069006{-240276235},3C_20_66-03.txt,118.340,0.250,29.585,1,3.344,11.30,3.344,5.906,0.000
14,ec.gp.GPIndividual@1802069006{-240276235},3C_20_80-01.txt,4.194,0.250,1.049,2,1.953,186.26,0.977,5.906,0.000
14,ec.gp.GPIndividual@1802069006{-240276235},3C_20_66-03.txt,118.340,0.250,29.585,3,8.672,29.31,2.891,7.063,0.000
14,ec.gp.GPIndividual@1802069006{-240276235},3C_20_66-01.txt,7.322,0.250,1.831,3,3.078,168.15,1.026,7.063,0.000
14,ec.gp.GPIndividual@1802069006{-240276235},3C_20_80-02.txt,35.738,0.250,8.935,0,0.000,0.00,0.000,7.063,0.000
14,ec.gp.GPIndividual@1802069006{-240276235},3C_20_66-02.txt,154.245,0.250,38.561,11,40.219,104.30,3.656,7.063,0.000
14,ec.gp.GPIndividual@1802069006{-240276235},3C_20_80-01.txt,4.194,0.250,1.049,1,1.266,120.69,1.266,7.063,0.000
14,ec.gp.GPIndividual@1802069006{-240276235},3C_20_66-03.txt,118.340,0.250,29.585,3,4.641,15.69,1.547,7.063,0.000
14,ec.gp.GPIndividual@1802069006{-240276235},3C_20_80-03.txt,169.439,0.250,42.360,1,1.516,3.58,1.516,7.063,0.000
14,ec.gp.GPIndividual@1802069006{-240276235},3C_20_80-01.txt,4.194,0.250,1.049,1,3.484,332.28,3.484,7.063,0.000
14,ec.gp.GPIndividual@1802069006{-240276235},3C_20_80-01.txt,4.194,0.250,1.049,2,1.531,146.03,0.766,7.063,0.000
14,ec.gp.GPIndividual@1802069006{-240276235},3C_20_80-02.txt,35.738,0.250,8.935,1,0.141,1.57,0.141,7.063,0.000
14,ec.gp.GPIndividual@1802069006{-240276235},3C_20_80-02.txt,35.738,0.250,8.935,7,8.844,98.98,1.263,7.063,0.000
14,ec.gp.GPIndividual@1802069006{-240276235},3C_20_80-03.txt,169.439,0.250,42.360,1,1.234,2.91,1.234,7.063,0.000
14,ec.gp.GPIndividual@1802069006{-240276235},3C_20_80-03.txt,169.439,0.250,42.360,1,0.703,1.66,0.703,7.063,0.000
14,ec.gp.GPIndividual@1802069006{-240276235},3C_20_80-02.txt,35.738,0.250,8.935,2,11.969,133.96,5.984,7.063,0.000
14,ec.gp.GPIndividual@1458965972{-1969856636},3C_20_50-02.txt,61.404,0.250,15.351,2,1.781,11.60,0.891,1.250,0.531
14,ec.gp.GPIndividual@1458965972{-1969856636},3C_20_80-01.txt,4.194,0.250,1.049,1,2.109,201.16,2.109,2.109,0.531
14,ec.gp.GPIndividual@1458965972{-1969856636},3C_20_80-03.txt,169.439,0.250,42.360,4,13.875,32.76,3.469,10.547,0.500
14,ec.gp.GPIndividual@1458965972{-1969856636},3C_20_80-01.txt,4.194,0.250,1.049,1,1.828,174.34,1.828,10.547,0.500
14,ec.gp.GPIndividual@1458965972{-1969856636},3C_20_80-02.txt,35.738,0.250,8.935,3,12.609,141.13,4.203,10.547,0.484
14,ec.gp.GPIndividual@1481135920{781213232},3C_20_50-02.txt,61.404,0.250,15.351,8,15.656,101.99,1.957,5.453,0.391
14,ec.gp.GPIndividual@1481135920{781213232},3C_20_80-03.txt,169.439,0.250,42.360,3,4.844,11.43,1.615,5.453,0.391
14,ec.gp.GPIndividual@1481135920{781213232},3C_20_80-02.txt,35.738,0.250,8.935,1,3.094,34.63,3.094,5.453,0.391
14,ec.gp.GPIndividual@653802823{2126506443},3C_20_50-02.txt,61.404,0.250,15.351,5,6.063,39.49,1.213,1.938,0.406
14,ec.gp.GPIndividual@653802823{2126506443},3C_20_50-03.txt,30.993,0.250,7.748,1,3.375,43.56,3.375,3.375,0.406
14,ec.gp.GPIndividual@653802823{2126506443},3C_20_66-01.txt,7.322,0.250,1.831,2,1.422,77.67,0.711,3.375,0.406
14,ec.gp.GPIndividual@653802823{2126506443},3C_20_80-03.txt,169.439,0.250,42.360,13,39.797,93.95,3.061,8.234,0.406
14,ec.gp.GPIndividual@219403953{1845674518},3C_20_50-02.txt,61.404,0.250,15.351,2,11.375,74.10,5.688,11.094,0.281
14,ec.gp.GPIndividual@219403953{1845674518},3C_20_50-03.txt,30.993,0.250,7.748,1,10.172,131.28,10.172,11.094,0.281
14,ec.gp.GPIndividual@219403953{1845674518},3C_20_66-02.txt,154.245,0.250,38.561,2,16.156,41.90,8.078,14.813,0.281
14,ec.gp.GPIndividual@923265645{-602896263},3C_20_50-02.txt,61.404,0.250,15.351,0,0.000,0.00,0.000,0.000,0.000
14,ec.gp.GPIndividual@923265645{-602896263},3C_20_50-03.txt,30.993,0.250,7.748,0,0.000,0.00,0.000,0.000,0.000
14,ec.gp.GPIndividual@923265645{-602896263},3C_20_66-01.txt,7.322,0.250,1.831,0,0.000,0.00,0.000,0.000,0.000
14,ec.gp.GPIndividual@923265645{-602896263},3C_20_66-02.txt,154.245,0.250,38.561,0,0.000,0.00,0.000,0.000,0.000
14,ec.gp.GPIndividual@923265645{-602896263},3C_20_66-03.txt,118.340,0.250,29.585,0,0.000,0.00,0.000,0.000,0.000
14,ec.gp.GPIndividual@923265645{-602896263},3C_20_80-01.txt,4.194,0.250,1.049,0,0.000,0.00,0.000,0.000,0.000
14,ec.gp.GPIndividual@923265645{-602896263},3C_20_80-02.txt,35.738,0.250,8.935,0,0.000,0.00,0.000,0.000,0.000
14,ec.gp.GPIndividual@923265645{-602896263},3C_20_80-03.txt,169.439,0.250,42.360,0,0.000,0.00,0.000,0.000,0.000
14,ec.gp.GPIndividual@1227441463{-586536300},3C_20_50-02.txt,61.404,0.250,15.351,2,4.625,30.13,2.313,4.344,0.281
14,ec.gp.GPIndividual@1227441463{-586536300},3C_20_66-01.txt,7.322,0.250,1.831,1,2.063,112.67,2.063,4.344,0.281
14,ec.gp.GPIndividual@1227441463{-586536300},3C_20_66-03.txt,118.340,0.250,29.585,13,27.406,92.64,2.108,4.641,0.281
14,ec.gp.GPIndividual@1227441463{-586536300},3C_20_80-01.txt,4.194,0.250,1.049,3,0.875,83.44,0.292,4.641,0.141
14,ec.gp.GPIndividual@1227441463{-586536300},3C_20_80-02.txt,35.738,0.250,8.935,1,3.469,38.82,3.469,4.641,0.141
14,ec.gp.GPIndividual@1227441463{-586536300},3C_20_50-03.txt,30.993,0.250,7.748,3,12.266,158.30,4.089,6.594,0.141
14,ec.gp.GPIndividual@1227441463{-586536300},3C_20_50-03.txt,30.993,0.250,7.748,1,0.906,11.70,0.906,6.594,0.141
14,ec.gp.GPIndividual@1227441463{-586536300},3C_20_80-03.txt,169.439,0.250,42.360,2,7.188,16.97,3.594,6.594,0.141
14,ec.gp.GPIndividual@1227441463{-586536300},3C_20_66-01.txt,7.322,0.250,1.831,3,4.313,235.59,1.438,6.594,0.141
14,ec.gp.GPIndividual@1227441463{-586536300},3C_20_66-01.txt,7.322,0.250,1.831,1,0.281,15.36,0.281,6.594,0.141
14,ec.gp.GPIndividual@1227441463{-586536300},3C_20_66-02.txt,154.245,0.250,38.561,16,42.469,110.13,2.654,7.734,0.141
14,ec.gp.GPIndividual@1227441463{-586536300},3C_20_66-03.txt,118.340,0.250,29.585,1,10.156,34.33,10.156,10.156,0.141
14,ec.gp.GPIndividual@3511953{-584455623},3C_20_50-02.txt,61.404,0.250,15.351,2,14.734,95.98,7.367,14.734,0.000
14,ec.gp.GPIndividual@3511953{-584455623},3C_20_66-02.txt,154.245,0.250,38.561,2,1.156,3.00,0.578,14.734,0.000
14,ec.gp.GPIndividual@3511953{-584455623},3C_20_66-02.txt,154.245,0.250,38.561,2,4.641,12.03,2.320,14.734,0.000
14,ec.gp.GPIndividual@3511953{-584455623},3C_20_66-01.txt,7.322,0.250,1.831,2,3.516,192.05,1.758,14.734,0.000
14,ec.gp.GPIndividual@3511953{-584455623},3C_20_66-03.txt,118.340,0.250,29.585,1,0.250,0.85,0.250,14.734,0.000
14,ec.gp.GPIndividual@3511953{-584455623},3C_20_50-03.txt,30.993,0.250,7.748,5,9.688,125.03,1.938,14.734,0.000
14,ec.gp.GPIndividual@3511953{-584455623},3C_20_80-01.txt,4.194,0.250,1.049,1,1.188,113.24,1.188,14.734,0.000
14,ec.gp.GPIndividual@3511953{-584455623},3C_20_66-03.txt,118.340,0.250,29.585,3,4.578,15.47,1.526,14.734,0.000
14,ec.gp.GPIndividual@3511953{-584455623},3C_20_66-01.txt,7.322,0.250,1.831,2,1.766,96.45,0.883,14.734,0.000
14,ec.gp.GPIndividual@3511953{-584455623},3C_20_66-02.txt,154.245,0.250,38.561,17,35.859,92.99,2.109,14.734,0.000
14,ec.gp.GPIndividual@3511953{-584455623},3C_20_66-03.txt,118.340,0.250,29.585,1,4.750,16.06,4.750,14.734,0.000
14,ec.gp.GPIndividual@3511953{-584455623},3C_20_80-01.txt,4.194,0.250,1.049,4,0.859,81.95,0.215,14.734,0.000
14,ec.gp.GPIndividual@3511953{-584455623},3C_20_80-02.txt,35.738,0.250,8.935,1,8.453,94.61,8.453,14.734,0.000
14,ec.gp.GPIndividual@3511953{-584455623},3C_20_80-01.txt,4.194,0.250,1.049,1,2.813,268.21,2.813,14.734,0.000
14,ec.gp.GPIndividual@3511953{-584455623},3C_20_80-02.txt,35.738,0.250,8.935,8,22.750,254.63,2.844,14.953,0.000
14,ec.gp.GPIndividual@3511953{-584455623},3C_20_66-02.txt,154.245,0.250,38.561,1,0.594,1.54,0.594,14.953,0.000
14,ec.gp.GPIndividual@3511953{-584455623},3C_20_80-03.txt,169.439,0.250,42.360,2,5.375,12.69,2.688,14.953,0.000
14,ec.gp.GPIndividual@3511953{-584455623},3C_20_80-02.txt,35.738,0.250,8.935,7,9.297,104.06,1.328,14.953,0.000
14,ec.gp.GPIndividual@3511953{-584455623},3C_20_80-03.txt,169.439,0.250,42.360,2,3.172,7.49,1.586,14.953,0.000
14,ec.gp.GPIndividual@3511953{-584455623},3C_20_66-03.txt,118.340,0.250,29.585,1,0.672,2.27,0.672,14.953,0.000
14,ec.gp.GPIndividual@3511953{-584455623},3C_20_80-03.txt,169.439,0.250,42.360,6,37.750,89.12,6.292,15.828,0.000
14,ec.gp.GPIndividual@3511953{-584455623},3C_20_80-01.txt,4.194,0.250,1.049,1,8.234,785.26,8.234,15.828,0.000
14,ec.gp.GPIndividual@3511953{-584455623},3C_20_80-01.txt,4.194,0.250,1.049,1,0.422,40.23,0.422,15.828,0.000
14,ec.gp.GPIndividual@3511953{-584455623},3C_20_80-02.txt,35.738,0.250,8.935,1,11.328,126.79,11.328,15.828,0.000
14,ec.gp.GPIndividual@809519719{-586536300},3C_20_50-02.txt,61.404,0.250,15.351,2,15.734,102.50,7.867,15.188,0.547
14,ec.gp.GPIndividual@1923978060{1341777845},3C_20_50-02.txt,61.404,0.250,15.351,12,13.375,87.13,1.115,2.422,0.203
14,ec.gp.GPIndividual@1923978060{1341777845},3C_20_80-02.txt,35.738,0.250,8.935,2,3.375,37.77,1.688,2.422,0.203
14,ec.gp.GPIndividual@1923978060{1341777845},3C_20_80-03.txt,169.439,0.250,42.360,10,29.141,68.79,2.914,8.859,0.203
14,ec.gp.GPIndividual@1923978060{1341777845},3C_20_66-01.txt,7.322,0.250,1.831,1,11.406,623.11,11.406,11.406,0.203
14,ec.gp.GPIndividual@1388741171{-764203288},3C_20_50-02.txt,61.404,0.250,15.351,9,13.625,88.76,1.514,2.891,0.125
14,ec.gp.GPIndividual@1388741171{-764203288},3C_20_66-01.txt,7.322,0.250,1.831,1,1.656,90.48,1.656,2.891,0.125
14,ec.gp.GPIndividual@1388741171{-764203288},3C_20_80-01.txt,4.194,0.250,1.049,5,1.047,99.83,0.209,2.891,0.000
14,ec.gp.GPIndividual@1388741171{-764203288},3C_20_80-02.txt,35.738,0.250,8.935,2,3.656,40.92,1.828,3.344,0.000
14,ec.gp.GPIndividual@1388741171{-764203288},3C_20_50-03.txt,30.993,0.250,7.748,3,2.125,27.43,0.708,3.344,0.000
14,ec.gp.GPIndividual@1388741171{-764203288},3C_20_66-02.txt,154.245,0.250,38.561,13,27.859,72.25,2.143,13.078,0.000
14,ec.gp.GPIndividual@1388741171{-764203288},3C_20_80-03.txt,169.439,0.250,42.360,2,21.906,51.71,10.953,13.078,0.000
14,ec.gp.GPIndividual@1388741171{-764203288},3C_20_66-01.txt,7.322,0.250,1.831,2,2.906,158.76,1.453,13.078,0.000
14,ec.gp.GPIndividual@1750467499{-1809602500},3C_20_50-02.txt,61.404,0.250,15.351,6,10.219,66.57,1.703,5.766,0.031
14,ec.gp.GPIndividual@1750467499{-1809602500},3C_20_50-03.txt,30.993,0.250,7.748,5,5.969,77.03,1.194,5.766,0.031
14,ec.gp.GPIndividual@1750467499{-1809602500},3C_20_66-01.txt,7.322,0.250,1.831,6,1.438,78.53,0.240,5.766,0.031
14,ec.gp.GPIndividual@1750467499{-1809602500},3C_20_66-02.txt,154.245,0.250,38.561,10,32.469,84.20,3.247,10.766,0.031
14,ec.gp.GPIndividual@1750467499{-1809602500},3C_20_66-03.txt,118.340,0.250,29.585,6,24.016,81.18,4.003,10.766,0.031
14,ec.gp.GPIndividual@1750467499{-1809602500},3C_20_80-01.txt,4.194,0.250,1.049,4,0.813,77.48,0.203,10.766,0.031
14,ec.gp.GPIndividual@1750467499{-1809602500},3C_20_80-02.txt,35.738,0.250,8.935,7,6.125,68.55,0.875,10.766,0.031
14,ec.gp.GPIndividual@1750467499{-1809602500},3C_20_80-03.txt,169.439,0.250,42.360,3,27.438,64.77,9.146,16.656,0.031
14,ec.gp.GPIndividual@1430849582{1049547496},3C_20_50-02.txt,61.404,0.250,15.351,5,6.750,43.97,1.350,5.750,0.031
14,ec.gp.GPIndividual@1430849582{1049547496},3C_20_50-03.txt,30.993,0.250,7.748,6,6.641,85.71,1.107,5.750,0.031
14,ec.gp.GPIndividual@1430849582{1049547496},3C_20_66-01.txt,7.322,0.250,1.831,5,1.156,63.16,0.231,5.750,0.031
14,ec.gp.GPIndividual@1430849582{1049547496},3C_20_66-02.txt,154.245,0.250,38.561,9,28.344,73.50,3.149,10.734,0.031
14,ec.gp.GPIndividual@1430849582{1049547496},3C_20_66-03.txt,118.340,0.250,29.585,5,20.188,68.24,4.038,10.734,0.031
14,ec.gp.GPIndividual@1430849582{1049547496},3C_20_80-01.txt,4.194,0.250,1.049,3,0.656,62.58,0.219,10.734,0.031
14,ec.gp.GPIndividual@1430849582{1049547496},3C_20_80-02.txt,35.738,0.250,8.935,6,4.188,46.87,0.698,10.734,0.031
14,ec.gp.GPIndividual@1430849582{1049547496},3C_20_80-03.txt,169.439,0.250,42.360,2,17.422,41.13,8.711,16.656,0.031
14,ec.gp.GPIndividual@1327641696{1948675049},3C_20_50-02.txt,61.404,0.250,15.351,0,0.000,0.00,0.000,0.000,0.000
14,ec.gp.GPIndividual@1327641696{1948675049},3C_20_50-03.txt,30.993,0.250,7.748,0,0.000,0.00,0.000,0.000,0.000
14,ec.gp.GPIndividual@1327641696{1948675049},3C_20_66-01.txt,7.322,0.250,1.831,0,0.000,0.00,0.000,0.000,0.000
14,ec.gp.GPIndividual@1327641696{1948675049},3C_20_66-02.txt,154.245,0.250,38.561,0,0.000,0.00,0.000,0.000,0.000
14,ec.gp.GPIndividual@1327641696{1948675049},3C_20_66-03.txt,118.340,0.250,29.585,0,0.000,0.00,0.000,0.000,0.000
14,ec.gp.GPIndividual@1327641696{1948675049},3C_20_80-01.txt,4.194,0.250,1.049,0,0.000,0.00,0.000,0.000,0.000
14,ec.gp.GPIndividual@1327641696{1948675049},3C_20_80-02.txt,35.738,0.250,8.935,0,0.000,0.00,0.000,0.000,0.000
14,ec.gp.GPIndividual@1327641696{1948675049},3C_20_80-03.txt,169.439,0.250,42.360,0,0.000,0.00,0.000,0.000,0.000
15,ec.gp.GPIndividual@2046126370{1048138029},3C_20_50-02.txt,61.404,0.250,15.351,0,0.000,0.00,0.000,0.000,0.000
15,ec.gp.GPIndividual@2046126370{1048138029},3C_20_50-03.txt,30.993,0.250,7.748,0,0.000,0.00,0.000,0.000,0.000
15,ec.gp.GPIndividual@2046126370{1048138029},3C_20_66-01.txt,7.322,0.250,1.831,0,0.000,0.00,0.000,0.000,0.000
15,ec.gp.GPIndividual@2046126370{1048138029},3C_20_66-02.txt,154.245,0.250,38.561,0,0.000,0.00,0.000,0.000,0.000
15,ec.gp.GPIndividual@2046126370{1048138029},3C_20_66-03.txt,118.340,0.250,29.585,0,0.000,0.00,0.000,0.000,0.000
15,ec.gp.GPIndividual@2046126370{1048138029},3C_20_80-01.txt,4.194,0.250,1.049,0,0.000,0.00,0.000,0.000,0.000
15,ec.gp.GPIndividual@2046126370{1048138029},3C_20_80-02.txt,35.738,0.250,8.935,0,0.000,0.00,0.000,0.000,0.000
15,ec.gp.GPIndividual@2046126370{1048138029},3C_20_80-03.txt,169.439,0.250,42.360,0,0.000,0.00,0.000,0.000,0.000
15,ec.gp.GPIndividual@152626154{242335597},3C_20_50-02.txt,61.404,0.250,15.351,0,0.000,0.00,0.000,0.000,0.000
15,ec.gp.GPIndividual@152626154{242335597},3C_20_50-03.txt,30.993,0.250,7.748,0,0.000,0.00,0.000,0.000,0.000
15,ec.gp.GPIndividual@152626154{242335597},3C_20_66-01.txt,7.322,0.250,1.831,0,0.000,0.00,0.000,0.000,0.000
15,ec.gp.GPIndividual@152626154{242335597},3C_20_66-02.txt,154.245,0.250,38.561,0,0.000,0.00,0.000,0.000,0.000
15,ec.gp.GPIndividual@152626154{242335597},3C_20_50-03.txt,30.993,0.250,7.748,0,0.000,0.00,0.000,0.000,0.000
15,ec.gp.GPIndividual@152626154{242335597},3C_20_66-03.txt,118.340,0.250,29.585,0,0.000,0.00,0.000,0.000,0.000
15,ec.gp.GPIndividual@152626154{242335597},3C_20_80-01.txt,4.194,0.250,1.049,0,0.000,0.00,0.000,0.000,0.000
15,ec.gp.GPIndividual@152626154{242335597},3C_20_66-01.txt,7.322,0.250,1.831,0,0.000,0.00,0.000,0.000,0.000
15,ec.gp.GPIndividual@152626154{242335597},3C_20_80-02.txt,35.738,0.250,8.935,0,0.000,0.00,0.000,0.000,0.000
15,ec.gp.GPIndividual@152626154{242335597},3C_20_80-03.txt,169.439,0.250,42.360,0,0.000,0.00,0.000,0.000,0.000
15,ec.gp.GPIndividual@1612537493{-737136249},3C_20_50-02.txt,61.404,0.250,15.351,0,0.000,0.00,0.000,0.000,0.000
15,ec.gp.GPIndividual@1612537493{-737136249},3C_20_66-02.txt,154.245,0.250,38.561,0,0.000,0.00,0.000,0.000,0.000
15,ec.gp.GPIndividual@1612537493{-737136249},3C_20_66-03.txt,118.340,0.250,29.585,0,0.000,0.00,0.000,0.000,0.000
15,ec.gp.GPIndividual@1612537493{-737136249},3C_20_80-01.txt,4.194,0.250,1.049,0,0.000,0.00,0.000,0.000,0.000
15,ec.gp.GPIndividual@1612537493{-737136249},3C_20_80-02.txt,35.738,0.250,8.935,0,0.000,0.00,0.000,0.000,0.000
15,ec.gp.GPIndividual@1612537493{-737136249},3C_20_80-03.txt,169.439,0.250,42.360,0,0.000,0.00,0.000,0.000,0.000
15,ec.gp.GPIndividual@1685125771{681569151},3C_20_50-02.txt,61.404,0.250,15.351,2,0.719,4.68,0.359,0.359,0.359
15,ec.gp.GPIndividual@1685125771{681569151},3C_20_50-03.txt,30.993,0.250,7.748,8,8.250,106.48,1.031,1.797,0.266
15,ec.gp.GPIndividual@1685125771{681569151},3C_20_50-03.txt,30.993,0.250,7.748,2,2.359,30.45,1.180,1.797,0.266
15,ec.gp.GPIndividual@1685125771{681569151},3C_20_50-03.txt,30.993,0.250,7.748,2,1.391,17.95,0.695,1.797,0.000
15,ec.gp.GPIndividual@1685125771{681569151},3C_20_50-03.txt,30.993,0.250,7.748,1,3.188,41.14,3.188,3.188,0.000
15,ec.gp.GPIndividual@1685125771{681569151},3C_20_66-01.txt,7.322,0.250,1.831,1,1.953,106.70,1.953,3.188,0.000
15,ec.gp.GPIndividual@1685125771{681569151},3C_20_50-03.txt,30.993,0.250,7.748,1,0.844,10.89,0.844,3.188,0.000
15,ec.gp.GPIndividual@1685125771{681569151},3C_20_66-02.txt,154.245,0.250,38.561,5,14.516,37.64,2.903,3.188,0.000
15,ec.gp.GPIndividual@1685125771{681569151},3C_20_66-03.txt,118.340,0.250,29.585,7,31.359,106.00,4.480,6.375,0.000
15,ec.gp.GPIndividual@1685125771{681569151},3C_20_80-01.txt,4.194,0.250,1.049,1,1.984,189.24,1.984,6.375,0.000
15,ec.gp.GPIndividual@1685125771{681569151},3C_20_66-01.txt,7.322,0.250,1.831,1,0.516,28.17,0.516,6.375,0.000
15,ec.gp.GPIndividual@1685125771{681569151},3C_20_80-02.txt,35.738,0.250,8.935,3,4.625,51.77,1.542,6.375,0.000
15,ec.gp.GPIndividual@1685125771{681569151},3C_20_66-01.txt,7.322,0.250,1.831,2,1.953,106.70,0.977,6.375,0.000
15,ec.gp.GPIndividual@1685125771{681569151},3C_20_66-02.txt,154.245,0.250,38.561,1,5.547,14.38,5.547,6.375,0.000
15,ec.gp.GPIndividual@1685125771{681569151},3C_20_66-01.txt,7.322,0.250,1.831,1,0.328,17.92,0.328,6.375,0.000
15,ec.gp.GPIndividual@1685125771{681569151},3C_20_66-02.txt,154.245,0.250,38.561,1,2.094,5.43,2.094,6.375,0.000
15,ec.gp.GPIndividual@1685125771{681569151},3C_20_80-03.txt,169.439,0.250,42.360,4,18.047,42.60,4.512,9.063,0.000
15,ec.gp.GPIndividual@1685125771{681569151},3C_20_50-03.txt,30.993,0.250,7.748,5,7.875,101.64,1.575,9.063,0.000
15,ec.gp.GPIndividual@1685125771{681569151},3C_20_66-03.txt,118.340,0.250,29.585,1,0.703,2.38,0.703,9.063,0.000
15,ec.gp.GPIndividual@1685125771{681569151},3C_20_66-02.txt,154.245,0.250,38.561,3,5.844,15.15,1.948,9.063,0.000
15,ec.gp.GPIndividual@1685125771{681569151},3C_20_66-03.txt,118.340,0.250,29.585,1,5.797,19.59,5.797,9.063,0.000
15,ec.gp.GPIndividual@344822431{1372177086},3C_20_50-02.txt,61.404,0.250,15.351,0,0.000,0.00,0.000,0.000,0.000
15,ec.gp.GPIndividual@344822431{1372177086},3C_20_50-03.txt,30.993,0.250,7.748,0,0.000,0.00,0.000,0.000,0.000
15,ec.gp.GPIndividual@344822431{1372177086},3C_20_66-01.txt,7.322,0.250,1.831,0,0.000,0.00,0.000,0.000,0.000
15,ec.gp.GPIndividual@344822431{1372177086},3C_20_66-02.txt,154.245,0.250,38.561,0,0.000,0.00,0.000,0.000,0.000
15,ec.gp.GPIndividual@344822431{1372177086},3C_20_66-03.txt,118.340,0.250,29.585,0,0.000,0.00,0.000,0.000,0.000
15,ec.gp.GPIndividual@344822431{1372177086},3C_20_80-01.txt,4.194,0.250,1.049,0,0.000,0.00,0.000,0.000,0.000
15,ec.gp.GPIndividual@344822431{1372177086},3C_20_80-02.txt,35.738,0.250,8.935,0,0.000,0.00,0.000,0.000,0.000
15,ec.gp.GPIndividual@344822431{1372177086},3C_20_80-03.txt,169.439,0.250,42.360,0,0.000,0.00,0.000,0.000,0.000
15,ec.gp.GPIndividual@1246901594{-1790952595},3C_20_50-02.txt,61.404,0.250,15.351,7,21.313,138.83,3.045,9.094,0.516
15,ec.gp.GPIndividual@1246901594{-1790952595},3C_20_66-01.txt,7.322,0.250,1.831,1,6.063,331.19,6.063,9.094,0.516
15,ec.gp.GPIndividual@1246901594{-1790952595},3C_20_80-01.txt,4.194,0.250,1.049,3,0.828,78.97,0.276,9.094,0.000
15,ec.gp.GPIndividual@1246901594{-1790952595},3C_20_80-02.txt,35.738,0.250,8.935,5,12.313,137.81,2.463,9.094,0.000
15,ec.gp.GPIndividual@1246901594{-1790952595},3C_20_80-01.txt,4.194,0.250,1.049,3,1.641,156.46,0.547,9.094,0.000
15,ec.gp.GPIndividual@1246901594{-1790952595},3C_20_66-02.txt,154.245,0.250,38.561,1,1.156,3.00,1.156,9.094,0.000
15,ec.gp.GPIndividual@1246901594{-1790952595},3C_20_66-01.txt,7.322,0.250,1.831,2,3.656,199.74,1.828,9.094,0.000
15,ec.gp.GPIndividual@1246901594{-1790952595},3C_20_80-03.txt,169.439,0.250,42.360,1,0.156,0.37,0.156,9.094,0.000
15,ec.gp.GPIndividual@1246901594{-1790952595},3C_20_66-03.txt,118.340,0.250,29.585,1,1.000,3.38,1.000,9.094,0.000
15,ec.gp.GPIndividual@1246901594{-1790952595},3C_20_80-02.txt,35.738,0.250,8.935,6,8.828,98.81,1.471,9.094,0.000
15,ec.gp.GPIndividual@1246901594{-1790952595},3C_20_80-03.txt,169.439,0.250,42.360,3,5.141,12.14,1.714,9.094,0.000
15,ec.gp.GPIndividual@1246901594{-1790952595},3C_20_50-03.txt,30.993,0.250,7.748,1,1.406,18.15,1.406,9.094,0.000
15,ec.gp.GPIndividual@1246901594{-1790952595},3C_20_66-03.txt,118.340,0.250,29.585,8,33.719,113.97,4.215,9.094,0.000
15,ec.gp.GPIndividual@1246901594{-1790952595},3C_20_80-01.txt,4.194,0.250,1.049,2,1.422,135.59,0.711,9.094,0.000
15,ec.gp.GPIndividual@1246901594{-1790952595},3C_20_80-01.txt,4.194,0.250,1.049,1,2.375,226.49,2.375,9.094,0.000
15,ec.gp.GPIndividual@1732638757{848686392},3C_20_50-02.txt,61.404,0.250,15.351,5,6.828,44.48,1.366,4.563,0.281
15,ec.gp.GPIndividual@1732638757{848686392},3C_20_80-02.txt,35.738,0.250,8.935,4,13.313,149.00,3.328,8.453,0.281
15,ec.gp.GPIndividual@1732638757{848686392},3C_20_66-02.txt,154.245,0.250,38.561,3,11.422,29.62,3.807,9.094,0.000
15,ec.gp.GPIndividual@1735083022{-211534176},3C_20_50-02.txt,61.404,0.250,15.351,5,10.328,67.28,2.066,4.406,0.500
15,ec.gp.GPIndividual@1735083022{-211534176},3C_20_80-02.txt,35.738,0.250,8.935,5,10.594,118.57,2.119,4.406,0.500
15,ec.gp.GPIndividual@1735083022{-211534176},3C_20_50-03.txt,30.993,0.250,7.748,2,1.906,24.60,0.953,4.406,0.500
15,ec.gp.GPIndividual@1735083022{-211534176},3C_20_80-03.txt,169.439,0.250,42.360,1,1.375,3.25,1.375,4.406,0.500
15,ec.gp.GPIndividual@1735083022{-211534176},3C_20_80-03.txt,169.439,0.250,42.360,2,6.313,14.90,3.156,4.406,0.500
15,ec.gp.GPIndividual@1735083022{-211534176},3C_20_66-01.txt,7.322,0.250,1.831,2,1.516,82.80,0.758,4.406,0.328
15,ec.gp.GPIndividual@1735083022{-211534176},3C_20_66-03.txt,118.340,0.250,29.585,3,6.359,21.50,2.120,4.406,0.328
15,ec.gp.GPIndividual@1735083022{-211534176},3C_20_50-03.txt,30.993,0.250,7.748,3,8.609,111.12,2.870,6.078,0.328
15,ec.gp.GPIndividual@1762541582{965183412},3C_20_50-02.txt,61.404,0.250,15.351,5,15.641,101.89,3.128,6.156,0.391
15,ec.gp.GPIndividual@1762541582{965183412},3C_20_66-01.txt,7.322,0.250,1.831,2,7.313,399.47,3.656,6.156,0.391
15,ec.gp.GPIndividual@1762541582{965183412},3C_20_80-01.txt,4.194,0.250,1.049,3,1.469,140.06,0.490,6.156,0.313
15,ec.gp.GPIndividual@1762541582{965183412},3C_20_66-02.txt,154.245,0.250,38.561,6,8.766,22.73,1.461,6.156,0.313
15,ec.gp.GPIndividual@1762541582{965183412},3C_20_50-03.txt,30.993,0.250,7.748,1,3.859,49.81,3.859,6.156,0.313
15,ec.gp.GPIndividual@264231034{852369206},3C_20_50-02.txt,61.404,0.250,15.351,4,5.625,36.64,1.406,2.234,0.484
15,ec.gp.GPIndividual@264231034{852369206},3C_20_66-02.txt,154.245,0.250,38.561,6,14.969,38.82,2.495,4.594,0.484
15,ec.gp.GPIndividual@264231034{852369206},3C_20_66-01.txt,7.322,0.250,1.831,3,2.906,158.76,0.969,4.594,0.484
15,ec.gp.GPIndividual@264231034{852369206},3C_20_66-03.txt,118.340,0.250,29.585,4,8.250,27.89,2.063,4.594,0.250
15,ec.gp.GPIndividual@264231034{852369206},3C_20_66-02.txt,154.245,0.250,38.561,16,43.266,112.20,2.704,7.391,0.250
15,ec.gp.GPIndividual@264231034{852369206},3C_20_66-01.txt,7.322,0.250,1.831,3,2.000,109.26,0.667,7.391,0.172
15,ec.gp.GPIndividual@264231034{852369206},3C_20_80-01.txt,4.194,0.250,1.049,2,3.234,308.44,1.617,7.391,0.172
15,ec.gp.GPIndividual@264231034{852369206},3C_20_66-03.txt,118.340,0.250,29.585,1,0.328,1.11,0.328,7.391,0.172
15,ec.gp.GPIndividual@264231034{852369206},3C_20_66-02.txt,154.245,0.250,38.561,2,6.938,17.99,3.469,7.391,0.172
15,ec.gp.GPIndividual@264231034{852369206},3C_20_80-02.txt,35.738,0.250,8.935,1,7.844,87.79,7.844,7.844,0.172
15,ec.gp.GPIndividual@264231034{852369206},3C_20_66-03.txt,118.340,0.250,29.585,2,11.750,39.72,5.875,10.547,0.172
15,ec.gp.GPIndividual@264231034{852369206},3C_20_50-03.txt,30.993,0.250,7.748,5,8.203,105.87,1.641,10.547,0.172
15,ec.gp.GPIndividual@264231034{852369206},3C_20_66-03.txt,118.340,0.250,29.585,1,0.328,1.11,0.328,10.547,0.172
15,ec.gp.GPIndividual@264231034{852369206},3C_20_80-02.txt,35.738,0.250,8.935,1,1.391,15.56,1.391,10.547,0.172
15,ec.gp.GPIndividual@264231034{852369206},3C_20_80-03.txt,169.439,0.250,42.360,11,43.063,101.66,3.915,10.547,0.172
15,ec.gp.GPIndividual@42910588{-1496906263},3C_20_50-02.txt,61.404,0.250,15.351,5,11.031,71.86,2.206,3.547,0.500
15,ec.gp.GPIndividual@42910588{-1496906263},3C_20_80-01.txt,4.194,0.250,1.049,3,1.047,99.83,0.349,3.547,0.172
15,ec.gp.GPIndividual@42910588{-1496906263},3C_20_80-02.txt,35.738,0.250,8.935,1,5.516,61.73,5.516,5.516,0.172
15,ec.gp.GPIndividual@42910588{-1496906263},3C_20_80-01.txt,4.194,0.250,1.049,1,2.484,236.92,2.484,5.516,0.172
15,ec.gp.GPIndividual@42910588{-1496906263},3C_20_50-03.txt,30.993,0.250,7.748,2,5.344,68.97,2.672,5.516,0.172
15,ec.gp.GPIndividual@42910588{-1496906263},3C_20_80-01.txt,4.194,0.250,1.049,2,4.344,414.23,2.172,5.516,0.172
15,ec.gp.GPIndividual@42910588{-1496906263},3C_20_80-03.txt,169.439,0.250,42.360,3,9.406,22.21,3.135,7.000,0.172
15,ec.gp.GPIndividual@42910588{-1496906263},3C_20_66-01.txt,7.322,0.250,1.831,2,1.484,81.09,0.742,7.000,0.172
15,ec.gp.GPIndividual@42910588{-1496906263},3C_20_80-02.txt,35.738,0.250,8.935,7,9.063,101.43,1.295,7.000,0.172
15,ec.gp.GPIndividual@42910588{-1496906263},3C_20_80-03.txt,169.439,0.250,42.360,2,3.484,8.23,1.742,7.000,0.172
15,ec.gp.GPIndividual@42910588{-1496906263},3C_20_80-02.txt,35.738,0.250,8.935,6,12.594,140.96,2.099,7.000,0.172
15,ec.gp.GPIndividual@1151258378{-1296981084},3C_20_50-02.txt,61.404,0.250,15.351,0,0.000,0.00,0.000,0.000,0.000
15,ec.gp.GPIndividual@1151258378{-1296981084},3C_20_50-03.txt,30.993,0.250,7.748,0,0.000,0.00,0.000,0.000,0.000
15,ec.gp.GPIndividual@1151258378{-1296981084},3C_20_66-01.txt,7.322,0.250,1.831,0,0.000,0.00,0.000,0.000,0.000
15,ec.gp.GPIndividual@1151258378{-1296981084},3C_20_66-02.txt,154.245,0.250,38.561,0,0.000,0.00,0.000,0.000,0.000
15,ec.gp.GPIndividual@1151258378{-1296981084},3C_20_66-03.txt,118.340,0.250,29.585,0,0.000,0.00,0.000,0.000,0.000
15,ec.gp.GPIndividual@1151258378{-1296981084},3C_20_80-01.txt,4.194,0.250,1.049,0,0.000,0.00,0.000,0.000,0.000
15,ec.gp.GPIndividual@1151258378{-1296981084},3C_20_80-02.txt,35.738,0.250,8.935,0,0.000,0.00,0.000,0.000,0.000
15,ec.gp.GPIndividual@1151258378{-1296981084},3C_20_80-03.txt,169.439,0.250,42.360,0,0.000,0.00,0.000,0.000,0.000
15,ec.gp.GPIndividual@173499328{1542894012},3C_20_50-02.txt,61.404,0.250,15.351,3,2.781,18.12,0.927,1.609,0.328
15,ec.gp.GPIndividual@173499328{1542894012},3C_20_66-02.txt,154.245,0.250,38.561,2,4.328,11.22,2.164,3.313,0.328
15,ec.gp.GPIndividual@173499328{1542894012},3C_20_66-01.txt,7.322,0.250,1.831,2,2.234,122.06,1.117,3.313,0.328
15,ec.gp.GPIndividual@173499328{1542894012},3C_20_66-02.txt,154.245,0.250,38.561,1,0.344,0.89,0.344,3.313,0.328
15,ec.gp.GPIndividual@173499328{1542894012},3C_20_80-03.txt,169.439,0.250,42.360,19,42.016,99.19,2.211,6.094,0.328
15,ec.gp.GPIndividual@173499328{1542894012},3C_20_66-03.txt,118.340,0.250,29.585,1,2.938,9.93,2.938,6.094,0.328
15,ec.gp.GPIndividual@1158179741{1295570354},3C_20_50-02.txt,61.404,0.250,15.351,1,0.000,0.00,0.000,0.000,0.000
15,ec.gp.GPIndividual@1158179741{1295570354},3C_20_50-03.txt,30.993,0.250,7.748,1,0.000,0.00,0.000,0.000,0.000
15,ec.gp.GPIndividual@1158179741{1295570354},3C_20_66-01.txt,7.322,0.250,1.831,1,0.000,0.00,0.000,0.000,0.000
15,ec.gp.GPIndividual@1158179741{1295570354},3C_20_66-02.txt,154.245,0.250,38.561,1,0.000,0.00,0.000,0.000,0.000
15,ec.gp.GPIndividual@1158179741{1295570354},3C_20_66-03.txt,118.340,0.250,29.585,1,0.000,0.00,0.000,0.000,0.000
15,ec.gp.GPIndividual@1158179741{1295570354},3C_20_80-01.txt,4.194,0.250,1.049,1,0.000,0.00,0.000,0.000,0.000
15,ec.gp.GPIndividual@1158179741{1295570354},3C_20_80-02.txt,35.738,0.250,8.935,1,0.000,0.00,0.000,0.000,0.000
15,ec.gp.GPIndividual@1158179741{1295570354},3C_20_80-03.txt,169.439,0.250,42.360,1,0.000,0.00,0.000,0.000,0.000
15,ec.gp.GPIndividual@578647166{-933801032},3C_20_50-02.txt,61.404,0.250,15.351,0,0.000,0.00,0.000,0.000,0.000
15,ec.gp.GPIndividual@578647166{-933801032},3C_20_50-03.txt,30.993,0.250,7.748,0,0.000,0.00,0.000,0.000,0.000
15,ec.gp.GPIndividual@578647166{-933801032},3C_20_66-01.txt,7.322,0.250,1.831,0,0.000,0.00,0.000,0.000,0.000
15,ec.gp.GPIndividual@578647166{-933801032},3C_20_66-02.txt,154.245,0.250,38.561,0,0.000,0.00,0.000,0.000,0.000
15,ec.gp.GPIndividual@578647166{-933801032},3C_20_66-03.txt,118.340,0.250,29.585,0,0.000,0.00,0.000,0.000,0.000
15,ec.gp.GPIndividual@578647166{-933801032},3C_20_80-01.txt,4.194,0.250,1.049,0,0.000,0.00,0.000,0.000,0.000
15,ec.gp.GPIndividual@578647166{-933801032},3C_20_80-02.txt,35.738,0.250,8.935,0,0.000,0.00,0.000,0.000,0.000
15,ec.gp.GPIndividual@578647166{-933801032},3C_20_80-03.txt,169.439,0.250,42.360,0,0.000,0.00,0.000,0.000,0.000
15,ec.gp.GPIndividual@1126076669{542587524},3C_20_50-02.txt,61.404,0.250,15.351,1,0.875,5.70,0.875,0.875,0.875
15,ec.gp.GPIndividual@1126076669{542587524},3C_20_66-03.txt,118.340,0.250,29.585,3,8.484,28.68,2.828,6.047,0.594
15,ec.gp.GPIndividual@1126076669{542587524},3C_20_50-03.txt,30.993,0.250,7.748,1,8.938,115.35,8.938,8.938,0.594
15,ec.gp.GPIndividual@1126076669{542587524},3C_20_80-03.txt,169.439,0.250,42.360,1,12.609,29.77,12.609,12.609,0.594
15,ec.gp.GPIndividual@1787670757{-1542520517},3C_20_50-02.txt,61.404,0.250,15.351,5,18.438,120.11,3.688,6.188,0.344
15,ec.gp.GPIndividual@1787670757{-1542520517},3C_20_80-01.txt,4.194,0.250,1.049,2,2.594,247.35,1.297,6.188,0.344
15,ec.gp.GPIndividual@1787670757{-1542520517},3C_20_50-03.txt,30.993,0.250,7.748,2,1.703,21.98,0.852,6.188,0.328
15,ec.gp.GPIndividual@1787670757{-1542520517},3C_20_66-01.txt,7.322,0.250,1.831,1,2.938,160.47,2.938,6.188,0.328
15,ec.gp.GPIndividual@1787670757{-1542520517},3C_20_50-03.txt,30.993,0.250,7.748,2,3.438,44.37,1.719,6.188,0.328
15,ec.gp.GPIndividual@1787670757{-1542520517},3C_20_80-01.txt,4.194,0.250,1.049,1,1.203,114.73,1.203,6.188,0.328
15,ec.gp.GPIndividual@1787670757{-1542520517},3C_20_80-02.txt,35.738,0.250,8.935,4,7.938,88.84,1.984,6.188,0.328
15,ec.gp.GPIndividual@1787670757{-1542520517},3C_20_66-02.txt,154.245,0.250,38.561,1,1.047,2.71,1.047,6.188,0.328
15,ec.gp.GPIndividual@1953500194{-435071813},3C_20_50-02.txt,61.404,0.250,15.351,9,16.500,107.48,1.833,3.266,0.469
15,ec.gp.GPIndividual@1953500194{-435071813},3C_20_50-03.txt,30.993,0.250,7.748,1,0.344,4.44,0.344,3.266,0.344
15,ec.gp.GPIndividual@1953500194{-435071813},3C_20_66-03.txt,118.340,0.250,29.585,1,1.188,4.01,1.188,3.266,0.344
15,ec.gp.GPIndividual@1953500194{-435071813},3C_20_80-03.txt,169.439,0.250,42.360,1,1.531,3.61,1.531,3.266,0.344
15,ec.gp.GPIndividual@1953500194{-435071813},3C_20_80-02.txt,35.738,0.250,8.935,4,9.453,105.80,2.363,4.031,0.000
15,ec.gp.GPIndividual@1953500194{-435071813},3C_20_66-01.txt,7.322,0.250,1.831,1,2.344,128.04,2.344,4.031,0.000
15,ec.gp.GPIndividual@1953500194{-435071813},3C_20_80-03.txt,169.439,0.250,42.360,3,4.641,10.96,1.547,4.031,0.000
15,ec.gp.GPIndividual@1953500194{-435071813},3C_20_66-01.txt,7.322,0.250,1.831,3,1.938,105.84,0.646,4.031,0.000
15,ec.gp.GPIndividual@1953500194{-435071813},3C_20_66-02.txt,154.245,0.250,38.561,1,0.484,1.26,0.484,4.031,0.000
15,ec.gp.GPIndividual@1953500194{-435071813},3C_20_66-02.txt,154.245,0.250,38.561,9,36.547,94.78,4.061,7.047,0.000
15,ec.gp.GPIndividual@1953500194{-435071813},3C_20_66-01.txt,7.322,0.250,1.831,3,1.703,93.04,0.568,7.047,0.000
15,ec.gp.GPIndividual@1953500194{-435071813},3C_20_66-03.txt,118.340,0.250,29.585,5,8.609,29.10,1.722,7.047,0.000
15,ec.gp.GPIndividual@1953500194{-435071813},3C_20_80-01.txt,4.194,0.250,1.049,2,1.969,187.75,0.984,7.047,0.000
15,ec.gp.GPIndividual@1953500194{-435071813},3C_20_66-02.txt,154.245,0.250,38.561,2,1.734,4.50,0.867,7.047,0.000
15,ec.gp.GPIndividual@1953500194{-435071813},3C_20_80-02.txt,35.738,0.250,8.935,1,5.234,58.59,5.234,7.047,0.000
15,ec.gp.GPIndividual@774069410{58760576},3C_20_50-02.txt,61.404,0.250,15.351,0,0.000,0.00,0.000,0.000,0.000
15,ec.gp.GPIndividual@774069410{58760576},3C_20_50-03.txt,30.993,0.250,7.748,0,0.000,0.00,0.000,0.000,0.000
15,ec.gp.GPIndividual@774069410{58760576},3C_20_66-01.txt,7.322,0.250,1.831,0,0.000,0.00,0.000,0.000,0.000
15,ec.gp.GPIndividual@774069410{58760576},3C_20_66-02.txt,154.245,0.250,38.561,0,0.000,0.00,0.000,0.000,0.000
15,ec.gp.GPIndividual@774069410{58760576},3C_20_66-03.txt,118.340,0.250,29.585,0,0.000,0.00,0.000,0.000,0.000
15,ec.gp.GPIndividual@774069410{58760576},3C_20_80-01.txt,4.194,0.250,1.049,0,0.000,0.00,0.000,0.000,0.000
15,ec.gp.GPIndividual@774069410{58760576},3C_20_80-02.txt,35.738,0.250,8.935,0,0.000,0.00,0.000,0.000,0.000
15,ec.gp.GPIndividual@774069410{58760576},3C_20_80-03.txt,169.439,0.250,42.360,0,0.000,0.00,0.000,0.000,0.000
15,ec.gp.GPIndividual@252879187{-1129521473},3C_20_50-02.txt,61.404,0.250,15.351,6,15.516,101.07,2.586,4.609,0.281
15,ec.gp.GPIndividual@1924534655{-68989113},3C_20_50-02.txt,61.404,0.250,15.351,2,2.250,14.66,1.125,1.813,0.438
15,ec.gp.GPIndividual@1924534655{-68989113},3C_20_50-03.txt,30.993,0.250,7.748,2,4.219,54.45,2.109,2.844,0.438
15,ec.gp.GPIndividual@1924534655{-68989113},3C_20_80-01.txt,4.194,0.250,1.049,1,4.969,473.84,4.969,4.969,0.438
15,ec.gp.GPIndividual@1924534655{-68989113},3C_20_80-01.txt,4.194,0.250,1.049,3,1.234,117.71,0.411,4.969,0.266
15,ec.gp.GPIndividual@1924534655{-68989113},3C_20_80-02.txt,35.738,0.250,8.935,1,0.281,3.15,0.281,4.969,0.266
15,ec.gp.GPIndividual@1924534655{-68989113},3C_20_80-02.txt,35.738,0.250,8.935,1,1.828,20.46,1.828,4.969,0.266
15,ec.gp.GPIndividual@1924534655{-68989113},3C_20_50-03.txt,30.993,0.250,7.748,4,7.203,92.97,1.801,4.969,0.266
15,ec.gp.GPIndividual@1924534655{-68989113},3C_20_66-01.txt,7.322,0.250,1.831,2,2.172,118.65,1.086,4.969,0.266
15,ec.gp.GPIndividual@1924534655{-68989113},3C_20_80-03.txt,169.439,0.250,42.360,6,21.313,50.31,3.552,14.875,0.266
15,ec.gp.GPIndividual@1924534655{-68989113},3C_20_66-03.txt,118.340,0.250,29.585,10,26.469,89.47,2.647,14.875,0.266
15,ec.gp.GPIndividual@1924534655{-68989113},3C_20_66-01.txt,7.322,0.250,1.831,3,1.203,65.72,0.401,14.875,0.000
15,ec.gp.GPIndividual@1924534655{-68989113},3C_20_66-02.txt,154.245,0.250,38.561,1,6.469,16.78,6.469,14.875,0.000
15,ec.gp.GPIndividual@1487719585{917948461},3C_20_50-02.txt,61.404,0.250,15.351,0,0.000,0.00,0.000,0.000,0.000
15,ec.gp.GPIndividual@1487719585{917948461},3C_20_50-03.txt,30.993,0.250,7.748,0,0.000,0.00,0.000,0.000,0.000
15,ec.gp.GPIndividual@1487719585{917948461},3C_20_66-01.txt,7.322,0.250,1.831,0,0.000,0.00,0.000,0.000,0.000
15,ec.gp.GPIndividual@1487719585{917948461},3C_20_66-02.txt,154.245,0.250,38.561,0,0.000,0.00,0.000,0.000,0.000
15,ec.gp.GPIndividual@1487719585{917948461},3C_20_66-03.txt,118.340,0.250,29.585,0,0.000,0.00,0.000,0.000,0.000
15,ec.gp.GPIndividual@1487719585{917948461},3C_20_80-01.txt,4.194,0.250,1.049,0,0.000,0.00,0.000,0.000,0.000
15,ec.gp.GPIndividual@1487719585{917948461},3C_20_80-02.txt,35.738,0.250,8.935,0,0.000,0.00,0.000,0.000,0.000
15,ec.gp.GPIndividual@1487719585{917948461},3C_20_80-03.txt,169.439,0.250,42.360,0,0.000,0.00,0.000,0.000,0.000
15,ec.gp.GPIndividual@761069885{-2059119031},3C_20_50-02.txt,61.404,0.250,15.351,2,3.578,23.31,1.789,3.297,0.281
15,ec.gp.GPIndividual@761069885{-2059119031},3C_20_80-01.txt,4.194,0.250,1.049,1,1.953,186.26,1.953,3.297,0.281
15,ec.gp.GPIndividual@761069885{-2059119031},3C_20_66-03.txt,118.340,0.250,29.585,4,12.500,42.25,3.125,9.750,0.281
15,ec.gp.GPIndividual@761069885{-2059119031},3C_20_66-02.txt,154.245,0.250,38.561,7,23.406,60.70,3.344,10.016,0.281
15,ec.gp.GPIndividual@761069885{-2059119031},3C_20_80-01.txt,4.194,0.250,1.049,2,3.453,329.30,1.727,10.016,0.281
15,ec.gp.GPIndividual@761069885{-2059119031},3C_20_80-02.txt,35.738,0.250,8.935,2,0.281,3.15,0.141,10.016,0.000
15,ec.gp.GPIndividual@761069885{-2059119031},3C_20_80-02.txt,35.738,0.250,8.935,4,5.969,66.81,1.492,10.016,0.000
15,ec.gp.GPIndividual@761069885{-2059119031},3C_20_80-03.txt,169.439,0.250,42.360,6,11.422,26.96,1.904,10.016,0.000
15,ec.gp.GPIndividual@2120808356{-1773075135},3C_20_50-02.txt,61.404,0.250,15.351,7,12.547,81.73,1.792,4.063,0.234
15,ec.gp.GPIndividual@2120808356{-1773075135},3C_20_66-01.txt,7.322,0.250,1.831,1,16.156,882.59,16.156,16.156,0.234
15,ec.gp.GPIndividual@2120808356{-1773075135},3C_20_66-03.txt,118.340,0.250,29.585,2,4.359,14.74,2.180,16.156,0.234
15,ec.gp.GPIndividual@2120808356{-1773075135},3C_20_50-03.txt,30.993,0.250,7.748,3,16.281,210.13,5.427,16.156,0.234
15,ec.gp.GPIndividual@2120808356{-1773075135},3C_20_80-03.txt,169.439,0.250,42.360,8,33.922,80.08,4.240,16.156,0.234
15,ec.gp.GPIndividual@2120808356{-1773075135},3C_20_80-01.txt,4.194,0.250,1.049,2,16.359,1560.08,8.180,16.156,0.234
15,ec.gp.GPIndividual@2120808356{-1773075135},3C_20_66-02.txt,154.245,0.250,38.561,1,0.313,0.81,0.313,16.156,0.234
15,ec.gp.GPIndividual@2120808356{-1773075135},3C_20_80-02.txt,35.738,0.250,8.935,1,13.094,146.55,13.094,16.156,0.234
15,ec.gp.GPIndividual@306306949{-199182656},3C_20_50-02.txt,61.404,0.250,15.351,9,15.766,102.70,1.752,8.250,0.188
15,ec.gp.GPIndividual@306306949{-199182656},3C_20_66-01.txt,7.322,0.250,1.831,2,1.281,69.99,0.641,8.250,0.188
15,ec.gp.GPIndividual@306306949{-199182656},3C_20_66-03.txt,118.340,0.250,29.585,10,21.906,74.05,2.191,10.047,0.188
15,ec.gp.GPIndividual@306306949{-199182656},3C_20_80-03.txt,169.439,0.250,42.360,1,10.516,24.82,10.516,10.516,0.188
15,ec.gp.GPIndividual@306306949{-199182656},3C_20_50-03.txt,30.993,0.250,7.748,1,9.391,121.20,9.391,10.516,0.188
15,ec.gp.GPIndividual@306306949{-199182656},3C_20_66-02.txt,154.245,0.250,38.561,1,7.141,18.52,7.141,10.516,0.188
15,ec.gp.GPIndividual@306306949{-199182656},3C_20_80-01.txt,4.194,0.250,1.049,3,2.313,220.53,0.771,10.516,0.188
15,ec.gp.GPIndividual@306306949{-199182656},3C_20_66-03.txt,118.340,0.250,29.585,2,0.203,0.69,0.102,10.516,0.000
15,ec.gp.GPIndividual@306306949{-199182656},3C_20_80-02.txt,35.738,0.250,8.935,4,8.000,89.54,2.000,10.516,0.000
15,ec.gp.GPIndividual@306306949{-199182656},3C_20_80-03.txt,169.439,0.250,42.360,1,1.188,2.80,1.188,10.516,0.000
15,ec.gp.GPIndividual@1817556632{-879453603},3C_20_50-02.txt,61.404,0.250,15.351,0,0.000,0.00,0.000,0.000,0.000
15,ec.gp.GPIndividual@1817556632{-879453603},3C_20_50-03.txt,30.993,0.250,7.748,0,0.000,0.00,0.000,0.000,0.000
15,ec.gp.GPIndividual@1817556632{-879453603},3C_20_66-01.txt,7.322,0.250,1.831,0,0.000,0.00,0.000,0.000,0.000
15,ec.gp.GPIndividual@1817556632{-879453603},3C_20_66-02.txt,154.245,0.250,38.561,0,0.000,0.00,0.000,0.000,0.000
15,ec.gp.GPIndividual@1817556632{-879453603},3C_20_66-03.txt,118.340,0.250,29.585,0,0.000,0.00,0.000,0.000,0.000
15,ec.gp.GPIndividual@1817556632{-879453603},3C_20_80-01.txt,4.194,0.250,1.049,0,0.000,0.00,0.000,0.000,0.000
15,ec.gp.GPIndividual@1817556632{-879453603},3C_20_80-02.txt,35.738,0.250,8.935,0,0.000,0.00,0.000,0.000,0.000
15,ec.gp.GPIndividual@1817556632{-879453603},3C_20_80-03.txt,169.439,0.250,42.360,0,0.000,0.00,0.000,0.000,0.000
15,ec.gp.GPIndividual@414453069{-395749857},3C_20_50-02.txt,61.404,0.250,15.351,8,14.766,96.19,1.846,3.406,0.219
15,ec.gp.GPIndividual@414453069{-395749857},3C_20_80-01.txt,4.194,0.250,1.049,2,2.125,202.65,1.063,3.406,0.219
15,ec.gp.GPIndividual@414453069{-395749857},3C_20_50-03.txt,30.993,0.250,7.748,1,1.422,18.35,1.422,3.406,0.219
15,ec.gp.GPIndividual@910699176{-1603927810},3C_20_50-02.txt,61.404,0.250,15.351,0,0.000,0.00,0.000,0.000,0.000
15,ec.gp.GPIndividual@910699176{-1603927810},3C_20_50-03.txt,30.993,0.250,7.748,0,0.000,0.00,0.000,0.000,0.000
15,ec.gp.GPIndividual@910699176{-1603927810},3C_20_66-01.txt,7.322,0.250,1.831,0,0.000,0.00,0.000,0.000,0.000
15,ec.gp.GPIndividual@910699176{-1603927810},3C_20_66-02.txt,154.245,0.250,38.561,0,0.000,0.00,0.000,0.000,0.000
15,ec.gp.GPIndividual@910699176{-1603927810},3C_20_66-03.txt,118.340,0.250,29.585,0,0.000,0.00,0.000,0.000,0.000
15,ec.gp.GPIndividual@910699176{-1603927810},3C_20_80-01.txt,4.194,0.250,1.049,1,0.313,29.80,0.313,0.313,0.313
15,ec.gp.GPIndividual@910699176{-1603927810},3C_20_80-02.txt,35.738,0.250,8.935,0,0.000,0.00,0.000,0.313,0.313
15,ec.gp.GPIndividual@910699176{-1603927810},3C_20_80-03.txt,169.439,0.250,42.360,0,0.000,0.00,0.000,0.313,0.313
15,ec.gp.GPIndividual@2009247131{-1802975457},3C_20_50-02.txt,61.404,0.250,15.351,2,15.031,97.92,7.516,14.922,0.109
15,ec.gp.GPIndividual@2009247131{-1802975457},3C_20_80-02.txt,35.738,0.250,8.935,9,6.500,72.75,0.722,14.922,0.109
15,ec.gp.GPIndividual@2009247131{-1802975457},3C_20_50-03.txt,30.993,0.250,7.748,1,1.938,25.01,1.938,14.922,0.109
15,ec.gp.GPIndividual@2009247131{-1802975457},3C_20_80-03.txt,169.439,0.250,42.360,6,30.000,70.82,5.000,15.844,0.109
15,ec.gp.GPIndividual@1057945494{-1284958172},3C_20_50-02.txt,61.404,0.250,15.351,7,10.219,66.57,1.460,5.766,0.000
15,ec.gp.GPIndividual@1057945494{-1284958172},3C_20_50-03.txt,30.993,0.250,7.748,8,7.078,91.35,0.885,5.766,0.000
15,ec.gp.GPIndividual@1057945494{-1284958172},3C_20_66-01.txt,7.322,0.250,1.831,7,1.453,79.38,0.208,5.766,0.000
15,ec.gp.GPIndividual@1057945494{-1284958172},3C_20_66-02.txt,154.245,0.250,38.561,11,32.469,84.20,2.952,10.750,0.000
15,ec.gp.GPIndividual@1057945494{-1284958172},3C_20_66-03.txt,118.340,0.250,29.585,7,23.984,81.07,3.426,10.750,0.000
15,ec.gp.GPIndividual@1057945494{-1284958172},3C_20_80-01.txt,4.194,0.250,1.049,5,0.844,80.46,0.169,10.750,0.000
15,ec.gp.GPIndividual@1057945494{-1284958172},3C_20_80-02.txt,35.738,0.250,8.935,8,6.125,68.55,0.766,10.750,0.000
15,ec.gp.GPIndividual@1057945494{-1284958172},3C_20_80-03.txt,169.439,0.250,42.360,4,27.406,64.70,6.852,16.656,0.000
16,ec.gp.GPIndividual@835038748{1997200397},3C_20_50-02.txt,61.404,0.250,15.351,0,0.000,0.00,0.000,0.000,0.000
16,ec.gp.GPIndividual@835038748{1997200397},3C_20_50-03.txt,30.993,0.250,7.748,0,0.000,0.00,0.000,0.000,0.000
16,ec.gp.GPIndividual@835038748{1997200397},3C_20_66-01.txt,7.322,0.250,1.831,0,0.000,0.00,0.000,0.000,0.000
16,ec.gp.GPIndividual@835038748{1997200397},3C_20_66-02.txt,154.245,0.250,38.561,0,0.000,0.00,0.000,0.000,0.000
16,ec.gp.GPIndividual@835038748{1997200397},3C_20_66-03.txt,118.340,0.250,29.585,0,0.000,0.00,0.000,0.000,0.000
16,ec.gp.GPIndividual@835038748{1997200397},3C_20_80-01.txt,4.194,0.250,1.049,0,0.000,0.00,0.000,0.000,0.000
16,ec.gp.GPIndividual@835038748{1997200397},3C_20_80-02.txt,35.738,0.250,8.935,0,0.000,0.00,0.000,0.000,0.000
16,ec.gp.GPIndividual@835038748{1997200397},3C_20_80-03.txt,169.439,0.250,42.360,0,0.000,0.00,0.000,0.000,0.000
16,ec.gp.GPIndividual@1472904790{-1565648126},3C_20_50-02.txt,61.404,0.250,15.351,13,14.047,91.50,1.081,1.844,0.391
16,ec.gp.GPIndividual@1472904790{-1565648126},3C_20_50-03.txt,30.993,0.250,7.748,4,9.203,118.78,2.301,2.484,0.391
16,ec.gp.GPIndividual@1472904790{-1565648126},3C_20_50-03.txt,30.993,0.250,7.748,5,10.031,129.47,2.006,3.203,0.391
16,ec.gp.GPIndividual@1472904790{-1565648126},3C_20_66-01.txt,7.322,0.250,1.831,1,0.500,27.31,0.500,3.203,0.391
16,ec.gp.GPIndividual@1472904790{-1565648126},3C_20_50-03.txt,30.993,0.250,7.748,2,4.047,52.23,2.023,3.203,0.391
16,ec.gp.GPIndividual@1472904790{-1565648126},3C_20_50-03.txt,30.993,0.250,7.748,2,2.219,28.64,1.109,3.203,0.391
16,ec.gp.GPIndividual@1472904790{-1565648126},3C_20_50-03.txt,30.993,0.250,7.748,1,3.141,40.53,3.141,3.203,0.391
16,ec.gp.GPIndividual@1472904790{-1565648126},3C_20_66-01.txt,7.322,0.250,1.831,2,1.969,107.55,0.984,3.203,0.391
16,ec.gp.GPIndividual@1472904790{-1565648126},3C_20_66-02.txt,154.245,0.250,38.561,1,0.359,0.93,0.359,3.203,0.359
16,ec.gp.GPIndividual@1472904790{-1565648126},3C_20_66-02.txt,154.245,0.250,38.561,1,2.438,6.32,2.438,3.203,0.359
16,ec.gp.GPIndividual@1472904790{-1565648126},3C_20_50-03.txt,30.993,0.250,7.748,3,9.547,123.22,3.182,3.203,0.359
16,ec.gp.GPIndividual@1472904790{-1565648126},3C_20_66-01.txt,7.322,0.250,1.831,2,2.984,163.03,1.492,3.203,0.359
16,ec.gp.GPIndividual@1472904790{-1565648126},3C_20_66-03.txt,118.340,0.250,29.585,2,2.781,9.40,1.391,3.203,0.359
16,ec.gp.GPIndividual@1472904790{-1565648126},3C_20_66-01.txt,7.322,0.250,1.831,3,3.250,177.54,1.083,3.203,0.359
16,ec.gp.GPIndividual@1472904790{-1565648126},3C_20_66-01.txt,7.322,0.250,1.831,2,3.969,216.81,1.984,3.203,0.359
16,ec.gp.GPIndividual@1472904790{-1565648126},3C_20_66-01.txt,7.322,0.250,1.831,2,1.672,91.33,0.836,3.203,0.328
16,ec.gp.GPIndividual@1472904790{-1565648126},3C_20_66-03.txt,118.340,0.250,29.585,2,1.328,4.49,0.664,3.203,0.328
16,ec.gp.GPIndividual@1472904790{-1565648126},3C_20_66-02.txt,154.245,0.250,38.561,4,4.016,10.41,1.004,3.203,0.328
16,ec.gp.GPIndividual@1472904790{-1565648126},3C_20_66-02.txt,154.245,0.250,38.561,18,38.344,99.44,2.130,6.172,0.172
16,ec.gp.GPIndividual@1472904790{-1565648126},3C_20_80-01.txt,4.194,0.250,1.049,1,1.609,153.48,1.609,6.172,0.172
16,ec.gp.GPIndividual@1472904790{-1565648126},3C_20_66-03.txt,118.340,0.250,29.585,3,4.781,16.16,1.594,6.172,0.172
16,ec.gp.GPIndividual@1472904790{-1565648126},3C_20_80-01.txt,4.194,0.250,1.049,1,0.547,52.15,0.547,6.172,0.172
16,ec.gp.GPIndividual@1472904790{-1565648126},3C_20_80-02.txt,35.738,0.250,8.935,4,8.563,95.84,2.141,6.172,0.172
16,ec.gp.GPIndividual@1472904790{-1565648126},3C_20_80-02.txt,35.738,0.250,8.935,2,3.156,35.33,1.578,6.172,0.172
16,ec.gp.GPIndividual@1472904790{-1565648126},3C_20_66-02.txt,154.245,0.250,38.561,16,47.297,122.65,2.956,11.094,0.172
16,ec.gp.GPIndividual@1472904790{-1565648126},3C_20_66-03.txt,118.340,0.250,29.585,1,1.625,5.49,1.625,11.094,0.172
16,ec.gp.GPIndividual@1472904790{-1565648126},3C_20_80-03.txt,169.439,0.250,42.360,1,1.078,2.55,1.078,11.094,0.172
16,ec.gp.GPIndividual@1472904790{-1565648126},3C_20_66-03.txt,118.340,0.250,29.585,1,2.453,8.29,2.453,11.094,0.172
16,ec.gp.GPIndividual@1472904790{-1565648126},3C_20_80-01.txt,4.194,0.250,1.049,3,4.578,436.59,1.526,11.094,0.172
16,ec.gp.GPIndividual@1472904790{-1565648126},3C_20_80-03.txt,169.439,0.250,42.360,1,1.266,2.99,1.266,11.094,0.172
16,ec.gp.GPIndividual@1472904790{-1565648126},3C_20_80-02.txt,35.738,0.250,8.935,2,14.828,165.96,7.414,12.594,0.172
16,ec.gp.GPIndividual@1472904790{-1565648126},3C_20_66-02.txt,154.245,0.250,38.561,11,38.047,98.67,3.459,12.594,0.172
16,ec.gp.GPIndividual@1472904790{-1565648126},3C_20_80-03.txt,169.439,0.250,42.360,2,4.813,11.36,2.406,12.594,0.172
16,ec.gp.GPIndividual@1472904790{-1565648126},3C_20_80-01.txt,4.194,0.250,1.049,1,1.375,131.12,1.375,12.594,0.172
16,ec.gp.GPIndividual@1472904790{-1565648126},3C_20_66-03.txt,118.340,0.250,29.585,1,2.969,10.03,2.969,12.594,0.172
16,ec.gp.GPIndividual@889614145{400632907},3C_20_50-02.txt,61.404,0.250,15.351,9,25.375,165.30,2.819,10.609,0.484
16,ec.gp.GPIndividual@889614145{400632907},3C_20_50-02.txt,61.404,0.250,15.351,9,25.375,165.30,2.819,10.609,0.484
16,ec.gp.GPIndividual@465665569{1863528717},3C_20_50-02.txt,61.404,0.250,15.351,0,0.000,0.00,0.000,0.000,0.000
16,ec.gp.GPIndividual@465665569{1863528717},3C_20_50-03.txt,30.993,0.250,7.748,0,0.000,0.00,0.000,0.000,0.000
16,ec.gp.GPIndividual@465665569{1863528717},3C_20_66-01.txt,7.322,0.250,1.831,0,0.000,0.00,0.000,0.000,0.000
16,ec.gp.GPIndividual@465665569{1863528717},3C_20_66-02.txt,154.245,0.250,38.561,0,0.000,0.00,0.000,0.000,0.000
16,ec.gp.GPIndividual@465665569{1863528717},3C_20_66-03.txt,118.340,0.250,29.585,0,0.000,0.00,0.000,0.000,0.000
16,ec.gp.GPIndividual@465665569{1863528717},3C_20_80-01.txt,4.194,0.250,1.049,0,0.000,0.00,0.000,0.000,0.000
16,ec.gp.GPIndividual@465665569{1863528717},3C_20_80-02.txt,35.738,0.250,8.935,0,0.000,0.00,0.000,0.000,0.000
16,ec.gp.GPIndividual@465665569{1863528717},3C_20_80-03.txt,169.439,0.250,42.360,0,0.000,0.00,0.000,0.000,0.000
16,ec.gp.GPIndividual@1252198755{1672757762},3C_20_50-02.txt,61.404,0.250,15.351,0,0.000,0.00,0.000,0.000,0.000
16,ec.gp.GPIndividual@1252198755{1672757762},3C_20_50-03.txt,30.993,0.250,7.748,0,0.000,0.00,0.000,0.000,0.000
16,ec.gp.GPIndividual@1252198755{1672757762},3C_20_66-01.txt,7.322,0.250,1.831,0,0.000,0.00,0.000,0.000,0.000
16,ec.gp.GPIndividual@1252198755{1672757762},3C_20_66-02.txt,154.245,0.250,38.561,0,0.000,0.00,0.000,0.000,0.000
16,ec.gp.GPIndividual@1252198755{1672757762},3C_20_66-03.txt,118.340,0.250,29.585,0,0.000,0.00,0.000,0.000,0.000
16,ec.gp.GPIndividual@1252198755{1672757762},3C_20_80-01.txt,4.194,0.250,1.049,0,0.000,0.00,0.000,0.000,0.000
16,ec.gp.GPIndividual@1252198755{1672757762},3C_20_80-02.txt,35.738,0.250,8.935,0,0.000,0.00,0.000,0.000,0.000
16,ec.gp.GPIndividual@1252198755{1672757762},3C_20_80-03.txt,169.439,0.250,42.360,0,0.000,0.00,0.000,0.000,0.000
16,ec.gp.GPIndividual@708397050{781213232},3C_20_50-02.txt,61.404,0.250,15.351,4,11.156,72.67,2.789,6.281,0.469
16,ec.gp.GPIndividual@708397050{781213232},3C_20_80-02.txt,35.738,0.250,8.935,4,8.953,100.21,2.238,6.281,0.469
16,ec.gp.GPIndividual@708397050{781213232},3C_20_80-03.txt,169.439,0.250,42.360,4,8.734,20.62,2.184,6.281,0.469
16,ec.gp.GPIndividual@708397050{781213232},3C_20_50-03.txt,30.993,0.250,7.748,1,2.484,32.06,2.484,6.281,0.469
16,ec.gp.GPIndividual@708397050{781213232},3C_20_50-03.txt,30.993,0.250,7.748,2,3.078,39.73,1.539,6.281,0.469
16,ec.gp.GPIndividual@708397050{781213232},3C_20_50-03.txt,30.993,0.250,7.748,2,18.781,242.40,9.391,15.516,0.469
16,ec.gp.GPIndividual@708397050{781213232},3C_20_80-01.txt,4.194,0.250,1.049,1,3.250,309.93,3.250,15.516,0.469
16,ec.gp.GPIndividual@708397050{781213232},3C_20_66-01.txt,7.322,0.250,1.831,2,6.422,350.82,3.211,15.516,0.469
16,ec.gp.GPIndividual@2100839478{1790080409},3C_20_50-02.txt,61.404,0.250,15.351,0,0.000,0.00,0.000,0.000,0.000
16,ec.gp.GPIndividual@2100839478{1790080409},3C_20_50-03.txt,30.993,0.250,7.748,0,0.000,0.00,0.000,0.000,0.000
16,ec.gp.GPIndividual@2100839478{1790080409},3C_20_66-01.txt,7.322,0.250,1.831,0,0.000,0.00,0.000,0.000,0.000
16,ec.gp.GPIndividual@2100839478{1790080409},3C_20_66-02.txt,154.245,0.250,38.561,0,0.000,0.00,0.000,0.000,0.000
16,ec.gp.GPIndividual@2100839478{1790080409},3C_20_66-03.txt,118.340,0.250,29.585,0,0.000,0.00,0.000,0.000,0.000
16,ec.gp.GPIndividual@2100839478{1790080409},3C_20_80-01.txt,4.194,0.250,1.049,0,0.000,0.00,0.000,0.000,0.000
16,ec.gp.GPIndividual@2100839478{1790080409},3C_20_80-02.txt,35.738,0.250,8.935,0,0.000,0.00,0.000,0.000,0.000
16,ec.gp.GPIndividual@2100839478{1790080409},3C_20_80-03.txt,169.439,0.250,42.360,0,0.000,0.00,0.000,0.000,0.000
16,ec.gp.GPIndividual@2010862834{477967078},3C_20_50-02.txt,61.404,0.250,15.351,7,9.375,61.07,1.339,3.141,0.516
16,ec.gp.GPIndividual@2010862834{477967078},3C_20_80-02.txt,35.738,0.250,8.935,5,9.000,100.73,1.800,3.438,0.172
16,ec.gp.GPIndividual@2010862834{477967078},3C_20_66-01.txt,7.322,0.250,1.831,3,6.375,348.26,2.125,4.609,0.172
16,ec.gp.GPIndividual@2010862834{477967078},3C_20_66-01.txt,7.322,0.250,1.831,1,2.500,136.57,2.500,4.609,0.172
16,ec.gp.GPIndividual@2010862834{477967078},3C_20_50-03.txt,30.993,0.250,7.748,1,0.141,1.81,0.141,4.609,0.141
16,ec.gp.GPIndividual@2010862834{477967078},3C_20_66-02.txt,154.245,0.250,38.561,17,39.141,101.50,2.302,15.219,0.141
16,ec.gp.GPIndividual@2010862834{477967078},3C_20_80-03.txt,169.439,0.250,42.360,5,5.031,11.88,1.006,15.219,0.000
16,ec.gp.GPIndividual@2010862834{477967078},3C_20_80-01.txt,4.194,0.250,1.049,3,2.500,238.41,0.833,15.219,0.000
16,ec.gp.GPIndividual@2010862834{477967078},3C_20_66-03.txt,118.340,0.250,29.585,3,4.563,15.42,1.521,15.219,0.000
16,ec.gp.GPIndividual@2010862834{477967078},3C_20_80-02.txt,35.738,0.250,8.935,1,1.391,15.56,1.391,15.219,0.000
16,ec.gp.GPIndividual@2010862834{477967078},3C_20_66-02.txt,154.245,0.250,38.561,14,39.906,103.49,2.850,15.219,0.000
16,ec.gp.GPIndividual@2010862834{477967078},3C_20_80-01.txt,4.194,0.250,1.049,1,0.875,83.44,0.875,15.219,0.000
16,ec.gp.GPIndividual@2010862834{477967078},3C_20_66-03.txt,118.340,0.250,29.585,2,2.688,9.08,1.344,15.219,0.000
16,ec.gp.GPIndividual@2010862834{477967078},3C_20_66-01.txt,7.322,0.250,1.831,3,1.703,93.04,0.568,15.219,0.000
16,ec.gp.GPIndividual@2010862834{477967078},3C_20_80-03.txt,169.439,0.250,42.360,8,35.328,83.40,4.416,16.516,0.000
16,ec.gp.GPIndividual@910467159{1810654850},3C_20_50-02.txt,61.404,0.250,15.351,0,0.000,0.00,0.000,0.000,0.000
16,ec.gp.GPIndividual@910467159{1810654850},3C_20_50-03.txt,30.993,0.250,7.748,0,0.000,0.00,0.000,0.000,0.000
16,ec.gp.GPIndividual@910467159{1810654850},3C_20_66-01.txt,7.322,0.250,1.831,0,0.000,0.00,0.000,0.000,0.000
16,ec.gp.GPIndividual@910467159{1810654850},3C_20_66-02.txt,154.245,0.250,38.561,0,0.000,0.00,0.000,0.000,0.000
16,ec.gp.GPIndividual@910467159{1810654850},3C_20_66-03.txt,118.340,0.250,29.585,0,0.000,0.00,0.000,0.000,0.000
16,ec.gp.GPIndividual@910467159{1810654850},3C_20_80-01.txt,4.194,0.250,1.049,0,0.000,0.00,0.000,0.000,0.000
16,ec.gp.GPIndividual@910467159{1810654850},3C_20_80-02.txt,35.738,0.250,8.935,0,0.000,0.00,0.000,0.000,0.000
16,ec.gp.GPIndividual@910467159{1810654850},3C_20_80-03.txt,169.439,0.250,42.360,0,0.000,0.00,0.000,0.000,0.000
16,ec.gp.GPIndividual@2003054961{400632907},3C_20_50-02.txt,61.404,0.250,15.351,5,17.859,116.34,3.572,6.297,0.516
16,ec.gp.GPIndividual@2003054961{400632907},3C_20_80-02.txt,35.738,0.250,8.935,5,11.172,125.04,2.234,6.297,0.516
16,ec.gp.GPIndividual@2003054961{400632907},3C_20_80-01.txt,4.194,0.250,1.049,1,0.516,49.17,0.516,6.297,0.516
16,ec.gp.GPIndividual@2003054961{400632907},3C_20_66-02.txt,154.245,0.250,38.561,5,7.781,20.18,1.556,6.297,0.000
16,ec.gp.GPIndividual@825064074{-885628652},3C_20_50-02.txt,61.404,0.250,15.351,0,0.000,0.00,0.000,0.000,0.000
16,ec.gp.GPIndividual@825064074{-885628652},3C_20_50-03.txt,30.993,0.250,7.748,0,0.000,0.00,0.000,0.000,0.000
16,ec.gp.GPIndividual@825064074{-885628652},3C_20_66-01.txt,7.322,0.250,1.831,0,0.000,0.00,0.000,0.000,0.000
16,ec.gp.GPIndividual@825064074{-885628652},3C_20_66-02.txt,154.245,0.250,38.561,0,0.000,0.00,0.000,0.000,0.000
16,ec.gp.GPIndividual@825064074{-885628652},3C_20_66-03.txt,118.340,0.250,29.585,0,0.000,0.00,0.000,0.000,0.000
16,ec.gp.GPIndividual@825064074{-885628652},3C_20_80-01.txt,4.194,0.250,1.049,0,0.000,0.00,0.000,0.000,0.000
16,ec.gp.GPIndividual@825064074{-885628652},3C_20_80-02.txt,35.738,0.250,8.935,0,0.000,0.00,0.000,0.000,0.000
16,ec.gp.GPIndividual@825064074{-885628652},3C_20_80-03.txt,169.439,0.250,42.360,0,0.000,0.00,0.000,0.000,0.000
16,ec.gp.GPIndividual@109288746{380003392},3C_20_50-02.txt,61.404,0.250,15.351,6,9.141,59.54,1.523,2.609,0.484
16,ec.gp.GPIndividual@109288746{380003392},3C_20_50-03.txt,30.993,0.250,7.748,1,8.063,104.06,8.063,8.063,0.484
16,ec.gp.GPIndividual@109288746{380003392},3C_20_66-02.txt,154.245,0.250,38.561,7,13.172,34.16,1.882,8.063,0.484
16,ec.gp.GPIndividual@109288746{380003392},3C_20_50-03.txt,30.993,0.250,7.748,2,7.047,90.95,3.523,8.063,0.484
16,ec.gp.GPIndividual@109288746{380003392},3C_20_80-02.txt,35.738,0.250,8.935,6,10.016,112.10,1.669,8.063,0.484
16,ec.gp.GPIndividual@109288746{380003392},3C_20_80-03.txt,169.439,0.250,42.360,1,0.516,1.22,0.516,8.063,0.484
16,ec.gp.GPIndividual@109288746{380003392},3C_20_66-03.txt,118.340,0.250,29.585,2,4.141,14.00,2.070,8.063,0.484
16,ec.gp.GPIndividual@109288746{380003392},3C_20_66-03.txt,118.340,0.250,29.585,1,1.625,5.49,1.625,8.063,0.484
16,ec.gp.GPIndividual@109288746{380003392},3C_20_66-01.txt,7.322,0.250,1.831,3,1.625,88.77,0.542,8.063,0.359
16,ec.gp.GPIndividual@109288746{380003392},3C_20_66-02.txt,154.245,0.250,38.561,8,41.953,108.80,5.244,12.313,0.359
16,ec.gp.GPIndividual@109288746{380003392},3C_20_80-03.txt,169.439,0.250,42.360,5,17.141,40.46,3.428,12.313,0.359
16,ec.gp.GPIndividual@109288746{380003392},3C_20_66-01.txt,7.322,0.250,1.831,3,1.453,79.38,0.484,12.313,0.000
16,ec.gp.GPIndividual@109288746{380003392},3C_20_66-02.txt,154.245,0.250,38.561,3,18.578,48.18,6.193,12.313,0.000
16,ec.gp.GPIndividual@2113707056{781213232},3C_20_50-02.txt,61.404,0.250,15.351,4,5.078,33.08,1.270,1.656,0.531
16,ec.gp.GPIndividual@2113707056{781213232},3C_20_66-03.txt,118.340,0.250,29.585,2,15.422,52.13,7.711,12.672,0.531
16,ec.gp.GPIndividual@2113707056{781213232},3C_20_66-03.txt,118.340,0.250,29.585,2,16.391,55.40,8.195,13.375,0.531
16,ec.gp.GPIndividual@2113707056{781213232},3C_20_80-01.txt,4.194,0.250,1.049,3,7.141,680.95,2.380,13.375,0.359
16,ec.gp.GPIndividual@2113707056{781213232},3C_20_80-01.txt,4.194,0.250,1.049,1,0.156,14.90,0.156,13.375,0.156
16,ec.gp.GPIndividual@2113707056{781213232},3C_20_80-02.txt,35.738,0.250,8.935,1,14.953,167.36,14.953,14.953,0.156
16,ec.gp.GPIndividual@2113707056{781213232},3C_20_80-01.txt,4.194,0.250,1.049,4,1.469,140.06,0.367,14.953,0.156
16,ec.gp.GPIndividual@2113707056{781213232},3C_20_80-02.txt,35.738,0.250,8.935,3,5.500,61.56,1.833,14.953,0.156
16,ec.gp.GPIndividual@2113707056{781213232},3C_20_80-03.txt,169.439,0.250,42.360,2,14.609,34.49,7.305,14.953,0.156
16,ec.gp.GPIndividual@2113707056{781213232},3C_20_80-02.txt,35.738,0.250,8.935,3,9.234,103.36,3.078,14.953,0.156
16,ec.gp.GPIndividual@2113707056{781213232},3C_20_80-03.txt,169.439,0.250,42.360,2,2.828,6.68,1.414,14.953,0.156
16,ec.gp.GPIndividual@2113707056{781213232},3C_20_80-01.txt,4.194,0.250,1.049,3,1.063,101.32,0.354,14.953,0.156
16,ec.gp.GPIndividual@2113707056{781213232},3C_20_80-02.txt,35.738,0.250,8.935,3,9.125,102.13,3.042,14.953,0.156
16,ec.gp.GPIndividual@1072668553{-1469943842},3C_20_50-02.txt,61.404,0.250,15.351,0,0.000,0.00,0.000,0.000,0.000
16,ec.gp.GPIndividual@1072668553{-1469943842},3C_20_50-03.txt,30.993,0.250,7.748,0,0.000,0.00,0.000,0.000,0.000
16,ec.gp.GPIndividual@1072668553{-1469943842},3C_20_66-01.txt,7.322,0.250,1.831,0,0.000,0.00,0.000,0.000,0.000
16,ec.gp.GPIndividual@1072668553{-1469943842},3C_20_66-02.txt,154.245,0.250,38.561,0,0.000,0.00,0.000,0.000,0.000
16,ec.gp.GPIndividual@1072668553{-1469943842},3C_20_66-03.txt,118.340,0.250,29.585,0,0.000,0.00,0.000,0.000,0.000
16,ec.gp.GPIndividual@1072668553{-1469943842},3C_20_80-01.txt,4.194,0.250,1.049,0,0.000,0.00,0.000,0.000,0.000
16,ec.gp.GPIndividual@1072668553{-1469943842},3C_20_80-02.txt,35.738,0.250,8.935,0,0.000,0.00,0.000,0.000,0.000
16,ec.gp.GPIndividual@1072668553{-1469943842},3C_20_80-03.txt,169.439,0.250,42.360,0,0.000,0.00,0.000,0.000,0.000
16,ec.gp.GPIndividual@369610372{-362385542},3C_20_50-02.txt,61.404,0.250,15.351,2,12.953,84.38,6.477,10.766,2.188
16,ec.gp.GPIndividual@369610372{-362385542},3C_20_50-03.txt,30.993,0.250,7.748,4,9.031,116.56,2.258,10.766,0.500
16,ec.gp.GPIndividual@106311291{1234653239},3C_20_50-02.txt,61.404,0.250,15.351,9,15.391,100.26,1.710,3.156,0.172
16,ec.gp.GPIndividual@106311291{1234653239},3C_20_50-03.txt,30.993,0.250,7.748,1,11.906,153.67,11.906,11.906,0.172
16,ec.gp.GPIndividual@1028220917{1621457966},3C_20_50-02.txt,61.404,0.250,15.351,5,11.125,72.47,2.225,4.813,0.484
16,ec.gp.GPIndividual@1028220917{1621457966},3C_20_80-03.txt,169.439,0.250,42.360,4,7.797,18.41,1.949,4.813,0.328
16,ec.gp.GPIndividual@1028220917{1621457966},3C_20_50-03.txt,30.993,0.250,7.748,2,3.781,48.80,1.891,4.813,0.000
16,ec.gp.GPIndividual@1028220917{1621457966},3C_20_66-01.txt,7.322,0.250,1.831,1,2.500,136.57,2.500,4.813,0.000
16,ec.gp.GPIndividual@1028220917{1621457966},3C_20_50-03.txt,30.993,0.250,7.748,2,5.859,75.62,2.930,4.984,0.000
16,ec.gp.GPIndividual@1028220917{1621457966},3C_20_80-03.txt,169.439,0.250,42.360,12,43.469,102.62,3.622,7.016,0.000
16,ec.gp.GPIndividual@1028220917{1621457966},3C_20_66-01.txt,7.322,0.250,1.831,1,2.391,130.60,2.391,7.016,0.000
16,ec.gp.GPIndividual@1028220917{1621457966},3C_20_66-01.txt,7.322,0.250,1.831,2,5.078,277.41,2.539,7.016,0.000
16,ec.gp.GPIndividual@1325569205{781213232},3C_20_50-02.txt,61.404,0.250,15.351,1,0.516,3.36,0.516,0.516,0.516
16,ec.gp.GPIndividual@1325569205{781213232},3C_20_66-02.txt,154.245,0.250,38.561,8,30.313,78.61,3.789,11.219,0.484
16,ec.gp.GPIndividual@1749456427{400632907},3C_20_50-02.txt,61.404,0.250,15.351,9,14.047,91.50,1.561,2.625,0.484
16,ec.gp.GPIndividual@1749456427{400632907},3C_20_66-03.txt,118.340,0.250,29.585,5,16.594,56.09,3.319,7.281,0.484
16,ec.gp.GPIndividual@1749456427{400632907},3C_20_50-03.txt,30.993,0.250,7.748,2,8.938,115.35,4.469,7.281,0.484
16,ec.gp.GPIndividual@1749456427{400632907},3C_20_80-01.txt,4.194,0.250,1.049,2,2.688,256.29,1.344,7.281,0.484
16,ec.gp.GPIndividual@1749456427{400632907},3C_20_50-03.txt,30.993,0.250,7.748,1,0.328,4.23,0.328,7.281,0.328
16,ec.gp.GPIndividual@1749456427{400632907},3C_20_80-02.txt,35.738,0.250,8.935,2,15.688,175.58,7.844,12.469,0.328
16,ec.gp.GPIndividual@1749456427{400632907},3C_20_66-02.txt,154.245,0.250,38.561,3,10.813,28.04,3.604,12.469,0.328
16,ec.gp.GPIndividual@1749456427{400632907},3C_20_66-01.txt,7.322,0.250,1.831,1,3.188,174.13,3.188,12.469,0.328
16,ec.gp.GPIndividual@1749456427{400632907},3C_20_66-01.txt,7.322,0.250,1.831,1,2.531,138.28,2.531,12.469,0.328
16,ec.gp.GPIndividual@1749456427{400632907},3C_20_66-03.txt,118.340,0.250,29.585,2,1.656,5.60,0.828,12.469,0.328
16,ec.gp.GPIndividual@1749456427{400632907},3C_20_66-01.txt,7.322,0.250,1.831,2,1.453,79.38,0.727,12.469,0.328
16,ec.gp.GPIndividual@1749456427{400632907},3C_20_80-03.txt,169.439,0.250,42.360,18,41.719,98.49,2.318,12.469,0.328
16,ec.gp.GPIndividual@1467601612{1810654850},3C_20_50-02.txt,61.404,0.250,15.351,0,0.000,0.00,0.000,0.000,0.000
16,ec.gp.GPIndividual@1467601612{1810654850},3C_20_50-03.txt,30.993,0.250,7.748,0,0.000,0.00,0.000,0.000,0.000
16,ec.gp.GPIndividual@1467601612{1810654850},3C_20_66-01.txt,7.322,0.250,1.831,0,0.000,0.00,0.000,0.000,0.000
16,ec.gp.GPIndividual@1467601612{1810654850},3C_20_66-02.txt,154.245,0.250,38.561,0,0.000,0.00,0.000,0.000,0.000
16,ec.gp.GPIndividual@1467601612{1810654850},3C_20_66-03.txt,118.340,0.250,29.585,0,0.000,0.00,0.000,0.000,0.000
16,ec.gp.GPIndividual@1467601612{1810654850},3C_20_80-01.txt,4.194,0.250,1.049,0,0.000,0.00,0.000,0.000,0.000
16,ec.gp.GPIndividual@1467601612{1810654850},3C_20_80-02.txt,35.738,0.250,8.935,0,0.000,0.00,0.000,0.000,0.000
16,ec.gp.GPIndividual@1467601612{1810654850},3C_20_80-03.txt,169.439,0.250,42.360,0,0.000,0.00,0.000,0.000,0.000
16,ec.gp.GPIndividual@1768531827{28257788},3C_20_50-02.txt,61.404,0.250,15.351,0,0.000,0.00,0.000,0.000,0.000
16,ec.gp.GPIndividual@1768531827{28257788},3C_20_50-03.txt,30.993,0.250,7.748,0,0.000,0.00,0.000,0.000,0.000
16,ec.gp.GPIndividual@1768531827{28257788},3C_20_66-01.txt,7.322,0.250,1.831,0,0.000,0.00,0.000,0.000,0.000
16,ec.gp.GPIndividual@1768531827{28257788},3C_20_66-02.txt,154.245,0.250,38.561,0,0.000,0.00,0.000,0.000,0.000
16,ec.gp.GPIndividual@1768531827{28257788},3C_20_66-03.txt,118.340,0.250,29.585,0,0.000,0.00,0.000,0.000,0.000
16,ec.gp.GPIndividual@1768531827{28257788},3C_20_80-01.txt,4.194,0.250,1.049,0,0.000,0.00,0.000,0.000,0.000
16,ec.gp.GPIndividual@1768531827{28257788},3C_20_80-02.txt,35.738,0.250,8.935,0,0.000,0.00,0.000,0.000,0.000
16,ec.gp.GPIndividual@1768531827{28257788},3C_20_80-03.txt,169.439,0.250,42.360,0,0.000,0.00,0.000,0.000,0.000
16,ec.gp.GPIndividual@1800641542{-638367186},3C_20_50-02.txt,61.404,0.250,15.351,3,14.297,93.13,4.766,12.844,0.344
16,ec.gp.GPIndividual@1774630935{1096608486},3C_20_50-02.txt,61.404,0.250,15.351,0,0.000,0.00,0.000,0.000,0.000
16,ec.gp.GPIndividual@1774630935{1096608486},3C_20_50-03.txt,30.993,0.250,7.748,0,0.000,0.00,0.000,0.000,0.000
16,ec.gp.GPIndividual@1774630935{1096608486},3C_20_66-01.txt,7.322,0.250,1.831,0,0.000,0.00,0.000,0.000,0.000
16,ec.gp.GPIndividual@1774630935{1096608486},3C_20_66-02.txt,154.245,0.250,38.561,0,0.000,0.00,0.000,0.000,0.000
16,ec.gp.GPIndividual@1774630935{1096608486},3C_20_66-03.txt,118.340,0.250,29.585,0,0.000,0.00,0.000,0.000,0.000
16,ec.gp.GPIndividual@1774630935{1096608486},3C_20_80-01.txt,4.194,0.250,1.049,0,0.000,0.00,0.000,0.000,0.000
16,ec.gp.GPIndividual@1774630935{1096608486},3C_20_80-02.txt,35.738,0.250,8.935,0,0.000,0.00,0.000,0.000,0.000
16,ec.gp.GPIndividual@1774630935{1096608486},3C_20_80-03.txt,169.439,0.250,42.360,0,0.000,0.00,0.000,0.000,0.000
16,ec.gp.GPIndividual@2036790136{-2104940655},3C_20_50-02.txt,61.404,0.250,15.351,4,17.250,112.37,4.313,14.641,0.219
16,ec.gp.GPIndividual@490729498{-985030083},3C_20_50-02.txt,61.404,0.250,15.351,8,16.000,104.23,2.000,3.938,0.172
16,ec.gp.GPIndividual@490729498{-985030083},3C_20_50-03.txt,30.993,0.250,7.748,2,1.250,16.13,0.625,3.938,0.000
16,ec.gp.GPIndividual@490729498{-985030083},3C_20_66-01.txt,7.322,0.250,1.831,3,2.609,142.55,0.870,3.938,0.000
16,ec.gp.GPIndividual@490729498{-985030083},3C_20_66-01.txt,7.322,0.250,1.831,2,0.422,23.05,0.211,3.938,0.000
16,ec.gp.GPIndividual@490729498{-985030083},3C_20_66-02.txt,154.245,0.250,38.561,10,19.031,49.35,1.903,13.266,0.000
16,ec.gp.GPIndividual@490729498{-985030083},3C_20_66-03.txt,118.340,0.250,29.585,5,30.719,103.83,6.144,13.266,0.000
16,ec.gp.GPIndividual@490729498{-985030083},3C_20_66-03.txt,118.340,0.250,29.585,1,10.219,34.54,10.219,13.266,0.000
16,ec.gp.GPIndividual@490729498{-985030083},3C_20_80-01.txt,4.194,0.250,1.049,2,0.703,67.05,0.352,13.266,0.000
16,ec.gp.GPIndividual@490729498{-985030083},3C_20_80-02.txt,35.738,0.250,8.935,3,8.281,92.69,2.760,13.266,0.000
16,ec.gp.GPIndividual@490729498{-985030083},3C_20_66-02.txt,154.245,0.250,38.561,12,35.109,91.05,2.926,14.672,0.000
16,ec.gp.GPIndividual@490729498{-985030083},3C_20_80-03.txt,169.439,0.250,42.360,1,12.547,29.62,12.547,14.672,0.000
16,ec.gp.GPIndividual@490729498{-985030083},3C_20_66-03.txt,118.340,0.250,29.585,5,13.375,45.21,2.675,14.672,0.000
16,ec.gp.GPIndividual@490729498{-985030083},3C_20_80-01.txt,4.194,0.250,1.049,4,0.906,86.42,0.227,14.672,0.000
16,ec.gp.GPIndividual@490729498{-985030083},3C_20_80-02.txt,35.738,0.250,8.935,7,16.625,186.08,2.375,14.672,0.000
16,ec.gp.GPIndividual@427851065{-401650121},3C_20_50-02.txt,61.404,0.250,15.351,5,7.453,48.55,1.491,5.359,0.125
16,ec.gp.GPIndividual@427851065{-401650121},3C_20_50-03.txt,30.993,0.250,7.748,3,4.953,63.93,1.651,5.359,0.125
16,ec.gp.GPIndividual@427851065{-401650121},3C_20_66-01.txt,7.322,0.250,1.831,6,1.578,86.21,0.263,5.359,0.000
16,ec.gp.GPIndividual@427851065{-401650121},3C_20_66-02.txt,154.245,0.250,38.561,2,17.000,44.09,8.500,16.328,0.000
16,ec.gp.GPIndividual@580460159{1409027026},3C_20_50-02.txt,61.404,0.250,15.351,9,9.000,58.63,1.000,5.328,0.125
16,ec.gp.GPIndividual@580460159{1409027026},3C_20_66-03.txt,118.340,0.250,29.585,2,4.719,15.95,2.359,5.328,0.000
16,ec.gp.GPIndividual@580460159{1409027026},3C_20_50-03.txt,30.993,0.250,7.748,5,7.344,94.78,1.469,5.328,0.000
16,ec.gp.GPIndividual@580460159{1409027026},3C_20_80-01.txt,4.194,0.250,1.049,2,0.859,81.95,0.430,5.328,0.000
16,ec.gp.GPIndividual@580460159{1409027026},3C_20_66-01.txt,7.322,0.250,1.831,5,1.703,93.04,0.341,5.328,0.000
16,ec.gp.GPIndividual@580460159{1409027026},3C_20_80-02.txt,35.738,0.250,8.935,2,0.313,3.50,0.156,5.328,0.000
16,ec.gp.GPIndividual@580460159{1409027026},3C_20_66-02.txt,154.245,0.250,38.561,12,29.406,76.26,2.451,13.828,0.000
16,ec.gp.GPIndividual@580460159{1409027026},3C_20_80-03.txt,169.439,0.250,42.360,3,26.828,63.33,8.943,16.313,0.000
17,ec.gp.GPIndividual@256422426{216810740},3C_20_50-02.txt,61.404,0.250,15.351,14,14.906,97.10,1.065,2.000,0.359
17,ec.gp.GPIndividual@256422426{216810740},3C_20_50-03.txt,30.993,0.250,7.748,4,9.219,118.98,2.305,2.641,0.359
17,ec.gp.GPIndividual@256422426{216810740},3C_20_50-03.txt,30.993,0.250,7.748,2,2.906,37.51,1.453,2.641,0.359
17,ec.gp.GPIndividual@256422426{216810740},3C_20_50-03.txt,30.993,0.250,7.748,2,1.531,19.76,0.766,2.641,0.000
17,ec.gp.GPIndividual@256422426{216810740},3C_20_50-03.txt,30.993,0.250,7.748,2,2.594,33.48,1.297,2.641,0.000
17,ec.gp.GPIndividual@256422426{216810740},3C_20_50-03.txt,30.993,0.250,7.748,1,2.125,27.43,2.125,2.641,0.000
17,ec.gp.GPIndividual@256422426{216810740},3C_20_50-03.txt,30.993,0.250,7.748,3,9.438,121.80,3.146,3.219,0.000
17,ec.gp.GPIndividual@256422426{216810740},3C_20_66-01.txt,7.322,0.250,1.831,2,2.672,145.96,1.336,3.219,0.000
17,ec.gp.GPIndividual@256422426{216810740},3C_20_66-01.txt,7.322,0.250,1.831,2,0.516,28.17,0.258,3.219,0.000
17,ec.gp.GPIndividual@256422426{216810740},3C_20_66-01.txt,7.322,0.250,1.831,2,3.984,217.66,1.992,3.219,0.000
17,ec.gp.GPIndividual@256422426{216810740},3C_20_66-01.txt,7.322,0.250,1.831,2,1.359,74.26,0.680,3.219,0.000
17,ec.gp.GPIndividual@256422426{216810740},3C_20_66-02.txt,154.245,0.250,38.561,8,11.641,30.19,1.455,3.219,0.000
17,ec.gp.GPIndividual@256422426{216810740},3C_20_66-02.txt,154.245,0.250,38.561,19,39.516,102.48,2.080,5.484,0.000
17,ec.gp.GPIndividual@256422426{216810740},3C_20_66-02.txt,154.245,0.250,38.561,2,9.438,24.47,4.719,6.172,0.000
17,ec.gp.GPIndividual@256422426{216810740},3C_20_66-03.txt,118.340,0.250,29.585,1,7.047,23.82,7.047,7.047,0.000
17,ec.gp.GPIndividual@256422426{216810740},3C_20_66-01.txt,7.322,0.250,1.831,1,7.500,409.71,7.500,7.500,0.000
17,ec.gp.GPIndividual@256422426{216810740},3C_20_66-01.txt,7.322,0.250,1.831,2,2.719,148.52,1.359,7.500,0.000
17,ec.gp.GPIndividual@256422426{216810740},3C_20_66-03.txt,118.340,0.250,29.585,2,1.359,4.59,0.680,7.500,0.000
17,ec.gp.GPIndividual@256422426{216810740},3C_20_66-02.txt,154.245,0.250,38.561,17,38.813,100.65,2.283,7.500,0.000
17,ec.gp.GPIndividual@256422426{216810740},3C_20_66-03.txt,118.340,0.250,29.585,1,3.406,11.51,3.406,7.500,0.000
17,ec.gp.GPIndividual@256422426{216810740},3C_20_80-01.txt,4.194,0.250,1.049,1,0.641,61.09,0.641,7.500,0.000
17,ec.gp.GPIndividual@256422426{216810740},3C_20_80-01.txt,4.194,0.250,1.049,1,2.828,269.70,2.828,7.500,0.000
17,ec.gp.GPIndividual@256422426{216810740},3C_20_66-03.txt,118.340,0.250,29.585,6,22.172,74.94,3.695,13.047,0.000
17,ec.gp.GPIndividual@256422426{216810740},3C_20_66-02.txt,154.245,0.250,38.561,14,44.906,116.45,3.208,13.047,0.000
17,ec.gp.GPIndividual@256422426{216810740},3C_20_66-02.txt,154.245,0.250,38.561,2,4.578,11.87,2.289,13.047,0.000
17,ec.gp.GPIndividual@256422426{216810740},3C_20_66-03.txt,118.340,0.250,29.585,2,4.047,13.68,2.023,13.047,0.000
17,ec.gp.GPIndividual@256422426{216810740},3C_20_80-01.txt,4.194,0.250,1.049,1,2.609,248.84,2.609,13.047,0.000
17,ec.gp.GPIndividual@256422426{216810740},3C_20_80-02.txt,35.738,0.250,8.935,6,8.688,97.24,1.448,13.047,0.000
17,ec.gp.GPIndividual@256422426{216810740},3C_20_80-03.txt,169.439,0.250,42.360,3,4.953,11.69,1.651,13.047,0.000
17,ec.gp.GPIndividual@256422426{216810740},3C_20_80-02.txt,35.738,0.250,8.935,3,9.000,100.73,3.000,13.047,0.000
17,ec.gp.GPIndividual@256422426{216810740},3C_20_66-03.txt,118.340,0.250,29.585,2,2.891,9.77,1.445,13.047,0.000
17,ec.gp.GPIndividual@256422426{216810740},3C_20_80-01.txt,4.194,0.250,1.049,2,4.688,447.02,2.344,13.047,0.000
17,ec.gp.GPIndividual@256422426{216810740},3C_20_80-02.txt,35.738,0.250,8.935,5,8.969,100.38,1.794,13.047,0.000
17,ec.gp.GPIndividual@256422426{216810740},3C_20_80-02.txt,35.738,0.250,8.935,3,4.250,47.57,1.417,13.047,0.000
17,ec.gp.GPIndividual@945447038{177247970},3C_20_50-02.txt,61.404,0.250,15.351,0,0.000,0.00,0.000,0.000,0.000
17,ec.gp.GPIndividual@945447038{177247970},3C_20_50-03.txt,30.993,0.250,7.748,0,0.000,0.00,0.000,0.000,0.000
17,ec.gp.GPIndividual@945447038{177247970},3C_20_66-01.txt,7.322,0.250,1.831,0,0.000,0.00,0.000,0.000,0.000
17,ec.gp.GPIndividual@945447038{177247970},3C_20_66-02.txt,154.245,0.250,38.561,0,0.000,0.00,0.000,0.000,0.000
17,ec.gp.GPIndividual@945447038{177247970},3C_20_66-03.txt,118.340,0.250,29.585,0,0.000,0.00,0.000,0.000,0.000
17,ec.gp.GPIndividual@945447038{177247970},3C_20_80-01.txt,4.194,0.250,1.049,0,0.000,0.00,0.000,0.000,0.000
17,ec.gp.GPIndividual@945447038{177247970},3C_20_80-02.txt,35.738,0.250,8.935,0,0.000,0.00,0.000,0.000,0.000
17,ec.gp.GPIndividual@945447038{177247970},3C_20_80-03.txt,169.439,0.250,42.360,0,0.000,0.00,0.000,0.000,0.000
17,ec.gp.GPIndividual@1510471759{-2084353167},3C_20_50-02.txt,61.404,0.250,15.351,8,16.781,109.32,2.098,6.188,0.344
17,ec.gp.GPIndividual@1510471759{-2084353167},3C_20_80-03.txt,169.439,0.250,42.360,1,0.313,0.74,0.313,6.188,0.313
17,ec.gp.GPIndividual@1510471759{-2084353167},3C_20_80-03.txt,169.439,0.250,42.360,2,2.453,5.79,1.227,6.188,0.313
17,ec.gp.GPIndividual@1510471759{-2084353167},3C_20_80-01.txt,4.194,0.250,1.049,1,14.094,1344.03,14.094,14.094,0.313
17,ec.gp.GPIndividual@1510471759{-2084353167},3C_20_80-01.txt,4.194,0.250,1.049,3,2.391,227.98,0.797,14.094,0.313
17,ec.gp.GPIndividual@1510471759{-2084353167},3C_20_80-03.txt,169.439,0.250,42.360,6,6.969,16.45,1.161,14.094,0.156
17,ec.gp.GPIndividual@1510471759{-2084353167},3C_20_80-02.txt,35.738,0.250,8.935,1,1.656,18.54,1.656,14.094,0.156
17,ec.gp.GPIndividual@1510471759{-2084353167},3C_20_80-02.txt,35.738,0.250,8.935,3,8.984,100.56,2.995,14.094,0.156
17,ec.gp.GPIndividual@1957529283{-1510511652},3C_20_50-02.txt,61.404,0.250,15.351,6,19.344,126.01,3.224,6.000,0.516
17,ec.gp.GPIndividual@303421473{781213232},3C_20_50-02.txt,61.404,0.250,15.351,4,3.453,22.49,0.863,1.375,0.000
17,ec.gp.GPIndividual@303421473{781213232},3C_20_50-03.txt,30.993,0.250,7.748,5,8.984,115.96,1.797,3.766,0.000
17,ec.gp.GPIndividual@1456779671{799468641},3C_20_50-02.txt,61.404,0.250,15.351,3,3.438,22.39,1.146,1.891,0.516
17,ec.gp.GPIndividual@1456779671{799468641},3C_20_80-03.txt,169.439,0.250,42.360,7,15.828,37.37,2.261,3.266,0.516
17,ec.gp.GPIndividual@1456779671{799468641},3C_20_50-03.txt,30.993,0.250,7.748,3,9.953,128.46,3.318,4.328,0.516
17,ec.gp.GPIndividual@1456779671{799468641},3C_20_66-01.txt,7.322,0.250,1.831,1,5.906,322.65,5.906,5.906,0.516
17,ec.gp.GPIndividual@426854750{1627328815},3C_20_50-02.txt,61.404,0.250,15.351,3,1.938,12.62,0.646,1.047,0.000
17,ec.gp.GPIndividual@426854750{1627328815},3C_20_50-03.txt,30.993,0.250,7.748,2,3.734,48.20,1.867,3.266,0.000
17,ec.gp.GPIndividual@426854750{1627328815},3C_20_50-03.txt,30.993,0.250,7.748,6,8.906,114.95,1.484,3.266,0.000
17,ec.gp.GPIndividual@426854750{1627328815},3C_20_50-03.txt,30.993,0.250,7.748,2,1.797,23.19,0.898,3.266,0.000
17,ec.gp.GPIndividual@426854750{1627328815},3C_20_66-01.txt,7.322,0.250,1.831,1,3.156,172.42,3.156,3.266,0.000
17,ec.gp.GPIndividual@426854750{1627328815},3C_20_66-01.txt,7.322,0.250,1.831,1,3.156,172.42,3.156,3.266,0.000
17,ec.gp.GPIndividual@426854750{1627328815},3C_20_66-01.txt,7.322,0.250,1.831,5,1.984,108.40,0.397,3.266,0.000
17,ec.gp.GPIndividual@426854750{1627328815},3C_20_66-02.txt,154.245,0.250,38.561,1,0.859,2.23,0.859,3.266,0.000
17,ec.gp.GPIndividual@426854750{1627328815},3C_20_66-02.txt,154.245,0.250,38.561,4,3.000,7.78,0.750,3.266,0.000
17,ec.gp.GPIndividual@426854750{1627328815},3C_20_66-02.txt,154.245,0.250,38.561,1,1.422,3.69,1.422,3.266,0.000
17,ec.gp.GPIndividual@426854750{1627328815},3C_20_66-02.txt,154.245,0.250,38.561,2,5.672,14.71,2.836,3.266,0.000
17,ec.gp.GPIndividual@426854750{1627328815},3C_20_66-03.txt,118.340,0.250,29.585,3,14.406,48.69,4.802,11.781,0.000
17,ec.gp.GPIndividual@426854750{1627328815},3C_20_80-03.txt,169.439,0.250,42.360,14,30.578,72.19,2.184,11.781,0.000
17,ec.gp.GPIndividual@426854750{1627328815},3C_20_80-01.txt,4.194,0.250,1.049,2,5.469,521.52,2.734,11.781,0.000
17,ec.gp.GPIndividual@996322014{-1137319385},3C_20_50-02.txt,61.404,0.250,15.351,1,0.516,3.36,0.516,0.516,0.516
17,ec.gp.GPIndividual@996322014{-1137319385},3C_20_80-02.txt,35.738,0.250,8.935,6,7.453,83.42,1.242,2.297,0.000
17,ec.gp.GPIndividual@996322014{-1137319385},3C_20_80-03.txt,169.439,0.250,42.360,6,16.797,39.65,2.799,7.047,0.000
17,ec.gp.GPIndividual@996322014{-1137319385},3C_20_50-03.txt,30.993,0.250,7.748,1,8.047,103.86,8.047,8.047,0.000
17,ec.gp.GPIndividual@996322014{-1137319385},3C_20_66-03.txt,118.340,0.250,29.585,1,6.375,21.55,6.375,8.047,0.000
17,ec.gp.GPIndividual@1463977019{1420652578},3C_20_50-02.txt,61.404,0.250,15.351,0,0.000,0.00,0.000,0.000,0.000
17,ec.gp.GPIndividual@1463977019{1420652578},3C_20_50-03.txt,30.993,0.250,7.748,0,0.000,0.00,0.000,0.000,0.000
17,ec.gp.GPIndividual@1463977019{1420652578},3C_20_66-01.txt,7.322,0.250,1.831,0,0.000,0.00,0.000,0.000,0.000
17,ec.gp.GPIndividual@1463977019{1420652578},3C_20_66-02.txt,154.245,0.250,38.561,0,0.000,0.00,0.000,0.000,0.000
17,ec.gp.GPIndividual@1463977019{1420652578},3C_20_66-03.txt,118.340,0.250,29.585,0,0.000,0.00,0.000,0.000,0.000
17,ec.gp.GPIndividual@1463977019{1420652578},3C_20_80-01.txt,4.194,0.250,1.049,0,0.000,0.00,0.000,0.000,0.000
17,ec.gp.GPIndividual@1463977019{1420652578},3C_20_80-02.txt,35.738,0.250,8.935,0,0.000,0.00,0.000,0.000,0.000
17,ec.gp.GPIndividual@1463977019{1420652578},3C_20_80-03.txt,169.439,0.250,42.360,0,0.000,0.00,0.000,0.000,0.000
17,ec.gp.GPIndividual@1295073887{1955186494},3C_20_50-02.txt,61.404,0.250,15.351,6,15.516,101.07,2.586,9.547,0.172
17,ec.gp.GPIndividual@1295073887{1955186494},3C_20_66-01.txt,7.322,0.250,1.831,1,2.578,140.84,2.578,9.547,0.172
17,ec.gp.GPIndividual@1295073887{1955186494},3C_20_50-03.txt,30.993,0.250,7.748,2,11.281,145.60,5.641,9.547,0.172
17,ec.gp.GPIndividual@1295073887{1955186494},3C_20_66-01.txt,7.322,0.250,1.831,1,0.500,27.31,0.500,9.547,0.172
17,ec.gp.GPIndividual@1295073887{1955186494},3C_20_80-01.txt,4.194,0.250,1.049,3,1.156,110.26,0.385,9.547,0.156
17,ec.gp.GPIndividual@1295073887{1955186494},3C_20_66-02.txt,154.245,0.250,38.561,10,27.078,70.22,2.708,14.813,0.000
17,ec.gp.GPIndividual@1295073887{1955186494},3C_20_66-03.txt,118.340,0.250,29.585,2,17.469,59.05,8.734,16.063,0.000
17,ec.gp.GPIndividual@1295073887{1955186494},3C_20_66-03.txt,118.340,0.250,29.585,10,29.828,100.82,2.983,16.063,0.000
17,ec.gp.GPIndividual@1295073887{1955186494},3C_20_80-01.txt,4.194,0.250,1.049,1,2.734,260.76,2.734,16.063,0.000
17,ec.gp.GPIndividual@1295073887{1955186494},3C_20_80-02.txt,35.738,0.250,8.935,5,11.125,124.52,2.225,16.063,0.000
17,ec.gp.GPIndividual@1295073887{1955186494},3C_20_66-03.txt,118.340,0.250,29.585,3,9.766,33.01,3.255,16.063,0.000
17,ec.gp.GPIndividual@1295073887{1955186494},3C_20_80-03.txt,169.439,0.250,42.360,1,0.000,0.00,0.000,16.063,0.000
17,ec.gp.GPIndividual@1295073887{1955186494},3C_20_80-01.txt,4.194,0.250,1.049,4,1.047,99.83,0.262,16.063,0.000
17,ec.gp.GPIndividual@1295073887{1955186494},3C_20_80-02.txt,35.738,0.250,8.935,1,10.156,113.67,10.156,16.063,0.000
17,ec.gp.GPIndividual@1295073887{1955186494},3C_20_66-02.txt,154.245,0.250,38.561,13,41.313,107.13,3.178,16.063,0.000
17,ec.gp.GPIndividual@1295073887{1955186494},3C_20_66-01.txt,7.322,0.250,1.831,1,3.547,193.76,3.547,16.063,0.000
17,ec.gp.GPIndividual@1295073887{1955186494},3C_20_80-01.txt,4.194,0.250,1.049,1,1.938,184.77,1.938,16.063,0.000
17,ec.gp.GPIndividual@1295073887{1955186494},3C_20_66-03.txt,118.340,0.250,29.585,7,12.375,41.83,1.768,16.063,0.000
17,ec.gp.GPIndividual@1240027626{-1809602500},3C_20_50-02.txt,61.404,0.250,15.351,9,17.594,114.61,1.955,6.250,0.516
17,ec.gp.GPIndividual@1240027626{-1809602500},3C_20_50-03.txt,30.993,0.250,7.748,1,0.297,3.83,0.297,6.250,0.297
17,ec.gp.GPIndividual@1240027626{-1809602500},3C_20_80-01.txt,4.194,0.250,1.049,1,4.266,406.78,4.266,6.250,0.297
17,ec.gp.GPIndividual@1240027626{-1809602500},3C_20_80-02.txt,35.738,0.250,8.935,2,3.453,38.65,1.727,6.250,0.297
17,ec.gp.GPIndividual@1240027626{-1809602500},3C_20_66-02.txt,154.245,0.250,38.561,11,36.734,95.26,3.339,10.828,0.297
17,ec.gp.GPIndividual@1240027626{-1809602500},3C_20_66-03.txt,118.340,0.250,29.585,3,8.703,29.42,2.901,10.828,0.297
17,ec.gp.GPIndividual@1240027626{-1809602500},3C_20_80-02.txt,35.738,0.250,8.935,4,9.297,104.06,2.324,10.828,0.297
17,ec.gp.GPIndividual@1240027626{-1809602500},3C_20_66-01.txt,7.322,0.250,1.831,1,2.141,116.94,2.141,10.828,0.297
17,ec.gp.GPIndividual@1240027626{-1809602500},3C_20_80-03.txt,169.439,0.250,42.360,5,12.359,29.18,2.472,10.828,0.000
17,ec.gp.GPIndividual@1240027626{-1809602500},3C_20_80-03.txt,169.439,0.250,42.360,2,8.828,20.84,4.414,10.828,0.000
17,ec.gp.GPIndividual@1240027626{-1809602500},3C_20_80-02.txt,35.738,0.250,8.935,4,10.828,121.19,2.707,10.828,0.000
17,ec.gp.GPIndividual@1356592410{-2146225922},3C_20_50-02.txt,61.404,0.250,15.351,7,16.672,108.60,2.382,6.516,0.594
17,ec.gp.GPIndividual@1767396544{-406683589},3C_20_50-02.txt,61.404,0.250,15.351,0,0.000,0.00,0.000,0.000,0.000
17,ec.gp.GPIndividual@1767396544{-406683589},3C_20_50-03.txt,30.993,0.250,7.748,2,7.563,97.60,3.781,7.422,0.141
17,ec.gp.GPIndividual@1767396544{-406683589},3C_20_66-01.txt,7.322,0.250,1.831,4,1.484,81.09,0.371,7.422,0.000
17,ec.gp.GPIndividual@1767396544{-406683589},3C_20_66-02.txt,154.245,0.250,38.561,3,37.063,96.11,12.354,13.016,0.000
17,ec.gp.GPIndividual@1767396544{-406683589},3C_20_80-02.txt,35.738,0.250,8.935,5,8.031,89.89,1.606,13.016,0.000
17,ec.gp.GPIndividual@1767396544{-406683589},3C_20_66-03.txt,118.340,0.250,29.585,1,2.422,8.19,2.422,13.016,0.000
17,ec.gp.GPIndividual@1767396544{-406683589},3C_20_66-01.txt,7.322,0.250,1.831,0,0.000,0.00,0.000,13.016,0.000
17,ec.gp.GPIndividual@1767396544{-406683589},3C_20_66-02.txt,154.245,0.250,38.561,0,0.000,0.00,0.000,13.016,0.000
17,ec.gp.GPIndividual@1767396544{-406683589},3C_20_66-03.txt,118.340,0.250,29.585,0,0.000,0.00,0.000,13.016,0.000
17,ec.gp.GPIndividual@1767396544{-406683589},3C_20_80-01.txt,4.194,0.250,1.049,0,0.000,0.00,0.000,13.016,0.000
17,ec.gp.GPIndividual@1767396544{-406683589},3C_20_80-02.txt,35.738,0.250,8.935,1,1.016,11.37,1.016,13.016,0.000
17,ec.gp.GPIndividual@1767396544{-406683589},3C_20_80-03.txt,169.439,0.250,42.360,0,0.000,0.00,0.000,13.016,0.000
17,ec.gp.GPIndividual@1767396544{-406683589},3C_20_80-03.txt,169.439,0.250,42.360,0,0.000,0.00,0.000,13.016,0.000
17,ec.gp.GPIndividual@525922513{1867329160},3C_20_50-02.txt,61.404,0.250,15.351,3,7.656,49.87,2.552,5.844,0.250
17,ec.gp.GPIndividual@352612115{1734085274},3C_20_50-02.txt,61.404,0.250,15.351,0,0.000,0.00,0.000,0.000,0.000
17,ec.gp.GPIndividual@352612115{1734085274},3C_20_50-03.txt,30.993,0.250,7.748,0,0.000,0.00,0.000,0.000,0.000
17,ec.gp.GPIndividual@352612115{1734085274},3C_20_66-01.txt,7.322,0.250,1.831,0,0.000,0.00,0.000,0.000,0.000
17,ec.gp.GPIndividual@352612115{1734085274},3C_20_66-02.txt,154.245,0.250,38.561,0,0.000,0.00,0.000,0.000,0.000
17,ec.gp.GPIndividual@352612115{1734085274},3C_20_66-03.txt,118.340,0.250,29.585,0,0.000,0.00,0.000,0.000,0.000
17,ec.gp.GPIndividual@352612115{1734085274},3C_20_80-01.txt,4.194,0.250,1.049,0,0.000,0.00,0.000,0.000,0.000
17,ec.gp.GPIndividual@352612115{1734085274},3C_20_80-02.txt,35.738,0.250,8.935,0,0.000,0.00,0.000,0.000,0.000
17,ec.gp.GPIndividual@352612115{1734085274},3C_20_80-03.txt,169.439,0.250,42.360,0,0.000,0.00,0.000,0.000,0.000
17,ec.gp.GPIndividual@1038086361{1297505552},3C_20_50-02.txt,61.404,0.250,15.351,6,13.969,91.00,2.328,4.797,0.438
17,ec.gp.GPIndividual@1379559474{1617434698},3C_20_50-02.txt,61.404,0.250,15.351,0,0.000,0.00,0.000,0.000,0.000
17,ec.gp.GPIndividual@1379559474{1617434698},3C_20_50-03.txt,30.993,0.250,7.748,0,0.000,0.00,0.000,0.000,0.000
17,ec.gp.GPIndividual@1379559474{1617434698},3C_20_66-01.txt,7.322,0.250,1.831,0,0.000,0.00,0.000,0.000,0.000
17,ec.gp.GPIndividual@1379559474{1617434698},3C_20_66-02.txt,154.245,0.250,38.561,0,0.000,0.00,0.000,0.000,0.000
17,ec.gp.GPIndividual@1379559474{1617434698},3C_20_66-03.txt,118.340,0.250,29.585,0,0.000,0.00,0.000,0.000,0.000
17,ec.gp.GPIndividual@1379559474{1617434698},3C_20_80-01.txt,4.194,0.250,1.049,0,0.000,0.00,0.000,0.000,0.000
17,ec.gp.GPIndividual@1379559474{1617434698},3C_20_80-02.txt,35.738,0.250,8.935,0,0.000,0.00,0.000,0.000,0.000
17,ec.gp.GPIndividual@1379559474{1617434698},3C_20_80-03.txt,169.439,0.250,42.360,0,0.000,0.00,0.000,0.000,0.000
17,ec.gp.GPIndividual@1100148882{1870236473},3C_20_50-02.txt,61.404,0.250,15.351,0,0.000,0.00,0.000,0.000,0.000
17,ec.gp.GPIndividual@1100148882{1870236473},3C_20_50-03.txt,30.993,0.250,7.748,3,14.750,190.37,4.917,10.359,2.125
17,ec.gp.GPIndividual@1100148882{1870236473},3C_20_66-03.txt,118.340,0.250,29.585,2,4.047,13.68,2.023,10.359,1.359
17,ec.gp.GPIndividual@1100148882{1870236473},3C_20_50-03.txt,30.993,0.250,7.748,1,2.266,29.24,2.266,10.359,1.359
17,ec.gp.GPIndividual@1100148882{1870236473},3C_20_50-03.txt,30.993,0.250,7.748,2,5.016,64.73,2.508,10.359,1.359
17,ec.gp.GPIndividual@1100148882{1870236473},3C_20_66-01.txt,7.322,0.250,1.831,0,0.000,0.00,0.000,10.359,1.359
17,ec.gp.GPIndividual@1100148882{1870236473},3C_20_66-02.txt,154.245,0.250,38.561,0,0.000,0.00,0.000,10.359,1.359
17,ec.gp.GPIndividual@1100148882{1870236473},3C_20_66-03.txt,118.340,0.250,29.585,8,27.953,94.48,3.494,10.359,1.359
17,ec.gp.GPIndividual@1100148882{1870236473},3C_20_80-01.txt,4.194,0.250,1.049,0,0.000,0.00,0.000,10.359,1.359
17,ec.gp.GPIndividual@1100148882{1870236473},3C_20_80-02.txt,35.738,0.250,8.935,1,10.844,121.37,10.844,10.844,1.359
17,ec.gp.GPIndividual@1100148882{1870236473},3C_20_80-01.txt,4.194,0.250,1.049,3,4.125,393.37,1.375,10.844,0.297
17,ec.gp.GPIndividual@1100148882{1870236473},3C_20_66-01.txt,7.322,0.250,1.831,2,0.125,6.83,0.063,10.844,0.000
17,ec.gp.GPIndividual@1100148882{1870236473},3C_20_80-02.txt,35.738,0.250,8.935,3,7.391,82.72,2.464,10.844,0.000
17,ec.gp.GPIndividual@1100148882{1870236473},3C_20_66-01.txt,7.322,0.250,1.831,1,1.031,56.34,1.031,10.844,0.000
17,ec.gp.GPIndividual@1100148882{1870236473},3C_20_80-03.txt,169.439,0.250,42.360,0,0.000,0.00,0.000,10.844,0.000
17,ec.gp.GPIndividual@36882375{-758223410},3C_20_50-02.txt,61.404,0.250,15.351,11,16.219,105.65,1.474,6.203,0.375
17,ec.gp.GPIndividual@36882375{-758223410},3C_20_80-03.txt,169.439,0.250,42.360,1,0.125,0.30,0.125,6.203,0.125
17,ec.gp.GPIndividual@36882375{-758223410},3C_20_66-02.txt,154.245,0.250,38.561,3,3.969,10.29,1.323,6.203,0.125
17,ec.gp.GPIndividual@36882375{-758223410},3C_20_80-01.txt,4.194,0.250,1.049,3,1.766,168.38,0.589,6.203,0.125
17,ec.gp.GPIndividual@36882375{-758223410},3C_20_66-02.txt,154.245,0.250,38.561,1,0.266,0.69,0.266,6.203,0.125
17,ec.gp.GPIndividual@36882375{-758223410},3C_20_80-02.txt,35.738,0.250,8.935,5,5.703,63.83,1.141,6.203,0.125
17,ec.gp.GPIndividual@36882375{-758223410},3C_20_50-03.txt,30.993,0.250,7.748,5,9.734,125.63,1.947,6.203,0.125
17,ec.gp.GPIndividual@664793259{531478790},3C_20_50-02.txt,61.404,0.250,15.351,8,10.297,67.08,1.287,3.172,0.281
17,ec.gp.GPIndividual@664793259{531478790},3C_20_80-03.txt,169.439,0.250,42.360,11,39.859,94.10,3.624,11.047,0.281
17,ec.gp.GPIndividual@664793259{531478790},3C_20_66-01.txt,7.322,0.250,1.831,1,16.531,903.08,16.531,16.531,0.281
17,ec.gp.GPIndividual@664793259{531478790},3C_20_66-03.txt,118.340,0.250,29.585,3,29.109,98.39,9.703,16.531,0.281
17,ec.gp.GPIndividual@664793259{531478790},3C_20_66-03.txt,118.340,0.250,29.585,2,4.297,14.52,2.148,16.531,0.281
17,ec.gp.GPIndividual@1352603049{-977145247},3C_20_50-02.txt,61.404,0.250,15.351,7,16.125,105.04,2.304,4.984,0.438
17,ec.gp.GPIndividual@1352603049{-977145247},3C_20_50-03.txt,30.993,0.250,7.748,1,0.609,7.86,0.609,4.984,0.438
17,ec.gp.GPIndividual@1352603049{-977145247},3C_20_80-01.txt,4.194,0.250,1.049,3,0.891,84.93,0.297,4.984,0.141
17,ec.gp.GPIndividual@1352603049{-977145247},3C_20_80-02.txt,35.738,0.250,8.935,2,6.766,75.72,3.383,6.766,0.000
17,ec.gp.GPIndividual@1352603049{-977145247},3C_20_50-03.txt,30.993,0.250,7.748,1,2.688,34.69,2.688,6.766,0.000
17,ec.gp.GPIndividual@1352603049{-977145247},3C_20_80-01.txt,4.194,0.250,1.049,2,0.750,71.52,0.375,6.766,0.000
17,ec.gp.GPIndividual@1352603049{-977145247},3C_20_80-02.txt,35.738,0.250,8.935,3,9.656,108.08,3.219,6.766,0.000
17,ec.gp.GPIndividual@1352603049{-977145247},3C_20_66-01.txt,7.322,0.250,1.831,3,1.844,100.72,0.615,6.766,0.000
17,ec.gp.GPIndividual@1352603049{-977145247},3C_20_66-02.txt,154.245,0.250,38.561,3,5.250,13.61,1.750,6.766,0.000
17,ec.gp.GPIndividual@1352603049{-977145247},3C_20_80-03.txt,169.439,0.250,42.360,15,35.891,84.73,2.393,9.781,0.000
17,ec.gp.GPIndividual@977613023{307890580},3C_20_50-02.txt,61.404,0.250,15.351,0,0.000,0.00,0.000,0.000,0.000
17,ec.gp.GPIndividual@977613023{307890580},3C_20_50-03.txt,30.993,0.250,7.748,0,0.000,0.00,0.000,0.000,0.000
17,ec.gp.GPIndividual@977613023{307890580},3C_20_66-01.txt,7.322,0.250,1.831,0,0.000,0.00,0.000,0.000,0.000
17,ec.gp.GPIndividual@977613023{307890580},3C_20_66-02.txt,154.245,0.250,38.561,0,0.000,0.00,0.000,0.000,0.000
17,ec.gp.GPIndividual@977613023{307890580},3C_20_66-03.txt,118.340,0.250,29.585,0,0.000,0.00,0.000,0.000,0.000
17,ec.gp.GPIndividual@977613023{307890580},3C_20_80-01.txt,4.194,0.250,1.049,0,0.000,0.00,0.000,0.000,0.000
17,ec.gp.GPIndividual@977613023{307890580},3C_20_80-02.txt,35.738,0.250,8.935,0,0.000,0.00,0.000,0.000,0.000
17,ec.gp.GPIndividual@977613023{307890580},3C_20_80-03.txt,169.439,0.250,42.360,0,0.000,0.00,0.000,0.000,0.000
17,ec.gp.GPIndividual@1374163881{2069616349},3C_20_50-02.txt,61.404,0.250,15.351,13,16.141,105.14,1.242,3.547,0.234
17,ec.gp.GPIndividual@1374163881{2069616349},3C_20_50-03.txt,30.993,0.250,7.748,1,0.484,6.25,0.484,3.547,0.234
17,ec.gp.GPIndividual@1374163881{2069616349},3C_20_80-01.txt,4.194,0.250,1.049,1,1.203,114.73,1.203,3.547,0.234
17,ec.gp.GPIndividual@1374163881{2069616349},3C_20_80-03.txt,169.439,0.250,42.360,14,39.953,94.32,2.854,11.906,0.000
17,ec.gp.GPIndividual@1889592880{1127605523},3C_20_50-02.txt,61.404,0.250,15.351,1,7.859,51.20,7.859,7.859,7.859
17,ec.gp.GPIndividual@1889592880{1127605523},3C_20_80-02.txt,35.738,0.250,8.935,2,14.766,165.26,7.383,14.625,0.141
17,ec.gp.GPIndividual@1889592880{1127605523},3C_20_66-02.txt,154.245,0.250,38.561,3,7.922,20.54,2.641,14.625,0.141
17,ec.gp.GPIndividual@1889592880{1127605523},3C_20_66-01.txt,7.322,0.250,1.831,2,2.188,119.50,1.094,14.625,0.141
17,ec.gp.GPIndividual@1889592880{1127605523},3C_20_80-03.txt,169.439,0.250,42.360,6,4.234,10.00,0.706,14.625,0.141
17,ec.gp.GPIndividual@1889592880{1127605523},3C_20_66-03.txt,118.340,0.250,29.585,7,21.656,73.20,3.094,14.625,0.141
17,ec.gp.GPIndividual@583223306{62051100},3C_20_50-02.txt,61.404,0.250,15.351,10,12.328,80.31,1.233,5.656,0.172
17,ec.gp.GPIndividual@583223306{62051100},3C_20_80-03.txt,169.439,0.250,42.360,2,7.547,17.82,3.773,5.656,0.172
17,ec.gp.GPIndividual@583223306{62051100},3C_20_50-03.txt,30.993,0.250,7.748,4,7.875,101.64,1.969,5.656,0.172
17,ec.gp.GPIndividual@1279847637{1589349262},3C_20_50-02.txt,61.404,0.250,15.351,3,1.031,6.72,0.344,0.875,0.000
17,ec.gp.GPIndividual@1279847637{1589349262},3C_20_66-01.txt,7.322,0.250,1.831,3,1.500,81.94,0.500,0.875,0.000
17,ec.gp.GPIndividual@1279847637{1589349262},3C_20_50-03.txt,30.993,0.250,7.748,1,0.578,7.46,0.578,0.875,0.000
17,ec.gp.GPIndividual@1279847637{1589349262},3C_20_66-02.txt,154.245,0.250,38.561,10,27.297,70.79,2.730,15.344,0.000
17,ec.gp.GPIndividual@1279847637{1589349262},3C_20_80-03.txt,169.439,0.250,42.360,2,15.953,37.66,7.977,15.344,0.000
17,ec.gp.GPIndividual@1279847637{1589349262},3C_20_66-03.txt,118.340,0.250,29.585,4,21.922,74.10,5.480,15.344,0.000
17,ec.gp.GPIndividual@1279847637{1589349262},3C_20_66-01.txt,7.322,0.250,1.831,3,7.141,390.08,2.380,15.344,0.000
17,ec.gp.GPIndividual@1279847637{1589349262},3C_20_80-01.txt,4.194,0.250,1.049,1,0.422,40.23,0.422,15.344,0.000
17,ec.gp.GPIndividual@1279847637{1589349262},3C_20_66-02.txt,154.245,0.250,38.561,15,33.828,87.73,2.255,15.922,0.000
17,ec.gp.GPIndividual@113595848{1104320534},3C_20_50-02.txt,61.404,0.250,15.351,0,0.000,0.00,0.000,0.000,0.000
17,ec.gp.GPIndividual@113595848{1104320534},3C_20_50-03.txt,30.993,0.250,7.748,0,0.000,0.00,0.000,0.000,0.000
17,ec.gp.GPIndividual@113595848{1104320534},3C_20_66-01.txt,7.322,0.250,1.831,0,0.000,0.00,0.000,0.000,0.000
17,ec.gp.GPIndividual@113595848{1104320534},3C_20_66-02.txt,154.245,0.250,38.561,0,0.000,0.00,0.000,0.000,0.000
17,ec.gp.GPIndividual@113595848{1104320534},3C_20_66-03.txt,118.340,0.250,29.585,0,0.000,0.00,0.000,0.000,0.000
17,ec.gp.GPIndividual@113595848{1104320534},3C_20_80-01.txt,4.194,0.250,1.049,0,0.000,0.00,0.000,0.000,0.000
17,ec.gp.GPIndividual@113595848{1104320534},3C_20_80-02.txt,35.738,0.250,8.935,0,0.000,0.00,0.000,0.000,0.000
17,ec.gp.GPIndividual@113595848{1104320534},3C_20_80-03.txt,169.439,0.250,42.360,0,0.000,0.00,0.000,0.000,0.000
17,ec.gp.GPIndividual@516313165{1621457966},3C_20_50-02.txt,61.404,0.250,15.351,2,6.438,41.94,3.219,6.266,0.172
17,ec.gp.GPIndividual@516313165{1621457966},3C_20_66-03.txt,118.340,0.250,29.585,2,6.219,21.02,3.109,6.266,0.172
17,ec.gp.GPIndividual@516313165{1621457966},3C_20_80-02.txt,35.738,0.250,8.935,8,8.406,94.09,1.051,6.266,0.172
17,ec.gp.GPIndividual@516313165{1621457966},3C_20_50-03.txt,30.993,0.250,7.748,2,2.094,27.02,1.047,6.266,0.172
17,ec.gp.GPIndividual@516313165{1621457966},3C_20_80-03.txt,169.439,0.250,42.360,2,4.453,10.51,2.227,6.266,0.172
17,ec.gp.GPIndividual@516313165{1621457966},3C_20_80-01.txt,4.194,0.250,1.049,1,2.453,233.94,2.453,6.266,0.172
17,ec.gp.GPIndividual@344573878{-21723092},3C_20_50-02.txt,61.404,0.250,15.351,4,1.906,12.42,0.477,0.797,0.172
17,ec.gp.GPIndividual@344573878{-21723092},3C_20_50-03.txt,30.993,0.250,7.748,5,7.359,94.98,1.472,2.969,0.172
17,ec.gp.GPIndividual@344573878{-21723092},3C_20_80-02.txt,35.738,0.250,8.935,1,1.703,19.06,1.703,2.969,0.172
17,ec.gp.GPIndividual@344573878{-21723092},3C_20_66-01.txt,7.322,0.250,1.831,1,0.984,53.77,0.984,2.969,0.172
17,ec.gp.GPIndividual@344573878{-21723092},3C_20_66-01.txt,7.322,0.250,1.831,2,0.859,46.95,0.430,2.969,0.172
17,ec.gp.GPIndividual@344573878{-21723092},3C_20_66-02.txt,154.245,0.250,38.561,8,5.125,13.29,0.641,2.969,0.172
17,ec.gp.GPIndividual@344573878{-21723092},3C_20_66-03.txt,118.340,0.250,29.585,3,4.141,14.00,1.380,2.969,0.172
17,ec.gp.GPIndividual@344573878{-21723092},3C_20_80-01.txt,4.194,0.250,1.049,2,0.688,65.56,0.344,2.969,0.172
17,ec.gp.GPIndividual@344573878{-21723092},3C_20_80-02.txt,35.738,0.250,8.935,1,0.828,9.27,0.828,2.969,0.172
17,ec.gp.GPIndividual@344573878{-21723092},3C_20_80-03.txt,169.439,0.250,42.360,1,2.609,6.16,2.609,2.969,0.172
17,ec.gp.GPIndividual@1452451014{655957877},3C_20_50-02.txt,61.404,0.250,15.351,5,14.484,94.35,2.897,11.250,0.188
17,ec.gp.GPIndividual@1452451014{655957877},3C_20_80-03.txt,169.439,0.250,42.360,4,20.609,48.65,5.152,12.813,0.188
17,ec.gp.GPIndividual@1452451014{655957877},3C_20_50-03.txt,30.993,0.250,7.748,2,4.359,56.26,2.180,12.813,0.188
17,ec.gp.GPIndividual@1452451014{655957877},3C_20_66-01.txt,7.322,0.250,1.831,2,1.016,55.48,0.508,12.813,0.188
17,ec.gp.GPIndividual@1452451014{655957877},3C_20_66-02.txt,154.245,0.250,38.561,8,26.031,67.51,3.254,12.813,0.188
18,ec.gp.GPIndividual@805793686{1087117660},3C_20_50-02.txt,61.404,0.250,15.351,0,0.000,0.00,0.000,0.000,0.000
18,ec.gp.GPIndividual@805793686{1087117660},3C_20_50-03.txt,30.993,0.250,7.748,0,0.000,0.00,0.000,0.000,0.000
18,ec.gp.GPIndividual@805793686{1087117660},3C_20_66-01.txt,7.322,0.250,1.831,0,0.000,0.00,0.000,0.000,0.000
18,ec.gp.GPIndividual@805793686{1087117660},3C_20_66-02.txt,154.245,0.250,38.561,0,0.000,0.00,0.000,0.000,0.000
18,ec.gp.GPIndividual@805793686{1087117660},3C_20_66-03.txt,118.340,0.250,29.585,0,0.000,0.00,0.000,0.000,0.000
18,ec.gp.GPIndividual@805793686{1087117660},3C_20_80-01.txt,4.194,0.250,1.049,0,0.000,0.00,0.000,0.000,0.000
18,ec.gp.GPIndividual@805793686{1087117660},3C_20_80-02.txt,35.738,0.250,8.935,0,0.000,0.00,0.000,0.000,0.000
18,ec.gp.GPIndividual@805793686{1087117660},3C_20_80-03.txt,169.439,0.250,42.360,0,0.000,0.00,0.000,0.000,0.000
18,ec.gp.GPIndividual@1066070284{1218162215},3C_20_50-02.txt,61.404,0.250,15.351,0,0.000,0.00,0.000,0.000,0.000
18,ec.gp.GPIndividual@1066070284{1218162215},3C_20_50-03.txt,30.993,0.250,7.748,0,0.000,0.00,0.000,0.000,0.000
18,ec.gp.GPIndividual@1066070284{1218162215},3C_20_66-01.txt,7.322,0.250,1.831,0,0.000,0.00,0.000,0.000,0.000
18,ec.gp.GPIndividual@1066070284{1218162215},3C_20_66-02.txt,154.245,0.250,38.561,0,0.000,0.00,0.000,0.000,0.000
18,ec.gp.GPIndividual@1066070284{1218162215},3C_20_66-03.txt,118.340,0.250,29.585,0,0.000,0.00,0.000,0.000,0.000
18,ec.gp.GPIndividual@1066070284{1218162215},3C_20_80-01.txt,4.194,0.250,1.049,0,0.000,0.00,0.000,0.000,0.000
18,ec.gp.GPIndividual@1066070284{1218162215},3C_20_80-02.txt,35.738,0.250,8.935,0,0.000,0.00,0.000,0.000,0.000
18,ec.gp.GPIndividual@1066070284{1218162215},3C_20_80-03.txt,169.439,0.250,42.360,0,0.000,0.00,0.000,0.000,0.000
18,ec.gp.GPIndividual@1728856148{-1464199842},3C_20_50-02.txt,61.404,0.250,15.351,13,13.281,86.52,1.022,1.844,0.344
18,ec.gp.GPIndividual@1728856148{-1464199842},3C_20_50-03.txt,30.993,0.250,7.748,2,2.984,38.52,1.492,1.859,0.344
18,ec.gp.GPIndividual@1728856148{-1464199842},3C_20_50-03.txt,30.993,0.250,7.748,6,7.594,98.01,1.266,2.359,0.000
18,ec.gp.GPIndividual@1728856148{-1464199842},3C_20_50-03.txt,30.993,0.250,7.748,4,7.547,97.40,1.887,3.156,0.000
18,ec.gp.GPIndividual@1728856148{-1464199842},3C_20_50-03.txt,30.993,0.250,7.748,1,0.344,4.44,0.344,3.156,0.000
18,ec.gp.GPIndividual@1728856148{-1464199842},3C_20_50-03.txt,30.993,0.250,7.748,6,8.859,114.34,1.477,3.156,0.000
18,ec.gp.GPIndividual@1728856148{-1464199842},3C_20_66-01.txt,7.322,0.250,1.831,1,3.172,173.27,3.172,3.172,0.000
18,ec.gp.GPIndividual@1728856148{-1464199842},3C_20_66-01.txt,7.322,0.250,1.831,1,2.328,127.18,2.328,3.172,0.000
18,ec.gp.GPIndividual@1728856148{-1464199842},3C_20_50-03.txt,30.993,0.250,7.748,5,8.844,114.14,1.769,3.172,0.000
18,ec.gp.GPIndividual@1728856148{-1464199842},3C_20_66-01.txt,7.322,0.250,1.831,3,2.797,152.79,0.932,3.172,0.000
18,ec.gp.GPIndividual@1728856148{-1464199842},3C_20_66-02.txt,154.245,0.250,38.561,1,0.141,0.36,0.141,3.172,0.000
18,ec.gp.GPIndividual@1728856148{-1464199842},3C_20_66-01.txt,7.322,0.250,1.831,3,2.094,114.38,0.698,3.172,0.000
18,ec.gp.GPIndividual@1728856148{-1464199842},3C_20_66-02.txt,154.245,0.250,38.561,8,15.156,39.30,1.895,3.219,0.000
18,ec.gp.GPIndividual@1728856148{-1464199842},3C_20_66-02.txt,154.245,0.250,38.561,8,14.797,38.37,1.850,3.922,0.000
18,ec.gp.GPIndividual@1728856148{-1464199842},3C_20_66-03.txt,118.340,0.250,29.585,9,21.625,73.09,2.403,6.516,0.000
18,ec.gp.GPIndividual@1728856148{-1464199842},3C_20_80-01.txt,4.194,0.250,1.049,3,0.875,83.44,0.292,6.516,0.000
18,ec.gp.GPIndividual@1728856148{-1464199842},3C_20_80-02.txt,35.738,0.250,8.935,2,8.156,91.29,4.078,7.609,0.000
18,ec.gp.GPIndividual@1728856148{-1464199842},3C_20_66-01.txt,7.322,0.250,1.831,1,1.984,108.40,1.984,7.609,0.000
18,ec.gp.GPIndividual@1728856148{-1464199842},3C_20_80-03.txt,169.439,0.250,42.360,4,21.031,49.65,5.258,11.125,0.000
18,ec.gp.GPIndividual@1728856148{-1464199842},3C_20_66-01.txt,7.322,0.250,1.831,1,10.422,569.33,10.422,11.125,0.000
18,ec.gp.GPIndividual@1728856148{-1464199842},3C_20_66-02.txt,154.245,0.250,38.561,2,6.688,17.34,3.344,11.125,0.000
18,ec.gp.GPIndividual@1728856148{-1464199842},3C_20_66-03.txt,118.340,0.250,29.585,2,2.625,8.87,1.313,11.125,0.000
18,ec.gp.GPIndividual@1728856148{-1464199842},3C_20_66-02.txt,154.245,0.250,38.561,6,15.563,40.36,2.594,11.125,0.000
18,ec.gp.GPIndividual@1952208802{462691507},3C_20_50-02.txt,61.404,0.250,15.351,3,3.547,23.11,1.182,1.609,0.359
18,ec.gp.GPIndividual@1952208802{462691507},3C_20_66-03.txt,118.340,0.250,29.585,8,26.234,88.67,3.279,6.531,0.359
18,ec.gp.GPIndividual@1952208802{462691507},3C_20_80-01.txt,4.194,0.250,1.049,1,13.516,1288.89,13.516,13.516,0.359
18,ec.gp.GPIndividual@1952208802{462691507},3C_20_66-03.txt,118.340,0.250,29.585,2,1.813,6.13,0.906,13.516,0.359
18,ec.gp.GPIndividual@1952208802{462691507},3C_20_80-02.txt,35.738,0.250,8.935,1,5.375,60.16,5.375,13.516,0.359
18,ec.gp.GPIndividual@1952208802{462691507},3C_20_80-01.txt,4.194,0.250,1.049,2,4.672,445.53,2.336,13.516,0.359
18,ec.gp.GPIndividual@1952208802{462691507},3C_20_50-03.txt,30.993,0.250,7.748,1,7.578,97.81,7.578,13.516,0.359
18,ec.gp.GPIndividual@1952208802{462691507},3C_20_66-03.txt,118.340,0.250,29.585,1,2.359,7.97,2.359,13.516,0.359
18,ec.gp.GPIndividual@1952208802{462691507},3C_20_80-03.txt,169.439,0.250,42.360,4,22.516,53.15,5.629,13.516,0.359
18,ec.gp.GPIndividual@1952208802{462691507},3C_20_80-02.txt,35.738,0.250,8.935,4,8.359,93.56,2.090,13.516,0.359
18,ec.gp.GPIndividual@1952208802{462691507},3C_20_66-01.txt,7.322,0.250,1.831,1,3.625,198.03,3.625,13.516,0.359
18,ec.gp.GPIndividual@1952208802{462691507},3C_20_80-01.txt,4.194,0.250,1.049,1,6.297,600.49,6.297,13.516,0.359
18,ec.gp.GPIndividual@1952208802{462691507},3C_20_80-01.txt,4.194,0.250,1.049,1,1.391,132.61,1.391,13.516,0.359
18,ec.gp.GPIndividual@1952208802{462691507},3C_20_80-03.txt,169.439,0.250,42.360,2,6.656,15.71,3.328,13.516,0.359
18,ec.gp.GPIndividual@1731720374{1867329160},3C_20_50-02.txt,61.404,0.250,15.351,12,13.922,90.69,1.160,1.828,0.422
18,ec.gp.GPIndividual@1731720374{1867329160},3C_20_80-02.txt,35.738,0.250,8.935,4,13.281,148.65,3.320,6.297,0.422
18,ec.gp.GPIndividual@2056635374{925089364},3C_20_50-02.txt,61.404,0.250,15.351,0,0.000,0.00,0.000,0.000,0.000
18,ec.gp.GPIndividual@2056635374{925089364},3C_20_50-03.txt,30.993,0.250,7.748,0,0.000,0.00,0.000,0.000,0.000
18,ec.gp.GPIndividual@2056635374{925089364},3C_20_66-01.txt,7.322,0.250,1.831,0,0.000,0.00,0.000,0.000,0.000
18,ec.gp.GPIndividual@2056635374{925089364},3C_20_66-02.txt,154.245,0.250,38.561,2,11.719,30.39,5.859,11.719,0.000
18,ec.gp.GPIndividual@2056635374{925089364},3C_20_66-02.txt,154.245,0.250,38.561,0,0.000,0.00,0.000,11.719,0.000
18,ec.gp.GPIndividual@2056635374{925089364},3C_20_66-03.txt,118.340,0.250,29.585,0,0.000,0.00,0.000,11.719,0.000
18,ec.gp.GPIndividual@2056635374{925089364},3C_20_80-01.txt,4.194,0.250,1.049,0,0.000,0.00,0.000,11.719,0.000
18,ec.gp.GPIndividual@2056635374{925089364},3C_20_80-02.txt,35.738,0.250,8.935,0,0.000,0.00,0.000,11.719,0.000
18,ec.gp.GPIndividual@2056635374{925089364},3C_20_80-03.txt,169.439,0.250,42.360,0,0.000,0.00,0.000,11.719,0.000
18,ec.gp.GPIndividual@287774034{-674953565},3C_20_50-02.txt,61.404,0.250,15.351,0,0.000,0.00,0.000,0.000,0.000
18,ec.gp.GPIndividual@287774034{-674953565},3C_20_50-03.txt,30.993,0.250,7.748,0,0.000,0.00,0.000,0.000,0.000
18,ec.gp.GPIndividual@287774034{-674953565},3C_20_66-01.txt,7.322,0.250,1.831,0,0.000,0.00,0.000,0.000,0.000
18,ec.gp.GPIndividual@287774034{-674953565},3C_20_66-02.txt,154.245,0.250,38.561,0,0.000,0.00,0.000,0.000,0.000
18,ec.gp.GPIndividual@287774034{-674953565},3C_20_66-03.txt,118.340,0.250,29.585,0,0.000,0.00,0.000,0.000,0.000
18,ec.gp.GPIndividual@287774034{-674953565},3C_20_80-01.txt,4.194,0.250,1.049,0,0.000,0.00,0.000,0.000,0.000
18,ec.gp.GPIndividual@287774034{-674953565},3C_20_80-02.txt,35.738,0.250,8.935,0,0.000,0.00,0.000,0.000,0.000
18,ec.gp.GPIndividual@287774034{-674953565},3C_20_80-03.txt,169.439,0.250,42.360,0,0.000,0.00,0.000,0.000,0.000
18,ec.gp.GPIndividual@1946636985{-1868346124},3C_20_50-02.txt,61.404,0.250,15.351,2,0.844,5.50,0.422,0.844,0.000
18,ec.gp.GPIndividual@1946636985{-1868346124},3C_20_80-02.txt,35.738,0.250,8.935,6,9.219,103.18,1.536,2.547,0.000
18,ec.gp.GPIndividual@1946636985{-1868346124},3C_20_66-02.txt,154.245,0.250,38.561,1,0.891,2.31,0.891,2.547,0.000
18,ec.gp.GPIndividual@1946636985{-1868346124},3C_20_50-03.txt,30.993,0.250,7.748,1,0.328,4.23,0.328,2.547,0.000
18,ec.gp.GPIndividual@1946636985{-1868346124},3C_20_80-03.txt,169.439,0.250,42.360,20,44.406,104.83,2.220,5.688,0.000
18,ec.gp.GPIndividual@1946636985{-1868346124},3C_20_66-01.txt,7.322,0.250,1.831,1,1.063,58.04,1.063,5.688,0.000
18,ec.gp.GPIndividual@1946636985{-1868346124},3C_20_66-03.txt,118.340,0.250,29.585,3,5.438,18.38,1.813,5.688,0.000
18,ec.gp.GPIndividual@1946636985{-1868346124},3C_20_66-03.txt,118.340,0.250,29.585,1,3.188,10.77,3.188,5.688,0.000
18,ec.gp.GPIndividual@2135757578{-2042067133},3C_20_50-02.txt,61.404,0.250,15.351,4,8.656,56.39,2.164,5.484,0.484
18,ec.gp.GPIndividual@2135757578{-2042067133},3C_20_50-03.txt,30.993,0.250,7.748,1,1.844,23.80,1.844,5.484,0.484
18,ec.gp.GPIndividual@2135757578{-2042067133},3C_20_50-03.txt,30.993,0.250,7.748,3,9.000,116.16,3.000,6.266,0.484
18,ec.gp.GPIndividual@2135757578{-2042067133},3C_20_80-01.txt,4.194,0.250,1.049,1,3.250,309.93,3.250,6.266,0.484
18,ec.gp.GPIndividual@2135757578{-2042067133},3C_20_66-01.txt,7.322,0.250,1.831,1,3.219,175.84,3.219,6.266,0.484
18,ec.gp.GPIndividual@2135757578{-2042067133},3C_20_66-01.txt,7.322,0.250,1.831,4,2.297,125.47,0.574,6.266,0.172
18,ec.gp.GPIndividual@2135757578{-2042067133},3C_20_66-02.txt,154.245,0.250,38.561,4,10.469,27.15,2.617,6.453,0.172
18,ec.gp.GPIndividual@2135757578{-2042067133},3C_20_80-02.txt,35.738,0.250,8.935,1,1.375,15.39,1.375,6.453,0.172
18,ec.gp.GPIndividual@2135757578{-2042067133},3C_20_66-02.txt,154.245,0.250,38.561,5,19.688,51.06,3.938,11.188,0.000
18,ec.gp.GPIndividual@2135757578{-2042067133},3C_20_80-03.txt,169.439,0.250,42.360,5,7.797,18.41,1.559,11.188,0.000
18,ec.gp.GPIndividual@2135757578{-2042067133},3C_20_66-03.txt,118.340,0.250,29.585,7,20.391,68.92,2.913,11.188,0.000
18,ec.gp.GPIndividual@2135757578{-2042067133},3C_20_80-01.txt,4.194,0.250,1.049,2,12.391,1181.61,6.195,11.859,0.000
18,ec.gp.GPIndividual@2135757578{-2042067133},3C_20_66-02.txt,154.245,0.250,38.561,1,1.266,3.28,1.266,11.859,0.000
18,ec.gp.GPIndividual@2135757578{-2042067133},3C_20_80-02.txt,35.738,0.250,8.935,2,14.797,165.61,7.398,12.063,0.000
18,ec.gp.GPIndividual@2135757578{-2042067133},3C_20_80-01.txt,4.194,0.250,1.049,1,2.188,208.61,2.188,12.063,0.000
18,ec.gp.GPIndividual@2135757578{-2042067133},3C_20_80-03.txt,169.439,0.250,42.360,6,20.078,47.40,3.346,12.063,0.000
18,ec.gp.GPIndividual@2135757578{-2042067133},3C_20_66-03.txt,118.340,0.250,29.585,1,8.703,29.42,8.703,12.063,0.000
18,ec.gp.GPIndividual@2135757578{-2042067133},3C_20_80-03.txt,169.439,0.250,42.360,4,11.156,26.34,2.789,12.063,0.000
18,ec.gp.GPIndividual@631496482{1630279971},3C_20_50-02.txt,61.404,0.250,15.351,6,20.297,132.22,3.383,6.484,0.531
18,ec.gp.GPIndividual@438673387{524590544},3C_20_50-02.txt,61.404,0.250,15.351,1,0.688,4.48,0.688,0.688,0.688
18,ec.gp.GPIndividual@438673387{524590544},3C_20_80-01.txt,4.194,0.250,1.049,3,1.156,110.26,0.385,0.688,0.328
18,ec.gp.GPIndividual@438673387{524590544},3C_20_50-03.txt,30.993,0.250,7.748,4,7.000,90.34,1.750,2.578,0.328
18,ec.gp.GPIndividual@438673387{524590544},3C_20_80-02.txt,35.738,0.250,8.935,1,1.266,14.17,1.266,2.578,0.328
18,ec.gp.GPIndividual@438673387{524590544},3C_20_50-03.txt,30.993,0.250,7.748,4,8.359,107.89,2.090,3.188,0.328
18,ec.gp.GPIndividual@438673387{524590544},3C_20_80-02.txt,35.738,0.250,8.935,1,0.344,3.85,0.344,3.188,0.328
18,ec.gp.GPIndividual@438673387{524590544},3C_20_80-03.txt,169.439,0.250,42.360,2,14.281,33.71,7.141,14.281,0.000
18,ec.gp.GPIndividual@1232647582{-1576119593},3C_20_50-02.txt,61.404,0.250,15.351,0,0.000,0.00,0.000,0.000,0.000
18,ec.gp.GPIndividual@1232647582{-1576119593},3C_20_50-03.txt,30.993,0.250,7.748,0,0.000,0.00,0.000,0.000,0.000
18,ec.gp.GPIndividual@1232647582{-1576119593},3C_20_66-01.txt,7.322,0.250,1.831,0,0.000,0.00,0.000,0.000,0.000
18,ec.gp.GPIndividual@1232647582{-1576119593},3C_20_66-02.txt,154.245,0.250,38.561,0,0.000,0.00,0.000,0.000,0.000
18,ec.gp.GPIndividual@1232647582{-1576119593},3C_20_66-03.txt,118.340,0.250,29.585,0,0.000,0.00,0.000,0.000,0.000
18,ec.gp.GPIndividual@1232647582{-1576119593},3C_20_80-01.txt,4.194,0.250,1.049,0,0.000,0.00,0.000,0.000,0.000
18,ec.gp.GPIndividual@1232647582{-1576119593},3C_20_80-02.txt,35.738,0.250,8.935,0,0.000,0.00,0.000,0.000,0.000
18,ec.gp.GPIndividual@1232647582{-1576119593},3C_20_80-03.txt,169.439,0.250,42.360,0,0.000,0.00,0.000,0.000,0.000
18,ec.gp.GPIndividual@1698677356{-2039302628},3C_20_50-02.txt,61.404,0.250,15.351,8,16.734,109.01,2.092,4.516,0.500
18,ec.gp.GPIndividual@1698677356{-2039302628},3C_20_66-01.txt,7.322,0.250,1.831,1,2.531,138.28,2.531,4.516,0.500
18,ec.gp.GPIndividual@1698677356{-2039302628},3C_20_50-03.txt,30.993,0.250,7.748,1,3.984,51.42,3.984,4.516,0.500
18,ec.gp.GPIndividual@1698677356{-2039302628},3C_20_66-01.txt,7.322,0.250,1.831,2,15.844,865.52,7.922,15.031,0.500
18,ec.gp.GPIndividual@1698677356{-2039302628},3C_20_66-03.txt,118.340,0.250,29.585,1,1.313,4.44,1.313,15.031,0.500
18,ec.gp.GPIndividual@1698677356{-2039302628},3C_20_80-03.txt,169.439,0.250,42.360,8,16.203,38.25,2.025,15.031,0.453
18,ec.gp.GPIndividual@1698677356{-2039302628},3C_20_66-02.txt,154.245,0.250,38.561,12,38.547,99.96,3.212,15.031,0.453
18,ec.gp.GPIndividual@1698677356{-2039302628},3C_20_66-01.txt,7.322,0.250,1.831,1,4.078,222.78,4.078,15.031,0.453
18,ec.gp.GPIndividual@1698677356{-2039302628},3C_20_80-01.txt,4.194,0.250,1.049,2,1.438,137.08,0.719,15.031,0.453
18,ec.gp.GPIndividual@1698677356{-2039302628},3C_20_80-02.txt,35.738,0.250,8.935,1,0.156,1.75,0.156,15.031,0.156
18,ec.gp.GPIndividual@1698677356{-2039302628},3C_20_66-02.txt,154.245,0.250,38.561,1,14.641,37.97,14.641,15.031,0.156
18,ec.gp.GPIndividual@1143788804{2021412172},3C_20_50-02.txt,61.404,0.250,15.351,2,3.219,20.97,1.609,2.844,0.375
18,ec.gp.GPIndividual@1143788804{2021412172},3C_20_66-03.txt,118.340,0.250,29.585,10,26.984,91.21,2.698,14.406,0.375
18,ec.gp.GPIndividual@1143788804{2021412172},3C_20_66-02.txt,154.245,0.250,38.561,12,29.844,77.39,2.487,14.406,0.375
18,ec.gp.GPIndividual@1143788804{2021412172},3C_20_80-01.txt,4.194,0.250,1.049,2,11.688,1114.56,5.844,14.406,0.375
18,ec.gp.GPIndividual@1143788804{2021412172},3C_20_66-03.txt,118.340,0.250,29.585,1,11.641,39.35,11.641,14.406,0.375
18,ec.gp.GPIndividual@1143788804{2021412172},3C_20_80-03.txt,169.439,0.250,42.360,1,12.188,28.77,12.188,14.406,0.375
18,ec.gp.GPIndividual@1143788804{2021412172},3C_20_50-03.txt,30.993,0.250,7.748,3,8.594,110.91,2.865,14.406,0.359
18,ec.gp.GPIndividual@1143788804{2021412172},3C_20_66-03.txt,118.340,0.250,29.585,1,1.219,4.12,1.219,14.406,0.359
18,ec.gp.GPIndividual@1143788804{2021412172},3C_20_80-02.txt,35.738,0.250,8.935,3,9.500,106.33,3.167,14.406,0.359
18,ec.gp.GPIndividual@1143788804{2021412172},3C_20_80-01.txt,4.194,0.250,1.049,1,4.797,457.45,4.797,14.406,0.359
18,ec.gp.GPIndividual@282136326{1911217244},3C_20_50-02.txt,61.404,0.250,15.351,0,0.000,0.00,0.000,0.000,0.000
18,ec.gp.GPIndividual@282136326{1911217244},3C_20_50-03.txt,30.993,0.250,7.748,0,0.000,0.00,0.000,0.000,0.000
18,ec.gp.GPIndividual@282136326{1911217244},3C_20_66-01.txt,7.322,0.250,1.831,0,0.000,0.00,0.000,0.000,0.000
18,ec.gp.GPIndividual@282136326{1911217244},3C_20_66-02.txt,154.245,0.250,38.561,0,0.000,0.00,0.000,0.000,0.000
18,ec.gp.GPIndividual@282136326{1911217244},3C_20_66-03.txt,118.340,0.250,29.585,0,0.000,0.00,0.000,0.000,0.000
18,ec.gp.GPIndividual@282136326{1911217244},3C_20_80-01.txt,4.194,0.250,1.049,0,0.000,0.00,0.000,0.000,0.000
18,ec.gp.GPIndividual@282136326{1911217244},3C_20_80-02.txt,35.738,0.250,8.935,0,0.000,0.00,0.000,0.000,0.000
18,ec.gp.GPIndividual@282136326{1911217244},3C_20_80-03.txt,169.439,0.250,42.360,0,0.000,0.00,0.000,0.000,0.000
18,ec.gp.GPIndividual@469002125{1801387269},3C_20_50-02.txt,61.404,0.250,15.351,11,15.781,102.80,1.435,4.609,0.406
18,ec.gp.GPIndividual@469002125{1801387269},3C_20_50-03.txt,30.993,0.250,7.748,1,0.438,5.65,0.438,4.609,0.406
18,ec.gp.GPIndividual@469002125{1801387269},3C_20_80-02.txt,35.738,0.250,8.935,1,1.766,19.76,1.766,4.609,0.406
18,ec.gp.GPIndividual@469002125{1801387269},3C_20_80-01.txt,4.194,0.250,1.049,1,0.969,92.38,0.969,4.609,0.406
18,ec.gp.GPIndividual@469002125{1801387269},3C_20_80-03.txt,169.439,0.250,42.360,12,27.359,64.59,2.280,5.141,0.406
18,ec.gp.GPIndividual@469002125{1801387269},3C_20_66-01.txt,7.322,0.250,1.831,1,3.469,189.49,3.469,5.141,0.406
18,ec.gp.GPIndividual@469002125{1801387269},3C_20_66-01.txt,7.322,0.250,1.831,2,1.734,94.75,0.867,5.141,0.281
18,ec.gp.GPIndividual@469002125{1801387269},3C_20_80-03.txt,169.439,0.250,42.360,14,27.641,65.25,1.974,9.438,0.281
18,ec.gp.GPIndividual@1926172466{675016643},3C_20_50-02.txt,61.404,0.250,15.351,5,15.922,103.72,3.184,9.734,0.281
18,ec.gp.GPIndividual@1238872766{-288515257},3C_20_50-02.txt,61.404,0.250,15.351,1,0.422,2.75,0.422,0.422,0.422
18,ec.gp.GPIndividual@1238872766{-288515257},3C_20_50-03.txt,30.993,0.250,7.748,1,11.766,151.85,11.766,11.766,0.422
18,ec.gp.GPIndividual@1238872766{-288515257},3C_20_66-02.txt,154.245,0.250,38.561,1,12.031,31.20,12.031,12.031,0.422
18,ec.gp.GPIndividual@1238872766{-288515257},3C_20_80-02.txt,35.738,0.250,8.935,1,11.453,128.19,11.453,12.031,0.422
18,ec.gp.GPIndividual@1238872766{-288515257},3C_20_66-02.txt,154.245,0.250,38.561,4,9.375,24.31,2.344,12.031,0.422
18,ec.gp.GPIndividual@1238872766{-288515257},3C_20_50-03.txt,30.993,0.250,7.748,1,3.234,41.74,3.234,12.031,0.422
18,ec.gp.GPIndividual@1238872766{-288515257},3C_20_66-01.txt,7.322,0.250,1.831,2,2.031,110.96,1.016,12.031,0.422
18,ec.gp.GPIndividual@1238872766{-288515257},3C_20_66-03.txt,118.340,0.250,29.585,2,1.750,5.92,0.875,12.031,0.422
18,ec.gp.GPIndividual@1238872766{-288515257},3C_20_66-02.txt,154.245,0.250,38.561,1,0.547,1.42,0.547,12.031,0.422
18,ec.gp.GPIndividual@1238872766{-288515257},3C_20_80-03.txt,169.439,0.250,42.360,2,3.000,7.08,1.500,12.031,0.422
18,ec.gp.GPIndividual@1238872766{-288515257},3C_20_66-03.txt,118.340,0.250,29.585,7,23.641,79.91,3.377,12.031,0.422
18,ec.gp.GPIndividual@1238872766{-288515257},3C_20_80-01.txt,4.194,0.250,1.049,1,0.438,41.72,0.438,12.031,0.422
18,ec.gp.GPIndividual@1238872766{-288515257},3C_20_80-02.txt,35.738,0.250,8.935,2,4.672,52.29,2.336,12.031,0.422
18,ec.gp.GPIndividual@1238872766{-288515257},3C_20_80-03.txt,169.439,0.250,42.360,1,2.453,5.79,2.453,12.031,0.422
18,ec.gp.GPIndividual@1238872766{-288515257},3C_20_80-01.txt,4.194,0.250,1.049,1,4.391,418.70,4.391,12.031,0.422
18,ec.gp.GPIndividual@1238872766{-288515257},3C_20_66-01.txt,7.322,0.250,1.831,2,6.141,335.45,3.070,12.031,0.422
18,ec.gp.GPIndividual@1725234116{1722104184},3C_20_50-02.txt,61.404,0.250,15.351,7,6.063,39.49,0.866,1.297,0.438
18,ec.gp.GPIndividual@1725234116{1722104184},3C_20_80-02.txt,35.738,0.250,8.935,1,9.703,108.60,9.703,9.703,0.438
18,ec.gp.GPIndividual@1725234116{1722104184},3C_20_66-03.txt,118.340,0.250,29.585,2,6.172,20.86,3.086,9.703,0.438
18,ec.gp.GPIndividual@142735723{1559896044},3C_20_50-02.txt,61.404,0.250,15.351,11,19.156,124.79,1.741,4.875,0.422
18,ec.gp.GPIndividual@142735723{1559896044},3C_20_80-01.txt,4.194,0.250,1.049,1,1.203,114.73,1.203,4.875,0.422
18,ec.gp.GPIndividual@142735723{1559896044},3C_20_80-03.txt,169.439,0.250,42.360,14,38.500,90.89,2.750,14.391,0.000
18,ec.gp.GPIndividual@142735723{1559896044},3C_20_66-02.txt,154.245,0.250,38.561,1,10.531,27.31,10.531,14.391,0.000
18,ec.gp.GPIndividual@955246206{-984612623},3C_20_50-02.txt,61.404,0.250,15.351,1,13.125,85.50,13.125,13.125,13.125
18,ec.gp.GPIndividual@955246206{-984612623},3C_20_50-03.txt,30.993,0.250,7.748,2,16.563,213.76,8.281,16.266,0.297
18,ec.gp.GPIndividual@955246206{-984612623},3C_20_50-03.txt,30.993,0.250,7.748,3,10.875,140.36,3.625,16.266,0.297
18,ec.gp.GPIndividual@955246206{-984612623},3C_20_80-02.txt,35.738,0.250,8.935,5,10.281,115.07,2.056,16.266,0.297
18,ec.gp.GPIndividual@955246206{-984612623},3C_20_66-01.txt,7.322,0.250,1.831,2,1.734,94.75,0.867,16.266,0.125
18,ec.gp.GPIndividual@955246206{-984612623},3C_20_80-03.txt,169.439,0.250,42.360,2,1.531,3.61,0.766,16.266,0.125
18,ec.gp.GPIndividual@955246206{-984612623},3C_20_66-03.txt,118.340,0.250,29.585,1,1.281,4.33,1.281,16.266,0.125
18,ec.gp.GPIndividual@955246206{-984612623},3C_20_50-03.txt,30.993,0.250,7.748,5,6.625,85.50,1.325,16.266,0.000
18,ec.gp.GPIndividual@955246206{-984612623},3C_20_66-01.txt,7.322,0.250,1.831,1,3.125,170.71,3.125,16.266,0.000
18,ec.gp.GPIndividual@955246206{-984612623},3C_20_66-01.txt,7.322,0.250,1.831,3,2.313,126.33,0.771,16.266,0.000
18,ec.gp.GPIndividual@955246206{-984612623},3C_20_66-02.txt,154.245,0.250,38.561,1,0.281,0.73,0.281,16.266,0.000
18,ec.gp.GPIndividual@955246206{-984612623},3C_20_66-02.txt,154.245,0.250,38.561,20,39.422,102.23,1.971,16.266,0.000
18,ec.gp.GPIndividual@955246206{-984612623},3C_20_66-03.txt,118.340,0.250,29.585,1,6.516,22.02,6.516,16.266,0.000
18,ec.gp.GPIndividual@955246206{-984612623},3C_20_80-01.txt,4.194,0.250,1.049,2,4.375,417.21,2.188,16.266,0.000
18,ec.gp.GPIndividual@955246206{-984612623},3C_20_66-03.txt,118.340,0.250,29.585,1,1.125,3.80,1.125,16.266,0.000
18,ec.gp.GPIndividual@955246206{-984612623},3C_20_66-02.txt,154.245,0.250,38.561,2,2.094,5.43,1.047,16.266,0.000
18,ec.gp.GPIndividual@955246206{-984612623},3C_20_80-02.txt,35.738,0.250,8.935,2,15.250,170.69,7.625,16.266,0.000
18,ec.gp.GPIndividual@317504371{-2092402488},3C_20_50-02.txt,61.404,0.250,15.351,7,15.500,100.97,2.214,4.844,0.281
18,ec.gp.GPIndividual@317504371{-2092402488},3C_20_80-01.txt,4.194,0.250,1.049,2,1.141,108.77,0.570,4.844,0.125
18,ec.gp.GPIndividual@317504371{-2092402488},3C_20_80-03.txt,169.439,0.250,42.360,14,35.000,82.63,2.500,10.375,0.125
18,ec.gp.GPIndividual@366388808{2147106320},3C_20_50-02.txt,61.404,0.250,15.351,5,22.094,143.92,4.419,10.828,0.156
18,ec.gp.GPIndividual@366388808{2147106320},3C_20_80-01.txt,4.194,0.250,1.049,1,1.063,101.32,1.063,10.828,0.156
18,ec.gp.GPIndividual@1621436305{553303278},3C_20_50-02.txt,61.404,0.250,15.351,13,15.563,101.38,1.197,5.547,0.141
18,ec.gp.GPIndividual@1621436305{553303278},3C_20_50-03.txt,30.993,0.250,7.748,1,3.156,40.74,3.156,5.547,0.141
18,ec.gp.GPIndividual@1621436305{553303278},3C_20_50-03.txt,30.993,0.250,7.748,1,2.203,28.43,2.203,5.547,0.141
18,ec.gp.GPIndividual@1621436305{553303278},3C_20_80-02.txt,35.738,0.250,8.935,7,9.125,102.13,1.304,5.547,0.141
18,ec.gp.GPIndividual@1621436305{553303278},3C_20_66-01.txt,7.322,0.250,1.831,1,2.094,114.38,2.094,5.547,0.141
18,ec.gp.GPIndividual@1621436305{553303278},3C_20_66-01.txt,7.322,0.250,1.831,4,1.719,93.89,0.430,5.547,0.141
18,ec.gp.GPIndividual@1621436305{553303278},3C_20_80-03.txt,169.439,0.250,42.360,1,0.484,1.14,0.484,5.547,0.141
18,ec.gp.GPIndividual@1621436305{553303278},3C_20_66-02.txt,154.245,0.250,38.561,10,20.844,54.05,2.084,13.156,0.141
18,ec.gp.GPIndividual@116673046{-1510511652},3C_20_50-02.txt,61.404,0.250,15.351,4,14.969,97.51,3.742,14.422,0.000
18,ec.gp.GPIndividual@116673046{-1510511652},3C_20_66-02.txt,154.245,0.250,38.561,1,12.422,32.21,12.422,14.422,0.000
18,ec.gp.GPIndividual@116673046{-1510511652},3C_20_66-03.txt,118.340,0.250,29.585,12,26.953,91.10,2.246,14.422,0.000
18,ec.gp.GPIndividual@116673046{-1510511652},3C_20_80-01.txt,4.194,0.250,1.049,1,8.281,789.73,8.281,14.422,0.000
18,ec.gp.GPIndividual@116673046{-1510511652},3C_20_66-03.txt,118.340,0.250,29.585,7,10.328,34.91,1.475,14.422,0.000
18,ec.gp.GPIndividual@116673046{-1510511652},3C_20_50-03.txt,30.993,0.250,7.748,5,6.266,80.87,1.253,14.422,0.000
18,ec.gp.GPIndividual@116673046{-1510511652},3C_20_80-02.txt,35.738,0.250,8.935,1,2.656,29.73,2.656,14.422,0.000
18,ec.gp.GPIndividual@116673046{-1510511652},3C_20_80-01.txt,4.194,0.250,1.049,1,1.406,134.10,1.406,14.422,0.000
18,ec.gp.GPIndividual@116673046{-1510511652},3C_20_66-01.txt,7.322,0.250,1.831,4,2.172,118.65,0.543,14.422,0.000
18,ec.gp.GPIndividual@116673046{-1510511652},3C_20_80-02.txt,35.738,0.250,8.935,1,0.063,0.70,0.063,14.422,0.000
18,ec.gp.GPIndividual@116673046{-1510511652},3C_20_80-03.txt,169.439,0.250,42.360,2,1.094,2.58,0.547,14.422,0.000
18,ec.gp.GPIndividual@116673046{-1510511652},3C_20_66-02.txt,154.245,0.250,38.561,12,21.625,56.08,1.802,14.422,0.000
18,ec.gp.GPIndividual@116673046{-1510511652},3C_20_80-03.txt,169.439,0.250,42.360,1,13.313,31.43,13.313,14.422,0.000
18,ec.gp.GPIndividual@34878139{1449939295},3C_20_50-02.txt,61.404,0.250,15.351,7,9.000,58.63,1.286,4.234,0.125
18,ec.gp.GPIndividual@34878139{1449939295},3C_20_50-03.txt,30.993,0.250,7.748,3,7.000,90.34,2.333,4.609,0.125
18,ec.gp.GPIndividual@34878139{1449939295},3C_20_80-01.txt,4.194,0.250,1.049,2,1.234,117.71,0.617,4.609,0.125
18,ec.gp.GPIndividual@34878139{1449939295},3C_20_66-01.txt,7.322,0.250,1.831,2,0.703,38.41,0.352,4.609,0.125
18,ec.gp.GPIndividual@34878139{1449939295},3C_20_80-02.txt,35.738,0.250,8.935,11,8.500,95.14,0.773,4.609,0.125
18,ec.gp.GPIndividual@34878139{1449939295},3C_20_80-03.txt,169.439,0.250,42.360,1,1.266,2.99,1.266,4.609,0.125
18,ec.gp.GPIndividual@34878139{1449939295},3C_20_66-02.txt,154.245,0.250,38.561,9,33.000,85.58,3.667,14.281,0.125
18,ec.gp.GPIndividual@1906704834{-1809602500},3C_20_50-02.txt,61.404,0.250,15.351,6,12.828,83.56,2.138,8.969,0.109
18,ec.gp.GPIndividual@1906704834{-1809602500},3C_20_66-03.txt,118.340,0.250,29.585,4,16.578,56.04,4.145,8.969,0.109
18,ec.gp.GPIndividual@1906704834{-1809602500},3C_20_50-03.txt,30.993,0.250,7.748,2,11.984,154.67,5.992,10.844,0.109
18,ec.gp.GPIndividual@1906704834{-1809602500},3C_20_80-01.txt,4.194,0.250,1.049,2,0.641,61.09,0.320,10.844,0.109
18,ec.gp.GPIndividual@1906704834{-1809602500},3C_20_80-02.txt,35.738,0.250,8.935,9,9.578,107.20,1.064,10.844,0.109
18,ec.gp.GPIndividual@1906704834{-1809602500},3C_20_80-03.txt,169.439,0.250,42.360,1,0.516,1.22,0.516,10.844,0.109
18,ec.gp.GPIndividual@1906704834{-1809602500},3C_20_66-01.txt,7.322,0.250,1.831,4,2.641,144.25,0.660,10.844,0.109
18,ec.gp.GPIndividual@1400929799{-99867434},3C_20_50-02.txt,61.404,0.250,15.351,5,6.750,43.97,1.350,5.734,0.031
18,ec.gp.GPIndividual@1400929799{-99867434},3C_20_50-03.txt,30.993,0.250,7.748,6,6.641,85.71,1.107,5.734,0.031
18,ec.gp.GPIndividual@1400929799{-99867434},3C_20_66-01.txt,7.322,0.250,1.831,6,1.438,78.53,0.240,5.734,0.031
18,ec.gp.GPIndividual@1400929799{-99867434},3C_20_66-02.txt,154.245,0.250,38.561,9,28.250,73.26,3.139,10.625,0.031
18,ec.gp.GPIndividual@1400929799{-99867434},3C_20_66-03.txt,118.340,0.250,29.585,5,20.219,68.34,4.044,10.625,0.031
18,ec.gp.GPIndividual@1400929799{-99867434},3C_20_80-01.txt,4.194,0.250,1.049,3,0.641,61.09,0.214,10.625,0.031
18,ec.gp.GPIndividual@1400929799{-99867434},3C_20_80-02.txt,35.738,0.250,8.935,6,4.234,47.39,0.706,10.625,0.031
18,ec.gp.GPIndividual@1400929799{-99867434},3C_20_80-03.txt,169.439,0.250,42.360,2,17.406,41.09,8.703,16.656,0.031
18,ec.gp.GPIndividual@616591399{-1610422861},3C_20_50-02.txt,61.404,0.250,15.351,1,0.000,0.00,0.000,0.000,0.000
18,ec.gp.GPIndividual@616591399{-1610422861},3C_20_50-03.txt,30.993,0.250,7.748,1,0.000,0.00,0.000,0.000,0.000
18,ec.gp.GPIndividual@616591399{-1610422861},3C_20_66-01.txt,7.322,0.250,1.831,1,0.000,0.00,0.000,0.000,0.000
18,ec.gp.GPIndividual@616591399{-1610422861},3C_20_66-02.txt,154.245,0.250,38.561,1,0.000,0.00,0.000,0.000,0.000
18,ec.gp.GPIndividual@616591399{-1610422861},3C_20_66-03.txt,118.340,0.250,29.585,1,0.000,0.00,0.000,0.000,0.000
18,ec.gp.GPIndividual@616591399{-1610422861},3C_20_80-01.txt,4.194,0.250,1.049,1,0.000,0.00,0.000,0.000,0.000
18,ec.gp.GPIndividual@616591399{-1610422861},3C_20_80-02.txt,35.738,0.250,8.935,1,0.000,0.00,0.000,0.000,0.000
18,ec.gp.GPIndividual@616591399{-1610422861},3C_20_80-03.txt,169.439,0.250,42.360,1,0.000,0.00,0.000,0.000,0.000
19,ec.gp.GPIndividual@2146953328{689633383},3C_20_50-02.txt,61.404,0.250,15.351,0,0.000,0.00,0.000,0.000,0.000
19,ec.gp.GPIndividual@2146953328{689633383},3C_20_50-03.txt,30.993,0.250,7.748,0,0.000,0.00,0.000,0.000,0.000
19,ec.gp.GPIndividual@2146953328{689633383},3C_20_66-01.txt,7.322,0.250,1.831,0,0.000,0.00,0.000,0.000,0.000
19,ec.gp.GPIndividual@2146953328{689633383},3C_20_66-02.txt,154.245,0.250,38.561,0,0.000,0.00,0.000,0.000,0.000
19,ec.gp.GPIndividual@2146953328{689633383},3C_20_66-03.txt,118.340,0.250,29.585,0,0.000,0.00,0.000,0.000,0.000
19,ec.gp.GPIndividual@2146953328{689633383},3C_20_80-01.txt,4.194,0.250,1.049,0,0.000,0.00,0.000,0.000,0.000
19,ec.gp.GPIndividual@2146953328{689633383},3C_20_80-02.txt,35.738,0.250,8.935,0,0.000,0.00,0.000,0.000,0.000
19,ec.gp.GPIndividual@2146953328{689633383},3C_20_80-03.txt,169.439,0.250,42.360,0,0.000,0.00,0.000,0.000,0.000
19,ec.gp.GPIndividual@1088709932{667817910},3C_20_50-02.txt,61.404,0.250,15.351,10,9.688,63.11,0.969,1.859,0.375
19,ec.gp.GPIndividual@1088709932{667817910},3C_20_50-03.txt,30.993,0.250,7.748,4,7.859,101.44,1.965,2.328,0.375
19,ec.gp.GPIndividual@1088709932{667817910},3C_20_50-03.txt,30.993,0.250,7.748,1,0.906,11.70,0.906,2.328,0.375
19,ec.gp.GPIndividual@1088709932{667817910},3C_20_50-03.txt,30.993,0.250,7.748,5,7.875,101.64,1.575,2.609,0.109
19,ec.gp.GPIndividual@1088709932{667817910},3C_20_50-03.txt,30.993,0.250,7.748,3,6.531,84.29,2.177,3.109,0.109
19,ec.gp.GPIndividual@1088709932{667817910},3C_20_50-03.txt,30.993,0.250,7.748,1,1.453,18.75,1.453,3.109,0.109
19,ec.gp.GPIndividual@1088709932{667817910},3C_20_50-03.txt,30.993,0.250,7.748,1,2.000,25.81,2.000,3.109,0.109
19,ec.gp.GPIndividual@1088709932{667817910},3C_20_66-01.txt,7.322,0.250,1.831,1,3.281,179.25,3.281,3.281,0.109
19,ec.gp.GPIndividual@1088709932{667817910},3C_20_66-01.txt,7.322,0.250,1.831,1,3.109,169.86,3.109,3.281,0.109
19,ec.gp.GPIndividual@1088709932{667817910},3C_20_66-01.txt,7.322,0.250,1.831,2,3.969,216.81,1.984,3.281,0.109
19,ec.gp.GPIndividual@1088709932{667817910},3C_20_66-01.txt,7.322,0.250,1.831,1,0.516,28.17,0.516,3.281,0.109
19,ec.gp.GPIndividual@1088709932{667817910},3C_20_66-02.txt,154.245,0.250,38.561,13,20.203,52.39,1.554,3.281,0.109
19,ec.gp.GPIndividual@1088709932{667817910},3C_20_66-03.txt,118.340,0.250,29.585,9,22.891,77.37,2.543,6.313,0.109
19,ec.gp.GPIndividual@1088709932{667817910},3C_20_80-01.txt,4.194,0.250,1.049,2,0.891,84.93,0.445,6.313,0.109
19,ec.gp.GPIndividual@1088709932{667817910},3C_20_80-02.txt,35.738,0.250,8.935,2,12.250,137.11,6.125,6.922,0.109
19,ec.gp.GPIndividual@1088709932{667817910},3C_20_66-01.txt,7.322,0.250,1.831,1,1.453,79.38,1.453,6.922,0.109
19,ec.gp.GPIndividual@1088709932{667817910},3C_20_66-01.txt,7.322,0.250,1.831,1,2.125,116.09,2.125,6.922,0.109
19,ec.gp.GPIndividual@1088709932{667817910},3C_20_80-03.txt,169.439,0.250,42.360,7,31.016,73.22,4.431,9.641,0.109
19,ec.gp.GPIndividual@1088709932{667817910},3C_20_66-02.txt,154.245,0.250,38.561,9,18.875,48.95,2.097,9.641,0.109
19,ec.gp.GPIndividual@1630754770{151426197},3C_20_50-02.txt,61.404,0.250,15.351,0,0.000,0.00,0.000,0.000,0.000
19,ec.gp.GPIndividual@1630754770{151426197},3C_20_50-03.txt,30.993,0.250,7.748,0,0.000,0.00,0.000,0.000,0.000
19,ec.gp.GPIndividual@1630754770{151426197},3C_20_66-01.txt,7.322,0.250,1.831,0,0.000,0.00,0.000,0.000,0.000
19,ec.gp.GPIndividual@1630754770{151426197},3C_20_66-02.txt,154.245,0.250,38.561,0,0.000,0.00,0.000,0.000,0.000
19,ec.gp.GPIndividual@1630754770{151426197},3C_20_66-03.txt,118.340,0.250,29.585,0,0.000,0.00,0.000,0.000,0.000
19,ec.gp.GPIndividual@1630754770{151426197},3C_20_80-01.txt,4.194,0.250,1.049,0,0.000,0.00,0.000,0.000,0.000
19,ec.gp.GPIndividual@1630754770{151426197},3C_20_80-02.txt,35.738,0.250,8.935,0,0.000,0.00,0.000,0.000,0.000
19,ec.gp.GPIndividual@1630754770{151426197},3C_20_80-03.txt,169.439,0.250,42.360,0,0.000,0.00,0.000,0.000,0.000
19,ec.gp.GPIndividual@1474254552{705739512},3C_20_50-02.txt,61.404,0.250,15.351,5,13.906,90.59,2.781,8.484,0.344
19,ec.gp.GPIndividual@1474254552{705739512},3C_20_66-02.txt,154.245,0.250,38.561,6,20.703,53.69,3.451,12.828,0.000
19,ec.gp.GPIndividual@1474254552{705739512},3C_20_66-02.txt,154.245,0.250,38.561,5,29.188,75.69,5.838,12.828,0.000
19,ec.gp.GPIndividual@1474254552{705739512},3C_20_66-02.txt,154.245,0.250,38.561,11,31.516,81.73,2.865,14.891,0.000
19,ec.gp.GPIndividual@1474254552{705739512},3C_20_66-03.txt,118.340,0.250,29.585,1,9.438,31.90,9.438,14.891,0.000
19,ec.gp.GPIndividual@1474254552{705739512},3C_20_66-02.txt,154.245,0.250,38.561,6,30.422,78.89,5.070,14.891,0.000
19,ec.gp.GPIndividual@1474254552{705739512},3C_20_66-03.txt,118.340,0.250,29.585,2,20.188,68.24,10.094,14.891,0.000
19,ec.gp.GPIndividual@1474254552{705739512},3C_20_66-03.txt,118.340,0.250,29.585,4,15.266,51.60,3.816,14.891,0.000
19,ec.gp.GPIndividual@1474254552{705739512},3C_20_50-03.txt,30.993,0.250,7.748,2,12.391,159.92,6.195,14.891,0.000
19,ec.gp.GPIndividual@1474254552{705739512},3C_20_80-01.txt,4.194,0.250,1.049,2,1.203,114.73,0.602,14.891,0.000
19,ec.gp.GPIndividual@1474254552{705739512},3C_20_80-01.txt,4.194,0.250,1.049,4,1.313,125.16,0.328,14.891,0.000
19,ec.gp.GPIndividual@1474254552{705739512},3C_20_80-02.txt,35.738,0.250,8.935,2,18.141,203.04,9.070,15.000,0.000
19,ec.gp.GPIndividual@1474254552{705739512},3C_20_66-03.txt,118.340,0.250,29.585,1,1.234,4.17,1.234,15.000,0.000
19,ec.gp.GPIndividual@1474254552{705739512},3C_20_80-02.txt,35.738,0.250,8.935,5,8.484,94.96,1.697,15.000,0.000
19,ec.gp.GPIndividual@1474254552{705739512},3C_20_80-03.txt,169.439,0.250,42.360,1,1.938,4.57,1.938,15.000,0.000
19,ec.gp.GPIndividual@1474254552{705739512},3C_20_66-01.txt,7.322,0.250,1.831,1,1.250,68.29,1.250,15.000,0.000
19,ec.gp.GPIndividual@1474254552{705739512},3C_20_80-03.txt,169.439,0.250,42.360,3,20.703,48.87,6.901,15.000,0.000
19,ec.gp.GPIndividual@1474254552{705739512},3C_20_80-01.txt,4.194,0.250,1.049,2,0.875,83.44,0.438,15.000,0.000
19,ec.gp.GPIndividual@1474254552{705739512},3C_20_80-02.txt,35.738,0.250,8.935,3,7.938,88.84,2.646,15.000,0.000
19,ec.gp.GPIndividual@1474254552{705739512},3C_20_80-01.txt,4.194,0.250,1.049,1,1.453,138.57,1.453,15.000,0.000
19,ec.gp.GPIndividual@1474254552{705739512},3C_20_66-02.txt,154.245,0.250,38.561,19,39.141,101.50,2.060,15.000,0.000
19,ec.gp.GPIndividual@1474254552{705739512},3C_20_80-02.txt,35.738,0.250,8.935,1,0.344,3.85,0.344,15.000,0.000
19,ec.gp.GPIndividual@1474254552{705739512},3C_20_66-03.txt,118.340,0.250,29.585,2,12.719,42.99,6.359,15.000,0.000
19,ec.gp.GPIndividual@1474254552{705739512},3C_20_66-03.txt,118.340,0.250,29.585,1,7.563,25.56,7.563,15.000,0.000
19,ec.gp.GPIndividual@134195032{-199937663},3C_20_50-02.txt,61.404,0.250,15.351,2,4.359,28.40,2.180,3.844,0.516
19,ec.gp.GPIndividual@134195032{-199937663},3C_20_80-03.txt,169.439,0.250,42.360,4,16.844,39.76,4.211,11.656,0.516
19,ec.gp.GPIndividual@2017358117{400632907},3C_20_50-02.txt,61.404,0.250,15.351,6,17.188,111.96,2.865,5.781,0.344
19,ec.gp.GPIndividual@2017358117{400632907},3C_20_80-01.txt,4.194,0.250,1.049,1,1.281,122.18,1.281,5.781,0.344
19,ec.gp.GPIndividual@2017358117{400632907},3C_20_80-03.txt,169.439,0.250,42.360,8,17.969,42.42,2.246,5.781,0.344
19,ec.gp.GPIndividual@2017358117{400632907},3C_20_50-03.txt,30.993,0.250,7.748,1,3.641,46.99,3.641,5.781,0.344
19,ec.gp.GPIndividual@2017358117{400632907},3C_20_80-01.txt,4.194,0.250,1.049,3,7.016,669.03,2.339,6.125,0.344
19,ec.gp.GPIndividual@1093239704{259691973},3C_20_50-02.txt,61.404,0.250,15.351,1,0.156,1.02,0.156,0.156,0.156
19,ec.gp.GPIndividual@1093239704{259691973},3C_20_80-02.txt,35.738,0.250,8.935,1,0.500,5.60,0.500,0.500,0.156
19,ec.gp.GPIndividual@1093239704{259691973},3C_20_50-03.txt,30.993,0.250,7.748,5,7.688,99.22,1.538,4.125,0.000
19,ec.gp.GPIndividual@1093239704{259691973},3C_20_80-02.txt,35.738,0.250,8.935,4,8.609,96.36,2.152,4.125,0.000
19,ec.gp.GPIndividual@1093239704{259691973},3C_20_66-01.txt,7.322,0.250,1.831,1,2.172,118.65,2.172,4.125,0.000
19,ec.gp.GPIndividual@1093239704{259691973},3C_20_80-03.txt,169.439,0.250,42.360,1,0.859,2.03,0.859,4.125,0.000
19,ec.gp.GPIndividual@1093239704{259691973},3C_20_66-02.txt,154.245,0.250,38.561,1,1.953,5.06,1.953,4.125,0.000
19,ec.gp.GPIndividual@1093239704{259691973},3C_20_66-01.txt,7.322,0.250,1.831,3,1.906,104.14,0.635,4.125,0.000
19,ec.gp.GPIndividual@1093239704{259691973},3C_20_80-03.txt,169.439,0.250,42.360,4,15.516,36.63,3.879,11.438,0.000
19,ec.gp.GPIndividual@1093239704{259691973},3C_20_66-03.txt,118.340,0.250,29.585,2,16.156,54.61,8.078,14.719,0.000
19,ec.gp.GPIndividual@527366133{-199182656},3C_20_50-02.txt,61.404,0.250,15.351,6,16.813,109.52,2.802,6.047,0.328
19,ec.gp.GPIndividual@1575183758{-2078912240},3C_20_50-02.txt,61.404,0.250,15.351,0,0.000,0.00,0.000,0.000,0.000
19,ec.gp.GPIndividual@1575183758{-2078912240},3C_20_50-03.txt,30.993,0.250,7.748,0,0.000,0.00,0.000,0.000,0.000
19,ec.gp.GPIndividual@1575183758{-2078912240},3C_20_66-01.txt,7.322,0.250,1.831,0,0.000,0.00,0.000,0.000,0.000
19,ec.gp.GPIndividual@1575183758{-2078912240},3C_20_66-02.txt,154.245,0.250,38.561,0,0.000,0.00,0.000,0.000,0.000
19,ec.gp.GPIndividual@1575183758{-2078912240},3C_20_66-03.txt,118.340,0.250,29.585,0,0.000,0.00,0.000,0.000,0.000
19,ec.gp.GPIndividual@1575183758{-2078912240},3C_20_80-01.txt,4.194,0.250,1.049,0,0.000,0.00,0.000,0.000,0.000
19,ec.gp.GPIndividual@1575183758{-2078912240},3C_20_80-02.txt,35.738,0.250,8.935,0,0.000,0.00,0.000,0.000,0.000
19,ec.gp.GPIndividual@1575183758{-2078912240},3C_20_80-03.txt,169.439,0.250,42.360,0,0.000,0.00,0.000,0.000,0.000
19,ec.gp.GPIndividual@218747882{1154088003},3C_20_50-02.txt,61.404,0.250,15.351,4,12.594,82.04,3.148,6.219,0.500
19,ec.gp.GPIndividual@218747882{1154088003},3C_20_80-01.txt,4.194,0.250,1.049,1,1.922,183.28,1.922,6.219,0.500
19,ec.gp.GPIndividual@218747882{1154088003},3C_20_50-03.txt,30.993,0.250,7.748,1,0.484,6.25,0.484,6.219,0.484
19,ec.gp.GPIndividual@218747882{1154088003},3C_20_80-02.txt,35.738,0.250,8.935,2,4.125,46.17,2.063,6.219,0.484
19,ec.gp.GPIndividual@218747882{1154088003},3C_20_80-03.txt,169.439,0.250,42.360,3,9.672,22.83,3.224,6.219,0.484
19,ec.gp.GPIndividual@218747882{1154088003},3C_20_66-02.txt,154.245,0.250,38.561,2,4.797,12.44,2.398,6.219,0.000
19,ec.gp.GPIndividual@724164307{-945237204},3C_20_50-02.txt,61.404,0.250,15.351,2,12.063,78.58,6.031,11.719,0.344
19,ec.gp.GPIndividual@724164307{-945237204},3C_20_50-03.txt,30.993,0.250,7.748,3,8.422,108.70,2.807,11.719,0.344
19,ec.gp.GPIndividual@724164307{-945237204},3C_20_50-03.txt,30.993,0.250,7.748,5,7.469,96.39,1.494,11.719,0.000
19,ec.gp.GPIndividual@724164307{-945237204},3C_20_50-03.txt,30.993,0.250,7.748,1,0.844,10.89,0.844,11.719,0.000
19,ec.gp.GPIndividual@724164307{-945237204},3C_20_66-03.txt,118.340,0.250,29.585,2,8.969,30.32,4.484,11.719,0.000
19,ec.gp.GPIndividual@294239740{1852342155},3C_20_50-02.txt,61.404,0.250,15.351,8,15.172,98.83,1.896,4.500,0.172
19,ec.gp.GPIndividual@294239740{1852342155},3C_20_66-01.txt,7.322,0.250,1.831,1,2.563,139.99,2.563,4.500,0.172
19,ec.gp.GPIndividual@294239740{1852342155},3C_20_50-03.txt,30.993,0.250,7.748,4,12.734,164.35,3.184,5.594,0.172
19,ec.gp.GPIndividual@294239740{1852342155},3C_20_66-01.txt,7.322,0.250,1.831,1,6.234,340.57,6.234,6.234,0.172
19,ec.gp.GPIndividual@294239740{1852342155},3C_20_80-01.txt,4.194,0.250,1.049,2,1.563,149.01,0.781,6.234,0.172
19,ec.gp.GPIndividual@294239740{1852342155},3C_20_66-02.txt,154.245,0.250,38.561,3,1.656,4.30,0.552,6.234,0.000
19,ec.gp.GPIndividual@294239740{1852342155},3C_20_66-01.txt,7.322,0.250,1.831,2,2.641,144.25,1.320,6.234,0.000
19,ec.gp.GPIndividual@294239740{1852342155},3C_20_66-01.txt,7.322,0.250,1.831,1,0.672,36.70,0.672,6.234,0.000
19,ec.gp.GPIndividual@294239740{1852342155},3C_20_80-02.txt,35.738,0.250,8.935,6,9.344,104.58,1.557,6.234,0.000
19,ec.gp.GPIndividual@294239740{1852342155},3C_20_66-03.txt,118.340,0.250,29.585,3,3.719,12.57,1.240,6.234,0.000
19,ec.gp.GPIndividual@294239740{1852342155},3C_20_66-02.txt,154.245,0.250,38.561,19,38.703,100.37,2.037,6.313,0.000
19,ec.gp.GPIndividual@294239740{1852342155},3C_20_66-03.txt,118.340,0.250,29.585,0,0.000,0.00,0.000,6.313,0.000
19,ec.gp.GPIndividual@294239740{1852342155},3C_20_80-03.txt,169.439,0.250,42.360,2,9.500,22.43,4.750,6.563,0.000
19,ec.gp.GPIndividual@294239740{1852342155},3C_20_66-01.txt,7.322,0.250,1.831,2,4.188,228.76,2.094,6.563,0.000
19,ec.gp.GPIndividual@294239740{1852342155},3C_20_80-01.txt,4.194,0.250,1.049,2,8.984,856.78,4.492,8.484,0.000
19,ec.gp.GPIndividual@294239740{1852342155},3C_20_66-02.txt,154.245,0.250,38.561,2,0.328,0.85,0.164,8.484,0.000
19,ec.gp.GPIndividual@294239740{1852342155},3C_20_66-02.txt,154.245,0.250,38.561,13,40.203,104.26,3.093,10.375,0.000
19,ec.gp.GPIndividual@294239740{1852342155},3C_20_80-01.txt,4.194,0.250,1.049,1,3.250,309.93,3.250,10.375,0.000
19,ec.gp.GPIndividual@294239740{1852342155},3C_20_80-02.txt,35.738,0.250,8.935,1,0.844,9.44,0.844,10.375,0.000
19,ec.gp.GPIndividual@294239740{1852342155},3C_20_66-03.txt,118.340,0.250,29.585,2,2.016,6.81,1.008,10.375,0.000
19,ec.gp.GPIndividual@294239740{1852342155},3C_20_66-03.txt,118.340,0.250,29.585,5,14.672,49.59,2.934,10.375,0.000
19,ec.gp.GPIndividual@1484422284{-1697257639},3C_20_50-02.txt,61.404,0.250,15.351,0,0.000,0.00,0.000,0.000,0.000
19,ec.gp.GPIndividual@1484422284{-1697257639},3C_20_50-03.txt,30.993,0.250,7.748,0,0.000,0.00,0.000,0.000,0.000
19,ec.gp.GPIndividual@1484422284{-1697257639},3C_20_66-01.txt,7.322,0.250,1.831,0,0.000,0.00,0.000,0.000,0.000
19,ec.gp.GPIndividual@1484422284{-1697257639},3C_20_66-02.txt,154.245,0.250,38.561,0,0.000,0.00,0.000,0.000,0.000
19,ec.gp.GPIndividual@1484422284{-1697257639},3C_20_66-03.txt,118.340,0.250,29.585,0,0.000,0.00,0.000,0.000,0.000
19,ec.gp.GPIndividual@1484422284{-1697257639},3C_20_80-01.txt,4.194,0.250,1.049,0,0.000,0.00,0.000,0.000,0.000
19,ec.gp.GPIndividual@1484422284{-1697257639},3C_20_80-02.txt,35.738,0.250,8.935,0,0.000,0.00,0.000,0.000,0.000
19,ec.gp.GPIndividual@1484422284{-1697257639},3C_20_80-03.txt,169.439,0.250,42.360,0,0.000,0.00,0.000,0.000,0.000
19,ec.gp.GPIndividual@2069368018{1511612839},3C_20_50-02.txt,61.404,0.250,15.351,5,20.031,130.49,4.006,10.703,0.516
19,ec.gp.GPIndividual@2069368018{1511612839},3C_20_80-01.txt,4.194,0.250,1.049,1,1.781,169.87,1.781,10.703,0.516
19,ec.gp.GPIndividual@2069368018{1511612839},3C_20_50-03.txt,30.993,0.250,7.748,2,2.453,31.66,1.227,10.703,0.500
19,ec.gp.GPIndividual@2069368018{1511612839},3C_20_66-02.txt,154.245,0.250,38.561,1,0.641,1.66,0.641,10.703,0.500
19,ec.gp.GPIndividual@2069368018{1511612839},3C_20_80-03.txt,169.439,0.250,42.360,15,41.594,98.19,2.773,10.703,0.500
19,ec.gp.GPIndividual@2069368018{1511612839},3C_20_80-02.txt,35.738,0.250,8.935,4,9.531,106.68,2.383,10.703,0.500
19,ec.gp.GPIndividual@2069368018{1511612839},3C_20_80-02.txt,35.738,0.250,8.935,3,2.297,25.71,0.766,10.703,0.000
19,ec.gp.GPIndividual@2069368018{1511612839},3C_20_66-01.txt,7.322,0.250,1.831,1,3.000,163.89,3.000,10.703,0.000
19,ec.gp.GPIndividual@1311736217{-96974785},3C_20_50-02.txt,61.404,0.250,15.351,7,15.281,99.55,2.183,7.281,0.469
19,ec.gp.GPIndividual@1311736217{-96974785},3C_20_80-01.txt,4.194,0.250,1.049,1,1.953,186.26,1.953,7.281,0.469
19,ec.gp.GPIndividual@1311736217{-96974785},3C_20_50-03.txt,30.993,0.250,7.748,1,2.938,37.91,2.938,7.281,0.469
19,ec.gp.GPIndividual@1311736217{-96974785},3C_20_66-03.txt,118.340,0.250,29.585,16,32.078,108.43,2.005,7.281,0.469
19,ec.gp.GPIndividual@1311736217{-96974785},3C_20_80-02.txt,35.738,0.250,8.935,1,0.703,7.87,0.703,7.281,0.469
19,ec.gp.GPIndividual@1311736217{-96974785},3C_20_80-01.txt,4.194,0.250,1.049,2,5.031,479.80,2.516,7.281,0.469
19,ec.gp.GPIndividual@1311736217{-96974785},3C_20_66-01.txt,7.322,0.250,1.831,2,4.453,243.27,2.227,7.281,0.328
19,ec.gp.GPIndividual@1311736217{-96974785},3C_20_80-03.txt,169.439,0.250,42.360,3,1.531,3.61,0.510,7.281,0.000
19,ec.gp.GPIndividual@1311736217{-96974785},3C_20_80-02.txt,35.738,0.250,8.935,1,3.359,37.60,3.359,7.281,0.000
19,ec.gp.GPIndividual@1311736217{-96974785},3C_20_80-03.txt,169.439,0.250,42.360,18,41.063,96.94,2.281,7.281,0.000
19,ec.gp.GPIndividual@1311736217{-96974785},3C_20_80-03.txt,169.439,0.250,42.360,1,3.734,8.82,3.734,7.281,0.000
19,ec.gp.GPIndividual@913286818{1646088051},3C_20_50-02.txt,61.404,0.250,15.351,5,15.219,99.14,3.044,8.531,0.141
19,ec.gp.GPIndividual@42849121{-1662280870},3C_20_50-02.txt,61.404,0.250,15.351,3,20.281,132.12,6.760,15.094,0.453
19,ec.gp.GPIndividual@42849121{-1662280870},3C_20_66-02.txt,154.245,0.250,38.561,2,3.953,10.25,1.977,15.094,0.453
19,ec.gp.GPIndividual@42849121{-1662280870},3C_20_66-02.txt,154.245,0.250,38.561,7,14.672,38.05,2.096,15.094,0.453
19,ec.gp.GPIndividual@1800987876{-1842695937},3C_20_50-02.txt,61.404,0.250,15.351,13,16.516,107.59,1.270,2.297,0.406
19,ec.gp.GPIndividual@1800987876{-1842695937},3C_20_66-03.txt,118.340,0.250,29.585,0,0.000,0.00,0.000,2.297,0.406
19,ec.gp.GPIndividual@1800987876{-1842695937},3C_20_66-03.txt,118.340,0.250,29.585,1,0.906,3.06,0.906,2.297,0.406
19,ec.gp.GPIndividual@1800987876{-1842695937},3C_20_50-03.txt,30.993,0.250,7.748,1,3.891,50.21,3.891,3.891,0.406
19,ec.gp.GPIndividual@1800987876{-1842695937},3C_20_50-03.txt,30.993,0.250,7.748,3,7.031,90.75,2.344,3.891,0.406
19,ec.gp.GPIndividual@1800987876{-1842695937},3C_20_66-01.txt,7.322,0.250,1.831,1,5.016,274.00,5.016,5.016,0.406
19,ec.gp.GPIndividual@1800987876{-1842695937},3C_20_80-01.txt,4.194,0.250,1.049,1,5.094,485.76,5.094,5.094,0.406
19,ec.gp.GPIndividual@1800987876{-1842695937},3C_20_80-01.txt,4.194,0.250,1.049,1,1.875,178.81,1.875,5.094,0.406
19,ec.gp.GPIndividual@1800987876{-1842695937},3C_20_66-01.txt,7.322,0.250,1.831,5,1.906,104.14,0.381,5.094,0.125
19,ec.gp.GPIndividual@1800987876{-1842695937},3C_20_80-02.txt,35.738,0.250,8.935,1,0.547,6.12,0.547,5.094,0.125
19,ec.gp.GPIndividual@1800987876{-1842695937},3C_20_66-02.txt,154.245,0.250,38.561,6,17.938,46.52,2.990,13.281,0.125
19,ec.gp.GPIndividual@1800987876{-1842695937},3C_20_50-03.txt,30.993,0.250,7.748,2,2.984,38.52,1.492,13.281,0.125
19,ec.gp.GPIndividual@1800987876{-1842695937},3C_20_80-02.txt,35.738,0.250,8.935,8,8.297,92.86,1.037,13.281,0.125
19,ec.gp.GPIndividual@1800987876{-1842695937},3C_20_66-03.txt,118.340,0.250,29.585,4,7.344,24.82,1.836,13.281,0.125
19,ec.gp.GPIndividual@1800987876{-1842695937},3C_20_66-02.txt,154.245,0.250,38.561,1,1.000,2.59,1.000,13.281,0.125
19,ec.gp.GPIndividual@1800987876{-1842695937},3C_20_80-03.txt,169.439,0.250,42.360,14,35.547,83.92,2.539,13.281,0.125
19,ec.gp.GPIndividual@1800987876{-1842695937},3C_20_66-01.txt,7.322,0.250,1.831,2,7.578,413.98,3.789,13.281,0.125
19,ec.gp.GPIndividual@1800987876{-1842695937},3C_20_80-01.txt,4.194,0.250,1.049,1,8.938,852.31,8.938,13.281,0.125
19,ec.gp.GPIndividual@319536317{1406124229},3C_20_50-02.txt,61.404,0.250,15.351,4,9.484,61.78,2.371,8.125,0.281
19,ec.gp.GPIndividual@319536317{1406124229},3C_20_66-03.txt,118.340,0.250,29.585,3,3.391,11.46,1.130,8.125,0.281
19,ec.gp.GPIndividual@319536317{1406124229},3C_20_50-03.txt,30.993,0.250,7.748,1,13.234,170.81,13.234,13.234,0.281
19,ec.gp.GPIndividual@319536317{1406124229},3C_20_80-03.txt,169.439,0.250,42.360,1,1.000,2.36,1.000,13.234,0.281
19,ec.gp.GPIndividual@319536317{1406124229},3C_20_66-02.txt,154.245,0.250,38.561,12,30.172,78.24,2.514,13.234,0.281
19,ec.gp.GPIndividual@319536317{1406124229},3C_20_66-01.txt,7.322,0.250,1.831,1,2.203,120.35,2.203,13.234,0.281
19,ec.gp.GPIndividual@319536317{1406124229},3C_20_80-02.txt,35.738,0.250,8.935,4,4.875,54.56,1.219,13.234,0.281
19,ec.gp.GPIndividual@319536317{1406124229},3C_20_66-02.txt,154.245,0.250,38.561,2,4.375,11.35,2.188,13.234,0.281
19,ec.gp.GPIndividual@319536317{1406124229},3C_20_66-03.txt,118.340,0.250,29.585,3,9.594,32.43,3.198,13.234,0.281
19,ec.gp.GPIndividual@1870743978{745487139},3C_20_50-02.txt,61.404,0.250,15.351,1,4.906,31.96,4.906,4.906,4.906
19,ec.gp.GPIndividual@1870743978{745487139},3C_20_80-01.txt,4.194,0.250,1.049,1,1.016,96.85,1.016,4.906,1.016
19,ec.gp.GPIndividual@1870743978{745487139},3C_20_66-03.txt,118.340,0.250,29.585,10,18.031,60.95,1.803,4.953,0.328
19,ec.gp.GPIndividual@1870743978{745487139},3C_20_80-01.txt,4.194,0.250,1.049,2,0.734,70.03,0.367,4.953,0.297
19,ec.gp.GPIndividual@1870743978{745487139},3C_20_80-02.txt,35.738,0.250,8.935,4,8.531,95.49,2.133,4.953,0.297
19,ec.gp.GPIndividual@1870743978{745487139},3C_20_80-01.txt,4.194,0.250,1.049,2,1.141,108.77,0.570,4.953,0.141
19,ec.gp.GPIndividual@1870743978{745487139},3C_20_80-02.txt,35.738,0.250,8.935,2,1.906,21.34,0.953,4.953,0.141
19,ec.gp.GPIndividual@1870743978{745487139},3C_20_50-03.txt,30.993,0.250,7.748,1,1.578,20.37,1.578,4.953,0.141
19,ec.gp.GPIndividual@1870743978{745487139},3C_20_80-03.txt,169.439,0.250,42.360,7,18.859,44.52,2.694,9.734,0.141
19,ec.gp.GPIndividual@1870743978{745487139},3C_20_80-03.txt,169.439,0.250,42.360,2,5.703,13.46,2.852,9.734,0.141
19,ec.gp.GPIndividual@1889887989{1255536025},3C_20_50-02.txt,61.404,0.250,15.351,9,16.922,110.23,1.880,3.328,0.438
19,ec.gp.GPIndividual@1889887989{1255536025},3C_20_50-03.txt,30.993,0.250,7.748,2,0.266,3.43,0.133,3.328,0.000
19,ec.gp.GPIndividual@1889887989{1255536025},3C_20_66-01.txt,7.322,0.250,1.831,1,4.625,252.66,4.625,4.625,0.000
19,ec.gp.GPIndividual@1288821523{-1742113191},3C_20_50-02.txt,61.404,0.250,15.351,3,2.391,15.57,0.797,1.125,0.406
19,ec.gp.GPIndividual@1288821523{-1742113191},3C_20_80-02.txt,35.738,0.250,8.935,1,4.141,46.34,4.141,4.141,0.406
19,ec.gp.GPIndividual@1288821523{-1742113191},3C_20_80-03.txt,169.439,0.250,42.360,17,39.063,92.22,2.298,6.375,0.406
19,ec.gp.GPIndividual@1288821523{-1742113191},3C_20_80-03.txt,169.439,0.250,42.360,1,8.750,20.66,8.750,8.750,0.406
19,ec.gp.GPIndividual@1821708869{-479796853},3C_20_50-02.txt,61.404,0.250,15.351,2,10.656,69.42,5.328,10.375,0.281
19,ec.gp.GPIndividual@1821708869{-479796853},3C_20_50-03.txt,30.993,0.250,7.748,1,3.906,50.42,3.906,10.375,0.281
19,ec.gp.GPIndividual@1821708869{-479796853},3C_20_66-01.txt,7.322,0.250,1.831,1,11.109,606.89,11.109,11.109,0.281
19,ec.gp.GPIndividual@1821708869{-479796853},3C_20_66-02.txt,154.245,0.250,38.561,16,34.313,88.98,2.145,11.109,0.281
19,ec.gp.GPIndividual@1821708869{-479796853},3C_20_50-03.txt,30.993,0.250,7.748,1,4.484,57.88,4.484,11.109,0.281
19,ec.gp.GPIndividual@1821708869{-479796853},3C_20_66-03.txt,118.340,0.250,29.585,3,23.953,80.96,7.984,11.109,0.281
19,ec.gp.GPIndividual@930877598{1845112925},3C_20_50-02.txt,61.404,0.250,15.351,0,0.000,0.00,0.000,0.000,0.000
19,ec.gp.GPIndividual@930877598{1845112925},3C_20_50-03.txt,30.993,0.250,7.748,0,0.000,0.00,0.000,0.000,0.000
19,ec.gp.GPIndividual@930877598{1845112925},3C_20_66-01.txt,7.322,0.250,1.831,0,0.000,0.00,0.000,0.000,0.000
19,ec.gp.GPIndividual@930877598{1845112925},3C_20_66-02.txt,154.245,0.250,38.561,0,0.000,0.00,0.000,0.000,0.000
19,ec.gp.GPIndividual@930877598{1845112925},3C_20_66-03.txt,118.340,0.250,29.585,0,0.000,0.00,0.000,0.000,0.000
19,ec.gp.GPIndividual@930877598{1845112925},3C_20_80-01.txt,4.194,0.250,1.049,0,0.000,0.00,0.000,0.000,0.000
19,ec.gp.GPIndividual@930877598{1845112925},3C_20_80-02.txt,35.738,0.250,8.935,0,0.000,0.00,0.000,0.000,0.000
19,ec.gp.GPIndividual@930877598{1845112925},3C_20_80-03.txt,169.439,0.250,42.360,0,0.000,0.00,0.000,0.000,0.000
19,ec.gp.GPIndividual@212147857{482220935},3C_20_50-02.txt,61.404,0.250,15.351,2,16.422,106.98,8.211,16.297,0.125
19,ec.gp.GPIndividual@592343566{-313630352},3C_20_50-02.txt,61.404,0.250,15.351,8,8.891,57.92,1.111,4.906,0.141
19,ec.gp.GPIndividual@592343566{-313630352},3C_20_50-03.txt,30.993,0.250,7.748,1,4.547,58.68,4.547,4.906,0.141
19,ec.gp.GPIndividual@592343566{-313630352},3C_20_50-03.txt,30.993,0.250,7.748,5,6.953,89.74,1.391,4.906,0.141
19,ec.gp.GPIndividual@592343566{-313630352},3C_20_66-01.txt,7.322,0.250,1.831,2,1.641,89.62,0.820,4.906,0.141
19,ec.gp.GPIndividual@592343566{-313630352},3C_20_66-01.txt,7.322,0.250,1.831,5,1.641,89.62,0.328,4.906,0.141
19,ec.gp.GPIndividual@592343566{-313630352},3C_20_66-02.txt,154.245,0.250,38.561,1,0.328,0.85,0.328,4.906,0.141
19,ec.gp.GPIndividual@592343566{-313630352},3C_20_66-02.txt,154.245,0.250,38.561,13,31.547,81.81,2.427,11.203,0.141
19,ec.gp.GPIndividual@592343566{-313630352},3C_20_66-03.txt,118.340,0.250,29.585,4,18.719,63.27,4.680,11.203,0.141
19,ec.gp.GPIndividual@592343566{-313630352},3C_20_66-03.txt,118.340,0.250,29.585,2,12.438,42.04,6.219,11.203,0.141
19,ec.gp.GPIndividual@592343566{-313630352},3C_20_80-01.txt,4.194,0.250,1.049,2,1.281,122.18,0.641,11.203,0.141
19,ec.gp.GPIndividual@592343566{-313630352},3C_20_80-01.txt,4.194,0.250,1.049,1,0.328,31.29,0.328,11.203,0.141
19,ec.gp.GPIndividual@592343566{-313630352},3C_20_80-02.txt,35.738,0.250,8.935,12,7.516,84.12,0.626,11.203,0.141
19,ec.gp.GPIndividual@592343566{-313630352},3C_20_80-03.txt,169.439,0.250,42.360,1,1.344,3.17,1.344,11.203,0.141
19,ec.gp.GPIndividual@592343566{-313630352},3C_20_80-02.txt,35.738,0.250,8.935,7,6.453,72.23,0.922,11.203,0.141
19,ec.gp.GPIndividual@1266149581{28689649},3C_20_50-02.txt,61.404,0.250,15.351,0,0.000,0.00,0.000,0.000,0.000
19,ec.gp.GPIndividual@1266149581{28689649},3C_20_50-03.txt,30.993,0.250,7.748,0,0.000,0.00,0.000,0.000,0.000
19,ec.gp.GPIndividual@1266149581{28689649},3C_20_66-01.txt,7.322,0.250,1.831,0,0.000,0.00,0.000,0.000,0.000
19,ec.gp.GPIndividual@1266149581{28689649},3C_20_66-02.txt,154.245,0.250,38.561,0,0.000,0.00,0.000,0.000,0.000
19,ec.gp.GPIndividual@1266149581{28689649},3C_20_66-03.txt,118.340,0.250,29.585,0,0.000,0.00,0.000,0.000,0.000
19,ec.gp.GPIndividual@1266149581{28689649},3C_20_80-01.txt,4.194,0.250,1.049,0,0.000,0.00,0.000,0.000,0.000
19,ec.gp.GPIndividual@1266149581{28689649},3C_20_80-02.txt,35.738,0.250,8.935,0,0.000,0.00,0.000,0.000,0.000
19,ec.gp.GPIndividual@1266149581{28689649},3C_20_80-03.txt,169.439,0.250,42.360,0,0.000,0.00,0.000,0.000,0.000
19,ec.gp.GPIndividual@1763673744{369992919},3C_20_50-02.txt,61.404,0.250,15.351,0,0.000,0.00,0.000,0.000,0.000
19,ec.gp.GPIndividual@1763673744{369992919},3C_20_50-03.txt,30.993,0.250,7.748,0,0.000,0.00,0.000,0.000,0.000
19,ec.gp.GPIndividual@1763673744{369992919},3C_20_66-01.txt,7.322,0.250,1.831,0,0.000,0.00,0.000,0.000,0.000
19,ec.gp.GPIndividual@1763673744{369992919},3C_20_66-02.txt,154.245,0.250,38.561,0,0.000,0.00,0.000,0.000,0.000
19,ec.gp.GPIndividual@1763673744{369992919},3C_20_66-03.txt,118.340,0.250,29.585,0,0.000,0.00,0.000,0.000,0.000
19,ec.gp.GPIndividual@1763673744{369992919},3C_20_80-01.txt,4.194,0.250,1.049,0,0.000,0.00,0.000,0.000,0.000
19,ec.gp.GPIndividual@1763673744{369992919},3C_20_80-02.txt,35.738,0.250,8.935,0,0.000,0.00,0.000,0.000,0.000
19,ec.gp.GPIndividual@1763673744{369992919},3C_20_80-03.txt,169.439,0.250,42.360,0,0.000,0.00,0.000,0.000,0.000
20,ec.gp.GPIndividual@169532126{1095624010},3C_20_50-02.txt,61.404,0.250,15.351,0,0.000,0.00,0.000,0.000,0.000
20,ec.gp.GPIndividual@169532126{1095624010},3C_20_50-03.txt,30.993,0.250,7.748,0,0.000,0.00,0.000,0.000,0.000
20,ec.gp.GPIndividual@169532126{1095624010},3C_20_66-01.txt,7.322,0.250,1.831,0,0.000,0.00,0.000,0.000,0.000
20,ec.gp.GPIndividual@169532126{1095624010},3C_20_66-02.txt,154.245,0.250,38.561,0,0.000,0.00,0.000,0.000,0.000
20,ec.gp.GPIndividual@169532126{1095624010},3C_20_66-03.txt,118.340,0.250,29.585,0,0.000,0.00,0.000,0.000,0.000
20,ec.gp.GPIndividual@169532126{1095624010},3C_20_80-01.txt,4.194,0.250,1.049,0,0.000,0.00,0.000,0.000,0.000
20,ec.gp.GPIndividual@169532126{1095624010},3C_20_80-02.txt,35.738,0.250,8.935,0,0.000,0.00,0.000,0.000,0.000
20,ec.gp.GPIndividual@169532126{1095624010},3C_20_80-03.txt,169.439,0.250,42.360,0,0.000,0.00,0.000,0.000,0.000
20,ec.gp.GPIndividual@1727945795{-1912792931},3C_20_50-02.txt,61.404,0.250,15.351,0,0.000,0.00,0.000,0.000,0.000
20,ec.gp.GPIndividual@1727945795{-1912792931},3C_20_50-03.txt,30.993,0.250,7.748,0,0.000,0.00,0.000,0.000,0.000
20,ec.gp.GPIndividual@1727945795{-1912792931},3C_20_66-01.txt,7.322,0.250,1.831,0,0.000,0.00,0.000,0.000,0.000
20,ec.gp.GPIndividual@1727945795{-1912792931},3C_20_66-02.txt,154.245,0.250,38.561,0,0.000,0.00,0.000,0.000,0.000
20,ec.gp.GPIndividual@1727945795{-1912792931},3C_20_66-03.txt,118.340,0.250,29.585,0,0.000,0.00,0.000,0.000,0.000
20,ec.gp.GPIndividual@1727945795{-1912792931},3C_20_80-01.txt,4.194,0.250,1.049,0,0.000,0.00,0.000,0.000,0.000
20,ec.gp.GPIndividual@1727945795{-1912792931},3C_20_80-02.txt,35.738,0.250,8.935,0,0.000,0.00,0.000,0.000,0.000
20,ec.gp.GPIndividual@1727945795{-1912792931},3C_20_80-03.txt,169.439,0.250,42.360,0,0.000,0.00,0.000,0.000,0.000
20,ec.gp.GPIndividual@770681992{-1473006003},3C_20_50-02.txt,61.404,0.250,15.351,0,0.000,0.00,0.000,0.000,0.000
20,ec.gp.GPIndividual@770681992{-1473006003},3C_20_50-03.txt,30.993,0.250,7.748,0,0.000,0.00,0.000,0.000,0.000
20,ec.gp.GPIndividual@770681992{-1473006003},3C_20_66-01.txt,7.322,0.250,1.831,0,0.000,0.00,0.000,0.000,0.000
20,ec.gp.GPIndividual@770681992{-1473006003},3C_20_66-02.txt,154.245,0.250,38.561,0,0.000,0.00,0.000,0.000,0.000
20,ec.gp.GPIndividual@770681992{-1473006003},3C_20_66-03.txt,118.340,0.250,29.585,0,0.000,0.00,0.000,0.000,0.000
20,ec.gp.GPIndividual@770681992{-1473006003},3C_20_80-01.txt,4.194,0.250,1.049,0,0.000,0.00,0.000,0.000,0.000
20,ec.gp.GPIndividual@770681992{-1473006003},3C_20_80-02.txt,35.738,0.250,8.935,0,0.000,0.00,0.000,0.000,0.000
20,ec.gp.GPIndividual@770681992{-1473006003},3C_20_80-03.txt,169.439,0.250,42.360,0,0.000,0.00,0.000,0.000,0.000
20,ec.gp.GPIndividual@2059444555{323377407},3C_20_50-02.txt,61.404,0.250,15.351,2,0.719,4.68,0.359,0.359,0.359
20,ec.gp.GPIndividual@2059444555{323377407},3C_20_50-03.txt,30.993,0.250,7.748,2,0.719,9.28,0.359,0.359,0.359
20,ec.gp.GPIndividual@2059444555{323377407},3C_20_50-03.txt,30.993,0.250,7.748,6,7.813,100.83,1.302,1.875,0.266
20,ec.gp.GPIndividual@2059444555{323377407},3C_20_50-03.txt,30.993,0.250,7.748,1,0.859,11.09,0.859,1.875,0.266
20,ec.gp.GPIndividual@2059444555{323377407},3C_20_50-03.txt,30.993,0.250,7.748,2,4.813,62.11,2.406,3.266,0.266
20,ec.gp.GPIndividual@2059444555{323377407},3C_20_66-01.txt,7.322,0.250,1.831,1,3.266,178.40,3.266,3.266,0.266
20,ec.gp.GPIndividual@2059444555{323377407},3C_20_66-01.txt,7.322,0.250,1.831,1,2.219,121.21,2.219,3.266,0.266
20,ec.gp.GPIndividual@2059444555{323377407},3C_20_50-03.txt,30.993,0.250,7.748,1,0.844,10.89,0.844,3.266,0.266
20,ec.gp.GPIndividual@2059444555{323377407},3C_20_66-02.txt,154.245,0.250,38.561,1,0.844,2.19,0.844,3.266,0.266
20,ec.gp.GPIndividual@2059444555{323377407},3C_20_66-02.txt,154.245,0.250,38.561,3,5.750,14.91,1.917,3.266,0.000
20,ec.gp.GPIndividual@2059444555{323377407},3C_20_50-03.txt,30.993,0.250,7.748,2,5.656,73.00,2.828,3.266,0.000
20,ec.gp.GPIndividual@2059444555{323377407},3C_20_66-03.txt,118.340,0.250,29.585,1,2.484,8.40,2.484,3.266,0.000
20,ec.gp.GPIndividual@2059444555{323377407},3C_20_66-03.txt,118.340,0.250,29.585,2,5.078,17.16,2.539,3.266,0.000
20,ec.gp.GPIndividual@2059444555{323377407},3C_20_66-01.txt,7.322,0.250,1.831,2,4.078,222.78,2.039,3.266,0.000
20,ec.gp.GPIndividual@2059444555{323377407},3C_20_66-01.txt,7.322,0.250,1.831,1,0.516,28.17,0.516,3.266,0.000
20,ec.gp.GPIndividual@2059444555{323377407},3C_20_66-02.txt,154.245,0.250,38.561,7,20.719,53.73,2.960,6.234,0.000
20,ec.gp.GPIndividual@2059444555{323377407},3C_20_80-01.txt,4.194,0.250,1.049,1,6.234,594.53,6.234,6.234,0.000
20,ec.gp.GPIndividual@2059444555{323377407},3C_20_80-01.txt,4.194,0.250,1.049,1,1.328,126.65,1.328,6.234,0.000
20,ec.gp.GPIndividual@2059444555{323377407},3C_20_66-03.txt,118.340,0.250,29.585,1,0.484,1.64,0.484,6.234,0.000
20,ec.gp.GPIndividual@2059444555{323377407},3C_20_80-02.txt,35.738,0.250,8.935,1,0.484,5.42,0.484,6.234,0.000
20,ec.gp.GPIndividual@2059444555{323377407},3C_20_80-02.txt,35.738,0.250,8.935,3,4.797,53.69,1.599,6.234,0.000
20,ec.gp.GPIndividual@2059444555{323377407},3C_20_80-03.txt,169.439,0.250,42.360,1,2.281,5.39,2.281,6.234,0.000
20,ec.gp.GPIndividual@2059444555{323377407},3C_20_80-03.txt,169.439,0.250,42.360,5,29.000,68.46,5.800,7.203,0.000
20,ec.gp.GPIndividual@1539008975{-325249444},3C_20_50-02.txt,61.404,0.250,15.351,1,6.422,41.83,6.422,6.422,6.422
20,ec.gp.GPIndividual@948674893{1926057582},3C_20_50-02.txt,61.404,0.250,15.351,5,8.422,54.86,1.684,3.641,0.516
20,ec.gp.GPIndividual@948674893{1926057582},3C_20_50-03.txt,30.993,0.250,7.748,1,9.266,119.59,9.266,9.266,0.516
20,ec.gp.GPIndividual@948674893{1926057582},3C_20_66-01.txt,7.322,0.250,1.831,3,3.797,207.42,1.266,9.266,0.516
20,ec.gp.GPIndividual@948674893{1926057582},3C_20_50-03.txt,30.993,0.250,7.748,2,0.328,4.23,0.164,9.266,0.000
20,ec.gp.GPIndividual@948674893{1926057582},3C_20_66-02.txt,154.245,0.250,38.561,1,4.297,11.14,4.297,9.266,0.000
20,ec.gp.GPIndividual@948674893{1926057582},3C_20_80-01.txt,4.194,0.250,1.049,2,3.750,357.61,1.875,9.266,0.000
20,ec.gp.GPIndividual@948674893{1926057582},3C_20_66-01.txt,7.322,0.250,1.831,1,0.313,17.07,0.313,9.266,0.000
20,ec.gp.GPIndividual@948674893{1926057582},3C_20_80-02.txt,35.738,0.250,8.935,1,9.688,108.43,9.688,9.688,0.000
20,ec.gp.GPIndividual@948674893{1926057582},3C_20_66-01.txt,7.322,0.250,1.831,3,2.250,122.91,0.750,9.688,0.000
20,ec.gp.GPIndividual@948674893{1926057582},3C_20_66-02.txt,154.245,0.250,38.561,4,9.234,23.95,2.309,9.688,0.000
20,ec.gp.GPIndividual@948674893{1926057582},3C_20_66-02.txt,154.245,0.250,38.561,2,13.250,34.36,6.625,13.250,0.000
20,ec.gp.GPIndividual@948674893{1926057582},3C_20_66-02.txt,154.245,0.250,38.561,13,24.125,62.56,1.856,13.250,0.000
20,ec.gp.GPIndividual@948674893{1926057582},3C_20_66-03.txt,118.340,0.250,29.585,9,19.016,64.27,2.113,13.250,0.000
20,ec.gp.GPIndividual@948674893{1926057582},3C_20_80-01.txt,4.194,0.250,1.049,1,7.281,694.36,7.281,13.250,0.000
20,ec.gp.GPIndividual@948674893{1926057582},3C_20_66-01.txt,7.322,0.250,1.831,3,1.922,104.99,0.641,13.250,0.000
20,ec.gp.GPIndividual@948674893{1926057582},3C_20_66-02.txt,154.245,0.250,38.561,2,1.797,4.66,0.898,13.250,0.000
20,ec.gp.GPIndividual@948674893{1926057582},3C_20_80-02.txt,35.738,0.250,8.935,1,8.594,96.19,8.594,13.250,0.000
20,ec.gp.GPIndividual@948674893{1926057582},3C_20_80-03.txt,169.439,0.250,42.360,2,10.766,25.41,5.383,13.250,0.000
20,ec.gp.GPIndividual@948674893{1926057582},3C_20_66-03.txt,118.340,0.250,29.585,1,10.750,36.34,10.750,13.250,0.000
20,ec.gp.GPIndividual@948674893{1926057582},3C_20_66-03.txt,118.340,0.250,29.585,1,2.172,7.34,2.172,13.250,0.000
20,ec.gp.GPIndividual@948674893{1926057582},3C_20_80-03.txt,169.439,0.250,42.360,1,6.719,15.86,6.719,13.250,0.000
20,ec.gp.GPIndividual@948674893{1926057582},3C_20_66-03.txt,118.340,0.250,29.585,7,24.375,82.39,3.482,13.250,0.000
20,ec.gp.GPIndividual@1990925493{781213232},3C_20_50-02.txt,61.404,0.250,15.351,5,15.359,100.05,3.072,6.250,0.500
20,ec.gp.GPIndividual@1990925493{781213232},3C_20_80-01.txt,4.194,0.250,1.049,2,1.172,111.75,0.586,6.250,0.500
20,ec.gp.GPIndividual@1990925493{781213232},3C_20_50-03.txt,30.993,0.250,7.748,4,7.547,97.40,1.887,6.250,0.172
20,ec.gp.GPIndividual@1990925493{781213232},3C_20_80-01.txt,4.194,0.250,1.049,1,1.250,119.20,1.250,6.250,0.172
20,ec.gp.GPIndividual@1990925493{781213232},3C_20_80-02.txt,35.738,0.250,8.935,2,2.078,23.26,1.039,6.250,0.172
20,ec.gp.GPIndividual@1990925493{781213232},3C_20_80-01.txt,4.194,0.250,1.049,2,1.766,168.38,0.883,6.250,0.172
20,ec.gp.GPIndividual@1990925493{781213232},3C_20_80-02.txt,35.738,0.250,8.935,4,12.656,141.66,3.164,7.156,0.172
20,ec.gp.GPIndividual@1990925493{781213232},3C_20_66-03.txt,118.340,0.250,29.585,1,7.766,26.25,7.766,7.766,0.172
20,ec.gp.GPIndividual@1670963081{1053464127},3C_20_50-02.txt,61.404,0.250,15.351,6,8.656,56.39,1.443,2.375,0.500
20,ec.gp.GPIndividual@1670963081{1053464127},3C_20_80-02.txt,35.738,0.250,8.935,6,9.734,108.95,1.622,2.375,0.500
20,ec.gp.GPIndividual@1670963081{1053464127},3C_20_80-03.txt,169.439,0.250,42.360,2,3.016,7.12,1.508,2.375,0.500
20,ec.gp.GPIndividual@1670963081{1053464127},3C_20_80-03.txt,169.439,0.250,42.360,2,3.344,7.89,1.672,3.344,0.000
20,ec.gp.GPIndividual@1670963081{1053464127},3C_20_66-01.txt,7.322,0.250,1.831,1,1.375,75.11,1.375,3.344,0.000
20,ec.gp.GPIndividual@1670963081{1053464127},3C_20_80-03.txt,169.439,0.250,42.360,5,10.469,24.71,2.094,5.750,0.000
20,ec.gp.GPIndividual@1670963081{1053464127},3C_20_50-03.txt,30.993,0.250,7.748,4,7.484,96.60,1.871,5.750,0.000
20,ec.gp.GPIndividual@1670963081{1053464127},3C_20_80-01.txt,4.194,0.250,1.049,1,5.938,566.22,5.938,5.938,0.000
20,ec.gp.GPIndividual@602368792{942512077},3C_20_50-02.txt,61.404,0.250,15.351,6,17.094,111.35,2.849,6.203,0.438
20,ec.gp.GPIndividual@1194200309{392795966},3C_20_50-02.txt,61.404,0.250,15.351,5,6.188,40.31,1.238,1.922,0.359
20,ec.gp.GPIndividual@1864905761{873448026},3C_20_50-02.txt,61.404,0.250,15.351,0,0.000,0.00,0.000,0.000,0.000
20,ec.gp.GPIndividual@1864905761{873448026},3C_20_50-03.txt,30.993,0.250,7.748,0,0.000,0.00,0.000,0.000,0.000
20,ec.gp.GPIndividual@1864905761{873448026},3C_20_66-01.txt,7.322,0.250,1.831,0,0.000,0.00,0.000,0.000,0.000
20,ec.gp.GPIndividual@1864905761{873448026},3C_20_66-02.txt,154.245,0.250,38.561,0,0.000,0.00,0.000,0.000,0.000
20,ec.gp.GPIndividual@1864905761{873448026},3C_20_66-03.txt,118.340,0.250,29.585,0,0.000,0.00,0.000,0.000,0.000
20,ec.gp.GPIndividual@1864905761{873448026},3C_20_80-01.txt,4.194,0.250,1.049,0,0.000,0.00,0.000,0.000,0.000
20,ec.gp.GPIndividual@1864905761{873448026},3C_20_80-02.txt,35.738,0.250,8.935,0,0.000,0.00,0.000,0.000,0.000
20,ec.gp.GPIndividual@1864905761{873448026},3C_20_80-03.txt,169.439,0.250,42.360,0,0.000,0.00,0.000,0.000,0.000
20,ec.gp.GPIndividual@1420663690{2005310122},3C_20_50-02.txt,61.404,0.250,15.351,1,0.531,3.46,0.531,0.531,0.531
20,ec.gp.GPIndividual@1420663690{2005310122},3C_20_50-03.txt,30.993,0.250,7.748,6,7.719,99.62,1.286,3.984,0.000
20,ec.gp.GPIndividual@1420663690{2005310122},3C_20_66-01.txt,7.322,0.250,1.831,1,2.469,134.86,2.469,3.984,0.000
20,ec.gp.GPIndividual@1420663690{2005310122},3C_20_50-03.txt,30.993,0.250,7.748,1,1.750,22.59,1.750,3.984,0.000
20,ec.gp.GPIndividual@1420663690{2005310122},3C_20_50-03.txt,30.993,0.250,7.748,2,3.469,44.77,1.734,3.984,0.000
20,ec.gp.GPIndividual@1420663690{2005310122},3C_20_80-02.txt,35.738,0.250,8.935,1,3.156,35.33,3.156,3.984,0.000
20,ec.gp.GPIndividual@1420663690{2005310122},3C_20_66-01.txt,7.322,0.250,1.831,2,1.406,76.82,0.703,3.984,0.000
20,ec.gp.GPIndividual@1420663690{2005310122},3C_20_66-02.txt,154.245,0.250,38.561,1,5.609,14.55,5.609,5.609,0.000
20,ec.gp.GPIndividual@1420663690{2005310122},3C_20_66-02.txt,154.245,0.250,38.561,1,0.859,2.23,0.859,5.609,0.000
20,ec.gp.GPIndividual@1420663690{2005310122},3C_20_66-02.txt,154.245,0.250,38.561,7,17.297,44.86,2.471,5.609,0.000
20,ec.gp.GPIndividual@1420663690{2005310122},3C_20_66-03.txt,118.340,0.250,29.585,12,29.219,98.76,2.435,5.734,0.000
20,ec.gp.GPIndividual@1420663690{2005310122},3C_20_80-01.txt,4.194,0.250,1.049,1,1.609,153.48,1.609,5.734,0.000
20,ec.gp.GPIndividual@1420663690{2005310122},3C_20_66-03.txt,118.340,0.250,29.585,2,1.938,6.55,0.969,5.734,0.000
20,ec.gp.GPIndividual@1420663690{2005310122},3C_20_80-02.txt,35.738,0.250,8.935,1,2.484,27.81,2.484,5.734,0.000
20,ec.gp.GPIndividual@1420663690{2005310122},3C_20_80-03.txt,169.439,0.250,42.360,1,4.797,11.32,4.797,5.734,0.000
20,ec.gp.GPIndividual@1420663690{2005310122},3C_20_66-01.txt,7.322,0.250,1.831,2,3.047,166.45,1.523,5.734,0.000
20,ec.gp.GPIndividual@1420663690{2005310122},3C_20_80-03.txt,169.439,0.250,42.360,1,0.516,1.22,0.516,5.734,0.000
20,ec.gp.GPIndividual@1420663690{2005310122},3C_20_66-02.txt,154.245,0.250,38.561,7,30.516,79.14,4.359,7.281,0.000
20,ec.gp.GPIndividual@830756012{-2099504059},3C_20_50-02.txt,61.404,0.250,15.351,0,0.000,0.00,0.000,0.000,0.000
20,ec.gp.GPIndividual@830756012{-2099504059},3C_20_50-03.txt,30.993,0.250,7.748,0,0.000,0.00,0.000,0.000,0.000
20,ec.gp.GPIndividual@830756012{-2099504059},3C_20_66-01.txt,7.322,0.250,1.831,0,0.000,0.00,0.000,0.000,0.000
20,ec.gp.GPIndividual@830756012{-2099504059},3C_20_66-02.txt,154.245,0.250,38.561,0,0.000,0.00,0.000,0.000,0.000
20,ec.gp.GPIndividual@830756012{-2099504059},3C_20_66-03.txt,118.340,0.250,29.585,0,0.000,0.00,0.000,0.000,0.000
20,ec.gp.GPIndividual@830756012{-2099504059},3C_20_80-01.txt,4.194,0.250,1.049,0,0.000,0.00,0.000,0.000,0.000
20,ec.gp.GPIndividual@830756012{-2099504059},3C_20_80-02.txt,35.738,0.250,8.935,0,0.000,0.00,0.000,0.000,0.000
20,ec.gp.GPIndividual@830756012{-2099504059},3C_20_80-03.txt,169.439,0.250,42.360,0,0.000,0.00,0.000,0.000,0.000
20,ec.gp.GPIndividual@945927216{468377407},3C_20_50-02.txt,61.404,0.250,15.351,5,19.125,124.58,3.825,11.375,0.531
20,ec.gp.GPIndividual@945927216{468377407},3C_20_66-03.txt,118.340,0.250,29.585,2,7.984,26.99,3.992,11.375,0.531
20,ec.gp.GPIndividual@489863203{-1354256370},3C_20_50-02.txt,61.404,0.250,15.351,4,17.016,110.84,4.254,9.656,0.344
20,ec.gp.GPIndividual@489863203{-1354256370},3C_20_80-01.txt,4.194,0.250,1.049,3,2.141,204.14,0.714,9.656,0.344
20,ec.gp.GPIndividual@489863203{-1354256370},3C_20_50-03.txt,30.993,0.250,7.748,2,0.156,2.02,0.078,9.656,0.000
20,ec.gp.GPIndividual@489863203{-1354256370},3C_20_80-02.txt,35.738,0.250,8.935,2,4.359,48.79,2.180,9.656,0.000
20,ec.gp.GPIndividual@489863203{-1354256370},3C_20_66-01.txt,7.322,0.250,1.831,2,2.875,157.06,1.438,9.656,0.000
20,ec.gp.GPIndividual@489863203{-1354256370},3C_20_80-03.txt,169.439,0.250,42.360,3,9.203,21.73,3.068,9.656,0.000
20,ec.gp.GPIndividual@489863203{-1354256370},3C_20_50-03.txt,30.993,0.250,7.748,2,4.328,55.86,2.164,9.656,0.000
20,ec.gp.GPIndividual@489863203{-1354256370},3C_20_66-02.txt,154.245,0.250,38.561,6,24.094,62.48,4.016,11.266,0.000
20,ec.gp.GPIndividual@489863203{-1354256370},3C_20_66-03.txt,118.340,0.250,29.585,8,27.828,94.06,3.479,11.266,0.000
20,ec.gp.GPIndividual@489863203{-1354256370},3C_20_80-01.txt,4.194,0.250,1.049,1,4.453,424.66,4.453,11.266,0.000
20,ec.gp.GPIndividual@489863203{-1354256370},3C_20_66-01.txt,7.322,0.250,1.831,2,6.734,367.89,3.367,11.266,0.000
20,ec.gp.GPIndividual@489863203{-1354256370},3C_20_66-01.txt,7.322,0.250,1.831,1,3.813,208.27,3.813,11.266,0.000
20,ec.gp.GPIndividual@489863203{-1354256370},3C_20_66-03.txt,118.340,0.250,29.585,2,1.453,4.91,0.727,11.266,0.000
20,ec.gp.GPIndividual@489863203{-1354256370},3C_20_80-02.txt,35.738,0.250,8.935,4,12.063,135.01,3.016,11.266,0.000
20,ec.gp.GPIndividual@2005961725{852369206},3C_20_50-02.txt,61.404,0.250,15.351,1,12.234,79.70,12.234,12.234,12.234
20,ec.gp.GPIndividual@2005961725{852369206},3C_20_80-01.txt,4.194,0.250,1.049,2,1.906,181.79,0.953,12.234,0.516
20,ec.gp.GPIndividual@2005961725{852369206},3C_20_66-02.txt,154.245,0.250,38.561,2,2.391,6.20,1.195,12.234,0.313
20,ec.gp.GPIndividual@2005961725{852369206},3C_20_50-03.txt,30.993,0.250,7.748,6,8.313,107.28,1.385,12.234,0.313
20,ec.gp.GPIndividual@2005961725{852369206},3C_20_66-03.txt,118.340,0.250,29.585,1,1.422,4.81,1.422,12.234,0.313
20,ec.gp.GPIndividual@2005961725{852369206},3C_20_80-03.txt,169.439,0.250,42.360,12,40.281,95.09,3.357,12.234,0.313
20,ec.gp.GPIndividual@1666958103{2049435429},3C_20_50-02.txt,61.404,0.250,15.351,6,12.922,84.18,2.154,3.766,0.531
20,ec.gp.GPIndividual@1666958103{2049435429},3C_20_80-02.txt,35.738,0.250,8.935,1,7.016,78.52,7.016,7.016,0.531
20,ec.gp.GPIndividual@1666958103{2049435429},3C_20_66-01.txt,7.322,0.250,1.831,1,2.500,136.57,2.500,7.016,0.531
20,ec.gp.GPIndividual@1666958103{2049435429},3C_20_50-03.txt,30.993,0.250,7.748,2,12.781,164.96,6.391,11.922,0.531
20,ec.gp.GPIndividual@1666958103{2049435429},3C_20_66-02.txt,154.245,0.250,38.561,1,3.375,8.75,3.375,11.922,0.531
20,ec.gp.GPIndividual@1666958103{2049435429},3C_20_80-01.txt,4.194,0.250,1.049,1,8.922,850.82,8.922,11.922,0.531
20,ec.gp.GPIndividual@1666958103{2049435429},3C_20_80-01.txt,4.194,0.250,1.049,4,1.469,140.06,0.367,11.922,0.172
20,ec.gp.GPIndividual@1666958103{2049435429},3C_20_80-02.txt,35.738,0.250,8.935,3,4.188,46.87,1.396,11.922,0.172
20,ec.gp.GPIndividual@1666958103{2049435429},3C_20_80-02.txt,35.738,0.250,8.935,5,10.297,115.25,2.059,11.922,0.172
20,ec.gp.GPIndividual@1666958103{2049435429},3C_20_80-03.txt,169.439,0.250,42.360,1,0.469,1.11,0.469,11.922,0.172
20,ec.gp.GPIndividual@1666958103{2049435429},3C_20_66-01.txt,7.322,0.250,1.831,2,2.422,132.30,1.211,11.922,0.172
20,ec.gp.GPIndividual@1666958103{2049435429},3C_20_66-02.txt,154.245,0.250,38.561,4,5.750,14.91,1.438,11.922,0.172
20,ec.gp.GPIndividual@1666958103{2049435429},3C_20_66-02.txt,154.245,0.250,38.561,21,39.734,103.04,1.892,11.922,0.172
20,ec.gp.GPIndividual@1666958103{2049435429},3C_20_80-03.txt,169.439,0.250,42.360,1,1.609,3.80,1.609,11.922,0.172
20,ec.gp.GPIndividual@1666958103{2049435429},3C_20_66-03.txt,118.340,0.250,29.585,1,5.406,18.27,5.406,11.922,0.172
20,ec.gp.GPIndividual@1592241900{-2078489945},3C_20_50-02.txt,61.404,0.250,15.351,1,1.078,7.02,1.078,1.078,1.078
20,ec.gp.GPIndividual@1592241900{-2078489945},3C_20_66-03.txt,118.340,0.250,29.585,2,7.984,26.99,3.992,7.672,0.313
20,ec.gp.GPIndividual@1592241900{-2078489945},3C_20_66-03.txt,118.340,0.250,29.585,2,11.641,39.35,5.820,9.828,0.313
20,ec.gp.GPIndividual@1592241900{-2078489945},3C_20_80-03.txt,169.439,0.250,42.360,9,44.781,105.72,4.976,9.828,0.313
20,ec.gp.GPIndividual@1592241900{-2078489945},3C_20_80-01.txt,4.194,0.250,1.049,1,0.703,67.05,0.703,9.828,0.313
20,ec.gp.GPIndividual@1592241900{-2078489945},3C_20_80-01.txt,4.194,0.250,1.049,2,2.688,256.29,1.344,9.828,0.313
20,ec.gp.GPIndividual@769810011{781213232},3C_20_50-02.txt,61.404,0.250,15.351,1,0.328,2.14,0.328,0.328,0.328
20,ec.gp.GPIndividual@769810011{781213232},3C_20_80-02.txt,35.738,0.250,8.935,6,10.063,112.62,1.677,3.547,0.328
20,ec.gp.GPIndividual@769810011{781213232},3C_20_80-03.txt,169.439,0.250,42.360,1,1.797,4.24,1.797,3.547,0.328
20,ec.gp.GPIndividual@769810011{781213232},3C_20_80-01.txt,4.194,0.250,1.049,1,1.406,134.10,1.406,3.547,0.328
20,ec.gp.GPIndividual@769810011{781213232},3C_20_80-02.txt,35.738,0.250,8.935,3,8.219,91.99,2.740,7.094,0.328
20,ec.gp.GPIndividual@769810011{781213232},3C_20_50-03.txt,30.993,0.250,7.748,4,6.016,77.64,1.504,7.094,0.328
20,ec.gp.GPIndividual@769810011{781213232},3C_20_50-03.txt,30.993,0.250,7.748,5,7.719,99.62,1.544,7.094,0.172
20,ec.gp.GPIndividual@769810011{781213232},3C_20_80-03.txt,169.439,0.250,42.360,1,0.891,2.10,0.891,7.094,0.172
20,ec.gp.GPIndividual@769810011{781213232},3C_20_66-01.txt,7.322,0.250,1.831,1,5.734,313.26,5.734,7.094,0.172
20,ec.gp.GPIndividual@1994777322{2048346128},3C_20_50-02.txt,61.404,0.250,15.351,0,0.000,0.00,0.000,0.000,0.000
20,ec.gp.GPIndividual@1994777322{2048346128},3C_20_50-03.txt,30.993,0.250,7.748,0,0.000,0.00,0.000,0.000,0.000
20,ec.gp.GPIndividual@1994777322{2048346128},3C_20_66-01.txt,7.322,0.250,1.831,0,0.000,0.00,0.000,0.000,0.000
20,ec.gp.GPIndividual@1994777322{2048346128},3C_20_66-02.txt,154.245,0.250,38.561,0,0.000,0.00,0.000,0.000,0.000
20,ec.gp.GPIndividual@1994777322{2048346128},3C_20_66-03.txt,118.340,0.250,29.585,0,0.000,0.00,0.000,0.000,0.000
20,ec.gp.GPIndividual@1994777322{2048346128},3C_20_80-01.txt,4.194,0.250,1.049,0,0.000,0.00,0.000,0.000,0.000
20,ec.gp.GPIndividual@1994777322{2048346128},3C_20_80-02.txt,35.738,0.250,8.935,0,0.000,0.00,0.000,0.000,0.000
20,ec.gp.GPIndividual@1994777322{2048346128},3C_20_80-03.txt,169.439,0.250,42.360,0,0.000,0.00,0.000,0.000,0.000
20,ec.gp.GPIndividual@1503635249{-967471038},3C_20_50-02.txt,61.404,0.250,15.351,1,13.391,87.23,13.391,13.391,13.391
20,ec.gp.GPIndividual@1944691560{-239327958},3C_20_50-02.txt,61.404,0.250,15.351,1,2.469,16.08,2.469,2.469,2.469
20,ec.gp.GPIndividual@1944691560{-239327958},3C_20_80-02.txt,35.738,0.250,8.935,6,7.469,83.59,1.245,3.172,0.313
20,ec.gp.GPIndividual@1944691560{-239327958},3C_20_50-03.txt,30.993,0.250,7.748,4,7.203,92.97,1.801,3.172,0.313
20,ec.gp.GPIndividual@1944691560{-239327958},3C_20_66-02.txt,154.245,0.250,38.561,2,0.828,2.15,0.414,3.172,0.000
20,ec.gp.GPIndividual@1944691560{-239327958},3C_20_66-01.txt,7.322,0.250,1.831,2,2.953,161.32,1.477,3.172,0.000
20,ec.gp.GPIndividual@1944691560{-239327958},3C_20_50-03.txt,30.993,0.250,7.748,1,0.359,4.64,0.359,3.172,0.000
20,ec.gp.GPIndividual@1944691560{-239327958},3C_20_80-03.txt,169.439,0.250,42.360,13,29.094,68.68,2.238,5.594,0.000
20,ec.gp.GPIndividual@1944691560{-239327958},3C_20_66-01.txt,7.322,0.250,1.831,1,6.047,330.33,6.047,6.047,0.000
20,ec.gp.GPIndividual@382080545{1304654437},3C_20_50-02.txt,61.404,0.250,15.351,5,8.688,56.59,1.738,4.594,0.328
20,ec.gp.GPIndividual@382080545{1304654437},3C_20_66-02.txt,154.245,0.250,38.561,4,10.016,25.97,2.504,4.594,0.328
20,ec.gp.GPIndividual@382080545{1304654437},3C_20_66-01.txt,7.322,0.250,1.831,2,5.875,320.94,2.938,5.016,0.328
20,ec.gp.GPIndividual@382080545{1304654437},3C_20_66-03.txt,118.340,0.250,29.585,1,1.531,5.18,1.531,5.016,0.328
20,ec.gp.GPIndividual@382080545{1304654437},3C_20_66-03.txt,118.340,0.250,29.585,1,0.500,1.69,0.500,5.016,0.328
20,ec.gp.GPIndividual@382080545{1304654437},3C_20_66-02.txt,154.245,0.250,38.561,3,23.844,61.83,7.948,13.516,0.328
20,ec.gp.GPIndividual@1860260179{-1370683430},3C_20_50-02.txt,61.404,0.250,15.351,2,12.359,80.51,6.180,11.313,1.047
20,ec.gp.GPIndividual@1860260179{-1370683430},3C_20_50-03.txt,30.993,0.250,7.748,1,0.422,5.44,0.422,11.313,0.422
20,ec.gp.GPIndividual@1860260179{-1370683430},3C_20_50-03.txt,30.993,0.250,7.748,1,12.531,161.73,12.531,12.531,0.422
20,ec.gp.GPIndividual@1860260179{-1370683430},3C_20_66-02.txt,154.245,0.250,38.561,5,10.328,26.78,2.066,12.531,0.422
20,ec.gp.GPIndividual@1860260179{-1370683430},3C_20_66-01.txt,7.322,0.250,1.831,1,3.109,169.86,3.109,12.531,0.422
20,ec.gp.GPIndividual@1860260179{-1370683430},3C_20_66-01.txt,7.322,0.250,1.831,1,0.719,39.26,0.719,12.531,0.422
20,ec.gp.GPIndividual@1860260179{-1370683430},3C_20_66-02.txt,154.245,0.250,38.561,5,6.109,15.84,1.222,12.531,0.422
20,ec.gp.GPIndividual@1860260179{-1370683430},3C_20_66-03.txt,118.340,0.250,29.585,5,9.516,32.16,1.903,12.531,0.422
20,ec.gp.GPIndividual@1860260179{-1370683430},3C_20_80-01.txt,4.194,0.250,1.049,1,0.453,43.21,0.453,12.531,0.422
20,ec.gp.GPIndividual@1860260179{-1370683430},3C_20_80-02.txt,35.738,0.250,8.935,1,1.531,17.14,1.531,12.531,0.422
20,ec.gp.GPIndividual@1860260179{-1370683430},3C_20_80-03.txt,169.439,0.250,42.360,1,14.359,33.90,14.359,14.359,0.422
20,ec.gp.GPIndividual@1860260179{-1370683430},3C_20_80-01.txt,4.194,0.250,1.049,1,13.734,1309.76,13.734,14.359,0.422
20,ec.gp.GPIndividual@1860260179{-1370683430},3C_20_80-03.txt,169.439,0.250,42.360,3,12.313,29.07,4.104,14.359,0.422
20,ec.gp.GPIndividual@1860260179{-1370683430},3C_20_66-03.txt,118.340,0.250,29.585,2,6.219,21.02,3.109,14.359,0.422
20,ec.gp.GPIndividual@1394570467{-1845754602},3C_20_50-02.txt,61.404,0.250,15.351,0,0.000,0.00,0.000,0.000,0.000
20,ec.gp.GPIndividual@1394570467{-1845754602},3C_20_50-03.txt,30.993,0.250,7.748,0,0.000,0.00,0.000,0.000,0.000
20,ec.gp.GPIndividual@1394570467{-1845754602},3C_20_66-01.txt,7.322,0.250,1.831,0,0.000,0.00,0.000,0.000,0.000
20,ec.gp.GPIndividual@1394570467{-1845754602},3C_20_66-02.txt,154.245,0.250,38.561,0,0.000,0.00,0.000,0.000,0.000
20,ec.gp.GPIndividual@1394570467{-1845754602},3C_20_66-03.txt,118.340,0.250,29.585,0,0.000,0.00,0.000,0.000,0.000
20,ec.gp.GPIndividual@1394570467{-1845754602},3C_20_80-01.txt,4.194,0.250,1.049,0,0.000,0.00,0.000,0.000,0.000
20,ec.gp.GPIndividual@1394570467{-1845754602},3C_20_80-02.txt,35.738,0.250,8.935,0,0.000,0.00,0.000,0.000,0.000
20,ec.gp.GPIndividual@1394570467{-1845754602},3C_20_80-03.txt,169.439,0.250,42.360,0,0.000,0.00,0.000,0.000,0.000
20,ec.gp.GPIndividual@171196120{865042149},3C_20_50-02.txt,61.404,0.250,15.351,4,16.547,107.79,4.137,9.984,0.391
20,ec.gp.GPIndividual@1414590470{-847119494},3C_20_50-02.txt,61.404,0.250,15.351,3,2.531,16.49,0.844,2.250,0.000
20,ec.gp.GPIndividual@1414590470{-847119494},3C_20_66-02.txt,154.245,0.250,38.561,9,16.859,43.72,1.873,4.422,0.000
20,ec.gp.GPIndividual@1414590470{-847119494},3C_20_50-03.txt,30.993,0.250,7.748,4,7.875,101.64,1.969,4.422,0.000
20,ec.gp.GPIndividual@1414590470{-847119494},3C_20_80-01.txt,4.194,0.250,1.049,3,2.234,213.08,0.745,4.422,0.000
20,ec.gp.GPIndividual@1414590470{-847119494},3C_20_80-02.txt,35.738,0.250,8.935,1,1.016,11.37,1.016,4.422,0.000
20,ec.gp.GPIndividual@1414590470{-847119494},3C_20_66-03.txt,118.340,0.250,29.585,5,9.281,31.37,1.856,4.422,0.000
20,ec.gp.GPIndividual@1414590470{-847119494},3C_20_80-02.txt,35.738,0.250,8.935,5,9.938,111.23,1.988,4.953,0.000
20,ec.gp.GPIndividual@1414590470{-847119494},3C_20_80-01.txt,4.194,0.250,1.049,1,1.063,101.32,1.063,4.953,0.000
20,ec.gp.GPIndividual@1414590470{-847119494},3C_20_80-03.txt,169.439,0.250,42.360,9,32.547,76.83,3.616,11.016,0.000
20,ec.gp.GPIndividual@1414590470{-847119494},3C_20_50-03.txt,30.993,0.250,7.748,4,6.906,89.13,1.727,11.016,0.000
20,ec.gp.GPIndividual@1414590470{-847119494},3C_20_66-01.txt,7.322,0.250,1.831,2,1.688,92.19,0.844,11.016,0.000
20,ec.gp.GPIndividual@1414590470{-847119494},3C_20_80-02.txt,35.738,0.250,8.935,5,12.500,139.91,2.500,11.016,0.000
20,ec.gp.GPIndividual@1414590470{-847119494},3C_20_66-01.txt,7.322,0.250,1.831,2,1.453,79.38,0.727,11.016,0.000
20,ec.gp.GPIndividual@1414590470{-847119494},3C_20_80-03.txt,169.439,0.250,42.360,5,17.719,41.83,3.544,14.234,0.000
20,ec.gp.GPIndividual@1414590470{-847119494},3C_20_80-03.txt,169.439,0.250,42.360,2,13.063,30.84,6.531,14.234,0.000
20,ec.gp.GPIndividual@1903344915{696900386},3C_20_50-02.txt,61.404,0.250,15.351,8,15.281,99.55,1.910,4.656,0.281
20,ec.gp.GPIndividual@1903344915{696900386},3C_20_50-03.txt,30.993,0.250,7.748,1,1.031,13.31,1.031,4.656,0.281
20,ec.gp.GPIndividual@120331352{-554006178},3C_20_50-02.txt,61.404,0.250,15.351,1,3.016,19.64,3.016,3.016,3.016
20,ec.gp.GPIndividual@772783800{1730031835},3C_20_50-02.txt,61.404,0.250,15.351,8,15.703,102.29,1.963,4.938,0.281
20,ec.gp.GPIndividual@772783800{1730031835},3C_20_50-03.txt,30.993,0.250,7.748,1,1.641,21.17,1.641,4.938,0.281
20,ec.gp.GPIndividual@772783800{1730031835},3C_20_66-01.txt,7.322,0.250,1.831,2,0.719,39.26,0.359,4.938,0.000
20,ec.gp.GPIndividual@772783800{1730031835},3C_20_50-03.txt,30.993,0.250,7.748,2,4.297,55.46,2.148,4.938,0.000
20,ec.gp.GPIndividual@772783800{1730031835},3C_20_66-02.txt,154.245,0.250,38.561,9,29.141,75.57,3.238,15.578,0.000
20,ec.gp.GPIndividual@772783800{1730031835},3C_20_66-02.txt,154.245,0.250,38.561,13,38.266,99.23,2.944,15.578,0.000
20,ec.gp.GPIndividual@772783800{1730031835},3C_20_66-02.txt,154.245,0.250,38.561,2,4.297,11.14,2.148,15.578,0.000
20,ec.gp.GPIndividual@772783800{1730031835},3C_20_66-01.txt,7.322,0.250,1.831,2,2.859,156.20,1.430,15.578,0.000
20,ec.gp.GPIndividual@772783800{1730031835},3C_20_66-03.txt,118.340,0.250,29.585,2,0.578,1.95,0.289,15.578,0.000
20,ec.gp.GPIndividual@772783800{1730031835},3C_20_66-02.txt,154.245,0.250,38.561,1,10.672,27.68,10.672,15.578,0.000
20,ec.gp.GPIndividual@772783800{1730031835},3C_20_66-03.txt,118.340,0.250,29.585,1,6.500,21.97,6.500,15.578,0.000
20,ec.gp.GPIndividual@772783800{1730031835},3C_20_66-03.txt,118.340,0.250,29.585,1,6.953,23.50,6.953,15.578,0.000
20,ec.gp.GPIndividual@772783800{1730031835},3C_20_66-01.txt,7.322,0.250,1.831,1,1.953,106.70,1.953,15.578,0.000
20,ec.gp.GPIndividual@772783800{1730031835},3C_20_66-03.txt,118.340,0.250,29.585,12,31.469,106.37,2.622,15.578,0.000
20,ec.gp.GPIndividual@772783800{1730031835},3C_20_80-01.txt,4.194,0.250,1.049,1,1.500,143.04,1.500,15.578,0.000
20,ec.gp.GPIndividual@772783800{1730031835},3C_20_80-01.txt,4.194,0.250,1.049,1,0.422,40.23,0.422,15.578,0.000
20,ec.gp.GPIndividual@772783800{1730031835},3C_20_80-01.txt,4.194,0.250,1.049,2,3.172,302.48,1.586,15.578,0.000
20,ec.gp.GPIndividual@772783800{1730031835},3C_20_80-01.txt,4.194,0.250,1.049,2,0.766,73.01,0.383,15.578,0.000
20,ec.gp.GPIndividual@772783800{1730031835},3C_20_80-02.txt,35.738,0.250,8.935,2,0.750,8.39,0.375,15.578,0.000
20,ec.gp.GPIndividual@772783800{1730031835},3C_20_80-02.txt,35.738,0.250,8.935,6,9.953,111.40,1.659,15.578,0.000
20,ec.gp.GPIndividual@772783800{1730031835},3C_20_80-03.txt,169.439,0.250,42.360,1,0.266,0.63,0.266,15.578,0.000
20,ec.gp.GPIndividual@772783800{1730031835},3C_20_80-03.txt,169.439,0.250,42.360,3,2.094,4.94,0.698,15.578,0.000
20,ec.gp.GPIndividual@772783800{1730031835},3C_20_80-02.txt,35.738,0.250,8.935,2,1.422,15.91,0.711,15.578,0.000
20,ec.gp.GPIndividual@772783800{1730031835},3C_20_66-02.txt,154.245,0.250,38.561,18,34.375,89.14,1.910,15.578,0.000
20,ec.gp.GPIndividual@772783800{1730031835},3C_20_80-03.txt,169.439,0.250,42.360,1,4.047,9.55,4.047,15.578,0.000
20,ec.gp.GPIndividual@772783800{1730031835},3C_20_66-03.txt,118.340,0.250,29.585,1,3.703,12.52,3.703,15.578,0.000
20,ec.gp.GPIndividual@772783800{1730031835},3C_20_80-02.txt,35.738,0.250,8.935,1,7.047,78.87,7.047,15.578,0.000
20,ec.gp.GPIndividual@1411714642{617765809},3C_20_50-02.txt,61.404,0.250,15.351,1,0.266,1.73,0.266,0.266,0.266
20,ec.gp.GPIndividual@1411714642{617765809},3C_20_50-03.txt,30.993,0.250,7.748,2,11.094,143.18,5.547,9.438,0.266
20,ec.gp.GPIndividual@1117372028{2048346128},3C_20_50-02.txt,61.404,0.250,15.351,0,0.000,0.00,0.000,0.000,0.000
20,ec.gp.GPIndividual@1117372028{2048346128},3C_20_50-03.txt,30.993,0.250,7.748,0,0.000,0.00,0.000,0.000,0.000
20,ec.gp.GPIndividual@1117372028{2048346128},3C_20_66-01.txt,7.322,0.250,1.831,0,0.000,0.00,0.000,0.000,0.000
20,ec.gp.GPIndividual@1117372028{2048346128},3C_20_66-02.txt,154.245,0.250,38.561,0,0.000,0.00,0.000,0.000,0.000
20,ec.gp.GPIndividual@1117372028{2048346128},3C_20_66-03.txt,118.340,0.250,29.585,0,0.000,0.00,0.000,0.000,0.000
20,ec.gp.GPIndividual@1117372028{2048346128},3C_20_80-01.txt,4.194,0.250,1.049,0,0.000,0.00,0.000,0.000,0.000
20,ec.gp.GPIndividual@1117372028{2048346128},3C_20_80-02.txt,35.738,0.250,8.935,0,0.000,0.00,0.000,0.000,0.000
20,ec.gp.GPIndividual@1117372028{2048346128},3C_20_80-03.txt,169.439,0.250,42.360,0,0.000,0.00,0.000,0.000,0.000
21,ec.gp.GPIndividual@783722112{-554006178},3C_20_50-02.txt,61.404,0.250,15.351,14,14.000,91.20,1.000,1.875,0.000
21,ec.gp.GPIndividual@783722112{-554006178},3C_20_50-03.txt,30.993,0.250,7.748,1,1.813,23.39,1.813,1.875,0.000
21,ec.gp.GPIndividual@783722112{-554006178},3C_20_50-03.txt,30.993,0.250,7.748,4,10.125,130.68,2.531,2.609,0.000
21,ec.gp.GPIndividual@783722112{-554006178},3C_20_50-03.txt,30.993,0.250,7.748,2,0.125,1.61,0.063,2.609,0.000
21,ec.gp.GPIndividual@783722112{-554006178},3C_20_50-03.txt,30.993,0.250,7.748,4,9.688,125.03,2.422,3.172,0.000
21,ec.gp.GPIndividual@783722112{-554006178},3C_20_66-01.txt,7.322,0.250,1.831,2,0.531,29.02,0.266,3.172,0.000
21,ec.gp.GPIndividual@783722112{-554006178},3C_20_50-03.txt,30.993,0.250,7.748,2,1.406,18.15,0.703,3.172,0.000
21,ec.gp.GPIndividual@783722112{-554006178},3C_20_66-01.txt,7.322,0.250,1.831,1,3.172,173.27,3.172,3.172,0.000
21,ec.gp.GPIndividual@783722112{-554006178},3C_20_66-01.txt,7.322,0.250,1.831,2,4.078,222.78,2.039,3.219,0.000
21,ec.gp.GPIndividual@783722112{-554006178},3C_20_66-01.txt,7.322,0.250,1.831,1,0.469,25.61,0.469,3.219,0.000
21,ec.gp.GPIndividual@783722112{-554006178},3C_20_66-02.txt,154.245,0.250,38.561,4,4.391,11.39,1.098,3.219,0.000
21,ec.gp.GPIndividual@783722112{-554006178},3C_20_50-03.txt,30.993,0.250,7.748,7,9.875,127.45,1.411,3.234,0.000
21,ec.gp.GPIndividual@783722112{-554006178},3C_20_66-03.txt,118.340,0.250,29.585,2,0.156,0.53,0.078,3.234,0.000
21,ec.gp.GPIndividual@783722112{-554006178},3C_20_66-01.txt,7.322,0.250,1.831,2,2.813,153.64,1.406,3.234,0.000
21,ec.gp.GPIndividual@783722112{-554006178},3C_20_66-02.txt,154.245,0.250,38.561,3,1.641,4.25,0.547,3.234,0.000
21,ec.gp.GPIndividual@783722112{-554006178},3C_20_66-02.txt,154.245,0.250,38.561,20,37.328,96.80,1.866,6.125,0.000
21,ec.gp.GPIndividual@783722112{-554006178},3C_20_66-03.txt,118.340,0.250,29.585,1,2.359,7.97,2.359,6.125,0.000
21,ec.gp.GPIndividual@783722112{-554006178},3C_20_80-01.txt,4.194,0.250,1.049,1,1.609,153.48,1.609,6.125,0.000
21,ec.gp.GPIndividual@783722112{-554006178},3C_20_66-03.txt,118.340,0.250,29.585,7,30.813,104.15,4.402,10.047,0.000
21,ec.gp.GPIndividual@783722112{-554006178},3C_20_80-01.txt,4.194,0.250,1.049,2,2.750,262.25,1.375,10.047,0.000
21,ec.gp.GPIndividual@783722112{-554006178},3C_20_80-02.txt,35.738,0.250,8.935,0,0.000,0.00,0.000,10.047,0.000
21,ec.gp.GPIndividual@783722112{-554006178},3C_20_66-02.txt,154.245,0.250,38.561,8,24.766,64.22,3.096,10.047,0.000
21,ec.gp.GPIndividual@783722112{-554006178},3C_20_66-01.txt,7.322,0.250,1.831,1,3.406,186.08,3.406,10.047,0.000
21,ec.gp.GPIndividual@783722112{-554006178},3C_20_80-01.txt,4.194,0.250,1.049,1,1.375,131.12,1.375,10.047,0.000
21,ec.gp.GPIndividual@783722112{-554006178},3C_20_66-03.txt,118.340,0.250,29.585,6,14.641,49.49,2.440,10.047,0.000
21,ec.gp.GPIndividual@783722112{-554006178},3C_20_66-02.txt,154.245,0.250,38.561,19,37.406,97.00,1.969,10.047,0.000
21,ec.gp.GPIndividual@783722112{-554006178},3C_20_80-01.txt,4.194,0.250,1.049,1,2.734,260.76,2.734,10.047,0.000
21,ec.gp.GPIndividual@783722112{-554006178},3C_20_80-02.txt,35.738,0.250,8.935,2,2.844,31.83,1.422,10.047,0.000
21,ec.gp.GPIndividual@783722112{-554006178},3C_20_66-03.txt,118.340,0.250,29.585,5,15.563,52.60,3.113,10.500,0.000
21,ec.gp.GPIndividual@783722112{-554006178},3C_20_80-03.txt,169.439,0.250,42.360,3,23.094,54.52,7.698,12.781,0.000
21,ec.gp.GPIndividual@783722112{-554006178},3C_20_80-02.txt,35.738,0.250,8.935,4,9.203,103.01,2.301,12.781,0.000
21,ec.gp.GPIndividual@783722112{-554006178},3C_20_80-03.txt,169.439,0.250,42.360,2,7.297,17.23,3.648,12.781,0.000
21,ec.gp.GPIndividual@783722112{-554006178},3C_20_80-03.txt,169.439,0.250,42.360,9,41.328,97.56,4.592,13.422,0.000
21,ec.gp.GPIndividual@783722112{-554006178},3C_20_66-02.txt,154.245,0.250,38.561,2,8.484,22.00,4.242,13.422,0.000
21,ec.gp.GPIndividual@1484703008{350864557},3C_20_50-02.txt,61.404,0.250,15.351,3,10.422,67.89,3.474,8.422,0.547
21,ec.gp.GPIndividual@980812586{1891500807},3C_20_50-02.txt,61.404,0.250,15.351,5,30.641,199.60,6.128,14.188,0.469
21,ec.gp.GPIndividual@1245254092{-1540656789},3C_20_50-02.txt,61.404,0.250,15.351,0,0.000,0.00,0.000,0.000,0.000
21,ec.gp.GPIndividual@1245254092{-1540656789},3C_20_50-03.txt,30.993,0.250,7.748,0,0.000,0.00,0.000,0.000,0.000
21,ec.gp.GPIndividual@1245254092{-1540656789},3C_20_66-01.txt,7.322,0.250,1.831,0,0.000,0.00,0.000,0.000,0.000
21,ec.gp.GPIndividual@1245254092{-1540656789},3C_20_66-02.txt,154.245,0.250,38.561,0,0.000,0.00,0.000,0.000,0.000
21,ec.gp.GPIndividual@1245254092{-1540656789},3C_20_66-03.txt,118.340,0.250,29.585,0,0.000,0.00,0.000,0.000,0.000
21,ec.gp.GPIndividual@1245254092{-1540656789},3C_20_80-01.txt,4.194,0.250,1.049,0,0.000,0.00,0.000,0.000,0.000
21,ec.gp.GPIndividual@1245254092{-1540656789},3C_20_80-02.txt,35.738,0.250,8.935,0,0.000,0.00,0.000,0.000,0.000
21,ec.gp.GPIndividual@1245254092{-1540656789},3C_20_80-03.txt,169.439,0.250,42.360,0,0.000,0.00,0.000,0.000,0.000
21,ec.gp.GPIndividual@1646906372{56549990},3C_20_50-02.txt,61.404,0.250,15.351,0,0.000,0.00,0.000,0.000,0.000
21,ec.gp.GPIndividual@1646906372{56549990},3C_20_80-01.txt,4.194,0.250,1.049,1,1.750,166.89,1.750,1.750,1.750
21,ec.gp.GPIndividual@1646906372{56549990},3C_20_50-03.txt,30.993,0.250,7.748,3,11.922,153.87,3.974,10.953,0.484
21,ec.gp.GPIndividual@1646906372{56549990},3C_20_80-02.txt,35.738,0.250,8.935,6,8.750,97.93,1.458,10.953,0.172
21,ec.gp.GPIndividual@1646906372{56549990},3C_20_66-03.txt,118.340,0.250,29.585,3,3.141,10.62,1.047,10.953,0.000
21,ec.gp.GPIndividual@1646906372{56549990},3C_20_50-03.txt,30.993,0.250,7.748,1,1.563,20.17,1.563,10.953,0.000
21,ec.gp.GPIndividual@1646906372{56549990},3C_20_80-02.txt,35.738,0.250,8.935,4,8.063,90.24,2.016,10.953,0.000
21,ec.gp.GPIndividual@1646906372{56549990},3C_20_66-01.txt,7.322,0.250,1.831,1,1.094,59.75,1.094,10.953,0.000
21,ec.gp.GPIndividual@1646906372{56549990},3C_20_80-03.txt,169.439,0.250,42.360,4,5.672,13.39,1.418,10.953,0.000
21,ec.gp.GPIndividual@1646906372{56549990},3C_20_50-03.txt,30.993,0.250,7.748,4,6.469,83.49,1.617,10.953,0.000
21,ec.gp.GPIndividual@1646906372{56549990},3C_20_66-02.txt,154.245,0.250,38.561,1,1.266,3.28,1.266,10.953,0.000
21,ec.gp.GPIndividual@1646906372{56549990},3C_20_80-03.txt,169.439,0.250,42.360,2,1.984,4.68,0.992,10.953,0.000
21,ec.gp.GPIndividual@1646906372{56549990},3C_20_66-01.txt,7.322,0.250,1.831,1,6.031,329.48,6.031,10.953,0.000
21,ec.gp.GPIndividual@1646906372{56549990},3C_20_80-01.txt,4.194,0.250,1.049,3,1.031,98.34,0.344,10.953,0.000
21,ec.gp.GPIndividual@1646906372{56549990},3C_20_66-02.txt,154.245,0.250,38.561,15,38.734,100.45,2.582,10.953,0.000
21,ec.gp.GPIndividual@1646906372{56549990},3C_20_80-02.txt,35.738,0.250,8.935,5,9.000,100.73,1.800,10.953,0.000
21,ec.gp.GPIndividual@1646906372{56549990},3C_20_66-01.txt,7.322,0.250,1.831,1,2.125,116.09,2.125,10.953,0.000
21,ec.gp.GPIndividual@1646906372{56549990},3C_20_80-03.txt,169.439,0.250,42.360,1,4.797,11.32,4.797,10.953,0.000
21,ec.gp.GPIndividual@138960194{-906017183},3C_20_50-02.txt,61.404,0.250,15.351,2,0.656,4.27,0.328,0.656,0.000
21,ec.gp.GPIndividual@138960194{-906017183},3C_20_66-03.txt,118.340,0.250,29.585,3,4.281,14.47,1.427,3.141,0.000
21,ec.gp.GPIndividual@138960194{-906017183},3C_20_66-03.txt,118.340,0.250,29.585,3,13.313,45.00,4.438,10.672,0.000
21,ec.gp.GPIndividual@1685235776{-2071436622},3C_20_50-02.txt,61.404,0.250,15.351,7,19.453,126.72,2.779,6.250,0.516
21,ec.gp.GPIndividual@1685235776{-2071436622},3C_20_80-01.txt,4.194,0.250,1.049,1,0.891,84.93,0.891,6.250,0.516
21,ec.gp.GPIndividual@1068307196{-539006038},3C_20_50-02.txt,61.404,0.250,15.351,9,15.859,103.31,1.762,6.203,0.172
21,ec.gp.GPIndividual@1068307196{-539006038},3C_20_80-02.txt,35.738,0.250,8.935,0,0.000,0.00,0.000,6.203,0.172
21,ec.gp.GPIndividual@1068307196{-539006038},3C_20_50-03.txt,30.993,0.250,7.748,2,6.828,88.13,3.414,6.203,0.172
21,ec.gp.GPIndividual@1068307196{-539006038},3C_20_66-02.txt,154.245,0.250,38.561,2,2.219,5.75,1.109,6.203,0.000
21,ec.gp.GPIndividual@1068307196{-539006038},3C_20_50-03.txt,30.993,0.250,7.748,1,3.313,42.75,3.313,6.203,0.000
21,ec.gp.GPIndividual@1068307196{-539006038},3C_20_80-01.txt,4.194,0.250,1.049,1,2.063,196.69,2.063,6.203,0.000
21,ec.gp.GPIndividual@1068307196{-539006038},3C_20_80-03.txt,169.439,0.250,42.360,17,42.344,99.96,2.491,6.344,0.000
21,ec.gp.GPIndividual@1068307196{-539006038},3C_20_80-02.txt,35.738,0.250,8.935,1,1.797,20.11,1.797,6.344,0.000
21,ec.gp.GPIndividual@1068307196{-539006038},3C_20_66-03.txt,118.340,0.250,29.585,2,2.313,7.82,1.156,6.344,0.000
21,ec.gp.GPIndividual@1068307196{-539006038},3C_20_66-01.txt,7.322,0.250,1.831,2,3.078,168.15,1.539,6.344,0.000
21,ec.gp.GPIndividual@1068307196{-539006038},3C_20_80-03.txt,169.439,0.250,42.360,2,0.500,1.18,0.250,6.344,0.000
21,ec.gp.GPIndividual@1068307196{-539006038},3C_20_66-02.txt,154.245,0.250,38.561,2,4.250,11.02,2.125,6.344,0.000
21,ec.gp.GPIndividual@1237380199{-802103345},3C_20_50-02.txt,61.404,0.250,15.351,4,19.141,124.69,4.785,9.672,0.531
21,ec.gp.GPIndividual@1237380199{-802103345},3C_20_50-03.txt,30.993,0.250,7.748,4,8.984,115.96,2.246,9.672,0.531
21,ec.gp.GPIndividual@1237380199{-802103345},3C_20_50-03.txt,30.993,0.250,7.748,2,7.859,101.44,3.930,9.672,0.531
21,ec.gp.GPIndividual@89752249{1605116314},3C_20_50-02.txt,61.404,0.250,15.351,1,0.656,4.27,0.656,0.656,0.656
21,ec.gp.GPIndividual@89752249{1605116314},3C_20_66-01.txt,7.322,0.250,1.831,2,3.703,202.30,1.852,3.203,0.500
21,ec.gp.GPIndividual@89752249{1605116314},3C_20_66-01.txt,7.322,0.250,1.831,1,0.672,36.70,0.672,3.203,0.500
21,ec.gp.GPIndividual@89752249{1605116314},3C_20_50-03.txt,30.993,0.250,7.748,4,12.703,163.95,3.176,9.344,0.500
21,ec.gp.GPIndividual@89752249{1605116314},3C_20_80-01.txt,4.194,0.250,1.049,2,2.094,199.67,1.047,9.344,0.500
21,ec.gp.GPIndividual@89752249{1605116314},3C_20_66-02.txt,154.245,0.250,38.561,1,0.141,0.36,0.141,9.344,0.141
21,ec.gp.GPIndividual@89752249{1605116314},3C_20_66-02.txt,154.245,0.250,38.561,12,25.250,65.48,2.104,9.344,0.141
21,ec.gp.GPIndividual@89752249{1605116314},3C_20_66-03.txt,118.340,0.250,29.585,9,29.703,100.40,3.300,9.344,0.141
21,ec.gp.GPIndividual@89752249{1605116314},3C_20_80-01.txt,4.194,0.250,1.049,2,0.875,83.44,0.438,9.344,0.141
21,ec.gp.GPIndividual@89752249{1605116314},3C_20_80-02.txt,35.738,0.250,8.935,2,9.469,105.98,4.734,9.344,0.141
21,ec.gp.GPIndividual@89752249{1605116314},3C_20_66-01.txt,7.322,0.250,1.831,1,13.422,733.22,13.422,13.422,0.141
21,ec.gp.GPIndividual@89752249{1605116314},3C_20_66-03.txt,118.340,0.250,29.585,1,3.625,12.25,3.625,13.422,0.141
21,ec.gp.GPIndividual@89752249{1605116314},3C_20_66-01.txt,7.322,0.250,1.831,2,3.172,173.27,1.586,13.422,0.141
21,ec.gp.GPIndividual@89752249{1605116314},3C_20_80-03.txt,169.439,0.250,42.360,1,6.141,14.50,6.141,13.422,0.141
21,ec.gp.GPIndividual@89752249{1605116314},3C_20_66-03.txt,118.340,0.250,29.585,1,0.484,1.64,0.484,13.422,0.141
21,ec.gp.GPIndividual@89752249{1605116314},3C_20_66-02.txt,154.245,0.250,38.561,2,3.750,9.72,1.875,13.422,0.141
21,ec.gp.GPIndividual@89752249{1605116314},3C_20_80-02.txt,35.738,0.250,8.935,6,8.859,99.16,1.477,13.422,0.141
21,ec.gp.GPIndividual@89752249{1605116314},3C_20_66-03.txt,118.340,0.250,29.585,1,0.719,2.43,0.719,13.422,0.141
21,ec.gp.GPIndividual@89752249{1605116314},3C_20_80-03.txt,169.439,0.250,42.360,10,41.641,98.30,4.164,13.422,0.141
21,ec.gp.GPIndividual@89752249{1605116314},3C_20_80-01.txt,4.194,0.250,1.049,2,0.906,86.42,0.453,13.422,0.141
21,ec.gp.GPIndividual@89752249{1605116314},3C_20_80-02.txt,35.738,0.250,8.935,1,3.078,34.45,3.078,13.422,0.141
21,ec.gp.GPIndividual@2109680945{506847035},3C_20_50-02.txt,61.404,0.250,15.351,0,0.000,0.00,0.000,0.000,0.000
21,ec.gp.GPIndividual@2109680945{506847035},3C_20_50-03.txt,30.993,0.250,7.748,0,0.000,0.00,0.000,0.000,0.000
21,ec.gp.GPIndividual@2109680945{506847035},3C_20_66-01.txt,7.322,0.250,1.831,0,0.000,0.00,0.000,0.000,0.000
21,ec.gp.GPIndividual@2109680945{506847035},3C_20_66-02.txt,154.245,0.250,38.561,0,0.000,0.00,0.000,0.000,0.000
21,ec.gp.GPIndividual@2109680945{506847035},3C_20_66-03.txt,118.340,0.250,29.585,0,0.000,0.00,0.000,0.000,0.000
21,ec.gp.GPIndividual@2109680945{506847035},3C_20_80-01.txt,4.194,0.250,1.049,0,0.000,0.00,0.000,0.000,0.000
21,ec.gp.GPIndividual@2109680945{506847035},3C_20_80-02.txt,35.738,0.250,8.935,0,0.000,0.00,0.000,0.000,0.000
21,ec.gp.GPIndividual@2109680945{506847035},3C_20_80-03.txt,169.439,0.250,42.360,3,8.969,21.17,2.990,5.641,1.313
21,ec.gp.GPIndividual@2109680945{506847035},3C_20_80-01.txt,4.194,0.250,1.049,2,7.734,737.58,3.867,7.234,0.500
21,ec.gp.GPIndividual@2109680945{506847035},3C_20_80-01.txt,4.194,0.250,1.049,1,10.672,1017.71,10.672,10.672,0.500
21,ec.gp.GPIndividual@2109680945{506847035},3C_20_66-02.txt,154.245,0.250,38.561,3,12.453,32.29,4.151,11.703,0.297
21,ec.gp.GPIndividual@56342090{-2078912240},3C_20_50-02.txt,61.404,0.250,15.351,0,0.000,0.00,0.000,0.000,0.000
21,ec.gp.GPIndividual@56342090{-2078912240},3C_20_50-03.txt,30.993,0.250,7.748,0,0.000,0.00,0.000,0.000,0.000
21,ec.gp.GPIndividual@56342090{-2078912240},3C_20_66-01.txt,7.322,0.250,1.831,0,0.000,0.00,0.000,0.000,0.000
21,ec.gp.GPIndividual@56342090{-2078912240},3C_20_66-02.txt,154.245,0.250,38.561,0,0.000,0.00,0.000,0.000,0.000
21,ec.gp.GPIndividual@56342090{-2078912240},3C_20_66-03.txt,118.340,0.250,29.585,0,0.000,0.00,0.000,0.000,0.000
21,ec.gp.GPIndividual@56342090{-2078912240},3C_20_80-01.txt,4.194,0.250,1.049,1,1.297,123.67,1.297,1.297,1.297
21,ec.gp.GPIndividual@56342090{-2078912240},3C_20_80-02.txt,35.738,0.250,8.935,0,0.000,0.00,0.000,1.297,1.297
21,ec.gp.GPIndividual@56342090{-2078912240},3C_20_80-03.txt,169.439,0.250,42.360,0,0.000,0.00,0.000,1.297,1.297
21,ec.gp.GPIndividual@205427203{2125379526},3C_20_50-02.txt,61.404,0.250,15.351,1,0.500,3.26,0.500,0.500,0.500
21,ec.gp.GPIndividual@205427203{2125379526},3C_20_80-03.txt,169.439,0.250,42.360,2,1.656,3.91,0.828,1.156,0.500
21,ec.gp.GPIndividual@205427203{2125379526},3C_20_80-02.txt,35.738,0.250,8.935,4,9.813,109.83,2.453,4.750,0.500
21,ec.gp.GPIndividual@205427203{2125379526},3C_20_50-03.txt,30.993,0.250,7.748,4,5.344,68.97,1.336,4.750,0.500
21,ec.gp.GPIndividual@243502616{-1929035881},3C_20_50-02.txt,61.404,0.250,15.351,2,1.859,12.11,0.930,1.359,0.500
21,ec.gp.GPIndividual@243502616{-1929035881},3C_20_66-03.txt,118.340,0.250,29.585,3,3.813,12.89,1.271,2.594,0.000
21,ec.gp.GPIndividual@243502616{-1929035881},3C_20_80-02.txt,35.738,0.250,8.935,4,12.078,135.18,3.020,5.594,0.000
21,ec.gp.GPIndividual@1629957412{-1585372964},3C_20_50-02.txt,61.404,0.250,15.351,1,1.078,7.02,1.078,1.078,1.078
21,ec.gp.GPIndividual@1629957412{-1585372964},3C_20_80-03.txt,169.439,0.250,42.360,12,28.797,67.98,2.400,6.250,0.531
21,ec.gp.GPIndividual@1629957412{-1585372964},3C_20_66-01.txt,7.322,0.250,1.831,1,5.750,314.11,5.750,6.250,0.531
21,ec.gp.GPIndividual@1814959567{-219090040},3C_20_50-02.txt,61.404,0.250,15.351,9,13.875,90.38,1.542,3.344,0.344
21,ec.gp.GPIndividual@1814959567{-219090040},3C_20_66-02.txt,154.245,0.250,38.561,1,2.359,6.12,2.359,3.344,0.344
21,ec.gp.GPIndividual@1814959567{-219090040},3C_20_50-03.txt,30.993,0.250,7.748,2,5.328,68.77,2.664,3.563,0.344
21,ec.gp.GPIndividual@1814959567{-219090040},3C_20_80-01.txt,4.194,0.250,1.049,3,1.078,102.81,0.359,3.563,0.172
21,ec.gp.GPIndividual@1814959567{-219090040},3C_20_80-02.txt,35.738,0.250,8.935,2,5.156,57.71,2.578,5.156,0.000
21,ec.gp.GPIndividual@1814959567{-219090040},3C_20_80-03.txt,169.439,0.250,42.360,4,13.828,32.64,3.457,8.859,0.000
21,ec.gp.GPIndividual@1814959567{-219090040},3C_20_50-03.txt,30.993,0.250,7.748,4,7.234,93.37,1.809,8.859,0.000
21,ec.gp.GPIndividual@1814959567{-219090040},3C_20_80-03.txt,169.439,0.250,42.360,7,9.875,23.31,1.411,8.859,0.000
21,ec.gp.GPIndividual@1814959567{-219090040},3C_20_50-03.txt,30.993,0.250,7.748,3,9.609,124.02,3.203,8.859,0.000
21,ec.gp.GPIndividual@781788532{1483241028},3C_20_50-02.txt,61.404,0.250,15.351,4,10.016,65.24,2.504,4.469,0.516
21,ec.gp.GPIndividual@781788532{1483241028},3C_20_66-03.txt,118.340,0.250,29.585,4,15.313,51.76,3.828,6.172,0.516
21,ec.gp.GPIndividual@781788532{1483241028},3C_20_66-01.txt,7.322,0.250,1.831,1,2.531,138.28,2.531,6.172,0.516
21,ec.gp.GPIndividual@781788532{1483241028},3C_20_50-03.txt,30.993,0.250,7.748,4,6.953,89.74,1.738,6.172,0.516
21,ec.gp.GPIndividual@781788532{1483241028},3C_20_66-02.txt,154.245,0.250,38.561,5,17.234,44.69,3.447,6.875,0.000
21,ec.gp.GPIndividual@599522122{-948523830},3C_20_50-02.txt,61.404,0.250,15.351,0,0.000,0.00,0.000,0.000,0.000
21,ec.gp.GPIndividual@599522122{-948523830},3C_20_50-03.txt,30.993,0.250,7.748,0,0.000,0.00,0.000,0.000,0.000
21,ec.gp.GPIndividual@599522122{-948523830},3C_20_66-01.txt,7.322,0.250,1.831,0,0.000,0.00,0.000,0.000,0.000
21,ec.gp.GPIndividual@599522122{-948523830},3C_20_66-02.txt,154.245,0.250,38.561,0,0.000,0.00,0.000,0.000,0.000
21,ec.gp.GPIndividual@599522122{-948523830},3C_20_66-03.txt,118.340,0.250,29.585,0,0.000,0.00,0.000,0.000,0.000
21,ec.gp.GPIndividual@599522122{-948523830},3C_20_80-01.txt,4.194,0.250,1.049,0,0.000,0.00,0.000,0.000,0.000
21,ec.gp.GPIndividual@599522122{-948523830},3C_20_80-02.txt,35.738,0.250,8.935,0,0.000,0.00,0.000,0.000,0.000
21,ec.gp.GPIndividual@599522122{-948523830},3C_20_80-03.txt,169.439,0.250,42.360,0,0.000,0.00,0.000,0.000,0.000
21,ec.gp.GPIndividual@1383753685{234412490},3C_20_50-02.txt,61.404,0.250,15.351,1,0.000,0.00,0.000,0.000,0.000
21,ec.gp.GPIndividual@1383753685{234412490},3C_20_50-03.txt,30.993,0.250,7.748,1,0.000,0.00,0.000,0.000,0.000
21,ec.gp.GPIndividual@1383753685{234412490},3C_20_66-01.txt,7.322,0.250,1.831,1,0.000,0.00,0.000,0.000,0.000
21,ec.gp.GPIndividual@1383753685{234412490},3C_20_66-02.txt,154.245,0.250,38.561,1,0.000,0.00,0.000,0.000,0.000
21,ec.gp.GPIndividual@1383753685{234412490},3C_20_66-03.txt,118.340,0.250,29.585,1,0.000,0.00,0.000,0.000,0.000
21,ec.gp.GPIndividual@1383753685{234412490},3C_20_80-01.txt,4.194,0.250,1.049,1,0.000,0.00,0.000,0.000,0.000
21,ec.gp.GPIndividual@1383753685{234412490},3C_20_80-02.txt,35.738,0.250,8.935,1,0.000,0.00,0.000,0.000,0.000
21,ec.gp.GPIndividual@1383753685{234412490},3C_20_80-03.txt,169.439,0.250,42.360,1,0.000,0.00,0.000,0.000,0.000
21,ec.gp.GPIndividual@1120885130{453257056},3C_20_50-02.txt,61.404,0.250,15.351,1,0.219,1.42,0.219,0.219,0.219
21,ec.gp.GPIndividual@1120885130{453257056},3C_20_50-03.txt,30.993,0.250,7.748,2,1.547,19.96,0.773,1.000,0.219
21,ec.gp.GPIndividual@1120885130{453257056},3C_20_80-02.txt,35.738,0.250,8.935,1,2.313,25.88,2.313,2.313,0.219
21,ec.gp.GPIndividual@1120885130{453257056},3C_20_66-01.txt,7.322,0.250,1.831,2,4.594,250.95,2.297,3.281,0.219
21,ec.gp.GPIndividual@268812678{-93832253},3C_20_50-02.txt,61.404,0.250,15.351,0,0.000,0.00,0.000,0.000,0.000
21,ec.gp.GPIndividual@268812678{-93832253},3C_20_50-03.txt,30.993,0.250,7.748,0,0.000,0.00,0.000,0.000,0.000
21,ec.gp.GPIndividual@268812678{-93832253},3C_20_66-01.txt,7.322,0.250,1.831,0,0.000,0.00,0.000,0.000,0.000
21,ec.gp.GPIndividual@268812678{-93832253},3C_20_66-02.txt,154.245,0.250,38.561,0,0.000,0.00,0.000,0.000,0.000
21,ec.gp.GPIndividual@268812678{-93832253},3C_20_66-03.txt,118.340,0.250,29.585,0,0.000,0.00,0.000,0.000,0.000
21,ec.gp.GPIndividual@268812678{-93832253},3C_20_80-01.txt,4.194,0.250,1.049,0,0.000,0.00,0.000,0.000,0.000
21,ec.gp.GPIndividual@268812678{-93832253},3C_20_80-02.txt,35.738,0.250,8.935,0,0.000,0.00,0.000,0.000,0.000
21,ec.gp.GPIndividual@268812678{-93832253},3C_20_80-03.txt,169.439,0.250,42.360,0,0.000,0.00,0.000,0.000,0.000
21,ec.gp.GPIndividual@1053804588{1217471971},3C_20_50-02.txt,61.404,0.250,15.351,1,0.219,1.42,0.219,0.219,0.219
21,ec.gp.GPIndividual@1053804588{1217471971},3C_20_80-03.txt,169.439,0.250,42.360,1,0.516,1.22,0.516,0.516,0.219
21,ec.gp.GPIndividual@1053804588{1217471971},3C_20_66-02.txt,154.245,0.250,38.561,3,2.734,7.09,0.911,1.453,0.219
21,ec.gp.GPIndividual@1053804588{1217471971},3C_20_66-03.txt,118.340,0.250,29.585,4,10.094,34.12,2.523,3.688,0.219
21,ec.gp.GPIndividual@1053804588{1217471971},3C_20_80-01.txt,4.194,0.250,1.049,1,0.469,44.70,0.469,3.688,0.219
21,ec.gp.GPIndividual@1053804588{1217471971},3C_20_80-02.txt,35.738,0.250,8.935,1,1.234,13.82,1.234,3.688,0.219
21,ec.gp.GPIndividual@1053804588{1217471971},3C_20_80-03.txt,169.439,0.250,42.360,1,3.484,8.23,3.484,3.688,0.219
21,ec.gp.GPIndividual@1219132842{353231141},3C_20_50-02.txt,61.404,0.250,15.351,3,16.813,109.52,5.604,15.594,0.219
21,ec.gp.GPIndividual@2100339809{-1732282309},3C_20_50-02.txt,61.404,0.250,15.351,0,0.000,0.00,0.000,0.000,0.000
21,ec.gp.GPIndividual@2100339809{-1732282309},3C_20_50-03.txt,30.993,0.250,7.748,0,0.000,0.00,0.000,0.000,0.000
21,ec.gp.GPIndividual@2100339809{-1732282309},3C_20_66-01.txt,7.322,0.250,1.831,0,0.000,0.00,0.000,0.000,0.000
21,ec.gp.GPIndividual@2100339809{-1732282309},3C_20_66-02.txt,154.245,0.250,38.561,0,0.000,0.00,0.000,0.000,0.000
21,ec.gp.GPIndividual@2100339809{-1732282309},3C_20_66-03.txt,118.340,0.250,29.585,0,0.000,0.00,0.000,0.000,0.000
21,ec.gp.GPIndividual@2100339809{-1732282309},3C_20_80-01.txt,4.194,0.250,1.049,0,0.000,0.00,0.000,0.000,0.000
21,ec.gp.GPIndividual@2100339809{-1732282309},3C_20_80-02.txt,35.738,0.250,8.935,0,0.000,0.00,0.000,0.000,0.000
21,ec.gp.GPIndividual@2100339809{-1732282309},3C_20_80-03.txt,169.439,0.250,42.360,0,0.000,0.00,0.000,0.000,0.000
21,ec.gp.GPIndividual@766134144{2005310122},3C_20_50-02.txt,61.404,0.250,15.351,1,0.219,1.42,0.219,0.219,0.219
21,ec.gp.GPIndividual@766134144{2005310122},3C_20_50-03.txt,30.993,0.250,7.748,2,11.375,146.81,5.688,10.047,0.219
21,ec.gp.GPIndividual@1740815674{781213232},3C_20_50-02.txt,61.404,0.250,15.351,7,11.484,74.81,1.641,4.156,0.156
21,ec.gp.GPIndividual@1740815674{781213232},3C_20_66-01.txt,7.322,0.250,1.831,2,6.484,354.23,3.242,6.047,0.156
21,ec.gp.GPIndividual@1740815674{781213232},3C_20_66-03.txt,118.340,0.250,29.585,1,0.641,2.17,0.641,6.047,0.156
21,ec.gp.GPIndividual@1740815674{781213232},3C_20_66-02.txt,154.245,0.250,38.561,1,3.281,8.51,3.281,6.047,0.156
21,ec.gp.GPIndividual@1740815674{781213232},3C_20_50-03.txt,30.993,0.250,7.748,6,7.156,92.36,1.193,6.047,0.156
21,ec.gp.GPIndividual@1740815674{781213232},3C_20_80-01.txt,4.194,0.250,1.049,2,0.859,81.95,0.430,6.047,0.141
21,ec.gp.GPIndividual@1740815674{781213232},3C_20_66-03.txt,118.340,0.250,29.585,12,18.391,62.16,1.533,6.047,0.141
21,ec.gp.GPIndividual@1740815674{781213232},3C_20_66-01.txt,7.322,0.250,1.831,3,1.422,77.67,0.474,6.047,0.141
21,ec.gp.GPIndividual@1740815674{781213232},3C_20_66-02.txt,154.245,0.250,38.561,2,7.844,20.34,3.922,6.750,0.141
21,ec.gp.GPIndividual@1740815674{781213232},3C_20_80-01.txt,4.194,0.250,1.049,2,0.781,74.50,0.391,6.750,0.141
21,ec.gp.GPIndividual@1740815674{781213232},3C_20_66-03.txt,118.340,0.250,29.585,2,6.547,22.13,3.273,6.750,0.141
21,ec.gp.GPIndividual@1740815674{781213232},3C_20_80-02.txt,35.738,0.250,8.935,11,9.172,102.66,0.834,6.750,0.141
21,ec.gp.GPIndividual@1740815674{781213232},3C_20_80-03.txt,169.439,0.250,42.360,0,0.000,0.00,0.000,6.750,0.141
21,ec.gp.GPIndividual@1740815674{781213232},3C_20_80-02.txt,35.738,0.250,8.935,7,9.719,108.78,1.388,6.750,0.141
21,ec.gp.GPIndividual@1740815674{781213232},3C_20_80-01.txt,4.194,0.250,1.049,2,1.000,95.36,0.500,6.750,0.141
21,ec.gp.GPIndividual@1740815674{781213232},3C_20_80-03.txt,169.439,0.250,42.360,2,1.625,3.84,0.813,6.750,0.141
21,ec.gp.GPIndividual@9930291{-683739713},3C_20_50-02.txt,61.404,0.250,15.351,7,12.297,80.10,1.757,5.766,0.031
21,ec.gp.GPIndividual@9930291{-683739713},3C_20_50-03.txt,30.993,0.250,7.748,5,5.969,77.03,1.194,5.766,0.031
21,ec.gp.GPIndividual@9930291{-683739713},3C_20_66-01.txt,7.322,0.250,1.831,9,1.719,93.89,0.191,5.766,0.000
21,ec.gp.GPIndividual@9930291{-683739713},3C_20_66-02.txt,154.245,0.250,38.561,11,34.953,90.64,3.178,10.875,0.000
21,ec.gp.GPIndividual@9930291{-683739713},3C_20_66-03.txt,118.340,0.250,29.585,7,26.250,88.73,3.750,10.875,0.000
21,ec.gp.GPIndividual@9930291{-683739713},3C_20_80-01.txt,4.194,0.250,1.049,5,0.922,87.91,0.184,10.875,0.000
21,ec.gp.GPIndividual@9930291{-683739713},3C_20_80-02.txt,35.738,0.250,8.935,7,6.141,68.73,0.877,10.875,0.000
21,ec.gp.GPIndividual@9930291{-683739713},3C_20_80-03.txt,169.439,0.250,42.360,3,27.438,64.77,9.146,16.656,0.000
22,ec.gp.GPIndividual@2021403116{-435071813},3C_20_50-02.txt,61.404,0.250,15.351,0,0.000,0.00,0.000,0.000,0.000
22,ec.gp.GPIndividual@2021403116{-435071813},3C_20_50-03.txt,30.993,0.250,7.748,0,0.000,0.00,0.000,0.000,0.000
22,ec.gp.GPIndividual@2021403116{-435071813},3C_20_50-03.txt,30.993,0.250,7.748,0,0.000,0.00,0.000,0.000,0.000
22,ec.gp.GPIndividual@2021403116{-435071813},3C_20_66-01.txt,7.322,0.250,1.831,0,0.000,0.00,0.000,0.000,0.000
22,ec.gp.GPIndividual@2021403116{-435071813},3C_20_66-01.txt,7.322,0.250,1.831,0,0.000,0.00,0.000,0.000,0.000
22,ec.gp.GPIndividual@2021403116{-435071813},3C_20_66-01.txt,7.322,0.250,1.831,0,0.000,0.00,0.000,0.000,0.000
22,ec.gp.GPIndividual@2021403116{-435071813},3C_20_66-02.txt,154.245,0.250,38.561,0,0.000,0.00,0.000,0.000,0.000
22,ec.gp.GPIndividual@2021403116{-435071813},3C_20_66-02.txt,154.245,0.250,38.561,0,0.000,0.00,0.000,0.000,0.000
22,ec.gp.GPIndividual@2021403116{-435071813},3C_20_66-03.txt,118.340,0.250,29.585,0,0.000,0.00,0.000,0.000,0.000
22,ec.gp.GPIndividual@2021403116{-435071813},3C_20_66-03.txt,118.340,0.250,29.585,0,0.000,0.00,0.000,0.000,0.000
22,ec.gp.GPIndividual@2021403116{-435071813},3C_20_80-01.txt,4.194,0.250,1.049,0,0.000,0.00,0.000,0.000,0.000
22,ec.gp.GPIndividual@2021403116{-435071813},3C_20_80-01.txt,4.194,0.250,1.049,0,0.000,0.00,0.000,0.000,0.000
22,ec.gp.GPIndividual@2021403116{-435071813},3C_20_80-02.txt,35.738,0.250,8.935,0,0.000,0.00,0.000,0.000,0.000
22,ec.gp.GPIndividual@2021403116{-435071813},3C_20_80-02.txt,35.738,0.250,8.935,0,0.000,0.00,0.000,0.000,0.000
22,ec.gp.GPIndividual@2021403116{-435071813},3C_20_80-03.txt,169.439,0.250,42.360,0,0.000,0.00,0.000,0.000,0.000
22,ec.gp.GPIndividual@2021403116{-435071813},3C_20_80-03.txt,169.439,0.250,42.360,0,0.000,0.00,0.000,0.000,0.000
22,ec.gp.GPIndividual@1947944742{-168218376},3C_20_50-02.txt,61.404,0.250,15.351,13,13.719,89.37,1.055,1.984,0.281
22,ec.gp.GPIndividual@1947944742{-168218376},3C_20_50-03.txt,30.993,0.250,7.748,5,9.531,123.01,1.906,2.453,0.281
22,ec.gp.GPIndividual@1947944742{-168218376},3C_20_50-03.txt,30.993,0.250,7.748,1,0.313,4.03,0.313,2.453,0.281
22,ec.gp.GPIndividual@1947944742{-168218376},3C_20_50-03.txt,30.993,0.250,7.748,2,3.656,47.19,1.828,2.469,0.281
22,ec.gp.GPIndividual@1947944742{-168218376},3C_20_50-03.txt,30.993,0.250,7.748,3,5.594,72.19,1.865,3.359,0.000
22,ec.gp.GPIndividual@1947944742{-168218376},3C_20_50-03.txt,30.993,0.250,7.748,3,8.125,104.86,2.708,3.359,0.000
22,ec.gp.GPIndividual@1947944742{-168218376},3C_20_66-01.txt,7.322,0.250,1.831,1,2.641,144.25,2.641,3.359,0.000
22,ec.gp.GPIndividual@1947944742{-168218376},3C_20_50-03.txt,30.993,0.250,7.748,4,8.453,109.10,2.113,3.359,0.000
22,ec.gp.GPIndividual@1947944742{-168218376},3C_20_66-01.txt,7.322,0.250,1.831,2,2.063,112.67,1.031,3.359,0.000
22,ec.gp.GPIndividual@1947944742{-168218376},3C_20_66-01.txt,7.322,0.250,1.831,2,2.750,150.23,1.375,3.359,0.000
22,ec.gp.GPIndividual@1947944742{-168218376},3C_20_66-02.txt,154.245,0.250,38.561,5,5.031,13.05,1.006,3.359,0.000
22,ec.gp.GPIndividual@1947944742{-168218376},3C_20_66-01.txt,7.322,0.250,1.831,1,3.125,170.71,3.125,3.359,0.000
22,ec.gp.GPIndividual@1947944742{-168218376},3C_20_66-01.txt,7.322,0.250,1.831,3,2.219,121.21,0.740,3.359,0.000
22,ec.gp.GPIndividual@1947944742{-168218376},3C_20_66-02.txt,154.245,0.250,38.561,11,18.375,47.65,1.670,3.391,0.000
22,ec.gp.GPIndividual@1947944742{-168218376},3C_20_66-02.txt,154.245,0.250,38.561,16,35.000,90.76,2.188,11.359,0.000
22,ec.gp.GPIndividual@1947944742{-168218376},3C_20_66-01.txt,7.322,0.250,1.831,5,1.969,107.55,0.394,11.359,0.000
22,ec.gp.GPIndividual@1947944742{-168218376},3C_20_66-02.txt,154.245,0.250,38.561,1,7.297,18.92,7.297,11.359,0.000
22,ec.gp.GPIndividual@1947944742{-168218376},3C_20_66-03.txt,118.340,0.250,29.585,2,20.234,68.39,10.117,11.359,0.000
22,ec.gp.GPIndividual@1947944742{-168218376},3C_20_66-03.txt,118.340,0.250,29.585,3,22.656,76.58,7.552,14.078,0.000
22,ec.gp.GPIndividual@1947944742{-168218376},3C_20_66-03.txt,118.340,0.250,29.585,1,1.438,4.86,1.438,14.078,0.000
22,ec.gp.GPIndividual@1947944742{-168218376},3C_20_66-03.txt,118.340,0.250,29.585,3,17.500,59.15,5.833,14.078,0.000
22,ec.gp.GPIndividual@1947944742{-168218376},3C_20_66-02.txt,154.245,0.250,38.561,1,7.781,20.18,7.781,14.078,0.000
22,ec.gp.GPIndividual@1947944742{-168218376},3C_20_66-02.txt,154.245,0.250,38.561,2,12.766,33.10,6.383,14.078,0.000
22,ec.gp.GPIndividual@1947944742{-168218376},3C_20_80-01.txt,4.194,0.250,1.049,1,2.703,257.78,2.703,14.078,0.000
22,ec.gp.GPIndividual@1947944742{-168218376},3C_20_66-03.txt,118.340,0.250,29.585,5,10.641,35.97,2.128,14.078,0.000
22,ec.gp.GPIndividual@1947944742{-168218376},3C_20_80-02.txt,35.738,0.250,8.935,4,8.563,95.84,2.141,14.078,0.000
22,ec.gp.GPIndividual@1947944742{-168218376},3C_20_80-03.txt,169.439,0.250,42.360,1,2.234,5.27,2.234,14.078,0.000
22,ec.gp.GPIndividual@1947944742{-168218376},3C_20_80-01.txt,4.194,0.250,1.049,2,1.750,166.89,0.875,14.078,0.000
22,ec.gp.GPIndividual@1947944742{-168218376},3C_20_66-03.txt,118.340,0.250,29.585,3,8.750,29.58,2.917,14.078,0.000
22,ec.gp.GPIndividual@1947944742{-168218376},3C_20_80-02.txt,35.738,0.250,8.935,2,12.578,140.78,6.289,14.078,0.000
22,ec.gp.GPIndividual@1947944742{-168218376},3C_20_80-01.txt,4.194,0.250,1.049,1,2.156,205.63,2.156,14.078,0.000
22,ec.gp.GPIndividual@1947944742{-168218376},3C_20_80-03.txt,169.439,0.250,42.360,2,6.891,16.27,3.445,14.078,0.000
22,ec.gp.GPIndividual@1349258639{-958225006},3C_20_50-02.txt,61.404,0.250,15.351,2,10.938,71.25,5.469,10.406,0.531
22,ec.gp.GPIndividual@1349258639{-958225006},3C_20_80-01.txt,4.194,0.250,1.049,1,5.859,558.77,5.859,10.406,0.531
22,ec.gp.GPIndividual@1349258639{-958225006},3C_20_80-01.txt,4.194,0.250,1.049,2,1.438,137.08,0.719,10.406,0.469
22,ec.gp.GPIndividual@1349258639{-958225006},3C_20_80-02.txt,35.738,0.250,8.935,1,0.156,1.75,0.156,10.406,0.156
22,ec.gp.GPIndividual@1349258639{-958225006},3C_20_80-02.txt,35.738,0.250,8.935,2,2.766,30.95,1.383,10.406,0.156
22,ec.gp.GPIndividual@1349258639{-958225006},3C_20_80-01.txt,4.194,0.250,1.049,2,2.203,210.10,1.102,10.406,0.156
22,ec.gp.GPIndividual@1349258639{-958225006},3C_20_50-03.txt,30.993,0.250,7.748,6,8.156,105.27,1.359,10.406,0.156
22,ec.gp.GPIndividual@1349258639{-958225006},3C_20_80-02.txt,35.738,0.250,8.935,3,2.781,31.13,0.927,10.406,0.156
22,ec.gp.GPIndividual@1349258639{-958225006},3C_20_80-02.txt,35.738,0.250,8.935,0,0.000,0.00,0.000,10.406,0.156
22,ec.gp.GPIndividual@1349258639{-958225006},3C_20_80-03.txt,169.439,0.250,42.360,18,43.516,102.73,2.418,10.406,0.156
22,ec.gp.GPIndividual@1505309008{780106865},3C_20_50-02.txt,61.404,0.250,15.351,1,0.719,4.68,0.719,0.719,0.719
22,ec.gp.GPIndividual@1505309008{780106865},3C_20_80-03.txt,169.439,0.250,42.360,1,1.609,3.80,1.609,1.609,0.719
22,ec.gp.GPIndividual@1505309008{780106865},3C_20_80-03.txt,169.439,0.250,42.360,4,16.391,38.69,4.098,8.125,0.484
22,ec.gp.GPIndividual@1505309008{780106865},3C_20_80-03.txt,169.439,0.250,42.360,2,15.828,37.37,7.914,12.891,0.484
22,ec.gp.GPIndividual@143037252{1136494379},3C_20_50-02.txt,61.404,0.250,15.351,4,13.734,89.47,3.434,6.156,0.516
22,ec.gp.GPIndividual@1267274157{350864557},3C_20_50-02.txt,61.404,0.250,15.351,4,13.000,84.68,3.250,7.422,0.531
22,ec.gp.GPIndividual@1267274157{350864557},3C_20_66-01.txt,7.322,0.250,1.831,1,3.609,197.17,3.609,7.422,0.531
22,ec.gp.GPIndividual@1490706728{10803856},3C_20_50-02.txt,61.404,0.250,15.351,5,12.141,79.09,2.428,6.234,0.594
22,ec.gp.GPIndividual@1490706728{10803856},3C_20_50-03.txt,30.993,0.250,7.748,3,6.500,83.89,2.167,6.234,0.594
22,ec.gp.GPIndividual@1490706728{10803856},3C_20_50-03.txt,30.993,0.250,7.748,3,6.875,88.73,2.292,6.234,0.594
22,ec.gp.GPIndividual@118880036{-734511292},3C_20_50-02.txt,61.404,0.250,15.351,2,3.688,24.02,1.844,3.156,0.531
22,ec.gp.GPIndividual@118880036{-734511292},3C_20_66-01.txt,7.322,0.250,1.831,1,2.094,114.38,2.094,3.156,0.531
22,ec.gp.GPIndividual@118880036{-734511292},3C_20_50-03.txt,30.993,0.250,7.748,1,1.547,19.96,1.547,3.156,0.531
22,ec.gp.GPIndividual@118880036{-734511292},3C_20_66-02.txt,154.245,0.250,38.561,1,0.859,2.23,0.859,3.156,0.531
22,ec.gp.GPIndividual@118880036{-734511292},3C_20_66-02.txt,154.245,0.250,38.561,6,15.375,39.87,2.563,3.266,0.531
22,ec.gp.GPIndividual@118880036{-734511292},3C_20_66-03.txt,118.340,0.250,29.585,10,29.063,98.23,2.906,6.016,0.531
22,ec.gp.GPIndividual@118880036{-734511292},3C_20_80-01.txt,4.194,0.250,1.049,1,0.516,49.17,0.516,6.016,0.516
22,ec.gp.GPIndividual@118880036{-734511292},3C_20_80-02.txt,35.738,0.250,8.935,2,6.703,75.02,3.352,6.016,0.516
22,ec.gp.GPIndividual@118880036{-734511292},3C_20_66-03.txt,118.340,0.250,29.585,1,2.016,6.81,2.016,6.016,0.516
22,ec.gp.GPIndividual@118880036{-734511292},3C_20_80-03.txt,169.439,0.250,42.360,1,5.766,13.61,5.766,6.016,0.516
22,ec.gp.GPIndividual@118880036{-734511292},3C_20_50-03.txt,30.993,0.250,7.748,3,7.359,94.98,2.453,6.828,0.000
22,ec.gp.GPIndividual@118880036{-734511292},3C_20_66-01.txt,7.322,0.250,1.831,1,2.078,113.52,2.078,6.828,0.000
22,ec.gp.GPIndividual@118880036{-734511292},3C_20_66-01.txt,7.322,0.250,1.831,3,12.547,685.42,4.182,10.797,0.000
22,ec.gp.GPIndividual@118880036{-734511292},3C_20_50-03.txt,30.993,0.250,7.748,6,7.031,90.75,1.172,10.797,0.000
22,ec.gp.GPIndividual@118880036{-734511292},3C_20_66-02.txt,154.245,0.250,38.561,1,1.234,3.20,1.234,10.797,0.000
22,ec.gp.GPIndividual@118880036{-734511292},3C_20_66-02.txt,154.245,0.250,38.561,4,16.734,43.40,4.184,10.797,0.000
22,ec.gp.GPIndividual@1552423335{1435788439},3C_20_50-02.txt,61.404,0.250,15.351,8,18.188,118.48,2.273,4.453,0.531
22,ec.gp.GPIndividual@1552423335{1435788439},3C_20_66-01.txt,7.322,0.250,1.831,2,6.031,329.48,3.016,4.453,0.531
22,ec.gp.GPIndividual@1552423335{1435788439},3C_20_66-01.txt,7.322,0.250,1.831,1,0.297,16.22,0.297,4.453,0.297
22,ec.gp.GPIndividual@1552423335{1435788439},3C_20_66-03.txt,118.340,0.250,29.585,1,0.797,2.69,0.797,4.453,0.297
22,ec.gp.GPIndividual@1552423335{1435788439},3C_20_80-01.txt,4.194,0.250,1.049,2,2.281,217.55,1.141,4.453,0.297
22,ec.gp.GPIndividual@1552423335{1435788439},3C_20_66-03.txt,118.340,0.250,29.585,5,5.031,17.01,1.006,4.453,0.125
22,ec.gp.GPIndividual@1552423335{1435788439},3C_20_66-02.txt,154.245,0.250,38.561,16,41.781,108.35,2.611,6.188,0.125
22,ec.gp.GPIndividual@1552423335{1435788439},3C_20_80-01.txt,4.194,0.250,1.049,1,0.328,31.29,0.328,6.188,0.125
22,ec.gp.GPIndividual@1552423335{1435788439},3C_20_80-01.txt,4.194,0.250,1.049,1,1.609,153.48,1.609,6.188,0.125
22,ec.gp.GPIndividual@1552423335{1435788439},3C_20_66-03.txt,118.340,0.250,29.585,3,3.422,11.57,1.141,6.188,0.125
22,ec.gp.GPIndividual@1552423335{1435788439},3C_20_80-02.txt,35.738,0.250,8.935,6,8.375,93.74,1.396,6.188,0.125
22,ec.gp.GPIndividual@1552423335{1435788439},3C_20_80-02.txt,35.738,0.250,8.935,1,1.234,13.82,1.234,6.188,0.125
22,ec.gp.GPIndividual@1552423335{1435788439},3C_20_80-02.txt,35.738,0.250,8.935,2,12.000,134.31,6.000,10.766,0.125
22,ec.gp.GPIndividual@1552423335{1435788439},3C_20_66-02.txt,154.245,0.250,38.561,5,25.500,66.13,5.100,13.406,0.125
22,ec.gp.GPIndividual@1552423335{1435788439},3C_20_50-03.txt,30.993,0.250,7.748,5,7.297,94.18,1.459,13.406,0.125
22,ec.gp.GPIndividual@1552423335{1435788439},3C_20_80-03.txt,169.439,0.250,42.360,8,15.547,36.70,1.943,13.406,0.125
22,ec.gp.GPIndividual@1552423335{1435788439},3C_20_66-03.txt,118.340,0.250,29.585,5,26.500,89.57,5.300,13.406,0.125
22,ec.gp.GPIndividual@1627529444{-1929035881},3C_20_50-02.txt,61.404,0.250,15.351,3,22.781,148.40,7.594,12.641,0.484
22,ec.gp.GPIndividual@1627529444{-1929035881},3C_20_80-01.txt,4.194,0.250,1.049,3,1.063,101.32,0.354,12.641,0.172
22,ec.gp.GPIndividual@1627529444{-1929035881},3C_20_80-02.txt,35.738,0.250,8.935,2,12.969,145.15,6.484,12.641,0.172
22,ec.gp.GPIndividual@1627529444{-1929035881},3C_20_80-03.txt,169.439,0.250,42.360,1,2.297,5.42,2.297,12.641,0.172
22,ec.gp.GPIndividual@1627529444{-1929035881},3C_20_80-01.txt,4.194,0.250,1.049,2,15.719,1498.99,7.859,15.234,0.172
22,ec.gp.GPIndividual@1627529444{-1929035881},3C_20_80-03.txt,169.439,0.250,42.360,1,0.328,0.77,0.328,15.234,0.172
22,ec.gp.GPIndividual@1627529444{-1929035881},3C_20_80-02.txt,35.738,0.250,8.935,2,6.141,68.73,3.070,15.234,0.172
22,ec.gp.GPIndividual@1627529444{-1929035881},3C_20_66-01.txt,7.322,0.250,1.831,1,2.391,130.60,2.391,15.234,0.172
22,ec.gp.GPIndividual@1627529444{-1929035881},3C_20_50-03.txt,30.993,0.250,7.748,6,7.609,98.21,1.268,15.234,0.172
22,ec.gp.GPIndividual@1627529444{-1929035881},3C_20_66-02.txt,154.245,0.250,38.561,2,2.281,5.92,1.141,15.234,0.172
22,ec.gp.GPIndividual@1627529444{-1929035881},3C_20_80-03.txt,169.439,0.250,42.360,13,41.359,97.64,3.181,15.234,0.172
22,ec.gp.GPIndividual@197607000{1295570354},3C_20_50-02.txt,61.404,0.250,15.351,1,0.000,0.00,0.000,0.000,0.000
22,ec.gp.GPIndividual@197607000{1295570354},3C_20_50-03.txt,30.993,0.250,7.748,1,0.000,0.00,0.000,0.000,0.000
22,ec.gp.GPIndividual@197607000{1295570354},3C_20_66-01.txt,7.322,0.250,1.831,1,0.000,0.00,0.000,0.000,0.000
22,ec.gp.GPIndividual@197607000{1295570354},3C_20_66-02.txt,154.245,0.250,38.561,1,0.000,0.00,0.000,0.000,0.000
22,ec.gp.GPIndividual@197607000{1295570354},3C_20_66-03.txt,118.340,0.250,29.585,1,0.000,0.00,0.000,0.000,0.000
22,ec.gp.GPIndividual@197607000{1295570354},3C_20_80-01.txt,4.194,0.250,1.049,1,0.000,0.00,0.000,0.000,0.000
22,ec.gp.GPIndividual@197607000{1295570354},3C_20_80-02.txt,35.738,0.250,8.935,1,0.000,0.00,0.000,0.000,0.000
22,ec.gp.GPIndividual@197607000{1295570354},3C_20_80-03.txt,169.439,0.250,42.360,1,0.000,0.00,0.000,0.000,0.000
22,ec.gp.GPIndividual@1914928404{-726424856},3C_20_50-02.txt,61.404,0.250,15.351,2,2.344,15.27,1.172,1.813,0.531
22,ec.gp.GPIndividual@1914928404{-726424856},3C_20_66-03.txt,118.340,0.250,29.585,2,14.250,48.17,7.125,8.578,0.531
22,ec.gp.GPIndividual@1914928404{-726424856},3C_20_80-03.txt,169.439,0.250,42.360,2,12.328,29.10,6.164,10.359,0.531
22,ec.gp.GPIndividual@2089394794{-42001785},3C_20_50-02.txt,61.404,0.250,15.351,2,13.156,85.70,6.578,12.781,0.375
22,ec.gp.GPIndividual@163780942{-117361038},3C_20_50-02.txt,61.404,0.250,15.351,0,0.000,0.00,0.000,0.000,0.000
22,ec.gp.GPIndividual@163780942{-117361038},3C_20_50-03.txt,30.993,0.250,7.748,0,0.000,0.00,0.000,0.000,0.000
22,ec.gp.GPIndividual@163780942{-117361038},3C_20_66-01.txt,7.322,0.250,1.831,0,0.000,0.00,0.000,0.000,0.000
22,ec.gp.GPIndividual@163780942{-117361038},3C_20_66-02.txt,154.245,0.250,38.561,0,0.000,0.00,0.000,0.000,0.000
22,ec.gp.GPIndividual@163780942{-117361038},3C_20_66-03.txt,118.340,0.250,29.585,0,0.000,0.00,0.000,0.000,0.000
22,ec.gp.GPIndividual@163780942{-117361038},3C_20_80-01.txt,4.194,0.250,1.049,0,0.000,0.00,0.000,0.000,0.000
22,ec.gp.GPIndividual@163780942{-117361038},3C_20_80-02.txt,35.738,0.250,8.935,0,0.000,0.00,0.000,0.000,0.000
22,ec.gp.GPIndividual@163780942{-117361038},3C_20_80-03.txt,169.439,0.250,42.360,0,0.000,0.00,0.000,0.000,0.000
22,ec.gp.GPIndividual@1853392514{-80441495},3C_20_50-02.txt,61.404,0.250,15.351,6,15.672,102.09,2.612,6.156,0.500
22,ec.gp.GPIndividual@1853392514{-80441495},3C_20_50-03.txt,30.993,0.250,7.748,3,10.359,133.70,3.453,6.266,0.500
22,ec.gp.GPIndividual@1967956369{-775312012},3C_20_50-02.txt,61.404,0.250,15.351,1,1.734,11.30,1.734,1.734,1.734
22,ec.gp.GPIndividual@1967956369{-775312012},3C_20_80-01.txt,4.194,0.250,1.049,1,7.500,715.22,7.500,7.500,1.734
22,ec.gp.GPIndividual@1967956369{-775312012},3C_20_66-01.txt,7.322,0.250,1.831,5,3.031,165.59,0.606,7.500,0.453
22,ec.gp.GPIndividual@1967956369{-775312012},3C_20_80-02.txt,35.738,0.250,8.935,2,1.625,18.19,0.813,7.500,0.141
22,ec.gp.GPIndividual@1967956369{-775312012},3C_20_50-03.txt,30.993,0.250,7.748,4,8.516,109.91,2.129,7.500,0.141
22,ec.gp.GPIndividual@1967956369{-775312012},3C_20_50-03.txt,30.993,0.250,7.748,1,0.547,7.06,0.547,7.500,0.141
22,ec.gp.GPIndividual@1967956369{-775312012},3C_20_66-02.txt,154.245,0.250,38.561,17,40.891,106.04,2.405,7.500,0.141
22,ec.gp.GPIndividual@1967956369{-775312012},3C_20_66-01.txt,7.322,0.250,1.831,1,1.594,87.06,1.594,7.500,0.141
22,ec.gp.GPIndividual@1967956369{-775312012},3C_20_80-03.txt,169.439,0.250,42.360,1,0.859,2.03,0.859,7.500,0.141
22,ec.gp.GPIndividual@1967956369{-775312012},3C_20_66-03.txt,118.340,0.250,29.585,4,9.578,32.38,2.395,7.500,0.141
22,ec.gp.GPIndividual@1967956369{-775312012},3C_20_66-01.txt,7.322,0.250,1.831,2,2.359,128.89,1.180,7.500,0.141
22,ec.gp.GPIndividual@1967956369{-775312012},3C_20_66-02.txt,154.245,0.250,38.561,5,13.656,35.41,2.731,7.641,0.141
22,ec.gp.GPIndividual@1967956369{-775312012},3C_20_66-02.txt,154.245,0.250,38.561,14,38.297,99.31,2.735,7.641,0.141
22,ec.gp.GPIndividual@1967956369{-775312012},3C_20_66-03.txt,118.340,0.250,29.585,1,3.953,13.36,3.953,7.641,0.141
22,ec.gp.GPIndividual@1967956369{-775312012},3C_20_80-01.txt,4.194,0.250,1.049,2,1.547,147.52,0.773,7.641,0.141
22,ec.gp.GPIndividual@1967956369{-775312012},3C_20_66-03.txt,118.340,0.250,29.585,1,7.172,24.24,7.172,7.641,0.141
22,ec.gp.GPIndividual@1967956369{-775312012},3C_20_66-01.txt,7.322,0.250,1.831,1,12.250,669.20,12.250,12.250,0.141
22,ec.gp.GPIndividual@1967956369{-775312012},3C_20_50-03.txt,30.993,0.250,7.748,4,13.484,174.03,3.371,12.250,0.141
22,ec.gp.GPIndividual@1323941728{468377407},3C_20_50-02.txt,61.404,0.250,15.351,1,1.375,8.96,1.375,1.375,1.375
22,ec.gp.GPIndividual@1323941728{468377407},3C_20_80-02.txt,35.738,0.250,8.935,5,9.000,100.73,1.800,3.156,0.500
22,ec.gp.GPIndividual@1323941728{468377407},3C_20_80-03.txt,169.439,0.250,42.360,8,19.906,46.99,2.488,6.125,0.359
22,ec.gp.GPIndividual@1323941728{468377407},3C_20_50-03.txt,30.993,0.250,7.748,3,7.313,94.38,2.438,6.125,0.344
22,ec.gp.GPIndividual@1323941728{468377407},3C_20_80-01.txt,4.194,0.250,1.049,1,4.250,405.29,4.250,6.125,0.344
22,ec.gp.GPIndividual@1323941728{468377407},3C_20_66-01.txt,7.322,0.250,1.831,2,6.188,338.01,3.094,6.125,0.344
22,ec.gp.GPIndividual@2061387331{-997502596},3C_20_50-02.txt,61.404,0.250,15.351,9,12.766,83.16,1.418,3.281,0.500
22,ec.gp.GPIndividual@2061387331{-997502596},3C_20_80-02.txt,35.738,0.250,8.935,7,9.063,101.43,1.295,3.375,0.156
22,ec.gp.GPIndividual@2061387331{-997502596},3C_20_66-02.txt,154.245,0.250,38.561,2,0.859,2.23,0.430,3.375,0.000
22,ec.gp.GPIndividual@2061387331{-997502596},3C_20_66-01.txt,7.322,0.250,1.831,1,9.688,529.21,9.688,9.688,0.000
22,ec.gp.GPIndividual@2061387331{-997502596},3C_20_66-02.txt,154.245,0.250,38.561,2,7.781,20.18,3.891,9.688,0.000
22,ec.gp.GPIndividual@2061387331{-997502596},3C_20_80-01.txt,4.194,0.250,1.049,2,2.672,254.80,1.336,9.688,0.000
22,ec.gp.GPIndividual@2061387331{-997502596},3C_20_50-03.txt,30.993,0.250,7.748,5,4.250,54.85,0.850,9.688,0.000
22,ec.gp.GPIndividual@2061387331{-997502596},3C_20_80-02.txt,35.738,0.250,8.935,5,8.484,94.96,1.697,9.688,0.000
22,ec.gp.GPIndividual@2061387331{-997502596},3C_20_66-02.txt,154.245,0.250,38.561,4,6.938,17.99,1.734,9.688,0.000
22,ec.gp.GPIndividual@2061387331{-997502596},3C_20_80-03.txt,169.439,0.250,42.360,20,44.766,105.68,2.238,9.688,0.000
22,ec.gp.GPIndividual@853854792{306056567},3C_20_50-02.txt,61.404,0.250,15.351,0,0.000,0.00,0.000,0.000,0.000
22,ec.gp.GPIndividual@853854792{306056567},3C_20_50-03.txt,30.993,0.250,7.748,0,0.000,0.00,0.000,0.000,0.000
22,ec.gp.GPIndividual@853854792{306056567},3C_20_66-01.txt,7.322,0.250,1.831,0,0.000,0.00,0.000,0.000,0.000
22,ec.gp.GPIndividual@853854792{306056567},3C_20_66-02.txt,154.245,0.250,38.561,0,0.000,0.00,0.000,0.000,0.000
22,ec.gp.GPIndividual@853854792{306056567},3C_20_66-03.txt,118.340,0.250,29.585,0,0.000,0.00,0.000,0.000,0.000
22,ec.gp.GPIndividual@853854792{306056567},3C_20_80-01.txt,4.194,0.250,1.049,0,0.000,0.00,0.000,0.000,0.000
22,ec.gp.GPIndividual@853854792{306056567},3C_20_80-02.txt,35.738,0.250,8.935,0,0.000,0.00,0.000,0.000,0.000
22,ec.gp.GPIndividual@853854792{306056567},3C_20_80-03.txt,169.439,0.250,42.360,0,0.000,0.00,0.000,0.000,0.000
22,ec.gp.GPIndividual@774506356{-495833127},3C_20_50-02.txt,61.404,0.250,15.351,1,2.391,15.57,2.391,2.391,2.391
22,ec.gp.GPIndividual@774506356{-495833127},3C_20_66-03.txt,118.340,0.250,29.585,1,0.875,2.96,0.875,2.391,0.875
22,ec.gp.GPIndividual@774506356{-495833127},3C_20_80-03.txt,169.439,0.250,42.360,3,16.031,37.85,5.344,8.141,0.516
22,ec.gp.GPIndividual@774506356{-495833127},3C_20_66-03.txt,118.340,0.250,29.585,7,35.250,119.15,5.036,8.672,0.516
22,ec.gp.GPIndividual@774506356{-495833127},3C_20_80-01.txt,4.194,0.250,1.049,1,0.328,31.29,0.328,8.672,0.328
22,ec.gp.GPIndividual@774506356{-495833127},3C_20_50-03.txt,30.993,0.250,7.748,1,1.609,20.77,1.609,8.672,0.328
22,ec.gp.GPIndividual@774506356{-495833127},3C_20_80-01.txt,4.194,0.250,1.049,4,1.453,138.57,0.363,8.672,0.172
22,ec.gp.GPIndividual@774506356{-495833127},3C_20_80-02.txt,35.738,0.250,8.935,2,10.500,117.52,5.250,9.422,0.172
22,ec.gp.GPIndividual@774506356{-495833127},3C_20_66-01.txt,7.322,0.250,1.831,1,8.469,462.64,8.469,9.422,0.172
22,ec.gp.GPIndividual@774506356{-495833127},3C_20_66-03.txt,118.340,0.250,29.585,4,8.672,29.31,2.168,9.422,0.172
22,ec.gp.GPIndividual@774506356{-495833127},3C_20_80-02.txt,35.738,0.250,8.935,5,8.734,97.76,1.747,9.422,0.172
22,ec.gp.GPIndividual@774506356{-495833127},3C_20_80-03.txt,169.439,0.250,42.360,3,5.328,12.58,1.776,9.422,0.172
22,ec.gp.GPIndividual@774506356{-495833127},3C_20_66-02.txt,154.245,0.250,38.561,12,42.547,110.34,3.546,9.813,0.172
22,ec.gp.GPIndividual@1238763285{2050221191},3C_20_50-02.txt,61.404,0.250,15.351,1,0.516,3.36,0.516,0.516,0.516
22,ec.gp.GPIndividual@1238763285{2050221191},3C_20_50-03.txt,30.993,0.250,7.748,4,6.813,87.92,1.703,2.500,0.516
22,ec.gp.GPIndividual@1238763285{2050221191},3C_20_66-03.txt,118.340,0.250,29.585,1,3.953,13.36,3.953,3.953,0.516
22,ec.gp.GPIndividual@1238763285{2050221191},3C_20_80-03.txt,169.439,0.250,42.360,2,4.672,11.03,2.336,3.953,0.516
22,ec.gp.GPIndividual@1238763285{2050221191},3C_20_66-01.txt,7.322,0.250,1.831,1,5.438,297.04,5.438,5.438,0.516
22,ec.gp.GPIndividual@667666577{1544415827},3C_20_50-02.txt,61.404,0.250,15.351,1,6.359,41.43,6.359,6.359,6.359
22,ec.gp.GPIndividual@667666577{1544415827},3C_20_66-01.txt,7.322,0.250,1.831,1,0.828,45.24,0.828,6.359,0.828
22,ec.gp.GPIndividual@667666577{1544415827},3C_20_66-02.txt,154.245,0.250,38.561,5,6.391,16.57,1.278,6.359,0.328
22,ec.gp.GPIndividual@667666577{1544415827},3C_20_66-03.txt,118.340,0.250,29.585,8,28.641,96.81,3.580,6.391,0.328
22,ec.gp.GPIndividual@667666577{1544415827},3C_20_80-01.txt,4.194,0.250,1.049,1,4.031,384.43,4.031,6.391,0.328
22,ec.gp.GPIndividual@667666577{1544415827},3C_20_80-01.txt,4.194,0.250,1.049,1,0.500,47.68,0.500,6.391,0.328
22,ec.gp.GPIndividual@667666577{1544415827},3C_20_80-02.txt,35.738,0.250,8.935,2,5.391,60.33,2.695,6.391,0.328
22,ec.gp.GPIndividual@1889859890{1727734099},3C_20_50-02.txt,61.404,0.250,15.351,4,8.766,57.10,2.191,4.297,0.344
22,ec.gp.GPIndividual@1889859890{1727734099},3C_20_50-03.txt,30.993,0.250,7.748,1,2.219,28.64,2.219,4.297,0.344
22,ec.gp.GPIndividual@1889859890{1727734099},3C_20_80-03.txt,169.439,0.250,42.360,5,11.000,25.97,2.200,4.297,0.000
22,ec.gp.GPIndividual@1889859890{1727734099},3C_20_66-02.txt,154.245,0.250,38.561,2,19.234,49.88,9.617,16.484,0.000
22,ec.gp.GPIndividual@1889859890{1727734099},3C_20_80-01.txt,4.194,0.250,1.049,3,1.063,101.32,0.354,16.484,0.000
22,ec.gp.GPIndividual@1889859890{1727734099},3C_20_80-02.txt,35.738,0.250,8.935,4,10.750,120.32,2.688,16.484,0.000
22,ec.gp.GPIndividual@1889859890{1727734099},3C_20_50-03.txt,30.993,0.250,7.748,1,6.297,81.27,6.297,16.484,0.000
22,ec.gp.GPIndividual@10085974{-1401095020},3C_20_50-02.txt,61.404,0.250,15.351,4,11.844,77.15,2.961,8.734,0.406
22,ec.gp.GPIndividual@10085974{-1401095020},3C_20_66-03.txt,118.340,0.250,29.585,14,28.609,96.70,2.044,8.734,0.406
22,ec.gp.GPIndividual@10085974{-1401095020},3C_20_50-03.txt,30.993,0.250,7.748,1,3.656,47.19,3.656,8.734,0.406
22,ec.gp.GPIndividual@10085974{-1401095020},3C_20_80-03.txt,169.439,0.250,42.360,1,1.484,3.50,1.484,8.734,0.406
22,ec.gp.GPIndividual@10085974{-1401095020},3C_20_80-01.txt,4.194,0.250,1.049,1,6.063,578.14,6.063,8.734,0.406
22,ec.gp.GPIndividual@10085974{-1401095020},3C_20_66-03.txt,118.340,0.250,29.585,10,29.406,99.40,2.941,8.734,0.266
22,ec.gp.GPIndividual@10085974{-1401095020},3C_20_80-02.txt,35.738,0.250,8.935,4,10.625,118.92,2.656,8.734,0.266
22,ec.gp.GPIndividual@505050955{144476032},3C_20_50-02.txt,61.404,0.250,15.351,3,2.766,18.02,0.922,1.313,0.438
22,ec.gp.GPIndividual@505050955{144476032},3C_20_80-01.txt,4.194,0.250,1.049,3,9.391,895.52,3.130,8.656,0.297
22,ec.gp.GPIndividual@1081396764{468377407},3C_20_50-02.txt,61.404,0.250,15.351,3,1.406,9.16,0.469,1.156,0.000
22,ec.gp.GPIndividual@1081396764{468377407},3C_20_80-02.txt,35.738,0.250,8.935,2,3.031,33.93,1.516,3.031,0.000
22,ec.gp.GPIndividual@1081396764{468377407},3C_20_66-01.txt,7.322,0.250,1.831,4,1.953,106.70,0.488,3.031,0.000
22,ec.gp.GPIndividual@1081396764{468377407},3C_20_50-03.txt,30.993,0.250,7.748,1,0.297,3.83,0.297,3.031,0.000
22,ec.gp.GPIndividual@1081396764{468377407},3C_20_50-03.txt,30.993,0.250,7.748,7,7.266,93.77,1.038,3.031,0.000
22,ec.gp.GPIndividual@1081396764{468377407},3C_20_80-03.txt,169.439,0.250,42.360,2,1.922,4.54,0.961,3.031,0.000
22,ec.gp.GPIndividual@1081396764{468377407},3C_20_80-03.txt,169.439,0.250,42.360,8,28.000,66.10,3.500,5.094,0.000
22,ec.gp.GPIndividual@1081396764{468377407},3C_20_66-01.txt,7.322,0.250,1.831,2,6.719,367.04,3.359,5.969,0.000
22,ec.gp.GPIndividual@1081396764{468377407},3C_20_66-01.txt,7.322,0.250,1.831,2,0.578,31.58,0.289,5.969,0.000
22,ec.gp.GPIndividual@1081396764{468377407},3C_20_66-02.txt,154.245,0.250,38.561,5,12.719,32.98,2.544,7.922,0.000
22,ec.gp.GPIndividual@747847265{781213232},3C_20_50-02.txt,61.404,0.250,15.351,4,12.094,78.78,3.023,9.656,0.281
22,ec.gp.GPIndividual@791747600{-1585372964},3C_20_50-02.txt,61.404,0.250,15.351,3,11.078,72.17,3.693,9.766,0.328
22,ec.gp.GPIndividual@791747600{-1585372964},3C_20_50-03.txt,30.993,0.250,7.748,2,15.578,201.06,7.789,14.125,0.328
22,ec.gp.GPIndividual@791747600{-1585372964},3C_20_66-02.txt,154.245,0.250,38.561,9,28.234,73.22,3.137,14.719,0.328
22,ec.gp.GPIndividual@791747600{-1585372964},3C_20_80-01.txt,4.194,0.250,1.049,1,5.313,506.62,5.313,14.719,0.328
22,ec.gp.GPIndividual@791747600{-1585372964},3C_20_66-01.txt,7.322,0.250,1.831,5,1.719,93.89,0.344,14.719,0.000
22,ec.gp.GPIndividual@791747600{-1585372964},3C_20_80-02.txt,35.738,0.250,8.935,1,0.344,3.85,0.344,14.719,0.000
22,ec.gp.GPIndividual@791747600{-1585372964},3C_20_66-02.txt,154.245,0.250,38.561,8,21.656,56.16,2.707,14.891,0.000
22,ec.gp.GPIndividual@791747600{-1585372964},3C_20_50-03.txt,30.993,0.250,7.748,4,14.359,185.33,3.590,14.891,0.000
22,ec.gp.GPIndividual@791747600{-1585372964},3C_20_66-03.txt,118.340,0.250,29.585,2,4.859,16.43,2.430,14.891,0.000
22,ec.gp.GPIndividual@791747600{-1585372964},3C_20_80-03.txt,169.439,0.250,42.360,1,2.078,4.91,2.078,14.891,0.000
22,ec.gp.GPIndividual@791747600{-1585372964},3C_20_66-03.txt,118.340,0.250,29.585,8,29.125,98.45,3.641,14.891,0.000
22,ec.gp.GPIndividual@791747600{-1585372964},3C_20_80-01.txt,4.194,0.250,1.049,4,0.969,92.38,0.242,14.891,0.000
22,ec.gp.GPIndividual@791747600{-1585372964},3C_20_80-02.txt,35.738,0.250,8.935,1,4.406,49.32,4.406,14.891,0.000
22,ec.gp.GPIndividual@791747600{-1585372964},3C_20_80-01.txt,4.194,0.250,1.049,3,8.344,795.69,2.781,14.891,0.000
22,ec.gp.GPIndividual@280650916{75523809},3C_20_50-02.txt,61.404,0.250,15.351,0,0.000,0.00,0.000,0.000,0.000
22,ec.gp.GPIndividual@280650916{75523809},3C_20_50-03.txt,30.993,0.250,7.748,0,0.000,0.00,0.000,0.000,0.000
22,ec.gp.GPIndividual@280650916{75523809},3C_20_66-01.txt,7.322,0.250,1.831,0,0.000,0.00,0.000,0.000,0.000
22,ec.gp.GPIndividual@280650916{75523809},3C_20_66-02.txt,154.245,0.250,38.561,0,0.000,0.00,0.000,0.000,0.000
22,ec.gp.GPIndividual@280650916{75523809},3C_20_66-03.txt,118.340,0.250,29.585,0,0.000,0.00,0.000,0.000,0.000
22,ec.gp.GPIndividual@280650916{75523809},3C_20_80-01.txt,4.194,0.250,1.049,0,0.000,0.00,0.000,0.000,0.000
22,ec.gp.GPIndividual@280650916{75523809},3C_20_80-02.txt,35.738,0.250,8.935,0,0.000,0.00,0.000,0.000,0.000
22,ec.gp.GPIndividual@280650916{75523809},3C_20_80-03.txt,169.439,0.250,42.360,0,0.000,0.00,0.000,0.000,0.000
22,ec.gp.GPIndividual@1624204119{-1473006003},3C_20_50-02.txt,61.404,0.250,15.351,0,0.000,0.00,0.000,0.000,0.000
22,ec.gp.GPIndividual@1624204119{-1473006003},3C_20_50-03.txt,30.993,0.250,7.748,0,0.000,0.00,0.000,0.000,0.000
22,ec.gp.GPIndividual@1624204119{-1473006003},3C_20_66-01.txt,7.322,0.250,1.831,0,0.000,0.00,0.000,0.000,0.000
22,ec.gp.GPIndividual@1624204119{-1473006003},3C_20_66-02.txt,154.245,0.250,38.561,0,0.000,0.00,0.000,0.000,0.000
22,ec.gp.GPIndividual@1624204119{-1473006003},3C_20_66-03.txt,118.340,0.250,29.585,0,0.000,0.00,0.000,0.000,0.000
22,ec.gp.GPIndividual@1624204119{-1473006003},3C_20_80-01.txt,4.194,0.250,1.049,0,0.000,0.00,0.000,0.000,0.000
22,ec.gp.GPIndividual@1624204119{-1473006003},3C_20_80-02.txt,35.738,0.250,8.935,0,0.000,0.00,0.000,0.000,0.000
22,ec.gp.GPIndividual@1624204119{-1473006003},3C_20_80-03.txt,169.439,0.250,42.360,0,0.000,0.00,0.000,0.000,0.000
22,ec.gp.GPIndividual@810176373{1567074886},3C_20_50-02.txt,61.404,0.250,15.351,5,7.422,48.35,1.484,5.297,0.109
22,ec.gp.GPIndividual@810176373{1567074886},3C_20_50-03.txt,30.993,0.250,7.748,1,9.797,126.44,9.797,9.797,0.109
22,ec.gp.GPIndividual@810176373{1567074886},3C_20_80-01.txt,4.194,0.250,1.049,2,1.469,140.06,0.734,9.797,0.109
22,ec.gp.GPIndividual@810176373{1567074886},3C_20_66-01.txt,7.322,0.250,1.831,1,0.344,18.78,0.344,9.797,0.109
22,ec.gp.GPIndividual@810176373{1567074886},3C_20_80-02.txt,35.738,0.250,8.935,9,6.141,68.73,0.682,9.797,0.109
22,ec.gp.GPIndividual@810176373{1567074886},3C_20_66-02.txt,154.245,0.250,38.561,2,2.969,7.70,1.484,9.797,0.109
22,ec.gp.GPIndividual@810176373{1567074886},3C_20_80-03.txt,169.439,0.250,42.360,7,30.109,71.08,4.301,15.672,0.109
23,ec.gp.GPIndividual@999503156{-492949438},3C_20_50-02.txt,61.404,0.250,15.351,0,0.000,0.00,0.000,0.000,0.000
23,ec.gp.GPIndividual@999503156{-492949438},3C_20_50-03.txt,30.993,0.250,7.748,0,0.000,0.00,0.000,0.000,0.000
23,ec.gp.GPIndividual@999503156{-492949438},3C_20_66-01.txt,7.322,0.250,1.831,0,0.000,0.00,0.000,0.000,0.000
23,ec.gp.GPIndividual@999503156{-492949438},3C_20_66-02.txt,154.245,0.250,38.561,0,0.000,0.00,0.000,0.000,0.000
23,ec.gp.GPIndividual@999503156{-492949438},3C_20_66-03.txt,118.340,0.250,29.585,0,0.000,0.00,0.000,0.000,0.000
23,ec.gp.GPIndividual@999503156{-492949438},3C_20_80-01.txt,4.194,0.250,1.049,0,0.000,0.00,0.000,0.000,0.000
23,ec.gp.GPIndividual@999503156{-492949438},3C_20_80-02.txt,35.738,0.250,8.935,0,0.000,0.00,0.000,0.000,0.000
23,ec.gp.GPIndividual@999503156{-492949438},3C_20_80-03.txt,169.439,0.250,42.360,0,0.000,0.00,0.000,0.000,0.000
23,ec.gp.GPIndividual@1252863257{495700826},3C_20_50-02.txt,61.404,0.250,15.351,15,14.688,95.68,0.979,1.984,0.000
23,ec.gp.GPIndividual@1252863257{495700826},3C_20_50-03.txt,30.993,0.250,7.748,4,8.813,113.74,2.203,2.422,0.000
23,ec.gp.GPIndividual@1252863257{495700826},3C_20_50-03.txt,30.993,0.250,7.748,2,3.109,40.13,1.555,2.422,0.000
23,ec.gp.GPIndividual@1252863257{495700826},3C_20_50-03.txt,30.993,0.250,7.748,3,4.047,52.23,1.349,2.469,0.000
23,ec.gp.GPIndividual@1252863257{495700826},3C_20_50-03.txt,30.993,0.250,7.748,1,2.156,27.83,2.156,2.469,0.000
23,ec.gp.GPIndividual@1252863257{495700826},3C_20_50-03.txt,30.993,0.250,7.748,4,9.578,123.62,2.395,3.188,0.000
23,ec.gp.GPIndividual@1252863257{495700826},3C_20_50-03.txt,30.993,0.250,7.748,4,8.625,111.32,2.156,3.219,0.000
23,ec.gp.GPIndividual@1252863257{495700826},3C_20_66-01.txt,7.322,0.250,1.831,2,1.063,58.04,0.531,3.219,0.000
23,ec.gp.GPIndividual@1252863257{495700826},3C_20_66-01.txt,7.322,0.250,1.831,1,3.156,172.42,3.156,3.219,0.000
23,ec.gp.GPIndividual@1252863257{495700826},3C_20_66-01.txt,7.322,0.250,1.831,2,2.719,148.52,1.359,3.219,0.000
23,ec.gp.GPIndividual@1252863257{495700826},3C_20_66-01.txt,7.322,0.250,1.831,1,1.719,93.89,1.719,3.219,0.000
23,ec.gp.GPIndividual@1252863257{495700826},3C_20_66-01.txt,7.322,0.250,1.831,3,2.078,113.52,0.693,3.219,0.000
23,ec.gp.GPIndividual@1252863257{495700826},3C_20_66-02.txt,154.245,0.250,38.561,1,0.156,0.41,0.156,3.219,0.000
23,ec.gp.GPIndividual@1252863257{495700826},3C_20_66-02.txt,154.245,0.250,38.561,12,18.141,47.04,1.512,3.219,0.000
23,ec.gp.GPIndividual@1252863257{495700826},3C_20_66-02.txt,154.245,0.250,38.561,21,38.344,99.44,1.826,7.578,0.000
23,ec.gp.GPIndividual@1252863257{495700826},3C_20_66-01.txt,7.322,0.250,1.831,1,4.953,270.58,4.953,7.578,0.000
23,ec.gp.GPIndividual@1252863257{495700826},3C_20_66-03.txt,118.340,0.250,29.585,2,6.531,22.08,3.266,7.578,0.000
23,ec.gp.GPIndividual@1252863257{495700826},3C_20_66-03.txt,118.340,0.250,29.585,3,13.016,43.99,4.339,8.531,0.000
23,ec.gp.GPIndividual@1252863257{495700826},3C_20_66-03.txt,118.340,0.250,29.585,7,27.875,94.22,3.982,10.094,0.000
23,ec.gp.GPIndividual@1252863257{495700826},3C_20_80-01.txt,4.194,0.250,1.049,1,6.547,624.33,6.547,10.094,0.000
23,ec.gp.GPIndividual@1252863257{495700826},3C_20_80-01.txt,4.194,0.250,1.049,2,0.828,78.97,0.414,10.094,0.000
23,ec.gp.GPIndividual@1252863257{495700826},3C_20_80-02.txt,35.738,0.250,8.935,2,8.938,100.03,4.469,10.094,0.000
23,ec.gp.GPIndividual@1252863257{495700826},3C_20_66-02.txt,154.245,0.250,38.561,2,11.422,29.62,5.711,10.094,0.000
23,ec.gp.GPIndividual@1252863257{495700826},3C_20_66-02.txt,154.245,0.250,38.561,21,38.875,100.81,1.851,10.094,0.000
23,ec.gp.GPIndividual@1252863257{495700826},3C_20_80-03.txt,169.439,0.250,42.360,1,0.719,1.70,0.719,10.094,0.000
23,ec.gp.GPIndividual@1252863257{495700826},3C_20_66-03.txt,118.340,0.250,29.585,4,20.234,68.39,5.059,14.078,0.000
23,ec.gp.GPIndividual@1252863257{495700826},3C_20_80-01.txt,4.194,0.250,1.049,1,14.063,1341.05,14.063,14.078,0.000
23,ec.gp.GPIndividual@1252863257{495700826},3C_20_66-02.txt,154.245,0.250,38.561,10,35.969,93.28,3.597,14.078,0.000
23,ec.gp.GPIndividual@1252863257{495700826},3C_20_66-03.txt,118.340,0.250,29.585,1,9.531,32.22,9.531,14.078,0.000
23,ec.gp.GPIndividual@1252863257{495700826},3C_20_80-02.txt,35.738,0.250,8.935,6,8.781,98.28,1.464,14.078,0.000
23,ec.gp.GPIndividual@1252863257{495700826},3C_20_66-03.txt,118.340,0.250,29.585,1,0.891,3.01,0.891,14.078,0.000
23,ec.gp.GPIndividual@1252863257{495700826},3C_20_80-02.txt,35.738,0.250,8.935,4,15.188,169.99,3.797,14.078,0.000
23,ec.gp.GPIndividual@659500374{-2146225922},3C_20_50-02.txt,61.404,0.250,15.351,1,6.234,40.61,6.234,6.234,6.234
23,ec.gp.GPIndividual@659500374{-2146225922},3C_20_80-01.txt,4.194,0.250,1.049,1,1.406,134.10,1.406,6.234,1.406
23,ec.gp.GPIndividual@659500374{-2146225922},3C_20_80-03.txt,169.439,0.250,42.360,16,42.922,101.33,2.683,6.234,0.328
23,ec.gp.GPIndividual@659500374{-2146225922},3C_20_80-02.txt,35.738,0.250,8.935,3,7.203,80.62,2.401,6.234,0.328
23,ec.gp.GPIndividual@1174181013{911745176},3C_20_50-02.txt,61.404,0.250,15.351,3,5.375,35.01,1.792,2.516,0.516
23,ec.gp.GPIndividual@1174181013{911745176},3C_20_50-03.txt,30.993,0.250,7.748,1,1.969,25.41,1.969,2.516,0.516
23,ec.gp.GPIndividual@1174181013{911745176},3C_20_80-01.txt,4.194,0.250,1.049,2,5.875,560.26,2.938,5.359,0.516
23,ec.gp.GPIndividual@1174181013{911745176},3C_20_80-03.txt,169.439,0.250,42.360,5,11.219,26.48,2.244,7.031,0.313
23,ec.gp.GPIndividual@1174181013{911745176},3C_20_80-02.txt,35.738,0.250,8.935,5,10.422,116.65,2.084,7.031,0.313
23,ec.gp.GPIndividual@1174181013{911745176},3C_20_80-03.txt,169.439,0.250,42.360,2,1.766,4.17,0.883,7.031,0.313
23,ec.gp.GPIndividual@1174181013{911745176},3C_20_80-03.txt,169.439,0.250,42.360,8,41.563,98.12,5.195,12.875,0.313
23,ec.gp.GPIndividual@1174181013{911745176},3C_20_80-01.txt,4.194,0.250,1.049,3,1.063,101.32,0.354,12.875,0.172
23,ec.gp.GPIndividual@1174181013{911745176},3C_20_80-02.txt,35.738,0.250,8.935,1,6.766,75.72,6.766,12.875,0.172
23,ec.gp.GPIndividual@1174181013{911745176},3C_20_66-01.txt,7.322,0.250,1.831,1,5.844,319.24,5.844,12.875,0.172
23,ec.gp.GPIndividual@2146988571{1138411346},3C_20_50-02.txt,61.404,0.250,15.351,7,15.641,101.89,2.234,8.375,0.516
23,ec.gp.GPIndividual@2146988571{1138411346},3C_20_66-02.txt,154.245,0.250,38.561,4,27.969,72.53,6.992,13.719,0.469
23,ec.gp.GPIndividual@1833698888{56549990},3C_20_50-02.txt,61.404,0.250,15.351,1,2.344,15.27,2.344,2.344,2.344
23,ec.gp.GPIndividual@1092898592{-301214383},3C_20_50-02.txt,61.404,0.250,15.351,9,12.469,81.22,1.385,2.594,0.297
23,ec.gp.GPIndividual@1092898592{-301214383},3C_20_50-03.txt,30.993,0.250,7.748,5,8.156,105.27,1.631,2.594,0.297
23,ec.gp.GPIndividual@1092898592{-301214383},3C_20_50-03.txt,30.993,0.250,7.748,1,0.719,9.28,0.719,2.594,0.297
23,ec.gp.GPIndividual@1092898592{-301214383},3C_20_66-03.txt,118.340,0.250,29.585,6,22.313,75.42,3.719,10.094,0.297
23,ec.gp.GPIndividual@1092898592{-301214383},3C_20_50-03.txt,30.993,0.250,7.748,3,7.781,100.43,2.594,10.094,0.172
23,ec.gp.GPIndividual@1092898592{-301214383},3C_20_50-03.txt,30.993,0.250,7.748,3,7.906,102.04,2.635,10.094,0.172
23,ec.gp.GPIndividual@1092898592{-301214383},3C_20_66-01.txt,7.322,0.250,1.831,1,0.703,38.41,0.703,10.094,0.172
23,ec.gp.GPIndividual@1092898592{-301214383},3C_20_80-01.txt,4.194,0.250,1.049,1,4.609,439.57,4.609,10.094,0.172
23,ec.gp.GPIndividual@1092898592{-301214383},3C_20_66-01.txt,7.322,0.250,1.831,2,3.656,199.74,1.828,10.094,0.172
23,ec.gp.GPIndividual@1092898592{-301214383},3C_20_66-01.txt,7.322,0.250,1.831,4,2.813,153.64,0.703,10.094,0.172
23,ec.gp.GPIndividual@1092898592{-301214383},3C_20_66-02.txt,154.245,0.250,38.561,2,0.141,0.36,0.070,10.094,0.000
23,ec.gp.GPIndividual@1092898592{-301214383},3C_20_66-02.txt,154.245,0.250,38.561,6,10.203,26.46,1.701,10.094,0.000
23,ec.gp.GPIndividual@1092898592{-301214383},3C_20_80-02.txt,35.738,0.250,8.935,3,14.891,166.66,4.964,10.609,0.000
23,ec.gp.GPIndividual@1092898592{-301214383},3C_20_80-03.txt,169.439,0.250,42.360,20,41.906,98.93,2.095,10.609,0.000
23,ec.gp.GPIndividual@1092898592{-301214383},3C_20_66-01.txt,7.322,0.250,1.831,1,4.922,268.87,4.922,10.609,0.000
23,ec.gp.GPIndividual@2029524342{-1540797697},3C_20_50-02.txt,61.404,0.250,15.351,2,3.906,25.45,1.953,3.578,0.328
23,ec.gp.GPIndividual@2029524342{-1540797697},3C_20_80-03.txt,169.439,0.250,42.360,5,10.609,25.05,2.122,7.297,0.000
23,ec.gp.GPIndividual@2029524342{-1540797697},3C_20_66-03.txt,118.340,0.250,29.585,2,18.375,62.11,9.188,10.453,0.000
23,ec.gp.GPIndividual@2029524342{-1540797697},3C_20_66-03.txt,118.340,0.250,29.585,9,29.203,98.71,3.245,10.453,0.000
23,ec.gp.GPIndividual@2029524342{-1540797697},3C_20_80-01.txt,4.194,0.250,1.049,2,8.281,789.73,4.141,10.453,0.000
23,ec.gp.GPIndividual@2029524342{-1540797697},3C_20_66-02.txt,154.245,0.250,38.561,4,4.656,12.07,1.164,10.453,0.000
23,ec.gp.GPIndividual@2029524342{-1540797697},3C_20_80-01.txt,4.194,0.250,1.049,3,0.875,83.44,0.292,10.453,0.000
23,ec.gp.GPIndividual@2029524342{-1540797697},3C_20_80-02.txt,35.738,0.250,8.935,2,4.063,45.47,2.031,10.453,0.000
23,ec.gp.GPIndividual@2029524342{-1540797697},3C_20_80-02.txt,35.738,0.250,8.935,2,12.297,137.63,6.148,10.453,0.000
23,ec.gp.GPIndividual@1679024735{-1186198408},3C_20_50-02.txt,61.404,0.250,15.351,4,5.578,36.34,1.395,2.094,0.516
23,ec.gp.GPIndividual@1679024735{-1186198408},3C_20_50-03.txt,30.993,0.250,7.748,2,11.203,144.59,5.602,9.266,0.516
23,ec.gp.GPIndividual@1679024735{-1186198408},3C_20_66-02.txt,154.245,0.250,38.561,21,38.422,99.64,1.830,9.266,0.359
23,ec.gp.GPIndividual@1679024735{-1186198408},3C_20_66-01.txt,7.322,0.250,1.831,3,1.797,98.16,0.599,9.266,0.172
23,ec.gp.GPIndividual@1679024735{-1186198408},3C_20_66-03.txt,118.340,0.250,29.585,2,3.578,12.09,1.789,9.266,0.172
23,ec.gp.GPIndividual@1679024735{-1186198408},3C_20_80-03.txt,169.439,0.250,42.360,1,3.672,8.67,3.672,9.266,0.172
23,ec.gp.GPIndividual@1679024735{-1186198408},3C_20_50-03.txt,30.993,0.250,7.748,3,5.781,74.61,1.927,9.266,0.000
23,ec.gp.GPIndividual@1679024735{-1186198408},3C_20_80-03.txt,169.439,0.250,42.360,1,7.797,18.41,7.797,9.266,0.000
23,ec.gp.GPIndividual@1679024735{-1186198408},3C_20_66-03.txt,118.340,0.250,29.585,8,32.563,110.06,4.070,9.266,0.000
23,ec.gp.GPIndividual@1679024735{-1186198408},3C_20_80-01.txt,4.194,0.250,1.049,1,4.875,464.90,4.875,9.266,0.000
23,ec.gp.GPIndividual@1679024735{-1186198408},3C_20_66-01.txt,7.322,0.250,1.831,2,1.906,104.14,0.953,9.266,0.000
23,ec.gp.GPIndividual@1193984501{-1098735024},3C_20_50-02.txt,61.404,0.250,15.351,8,16.625,108.30,2.078,6.438,0.516
23,ec.gp.GPIndividual@497789814{-618074676},3C_20_50-02.txt,61.404,0.250,15.351,0,0.000,0.00,0.000,0.000,0.000
23,ec.gp.GPIndividual@497789814{-618074676},3C_20_50-03.txt,30.993,0.250,7.748,0,0.000,0.00,0.000,0.000,0.000
23,ec.gp.GPIndividual@497789814{-618074676},3C_20_66-01.txt,7.322,0.250,1.831,0,0.000,0.00,0.000,0.000,0.000
23,ec.gp.GPIndividual@497789814{-618074676},3C_20_66-02.txt,154.245,0.250,38.561,0,0.000,0.00,0.000,0.000,0.000
23,ec.gp.GPIndividual@497789814{-618074676},3C_20_66-03.txt,118.340,0.250,29.585,0,0.000,0.00,0.000,0.000,0.000
23,ec.gp.GPIndividual@497789814{-618074676},3C_20_80-01.txt,4.194,0.250,1.049,0,0.000,0.00,0.000,0.000,0.000
23,ec.gp.GPIndividual@497789814{-618074676},3C_20_80-02.txt,35.738,0.250,8.935,0,0.000,0.00,0.000,0.000,0.000
23,ec.gp.GPIndividual@497789814{-618074676},3C_20_80-03.txt,169.439,0.250,42.360,0,0.000,0.00,0.000,0.000,0.000
23,ec.gp.GPIndividual@1899571868{-652863646},3C_20_50-02.txt,61.404,0.250,15.351,7,12.391,80.71,1.770,3.922,0.500
23,ec.gp.GPIndividual@1899571868{-652863646},3C_20_80-02.txt,35.738,0.250,8.935,1,8.828,98.81,8.828,8.828,0.500
23,ec.gp.GPIndividual@1899571868{-652863646},3C_20_66-02.txt,154.245,0.250,38.561,18,38.406,99.60,2.134,8.828,0.500
23,ec.gp.GPIndividual@1899571868{-652863646},3C_20_50-03.txt,30.993,0.250,7.748,2,4.875,62.92,2.438,8.828,0.500
23,ec.gp.GPIndividual@1899571868{-652863646},3C_20_80-03.txt,169.439,0.250,42.360,2,7.922,18.70,3.961,8.828,0.500
23,ec.gp.GPIndividual@1899571868{-652863646},3C_20_66-03.txt,118.340,0.250,29.585,1,11.563,39.08,11.563,11.563,0.500
23,ec.gp.GPIndividual@1899571868{-652863646},3C_20_80-01.txt,4.194,0.250,1.049,1,3.234,308.44,3.234,11.563,0.500
23,ec.gp.GPIndividual@1899571868{-652863646},3C_20_66-01.txt,7.322,0.250,1.831,3,1.922,104.99,0.641,11.563,0.500
23,ec.gp.GPIndividual@1899571868{-652863646},3C_20_66-02.txt,154.245,0.250,38.561,6,26.344,68.32,4.391,14.172,0.328
23,ec.gp.GPIndividual@1899571868{-652863646},3C_20_80-02.txt,35.738,0.250,8.935,3,8.250,92.34,2.750,14.172,0.328
23,ec.gp.GPIndividual@1899571868{-652863646},3C_20_66-03.txt,118.340,0.250,29.585,5,9.484,32.06,1.897,14.172,0.328
23,ec.gp.GPIndividual@1899571868{-652863646},3C_20_80-01.txt,4.194,0.250,1.049,2,0.859,81.95,0.430,14.172,0.328
23,ec.gp.GPIndividual@1899571868{-652863646},3C_20_80-02.txt,35.738,0.250,8.935,1,6.656,74.50,6.656,14.172,0.328
23,ec.gp.GPIndividual@143721294{1303487632},3C_20_50-02.txt,61.404,0.250,15.351,3,11.500,74.91,3.833,9.688,0.469
23,ec.gp.GPIndividual@143721294{1303487632},3C_20_66-02.txt,154.245,0.250,38.561,2,20.359,52.80,10.180,14.313,0.469
23,ec.gp.GPIndividual@143721294{1303487632},3C_20_50-03.txt,30.993,0.250,7.748,5,9.266,119.59,1.853,14.313,0.469
23,ec.gp.GPIndividual@143721294{1303487632},3C_20_66-03.txt,118.340,0.250,29.585,1,0.531,1.80,0.531,14.313,0.469
23,ec.gp.GPIndividual@143721294{1303487632},3C_20_80-03.txt,169.439,0.250,42.360,2,4.141,9.77,2.070,14.313,0.469
23,ec.gp.GPIndividual@143721294{1303487632},3C_20_50-03.txt,30.993,0.250,7.748,6,7.531,97.20,1.255,14.313,0.000
23,ec.gp.GPIndividual@143721294{1303487632},3C_20_66-01.txt,7.322,0.250,1.831,1,1.969,107.55,1.969,14.313,0.000
23,ec.gp.GPIndividual@143721294{1303487632},3C_20_80-01.txt,4.194,0.250,1.049,3,1.531,146.03,0.510,14.313,0.000
23,ec.gp.GPIndividual@143721294{1303487632},3C_20_80-02.txt,35.738,0.250,8.935,4,10.344,115.77,2.586,14.313,0.000
23,ec.gp.GPIndividual@1747481553{-586536300},3C_20_50-02.txt,61.404,0.250,15.351,4,11.266,73.39,2.816,6.172,0.500
23,ec.gp.GPIndividual@1747481553{-586536300},3C_20_66-01.txt,7.322,0.250,1.831,1,1.359,74.26,1.359,6.172,0.500
23,ec.gp.GPIndividual@1747481553{-586536300},3C_20_66-02.txt,154.245,0.250,38.561,19,47.484,123.14,2.499,16.328,0.500
23,ec.gp.GPIndividual@1747481553{-586536300},3C_20_80-03.txt,169.439,0.250,42.360,1,5.641,13.32,5.641,16.328,0.500
23,ec.gp.GPIndividual@1747481553{-586536300},3C_20_66-02.txt,154.245,0.250,38.561,1,4.406,11.43,4.406,16.328,0.500
23,ec.gp.GPIndividual@1747481553{-586536300},3C_20_50-03.txt,30.993,0.250,7.748,1,6.000,77.44,6.000,16.328,0.500
23,ec.gp.GPIndividual@1747481553{-586536300},3C_20_80-03.txt,169.439,0.250,42.360,2,13.641,32.20,6.820,16.328,0.500
23,ec.gp.GPIndividual@1747481553{-586536300},3C_20_80-01.txt,4.194,0.250,1.049,3,3.406,324.83,1.135,16.328,0.359
23,ec.gp.GPIndividual@1747481553{-586536300},3C_20_66-03.txt,118.340,0.250,29.585,6,11.969,40.46,1.995,16.328,0.000
23,ec.gp.GPIndividual@1747481553{-586536300},3C_20_80-02.txt,35.738,0.250,8.935,2,7.125,79.75,3.563,16.328,0.000
23,ec.gp.GPIndividual@2145247313{656591009},3C_20_50-02.txt,61.404,0.250,15.351,0,0.000,0.00,0.000,0.000,0.000
23,ec.gp.GPIndividual@2145247313{656591009},3C_20_50-03.txt,30.993,0.250,7.748,0,0.000,0.00,0.000,0.000,0.000
23,ec.gp.GPIndividual@2145247313{656591009},3C_20_66-01.txt,7.322,0.250,1.831,0,0.000,0.00,0.000,0.000,0.000
23,ec.gp.GPIndividual@2145247313{656591009},3C_20_66-02.txt,154.245,0.250,38.561,0,0.000,0.00,0.000,0.000,0.000
23,ec.gp.GPIndividual@2145247313{656591009},3C_20_66-03.txt,118.340,0.250,29.585,0,0.000,0.00,0.000,0.000,0.000
23,ec.gp.GPIndividual@2145247313{656591009},3C_20_80-01.txt,4.194,0.250,1.049,0,0.000,0.00,0.000,0.000,0.000
23,ec.gp.GPIndividual@2145247313{656591009},3C_20_80-02.txt,35.738,0.250,8.935,0,0.000,0.00,0.000,0.000,0.000
23,ec.gp.GPIndividual@2145247313{656591009},3C_20_80-03.txt,169.439,0.250,42.360,0,0.000,0.00,0.000,0.000,0.000
23,ec.gp.GPIndividual@1227516860{1646088051},3C_20_50-02.txt,61.404,0.250,15.351,2,9.172,59.75,4.586,8.766,0.406
23,ec.gp.GPIndividual@671502797{-2120146583},3C_20_50-02.txt,61.404,0.250,15.351,0,0.000,0.00,0.000,0.000,0.000
23,ec.gp.GPIndividual@671502797{-2120146583},3C_20_50-03.txt,30.993,0.250,7.748,0,0.000,0.00,0.000,0.000,0.000
23,ec.gp.GPIndividual@671502797{-2120146583},3C_20_66-01.txt,7.322,0.250,1.831,0,0.000,0.00,0.000,0.000,0.000
23,ec.gp.GPIndividual@671502797{-2120146583},3C_20_66-02.txt,154.245,0.250,38.561,0,0.000,0.00,0.000,0.000,0.000
23,ec.gp.GPIndividual@671502797{-2120146583},3C_20_66-03.txt,118.340,0.250,29.585,0,0.000,0.00,0.000,0.000,0.000
23,ec.gp.GPIndividual@671502797{-2120146583},3C_20_80-01.txt,4.194,0.250,1.049,0,0.000,0.00,0.000,0.000,0.000
23,ec.gp.GPIndividual@671502797{-2120146583},3C_20_80-02.txt,35.738,0.250,8.935,0,0.000,0.00,0.000,0.000,0.000
23,ec.gp.GPIndividual@671502797{-2120146583},3C_20_80-03.txt,169.439,0.250,42.360,0,0.000,0.00,0.000,0.000,0.000
23,ec.gp.GPIndividual@2143043734{-1714510960},3C_20_50-02.txt,61.404,0.250,15.351,3,6.922,45.09,2.307,5.156,0.391
23,ec.gp.GPIndividual@2143043734{-1714510960},3C_20_50-03.txt,30.993,0.250,7.748,2,13.922,179.68,6.961,11.781,0.391
23,ec.gp.GPIndividual@2143043734{-1714510960},3C_20_66-02.txt,154.245,0.250,38.561,1,12.219,31.69,12.219,12.219,0.391
23,ec.gp.GPIndividual@2143043734{-1714510960},3C_20_80-01.txt,4.194,0.250,1.049,1,2.859,272.68,2.859,12.219,0.391
23,ec.gp.GPIndividual@2143043734{-1714510960},3C_20_80-01.txt,4.194,0.250,1.049,1,3.000,286.09,3.000,12.219,0.391
23,ec.gp.GPIndividual@2143043734{-1714510960},3C_20_66-01.txt,7.322,0.250,1.831,3,1.641,89.62,0.547,12.219,0.391
23,ec.gp.GPIndividual@2143043734{-1714510960},3C_20_80-02.txt,35.738,0.250,8.935,2,1.078,12.07,0.539,12.219,0.391
23,ec.gp.GPIndividual@2143043734{-1714510960},3C_20_66-02.txt,154.245,0.250,38.561,6,9.563,24.80,1.594,12.219,0.391
23,ec.gp.GPIndividual@2143043734{-1714510960},3C_20_66-03.txt,118.340,0.250,29.585,11,18.375,62.11,1.670,12.219,0.391
23,ec.gp.GPIndividual@2143043734{-1714510960},3C_20_80-01.txt,4.194,0.250,1.049,1,0.453,43.21,0.453,12.219,0.391
23,ec.gp.GPIndividual@2143043734{-1714510960},3C_20_80-02.txt,35.738,0.250,8.935,2,3.750,41.97,1.875,12.219,0.391
23,ec.gp.GPIndividual@2143043734{-1714510960},3C_20_80-03.txt,169.439,0.250,42.360,2,8.250,19.48,4.125,12.219,0.391
23,ec.gp.GPIndividual@2143043734{-1714510960},3C_20_80-03.txt,169.439,0.250,42.360,1,8.750,20.66,8.750,12.219,0.391
23,ec.gp.GPIndividual@2143043734{-1714510960},3C_20_66-03.txt,118.340,0.250,29.585,1,5.031,17.01,5.031,12.219,0.391
23,ec.gp.GPIndividual@271004057{-872790177},3C_20_50-02.txt,61.404,0.250,15.351,2,14.922,97.20,7.461,14.641,0.281
23,ec.gp.GPIndividual@271004057{-872790177},3C_20_50-03.txt,30.993,0.250,7.748,3,9.109,117.57,3.036,14.641,0.281
23,ec.gp.GPIndividual@271004057{-872790177},3C_20_66-01.txt,7.322,0.250,1.831,1,2.141,116.94,2.141,14.641,0.281
23,ec.gp.GPIndividual@271004057{-872790177},3C_20_50-03.txt,30.993,0.250,7.748,1,0.766,9.88,0.766,14.641,0.281
23,ec.gp.GPIndividual@795299792{-134462564},3C_20_50-02.txt,61.404,0.250,15.351,8,15.797,102.90,1.975,4.969,0.281
23,ec.gp.GPIndividual@795299792{-134462564},3C_20_80-01.txt,4.194,0.250,1.049,2,2.578,245.86,1.289,4.969,0.281
23,ec.gp.GPIndividual@795299792{-134462564},3C_20_50-03.txt,30.993,0.250,7.748,2,2.156,27.83,1.078,4.969,0.281
23,ec.gp.GPIndividual@795299792{-134462564},3C_20_66-01.txt,7.322,0.250,1.831,4,1.813,99.01,0.453,4.969,0.000
23,ec.gp.GPIndividual@795299792{-134462564},3C_20_80-02.txt,35.738,0.250,8.935,1,0.422,4.72,0.422,4.969,0.000
23,ec.gp.GPIndividual@795299792{-134462564},3C_20_66-02.txt,154.245,0.250,38.561,14,38.016,98.59,2.715,16.266,0.000
23,ec.gp.GPIndividual@795299792{-134462564},3C_20_80-03.txt,169.439,0.250,42.360,1,1.172,2.77,1.172,16.266,0.000
23,ec.gp.GPIndividual@795299792{-134462564},3C_20_66-03.txt,118.340,0.250,29.585,1,1.641,5.55,1.641,16.266,0.000
23,ec.gp.GPIndividual@795299792{-134462564},3C_20_66-01.txt,7.322,0.250,1.831,1,4.766,260.34,4.766,16.266,0.000
23,ec.gp.GPIndividual@795299792{-134462564},3C_20_80-02.txt,35.738,0.250,8.935,4,4.703,52.64,1.176,16.266,0.000
23,ec.gp.GPIndividual@795299792{-134462564},3C_20_66-02.txt,154.245,0.250,38.561,9,18.844,48.87,2.094,16.266,0.000
23,ec.gp.GPIndividual@795299792{-134462564},3C_20_66-03.txt,118.340,0.250,29.585,3,16.531,55.88,5.510,16.266,0.000
23,ec.gp.GPIndividual@795299792{-134462564},3C_20_66-02.txt,154.245,0.250,38.561,4,9.266,24.03,2.316,16.266,0.000
23,ec.gp.GPIndividual@795299792{-134462564},3C_20_80-01.txt,4.194,0.250,1.049,3,0.734,70.03,0.245,16.266,0.000
23,ec.gp.GPIndividual@795299792{-134462564},3C_20_80-02.txt,35.738,0.250,8.935,3,4.188,46.87,1.396,16.266,0.000
23,ec.gp.GPIndividual@795299792{-134462564},3C_20_80-03.txt,169.439,0.250,42.360,2,21.094,49.80,10.547,16.266,0.000
23,ec.gp.GPIndividual@297742190{-1059172492},3C_20_50-02.txt,61.404,0.250,15.351,2,2.922,19.03,1.461,2.641,0.281
23,ec.gp.GPIndividual@297742190{-1059172492},3C_20_66-03.txt,118.340,0.250,29.585,1,10.813,36.55,10.813,10.813,0.281
23,ec.gp.GPIndividual@297742190{-1059172492},3C_20_80-01.txt,4.194,0.250,1.049,1,1.516,144.53,1.516,10.813,0.281
23,ec.gp.GPIndividual@297742190{-1059172492},3C_20_50-03.txt,30.993,0.250,7.748,2,5.391,69.57,2.695,10.813,0.281
23,ec.gp.GPIndividual@575951335{535286456},3C_20_50-02.txt,61.404,0.250,15.351,3,11.766,76.64,3.922,10.422,0.234
23,ec.gp.GPIndividual@399628882{-619494429},3C_20_50-02.txt,61.404,0.250,15.351,4,18.406,119.90,4.602,15.641,0.234
23,ec.gp.GPIndividual@1931031026{1458035150},3C_20_50-02.txt,61.404,0.250,15.351,8,14.875,96.90,1.859,5.406,0.234
23,ec.gp.GPIndividual@1931031026{1458035150},3C_20_50-03.txt,30.993,0.250,7.748,2,6.156,79.45,3.078,5.406,0.234
23,ec.gp.GPIndividual@1931031026{1458035150},3C_20_50-03.txt,30.993,0.250,7.748,1,1.703,21.98,1.703,5.406,0.234
23,ec.gp.GPIndividual@1931031026{1458035150},3C_20_50-03.txt,30.993,0.250,7.748,2,18.672,240.99,9.336,16.063,0.234
23,ec.gp.GPIndividual@558428962{-35743677},3C_20_50-02.txt,61.404,0.250,15.351,8,15.531,101.17,1.941,4.109,0.203
23,ec.gp.GPIndividual@558428962{-35743677},3C_20_50-03.txt,30.993,0.250,7.748,2,3.250,41.95,1.625,4.109,0.000
23,ec.gp.GPIndividual@558428962{-35743677},3C_20_66-01.txt,7.322,0.250,1.831,1,0.656,35.85,0.656,4.109,0.000
23,ec.gp.GPIndividual@558428962{-35743677},3C_20_66-01.txt,7.322,0.250,1.831,1,3.938,215.10,3.938,4.109,0.000
23,ec.gp.GPIndividual@558428962{-35743677},3C_20_66-01.txt,7.322,0.250,1.831,5,2.359,128.89,0.472,4.109,0.000
23,ec.gp.GPIndividual@558428962{-35743677},3C_20_66-02.txt,154.245,0.250,38.561,1,0.094,0.24,0.094,4.109,0.000
23,ec.gp.GPIndividual@558428962{-35743677},3C_20_66-02.txt,154.245,0.250,38.561,1,0.313,0.81,0.313,4.109,0.000
23,ec.gp.GPIndividual@558428962{-35743677},3C_20_66-02.txt,154.245,0.250,38.561,19,35.016,90.81,1.843,8.656,0.000
23,ec.gp.GPIndividual@558428962{-35743677},3C_20_66-03.txt,118.340,0.250,29.585,3,23.094,78.06,7.698,9.188,0.000
23,ec.gp.GPIndividual@558428962{-35743677},3C_20_66-01.txt,7.322,0.250,1.831,2,1.203,65.72,0.602,9.188,0.000
23,ec.gp.GPIndividual@558428962{-35743677},3C_20_66-02.txt,154.245,0.250,38.561,3,9.734,25.24,3.245,9.188,0.000
23,ec.gp.GPIndividual@558428962{-35743677},3C_20_66-03.txt,118.340,0.250,29.585,6,13.688,46.27,2.281,9.188,0.000
23,ec.gp.GPIndividual@558428962{-35743677},3C_20_66-03.txt,118.340,0.250,29.585,4,22.531,76.16,5.633,10.859,0.000
23,ec.gp.GPIndividual@558428962{-35743677},3C_20_80-01.txt,4.194,0.250,1.049,2,0.719,68.54,0.359,10.859,0.000
23,ec.gp.GPIndividual@558428962{-35743677},3C_20_80-02.txt,35.738,0.250,8.935,2,11.906,133.26,5.953,10.859,0.000
23,ec.gp.GPIndividual@558428962{-35743677},3C_20_66-03.txt,118.340,0.250,29.585,5,15.078,50.97,3.016,10.859,0.000
23,ec.gp.GPIndividual@558428962{-35743677},3C_20_80-01.txt,4.194,0.250,1.049,2,1.359,129.63,0.680,10.859,0.000
23,ec.gp.GPIndividual@558428962{-35743677},3C_20_80-03.txt,169.439,0.250,42.360,4,5.297,12.50,1.324,10.859,0.000
23,ec.gp.GPIndividual@558428962{-35743677},3C_20_80-02.txt,35.738,0.250,8.935,5,12.063,135.01,2.413,10.859,0.000
23,ec.gp.GPIndividual@558428962{-35743677},3C_20_80-01.txt,4.194,0.250,1.049,2,1.516,144.53,0.758,10.859,0.000
23,ec.gp.GPIndividual@448766846{-1384730711},3C_20_50-02.txt,61.404,0.250,15.351,12,16.625,108.30,1.385,5.891,0.203
23,ec.gp.GPIndividual@448766846{-1384730711},3C_20_80-03.txt,169.439,0.250,42.360,1,3.500,8.26,3.500,5.891,0.203
23,ec.gp.GPIndividual@448766846{-1384730711},3C_20_50-03.txt,30.993,0.250,7.748,1,0.813,10.49,0.813,5.891,0.203
23,ec.gp.GPIndividual@448766846{-1384730711},3C_20_80-03.txt,169.439,0.250,42.360,7,43.359,102.36,6.194,15.313,0.203
23,ec.gp.GPIndividual@2123115967{1589892140},3C_20_50-02.txt,61.404,0.250,15.351,5,14.016,91.30,2.803,10.438,0.172
23,ec.gp.GPIndividual@2123115967{1589892140},3C_20_66-01.txt,7.322,0.250,1.831,3,1.547,84.50,0.516,10.438,0.000
23,ec.gp.GPIndividual@2123115967{1589892140},3C_20_50-03.txt,30.993,0.250,7.748,4,7.469,96.39,1.867,10.438,0.000
24,ec.gp.GPIndividual@1814811629{295822776},null,0.000,0.250,0.000,2,0.000,0.00,0.000,0.000,0.000
24,ec.gp.GPIndividual@832765187{-1357815859},3C_20_50-03.txt,30.993,0.250,7.748,0,0.000,0.00,0.000,0.000,0.000
24,ec.gp.GPIndividual@832765187{-1357815859},3C_20_50-03.txt,30.993,0.250,7.748,2,0.000,0.00,0.000,0.000,0.000
24,ec.gp.GPIndividual@832765187{-1357815859},3C_20_66-01.txt,7.322,0.250,1.831,0,0.000,0.00,0.000,0.000,0.000
24,ec.gp.GPIndividual@832765187{-1357815859},3C_20_66-01.txt,7.322,0.250,1.831,0,0.000,0.00,0.000,0.000,0.000
24,ec.gp.GPIndividual@832765187{-1357815859},3C_20_66-02.txt,154.245,0.250,38.561,2,0.000,0.00,0.000,0.000,0.000
24,ec.gp.GPIndividual@832765187{-1357815859},3C_20_66-03.txt,118.340,0.250,29.585,0,0.000,0.00,0.000,0.000,0.000
24,ec.gp.GPIndividual@832765187{-1357815859},3C_20_66-03.txt,118.340,0.250,29.585,0,0.000,0.00,0.000,0.000,0.000
24,ec.gp.GPIndividual@832765187{-1357815859},3C_20_80-01.txt,4.194,0.250,1.049,2,0.000,0.00,0.000,0.000,0.000
24,ec.gp.GPIndividual@832765187{-1357815859},3C_20_80-02.txt,35.738,0.250,8.935,0,0.000,0.00,0.000,0.000,0.000
24,ec.gp.GPIndividual@832765187{-1357815859},3C_20_66-03.txt,118.340,0.250,29.585,2,0.000,0.00,0.000,0.000,0.000
24,ec.gp.GPIndividual@832765187{-1357815859},3C_20_80-03.txt,169.439,0.250,42.360,0,0.000,0.00,0.000,0.000,0.000
24,ec.gp.GPIndividual@832765187{-1357815859},3C_20_80-03.txt,169.439,0.250,42.360,0,0.000,0.00,0.000,0.000,0.000
24,ec.gp.GPIndividual@1657489555{718414302},3C_20_50-02.txt,61.404,0.250,15.351,0,0.000,0.00,0.000,0.000,0.000
24,ec.gp.GPIndividual@1657489555{718414302},3C_20_80-02.txt,35.738,0.250,8.935,2,0.000,0.00,0.000,0.000,0.000
24,ec.gp.GPIndividual@1657489555{718414302},3C_20_80-03.txt,169.439,0.250,42.360,2,0.000,0.00,0.000,0.000,0.000
24,ec.gp.GPIndividual@738623643{3384108},3C_20_50-02.txt,61.404,0.250,15.351,14,14.594,95.07,1.042,1.922,0.328
24,ec.gp.GPIndividual@738623643{3384108},3C_20_50-03.txt,30.993,0.250,7.748,4,9.203,118.78,2.301,2.516,0.328
24,ec.gp.GPIndividual@738623643{3384108},3C_20_50-03.txt,30.993,0.250,7.748,5,6.922,89.34,1.384,2.547,0.000
24,ec.gp.GPIndividual@738623643{3384108},3C_20_50-03.txt,30.993,0.250,7.748,3,4.172,53.84,1.391,2.547,0.000
24,ec.gp.GPIndividual@738623643{3384108},3C_20_50-03.txt,30.993,0.250,7.748,2,4.578,59.09,2.289,3.188,0.000
24,ec.gp.GPIndividual@738623643{3384108},3C_20_50-03.txt,30.993,0.250,7.748,4,7.438,95.99,1.859,3.188,0.000
24,ec.gp.GPIndividual@738623643{3384108},3C_20_50-03.txt,30.993,0.250,7.748,1,3.188,41.14,3.188,3.188,0.000
24,ec.gp.GPIndividual@738623643{3384108},3C_20_66-01.txt,7.322,0.250,1.831,1,1.984,108.40,1.984,3.188,0.000
24,ec.gp.GPIndividual@738623643{3384108},3C_20_66-01.txt,7.322,0.250,1.831,1,1.047,57.19,1.047,3.188,0.000
24,ec.gp.GPIndividual@738623643{3384108},3C_20_66-01.txt,7.322,0.250,1.831,1,3.172,173.27,3.172,3.188,0.000
24,ec.gp.GPIndividual@738623643{3384108},3C_20_66-01.txt,7.322,0.250,1.831,1,0.844,46.09,0.844,3.188,0.000
24,ec.gp.GPIndividual@738623643{3384108},3C_20_66-02.txt,154.245,0.250,38.561,24,38.531,99.92,1.605,4.578,0.000
24,ec.gp.GPIndividual@738623643{3384108},3C_20_66-01.txt,7.322,0.250,1.831,3,3.656,199.74,1.219,4.578,0.000
24,ec.gp.GPIndividual@738623643{3384108},3C_20_66-03.txt,118.340,0.250,29.585,2,0.344,1.16,0.172,4.578,0.000
24,ec.gp.GPIndividual@738623643{3384108},3C_20_66-02.txt,154.245,0.250,38.561,13,38.172,98.99,2.936,7.734,0.000
24,ec.gp.GPIndividual@738623643{3384108},3C_20_80-01.txt,4.194,0.250,1.049,1,0.531,50.66,0.531,7.734,0.000
24,ec.gp.GPIndividual@738623643{3384108},3C_20_80-02.txt,35.738,0.250,8.935,3,16.641,186.25,5.547,12.656,0.000
24,ec.gp.GPIndividual@738623643{3384108},3C_20_66-02.txt,154.245,0.250,38.561,1,4.891,12.68,4.891,12.656,0.000
24,ec.gp.GPIndividual@738623643{3384108},3C_20_66-03.txt,118.340,0.250,29.585,4,17.984,60.79,4.496,13.797,0.000
24,ec.gp.GPIndividual@738623643{3384108},3C_20_66-02.txt,154.245,0.250,38.561,1,14.844,38.49,14.844,14.844,0.000
24,ec.gp.GPIndividual@738623643{3384108},3C_20_66-02.txt,154.245,0.250,38.561,19,38.797,100.61,2.042,14.844,0.000
24,ec.gp.GPIndividual@738623643{3384108},3C_20_80-01.txt,4.194,0.250,1.049,1,9.234,880.62,9.234,14.844,0.000
24,ec.gp.GPIndividual@738623643{3384108},3C_20_66-01.txt,7.322,0.250,1.831,2,1.859,101.57,0.930,14.844,0.000
24,ec.gp.GPIndividual@738623643{3384108},3C_20_66-03.txt,118.340,0.250,29.585,1,1.328,4.49,1.328,14.844,0.000
24,ec.gp.GPIndividual@738623643{3384108},3C_20_66-03.txt,118.340,0.250,29.585,3,4.250,14.37,1.417,14.844,0.000
24,ec.gp.GPIndividual@738623643{3384108},3C_20_66-03.txt,118.340,0.250,29.585,4,5.547,18.75,1.387,14.844,0.000
24,ec.gp.GPIndividual@738623643{3384108},3C_20_80-02.txt,35.738,0.250,8.935,1,9.516,106.50,9.516,14.844,0.000
24,ec.gp.GPIndividual@738623643{3384108},3C_20_80-03.txt,169.439,0.250,42.360,13,45.172,106.64,3.475,14.844,0.000
24,ec.gp.GPIndividual@738623643{3384108},3C_20_80-01.txt,4.194,0.250,1.049,1,0.500,47.68,0.500,14.844,0.000
24,ec.gp.GPIndividual@739081510{977963393},3C_20_50-02.txt,61.404,0.250,15.351,1,0.000,0.00,0.000,0.000,0.000
24,ec.gp.GPIndividual@739081510{977963393},3C_20_50-03.txt,30.993,0.250,7.748,1,0.000,0.00,0.000,0.000,0.000
24,ec.gp.GPIndividual@739081510{977963393},3C_20_66-01.txt,7.322,0.250,1.831,1,0.000,0.00,0.000,0.000,0.000
24,ec.gp.GPIndividual@739081510{977963393},3C_20_66-02.txt,154.245,0.250,38.561,1,0.000,0.00,0.000,0.000,0.000
24,ec.gp.GPIndividual@739081510{977963393},3C_20_66-03.txt,118.340,0.250,29.585,1,0.000,0.00,0.000,0.000,0.000
24,ec.gp.GPIndividual@739081510{977963393},3C_20_80-01.txt,4.194,0.250,1.049,1,0.000,0.00,0.000,0.000,0.000
24,ec.gp.GPIndividual@739081510{977963393},3C_20_80-02.txt,35.738,0.250,8.935,1,0.000,0.00,0.000,0.000,0.000
24,ec.gp.GPIndividual@739081510{977963393},3C_20_80-03.txt,169.439,0.250,42.360,1,0.000,0.00,0.000,0.000,0.000
24,ec.gp.GPIndividual@956415672{938407308},3C_20_50-02.txt,61.404,0.250,15.351,5,6.609,43.05,1.322,2.984,0.344
24,ec.gp.GPIndividual@956415672{938407308},3C_20_80-01.txt,4.194,0.250,1.049,1,1.953,186.26,1.953,2.984,0.344
24,ec.gp.GPIndividual@956415672{938407308},3C_20_50-03.txt,30.993,0.250,7.748,3,6.453,83.29,2.151,4.359,0.344
24,ec.gp.GPIndividual@956415672{938407308},3C_20_80-01.txt,4.194,0.250,1.049,2,1.547,147.52,0.773,4.359,0.344
24,ec.gp.GPIndividual@956415672{938407308},3C_20_80-02.txt,35.738,0.250,8.935,1,0.156,1.75,0.156,4.359,0.156
24,ec.gp.GPIndividual@956415672{938407308},3C_20_80-02.txt,35.738,0.250,8.935,1,2.313,25.88,2.313,4.359,0.156
24,ec.gp.GPIndividual@956415672{938407308},3C_20_80-02.txt,35.738,0.250,8.935,1,5.141,57.54,5.141,5.141,0.156
24,ec.gp.GPIndividual@956415672{938407308},3C_20_80-03.txt,169.439,0.250,42.360,15,41.078,96.97,2.739,15.156,0.156
24,ec.gp.GPIndividual@956415672{938407308},3C_20_80-03.txt,169.439,0.250,42.360,10,42.156,99.52,4.216,15.156,0.000
24,ec.gp.GPIndividual@956415672{938407308},3C_20_66-02.txt,154.245,0.250,38.561,1,4.078,10.58,4.078,15.156,0.000
24,ec.gp.GPIndividual@956415672{938407308},3C_20_66-01.txt,7.322,0.250,1.831,1,7.250,396.06,7.250,15.156,0.000
24,ec.gp.GPIndividual@1949227810{560934286},3C_20_50-02.txt,61.404,0.250,15.351,1,11.500,74.91,11.500,11.500,11.500
24,ec.gp.GPIndividual@1949227810{560934286},3C_20_80-03.txt,169.439,0.250,42.360,1,13.469,31.80,13.469,13.469,11.500
24,ec.gp.GPIndividual@1949227810{560934286},3C_20_80-03.txt,169.439,0.250,42.360,3,16.141,38.10,5.380,14.828,0.484
24,ec.gp.GPIndividual@83650059{1014006595},3C_20_50-02.txt,61.404,0.250,15.351,10,15.656,101.99,1.566,2.500,0.484
24,ec.gp.GPIndividual@83650059{1014006595},3C_20_50-03.txt,30.993,0.250,7.748,4,10.500,135.52,2.625,5.891,0.484
24,ec.gp.GPIndividual@1846267053{-2113684970},3C_20_50-02.txt,61.404,0.250,15.351,1,0.000,0.00,0.000,0.000,0.000
24,ec.gp.GPIndividual@1846267053{-2113684970},3C_20_50-03.txt,30.993,0.250,7.748,1,0.000,0.00,0.000,0.000,0.000
24,ec.gp.GPIndividual@1846267053{-2113684970},3C_20_66-01.txt,7.322,0.250,1.831,1,0.000,0.00,0.000,0.000,0.000
24,ec.gp.GPIndividual@1846267053{-2113684970},3C_20_66-02.txt,154.245,0.250,38.561,1,0.000,0.00,0.000,0.000,0.000
24,ec.gp.GPIndividual@1846267053{-2113684970},3C_20_66-03.txt,118.340,0.250,29.585,1,0.000,0.00,0.000,0.000,0.000
24,ec.gp.GPIndividual@1846267053{-2113684970},3C_20_80-01.txt,4.194,0.250,1.049,1,0.000,0.00,0.000,0.000,0.000
24,ec.gp.GPIndividual@1846267053{-2113684970},3C_20_80-02.txt,35.738,0.250,8.935,1,0.000,0.00,0.000,0.000,0.000
24,ec.gp.GPIndividual@1846267053{-2113684970},3C_20_80-03.txt,169.439,0.250,42.360,1,0.000,0.00,0.000,0.000,0.000
24,ec.gp.GPIndividual@784017921{-2078912240},3C_20_50-02.txt,61.404,0.250,15.351,0,0.000,0.00,0.000,0.000,0.000
24,ec.gp.GPIndividual@784017921{-2078912240},3C_20_50-03.txt,30.993,0.250,7.748,0,0.000,0.00,0.000,0.000,0.000
24,ec.gp.GPIndividual@784017921{-2078912240},3C_20_66-01.txt,7.322,0.250,1.831,0,0.000,0.00,0.000,0.000,0.000
24,ec.gp.GPIndividual@784017921{-2078912240},3C_20_66-02.txt,154.245,0.250,38.561,0,0.000,0.00,0.000,0.000,0.000
24,ec.gp.GPIndividual@784017921{-2078912240},3C_20_66-03.txt,118.340,0.250,29.585,0,0.000,0.00,0.000,0.000,0.000
24,ec.gp.GPIndividual@784017921{-2078912240},3C_20_80-01.txt,4.194,0.250,1.049,0,0.000,0.00,0.000,0.000,0.000
24,ec.gp.GPIndividual@784017921{-2078912240},3C_20_80-02.txt,35.738,0.250,8.935,0,0.000,0.00,0.000,0.000,0.000
24,ec.gp.GPIndividual@784017921{-2078912240},3C_20_80-03.txt,169.439,0.250,42.360,0,0.000,0.00,0.000,0.000,0.000
24,ec.gp.GPIndividual@384731264{-2071436622},3C_20_50-02.txt,61.404,0.250,15.351,6,10.516,68.50,1.753,5.906,0.000
24,ec.gp.GPIndividual@384731264{-2071436622},3C_20_50-03.txt,30.993,0.250,7.748,6,8.750,112.93,1.458,5.906,0.000
24,ec.gp.GPIndividual@384731264{-2071436622},3C_20_50-03.txt,30.993,0.250,7.748,1,0.156,2.02,0.156,5.906,0.000
24,ec.gp.GPIndividual@384731264{-2071436622},3C_20_66-03.txt,118.340,0.250,29.585,2,5.094,17.22,2.547,5.906,0.000
24,ec.gp.GPIndividual@384731264{-2071436622},3C_20_66-02.txt,154.245,0.250,38.561,1,3.797,9.85,3.797,5.906,0.000
24,ec.gp.GPIndividual@1494114310{1362929554},3C_20_50-02.txt,61.404,0.250,15.351,7,17.063,111.15,2.438,4.656,0.500
24,ec.gp.GPIndividual@1494114310{1362929554},3C_20_66-01.txt,7.322,0.250,1.831,1,1.828,99.87,1.828,4.656,0.500
24,ec.gp.GPIndividual@1494114310{1362929554},3C_20_66-01.txt,7.322,0.250,1.831,1,2.672,145.96,2.672,4.656,0.500
24,ec.gp.GPIndividual@1494114310{1362929554},3C_20_50-03.txt,30.993,0.250,7.748,2,5.734,74.01,2.867,4.656,0.500
24,ec.gp.GPIndividual@1494114310{1362929554},3C_20_66-03.txt,118.340,0.250,29.585,8,14.266,48.22,1.783,6.016,0.500
24,ec.gp.GPIndividual@1494114310{1362929554},3C_20_66-02.txt,154.245,0.250,38.561,10,32.016,83.03,3.202,6.797,0.500
24,ec.gp.GPIndividual@1494114310{1362929554},3C_20_66-03.txt,118.340,0.250,29.585,2,6.750,22.82,3.375,6.797,0.500
24,ec.gp.GPIndividual@1494114310{1362929554},3C_20_66-01.txt,7.322,0.250,1.831,7,1.969,107.55,0.281,6.797,0.000
24,ec.gp.GPIndividual@1494114310{1362929554},3C_20_66-02.txt,154.245,0.250,38.561,5,39.688,102.92,7.938,12.734,0.000
24,ec.gp.GPIndividual@1494114310{1362929554},3C_20_66-02.txt,154.245,0.250,38.561,4,16.969,44.00,4.242,12.734,0.000
24,ec.gp.GPIndividual@1494114310{1362929554},3C_20_80-01.txt,4.194,0.250,1.049,1,2.719,259.27,2.719,12.734,0.000
24,ec.gp.GPIndividual@1494114310{1362929554},3C_20_66-03.txt,118.340,0.250,29.585,9,29.625,100.14,3.292,12.734,0.000
24,ec.gp.GPIndividual@1494114310{1362929554},3C_20_66-03.txt,118.340,0.250,29.585,1,6.422,21.71,6.422,12.734,0.000
24,ec.gp.GPIndividual@1494114310{1362929554},3C_20_80-01.txt,4.194,0.250,1.049,1,4.250,405.29,4.250,12.734,0.000
24,ec.gp.GPIndividual@1494114310{1362929554},3C_20_80-02.txt,35.738,0.250,8.935,2,2.828,31.65,1.414,12.734,0.000
24,ec.gp.GPIndividual@1494114310{1362929554},3C_20_80-01.txt,4.194,0.250,1.049,1,8.188,780.79,8.188,12.734,0.000
24,ec.gp.GPIndividual@1494114310{1362929554},3C_20_66-01.txt,7.322,0.250,1.831,4,1.906,104.14,0.477,12.734,0.000
24,ec.gp.GPIndividual@1494114310{1362929554},3C_20_80-02.txt,35.738,0.250,8.935,7,9.609,107.55,1.373,12.734,0.000
24,ec.gp.GPIndividual@1494114310{1362929554},3C_20_80-03.txt,169.439,0.250,42.360,1,0.703,1.66,0.703,12.734,0.000
24,ec.gp.GPIndividual@1494114310{1362929554},3C_20_80-03.txt,169.439,0.250,42.360,1,13.422,31.69,13.422,13.422,0.000
24,ec.gp.GPIndividual@1494114310{1362929554},3C_20_80-01.txt,4.194,0.250,1.049,1,1.203,114.73,1.203,13.422,0.000
24,ec.gp.GPIndividual@1494114310{1362929554},3C_20_80-02.txt,35.738,0.250,8.935,4,8.281,92.69,2.070,13.422,0.000
24,ec.gp.GPIndividual@1494114310{1362929554},3C_20_80-01.txt,4.194,0.250,1.049,1,1.266,120.69,1.266,13.422,0.000
24,ec.gp.GPIndividual@1494114310{1362929554},3C_20_66-02.txt,154.245,0.250,38.561,4,5.266,13.66,1.316,13.422,0.000
24,ec.gp.GPIndividual@1494114310{1362929554},3C_20_80-02.txt,35.738,0.250,8.935,6,9.469,105.98,1.578,13.422,0.000
24,ec.gp.GPIndividual@1494114310{1362929554},3C_20_66-03.txt,118.340,0.250,29.585,2,2.578,8.71,1.289,13.422,0.000
24,ec.gp.GPIndividual@1494114310{1362929554},3C_20_80-03.txt,169.439,0.250,42.360,2,6.703,15.82,3.352,13.422,0.000
24,ec.gp.GPIndividual@1494114310{1362929554},3C_20_80-02.txt,35.738,0.250,8.935,4,8.859,99.16,2.215,13.422,0.000
24,ec.gp.GPIndividual@2086955345{1476683764},3C_20_50-02.txt,61.404,0.250,15.351,1,0.719,4.68,0.719,0.719,0.719
24,ec.gp.GPIndividual@2086955345{1476683764},3C_20_80-03.txt,169.439,0.250,42.360,14,39.984,94.39,2.856,6.438,0.328
24,ec.gp.GPIndividual@2086955345{1476683764},3C_20_80-01.txt,4.194,0.250,1.049,4,1.047,99.83,0.262,6.438,0.000
24,ec.gp.GPIndividual@2086955345{1476683764},3C_20_80-02.txt,35.738,0.250,8.935,1,3.250,36.38,3.250,6.438,0.000
24,ec.gp.GPIndividual@2086955345{1476683764},3C_20_50-03.txt,30.993,0.250,7.748,1,4.531,58.48,4.531,6.438,0.000
24,ec.gp.GPIndividual@2086955345{1476683764},3C_20_80-03.txt,169.439,0.250,42.360,1,5.250,12.39,5.250,6.438,0.000
24,ec.gp.GPIndividual@1018813238{-394187862},3C_20_50-02.txt,61.404,0.250,15.351,2,15.219,99.14,7.609,14.766,0.453
24,ec.gp.GPIndividual@1268840200{-1962865269},3C_20_50-02.txt,61.404,0.250,15.351,7,22.438,146.16,3.205,11.656,0.500
24,ec.gp.GPIndividual@1563203527{-540700265},3C_20_50-02.txt,61.404,0.250,15.351,6,16.063,104.63,2.677,6.219,0.500
24,ec.gp.GPIndividual@461525758{783256219},3C_20_50-02.txt,61.404,0.250,15.351,3,3.766,24.53,1.255,1.906,0.453
24,ec.gp.GPIndividual@461525758{783256219},3C_20_50-03.txt,30.993,0.250,7.748,3,7.141,92.16,2.380,2.969,0.453
24,ec.gp.GPIndividual@461525758{783256219},3C_20_50-03.txt,30.993,0.250,7.748,4,6.344,81.87,1.586,3.125,0.000
24,ec.gp.GPIndividual@461525758{783256219},3C_20_80-03.txt,169.439,0.250,42.360,1,1.953,4.61,1.953,3.125,0.000
24,ec.gp.GPIndividual@461525758{783256219},3C_20_50-03.txt,30.993,0.250,7.748,2,4.438,57.27,2.219,3.203,0.000
24,ec.gp.GPIndividual@461525758{783256219},3C_20_66-01.txt,7.322,0.250,1.831,1,2.328,127.18,2.328,3.203,0.000
24,ec.gp.GPIndividual@461525758{783256219},3C_20_50-03.txt,30.993,0.250,7.748,3,6.031,77.84,2.010,3.203,0.000
24,ec.gp.GPIndividual@461525758{783256219},3C_20_66-01.txt,7.322,0.250,1.831,2,1.406,76.82,0.703,3.203,0.000
24,ec.gp.GPIndividual@461525758{783256219},3C_20_66-02.txt,154.245,0.250,38.561,5,9.953,25.81,1.991,3.203,0.000
24,ec.gp.GPIndividual@461525758{783256219},3C_20_66-02.txt,154.245,0.250,38.561,6,21.047,54.58,3.508,5.828,0.000
24,ec.gp.GPIndividual@461525758{783256219},3C_20_66-01.txt,7.322,0.250,1.831,2,1.734,94.75,0.867,5.828,0.000
24,ec.gp.GPIndividual@461525758{783256219},3C_20_66-03.txt,118.340,0.250,29.585,2,5.688,19.22,2.844,5.828,0.000
24,ec.gp.GPIndividual@461525758{783256219},3C_20_66-03.txt,118.340,0.250,29.585,8,32.313,109.22,4.039,7.547,0.000
24,ec.gp.GPIndividual@461525758{783256219},3C_20_66-01.txt,7.322,0.250,1.831,2,2.703,147.67,1.352,7.547,0.000
24,ec.gp.GPIndividual@461525758{783256219},3C_20_80-01.txt,4.194,0.250,1.049,2,1.031,98.34,0.516,7.547,0.000
24,ec.gp.GPIndividual@461525758{783256219},3C_20_66-02.txt,154.245,0.250,38.561,2,12.453,32.29,6.227,12.125,0.000
24,ec.gp.GPIndividual@1498798505{39674148},3C_20_50-02.txt,61.404,0.250,15.351,2,3.828,24.94,1.914,3.484,0.344
24,ec.gp.GPIndividual@1498798505{39674148},3C_20_80-01.txt,4.194,0.250,1.049,2,1.563,149.01,0.781,3.484,0.344
24,ec.gp.GPIndividual@1498798505{39674148},3C_20_80-02.txt,35.738,0.250,8.935,4,5.875,65.76,1.469,3.484,0.344
24,ec.gp.GPIndividual@1498798505{39674148},3C_20_80-02.txt,35.738,0.250,8.935,4,12.469,139.56,3.117,7.016,0.344
24,ec.gp.GPIndividual@1498798505{39674148},3C_20_66-01.txt,7.322,0.250,1.831,1,1.422,77.67,1.422,7.016,0.344
24,ec.gp.GPIndividual@1498798505{39674148},3C_20_80-03.txt,169.439,0.250,42.360,6,15.734,37.14,2.622,10.047,0.000
24,ec.gp.GPIndividual@1498798505{39674148},3C_20_50-03.txt,30.993,0.250,7.748,6,7.406,95.59,1.234,10.047,0.000
24,ec.gp.GPIndividual@1498798505{39674148},3C_20_80-03.txt,169.439,0.250,42.360,2,2.625,6.20,1.313,10.047,0.000
24,ec.gp.GPIndividual@1498798505{39674148},3C_20_66-02.txt,154.245,0.250,38.561,2,4.766,12.36,2.383,10.047,0.000
24,ec.gp.GPIndividual@1498798505{39674148},3C_20_66-03.txt,118.340,0.250,29.585,8,29.844,100.87,3.730,10.047,0.000
24,ec.gp.GPIndividual@1498798505{39674148},3C_20_80-01.txt,4.194,0.250,1.049,3,1.047,99.83,0.349,10.047,0.000
24,ec.gp.GPIndividual@1498798505{39674148},3C_20_80-02.txt,35.738,0.250,8.935,1,13.031,145.85,13.031,13.031,0.000
24,ec.gp.GPIndividual@1498798505{39674148},3C_20_66-02.txt,154.245,0.250,38.561,2,5.313,13.78,2.656,13.031,0.000
24,ec.gp.GPIndividual@1711901418{1515912899},3C_20_50-02.txt,61.404,0.250,15.351,4,18.359,119.60,4.590,9.516,0.484
24,ec.gp.GPIndividual@1736485681{550922544},3C_20_50-02.txt,61.404,0.250,15.351,7,9.984,65.04,1.426,2.641,0.000
24,ec.gp.GPIndividual@1736485681{550922544},3C_20_66-01.txt,7.322,0.250,1.831,1,1.953,106.70,1.953,2.641,0.000
24,ec.gp.GPIndividual@1736485681{550922544},3C_20_50-03.txt,30.993,0.250,7.748,6,8.766,113.13,1.461,2.641,0.000
24,ec.gp.GPIndividual@1736485681{550922544},3C_20_80-03.txt,169.439,0.250,42.360,2,1.203,2.84,0.602,2.641,0.000
24,ec.gp.GPIndividual@1736485681{550922544},3C_20_66-03.txt,118.340,0.250,29.585,9,37.953,128.29,4.217,14.875,0.000
24,ec.gp.GPIndividual@1736485681{550922544},3C_20_66-03.txt,118.340,0.250,29.585,5,33.141,112.02,6.628,14.875,0.000
24,ec.gp.GPIndividual@1736485681{550922544},3C_20_66-01.txt,7.322,0.250,1.831,3,1.781,97.31,0.594,14.875,0.000
24,ec.gp.GPIndividual@1736485681{550922544},3C_20_66-02.txt,154.245,0.250,38.561,3,5.203,13.49,1.734,14.875,0.000
24,ec.gp.GPIndividual@1736485681{550922544},3C_20_50-03.txt,30.993,0.250,7.748,2,9.031,116.56,4.516,14.875,0.000
24,ec.gp.GPIndividual@1736485681{550922544},3C_20_80-01.txt,4.194,0.250,1.049,1,4.969,473.84,4.969,14.875,0.000
24,ec.gp.GPIndividual@1736485681{550922544},3C_20_80-01.txt,4.194,0.250,1.049,1,1.547,147.52,1.547,14.875,0.000
24,ec.gp.GPIndividual@1736485681{550922544},3C_20_66-02.txt,154.245,0.250,38.561,13,29.563,76.66,2.274,14.875,0.000
24,ec.gp.GPIndividual@270886884{-937352785},3C_20_50-02.txt,61.404,0.250,15.351,8,15.750,102.60,1.969,4.391,0.344
24,ec.gp.GPIndividual@270886884{-937352785},3C_20_50-03.txt,30.993,0.250,7.748,5,7.766,100.23,1.553,4.391,0.125
24,ec.gp.GPIndividual@270886884{-937352785},3C_20_66-03.txt,118.340,0.250,29.585,2,1.734,5.86,0.867,4.391,0.125
24,ec.gp.GPIndividual@270886884{-937352785},3C_20_80-02.txt,35.738,0.250,8.935,1,4.781,53.51,4.781,4.781,0.125
24,ec.gp.GPIndividual@270886884{-937352785},3C_20_66-03.txt,118.340,0.250,29.585,4,11.203,37.87,2.801,4.781,0.125
24,ec.gp.GPIndividual@270886884{-937352785},3C_20_80-02.txt,35.738,0.250,8.935,4,11.141,124.69,2.785,6.156,0.125
24,ec.gp.GPIndividual@270886884{-937352785},3C_20_80-01.txt,4.194,0.250,1.049,1,4.375,417.21,4.375,6.156,0.125
24,ec.gp.GPIndividual@270886884{-937352785},3C_20_66-01.txt,7.322,0.250,1.831,3,1.891,103.28,0.630,6.156,0.125
24,ec.gp.GPIndividual@270886884{-937352785},3C_20_80-03.txt,169.439,0.250,42.360,5,10.500,24.79,2.100,6.250,0.125
24,ec.gp.GPIndividual@270886884{-937352785},3C_20_66-02.txt,154.245,0.250,38.561,7,19.531,50.65,2.790,7.094,0.125
24,ec.gp.GPIndividual@270886884{-937352785},3C_20_66-03.txt,118.340,0.250,29.585,6,29.531,99.82,4.922,9.250,0.125
24,ec.gp.GPIndividual@270886884{-937352785},3C_20_80-01.txt,4.194,0.250,1.049,4,9.391,895.52,2.348,9.250,0.125
24,ec.gp.GPIndividual@270886884{-937352785},3C_20_80-01.txt,4.194,0.250,1.049,1,1.953,186.26,1.953,9.250,0.125
24,ec.gp.GPIndividual@270886884{-937352785},3C_20_80-02.txt,35.738,0.250,8.935,5,5.938,66.46,1.188,9.250,0.125
24,ec.gp.GPIndividual@270886884{-937352785},3C_20_80-02.txt,35.738,0.250,8.935,2,11.484,128.54,5.742,9.406,0.125
24,ec.gp.GPIndividual@1404740799{-554006178},3C_20_50-02.txt,61.404,0.250,15.351,2,14.703,95.78,7.352,14.172,0.531
24,ec.gp.GPIndividual@1404740799{-554006178},3C_20_80-03.txt,169.439,0.250,42.360,4,7.266,17.15,1.816,14.172,0.531
24,ec.gp.GPIndividual@1404740799{-554006178},3C_20_80-03.txt,169.439,0.250,42.360,9,27.172,64.15,3.019,14.172,0.531
24,ec.gp.GPIndividual@216471208{1853452327},3C_20_50-02.txt,61.404,0.250,15.351,2,15.609,101.68,7.805,15.328,0.281
24,ec.gp.GPIndividual@216471208{1853452327},3C_20_66-01.txt,7.322,0.250,1.831,1,3.188,174.13,3.188,15.328,0.281
24,ec.gp.GPIndividual@216471208{1853452327},3C_20_66-01.txt,7.322,0.250,1.831,2,1.844,100.72,0.922,15.328,0.281
24,ec.gp.GPIndividual@216471208{1853452327},3C_20_66-02.txt,154.245,0.250,38.561,1,0.438,1.13,0.438,15.328,0.281
24,ec.gp.GPIndividual@216471208{1853452327},3C_20_80-03.txt,169.439,0.250,42.360,16,38.156,90.08,2.385,15.328,0.281
24,ec.gp.GPIndividual@216471208{1853452327},3C_20_50-03.txt,30.993,0.250,7.748,1,5.656,73.00,5.656,15.328,0.281
24,ec.gp.GPIndividual@1050031534{-795840451},3C_20_50-02.txt,61.404,0.250,15.351,4,16.672,108.60,4.168,11.203,0.281
24,ec.gp.GPIndividual@1050031534{-795840451},3C_20_80-03.txt,169.439,0.250,42.360,2,7.891,18.63,3.945,11.203,0.000
24,ec.gp.GPIndividual@1050031534{-795840451},3C_20_66-02.txt,154.245,0.250,38.561,5,7.844,20.34,1.569,11.203,0.000
24,ec.gp.GPIndividual@1050031534{-795840451},3C_20_50-03.txt,30.993,0.250,7.748,1,4.625,59.69,4.625,11.203,0.000
24,ec.gp.GPIndividual@1050031534{-795840451},3C_20_66-03.txt,118.340,0.250,29.585,10,29.766,100.61,2.977,11.203,0.000
24,ec.gp.GPIndividual@1050031534{-795840451},3C_20_66-01.txt,7.322,0.250,1.831,4,1.500,81.94,0.375,11.203,0.000
24,ec.gp.GPIndividual@1050031534{-795840451},3C_20_66-02.txt,154.245,0.250,38.561,5,10.703,27.76,2.141,11.203,0.000
24,ec.gp.GPIndividual@1050031534{-795840451},3C_20_66-03.txt,118.340,0.250,29.585,6,19.344,65.38,3.224,11.203,0.000
24,ec.gp.GPIndividual@1050031534{-795840451},3C_20_66-01.txt,7.322,0.250,1.831,1,5.188,283.39,5.188,11.203,0.000
24,ec.gp.GPIndividual@1050031534{-795840451},3C_20_80-01.txt,4.194,0.250,1.049,1,1.328,126.65,1.328,11.203,0.000
24,ec.gp.GPIndividual@1050031534{-795840451},3C_20_66-03.txt,118.340,0.250,29.585,4,3.469,11.72,0.867,11.203,0.000
24,ec.gp.GPIndividual@1050031534{-795840451},3C_20_66-02.txt,154.245,0.250,38.561,3,11.906,30.88,3.969,11.203,0.000
24,ec.gp.GPIndividual@419073434{1588274637},3C_20_50-02.txt,61.404,0.250,15.351,12,14.891,97.00,1.241,3.422,0.203
24,ec.gp.GPIndividual@419073434{1588274637},3C_20_80-02.txt,35.738,0.250,8.935,4,7.047,78.87,1.762,4.344,0.000
24,ec.gp.GPIndividual@2132008755{1401370962},3C_20_50-02.txt,61.404,0.250,15.351,5,7.453,48.55,1.491,5.297,0.109
24,ec.gp.GPIndividual@2132008755{1401370962},3C_20_50-03.txt,30.993,0.250,7.748,3,4.969,64.13,1.656,5.297,0.109
24,ec.gp.GPIndividual@2132008755{1401370962},3C_20_66-01.txt,7.322,0.250,1.831,6,1.625,88.77,0.271,5.297,0.000
24,ec.gp.GPIndividual@2132008755{1401370962},3C_20_66-02.txt,154.245,0.250,38.561,3,17.328,44.94,5.776,16.297,0.000
24,ec.gp.GPIndividual@1301663623{885966850},3C_20_50-02.txt,61.404,0.250,15.351,3,0.594,3.87,0.198,0.328,0.031
24,ec.gp.GPIndividual@1301663623{885966850},3C_20_50-03.txt,30.993,0.250,7.748,3,2.781,35.90,0.927,1.234,0.031
24,ec.gp.GPIndividual@1301663623{885966850},3C_20_66-01.txt,7.322,0.250,1.831,1,0.125,6.83,0.125,1.234,0.031
24,ec.gp.GPIndividual@1301663623{885966850},3C_20_66-02.txt,154.245,0.250,38.561,3,0.719,1.86,0.240,1.234,0.031
24,ec.gp.GPIndividual@1301663623{885966850},3C_20_66-03.txt,118.340,0.250,29.585,1,0.797,2.69,0.797,1.234,0.031
24,ec.gp.GPIndividual@1301663623{885966850},3C_20_80-01.txt,4.194,0.250,1.049,1,0.172,16.39,0.172,1.234,0.031
24,ec.gp.GPIndividual@1301663623{885966850},3C_20_80-02.txt,35.738,0.250,8.935,1,0.250,2.80,0.250,1.234,0.031
24,ec.gp.GPIndividual@1301663623{885966850},3C_20_80-03.txt,169.439,0.250,42.360,1,0.781,1.84,0.781,1.234,0.031
24,ec.gp.GPIndividual@308550021{1295570354},3C_20_50-02.txt,61.404,0.250,15.351,1,0.000,0.00,0.000,0.000,0.000
24,ec.gp.GPIndividual@308550021{1295570354},3C_20_50-03.txt,30.993,0.250,7.748,1,0.000,0.00,0.000,0.000,0.000
24,ec.gp.GPIndividual@308550021{1295570354},3C_20_66-01.txt,7.322,0.250,1.831,1,0.000,0.00,0.000,0.000,0.000
24,ec.gp.GPIndividual@308550021{1295570354},3C_20_66-02.txt,154.245,0.250,38.561,1,0.000,0.00,0.000,0.000,0.000
24,ec.gp.GPIndividual@308550021{1295570354},3C_20_66-03.txt,118.340,0.250,29.585,1,0.000,0.00,0.000,0.000,0.000
24,ec.gp.GPIndividual@308550021{1295570354},3C_20_80-01.txt,4.194,0.250,1.049,1,0.000,0.00,0.000,0.000,0.000
24,ec.gp.GPIndividual@308550021{1295570354},3C_20_80-02.txt,35.738,0.250,8.935,1,0.000,0.00,0.000,0.000,0.000
24,ec.gp.GPIndividual@308550021{1295570354},3C_20_80-03.txt,169.439,0.250,42.360,1,0.000,0.00,0.000,0.000,0.000
25,ec.gp.GPIndividual@345573283{1852342155},3C_20_50-02.txt,61.404,0.250,15.351,0,0.000,0.00,0.000,0.000,0.000
25,ec.gp.GPIndividual@345573283{1852342155},3C_20_50-03.txt,30.993,0.250,7.748,0,0.000,0.00,0.000,0.000,0.000
25,ec.gp.GPIndividual@345573283{1852342155},3C_20_66-01.txt,7.322,0.250,1.831,0,0.000,0.00,0.000,0.000,0.000
25,ec.gp.GPIndividual@345573283{1852342155},3C_20_66-02.txt,154.245,0.250,38.561,0,0.000,0.00,0.000,0.000,0.000
25,ec.gp.GPIndividual@345573283{1852342155},3C_20_66-03.txt,118.340,0.250,29.585,0,0.000,0.00,0.000,0.000,0.000
25,ec.gp.GPIndividual@345573283{1852342155},3C_20_80-01.txt,4.194,0.250,1.049,0,0.000,0.00,0.000,0.000,0.000
25,ec.gp.GPIndividual@345573283{1852342155},3C_20_80-02.txt,35.738,0.250,8.935,0,0.000,0.00,0.000,0.000,0.000
25,ec.gp.GPIndividual@345573283{1852342155},3C_20_80-03.txt,169.439,0.250,42.360,0,0.000,0.00,0.000,0.000,0.000
25,ec.gp.GPIndividual@422830944{1092232357},3C_20_50-02.txt,61.404,0.250,15.351,0,0.000,0.00,0.000,0.000,0.000
25,ec.gp.GPIndividual@422830944{1092232357},3C_20_50-03.txt,30.993,0.250,7.748,0,0.000,0.00,0.000,0.000,0.000
25,ec.gp.GPIndividual@422830944{1092232357},3C_20_66-01.txt,7.322,0.250,1.831,0,0.000,0.00,0.000,0.000,0.000
25,ec.gp.GPIndividual@422830944{1092232357},3C_20_66-02.txt,154.245,0.250,38.561,0,0.000,0.00,0.000,0.000,0.000
25,ec.gp.GPIndividual@422830944{1092232357},3C_20_66-03.txt,118.340,0.250,29.585,0,0.000,0.00,0.000,0.000,0.000
25,ec.gp.GPIndividual@422830944{1092232357},3C_20_80-01.txt,4.194,0.250,1.049,0,0.000,0.00,0.000,0.000,0.000
25,ec.gp.GPIndividual@422830944{1092232357},3C_20_80-02.txt,35.738,0.250,8.935,0,0.000,0.00,0.000,0.000,0.000
25,ec.gp.GPIndividual@422830944{1092232357},3C_20_80-03.txt,169.439,0.250,42.360,0,0.000,0.00,0.000,0.000,0.000
25,ec.gp.GPIndividual@1805777691{45628350},3C_20_50-02.txt,61.404,0.250,15.351,15,14.859,96.80,0.991,1.891,0.000
25,ec.gp.GPIndividual@1805777691{45628350},3C_20_50-03.txt,30.993,0.250,7.748,4,8.875,114.54,2.219,2.422,0.000
25,ec.gp.GPIndividual@1805777691{45628350},3C_20_50-03.txt,30.993,0.250,7.748,4,4.656,60.10,1.164,2.422,0.000
25,ec.gp.GPIndividual@1805777691{45628350},3C_20_50-03.txt,30.993,0.250,7.748,4,7.813,100.83,1.953,3.203,0.000
25,ec.gp.GPIndividual@1805777691{45628350},3C_20_66-01.txt,7.322,0.250,1.831,1,2.000,109.26,2.000,3.203,0.000
25,ec.gp.GPIndividual@1805777691{45628350},3C_20_50-03.txt,30.993,0.250,7.748,3,5.406,69.77,1.802,3.203,0.000
25,ec.gp.GPIndividual@1805777691{45628350},3C_20_50-03.txt,30.993,0.250,7.748,1,2.250,29.04,2.250,3.203,0.000
25,ec.gp.GPIndividual@1805777691{45628350},3C_20_50-03.txt,30.993,0.250,7.748,5,6.938,89.54,1.388,3.203,0.000
25,ec.gp.GPIndividual@1805777691{45628350},3C_20_66-01.txt,7.322,0.250,1.831,1,3.203,174.98,3.203,3.203,0.000
25,ec.gp.GPIndividual@1805777691{45628350},3C_20_66-01.txt,7.322,0.250,1.831,2,1.781,97.31,0.891,3.203,0.000
25,ec.gp.GPIndividual@1805777691{45628350},3C_20_66-02.txt,154.245,0.250,38.561,22,38.438,99.68,1.747,4.563,0.000
25,ec.gp.GPIndividual@1805777691{45628350},3C_20_66-02.txt,154.245,0.250,38.561,1,1.391,3.61,1.391,4.563,0.000
25,ec.gp.GPIndividual@1805777691{45628350},3C_20_66-03.txt,118.340,0.250,29.585,5,14.031,47.43,2.806,5.281,0.000
25,ec.gp.GPIndividual@1805777691{45628350},3C_20_66-01.txt,7.322,0.250,1.831,2,1.625,88.77,0.813,5.281,0.000
25,ec.gp.GPIndividual@1805777691{45628350},3C_20_66-03.txt,118.340,0.250,29.585,7,25.828,87.30,3.690,7.500,0.000
25,ec.gp.GPIndividual@1805777691{45628350},3C_20_66-01.txt,7.322,0.250,1.831,2,4.453,243.27,2.227,7.500,0.000
25,ec.gp.GPIndividual@1805777691{45628350},3C_20_80-01.txt,4.194,0.250,1.049,1,1.391,132.61,1.391,7.500,0.000
25,ec.gp.GPIndividual@1805777691{45628350},3C_20_66-02.txt,154.245,0.250,38.561,4,8.094,20.99,2.023,7.500,0.000
25,ec.gp.GPIndividual@1805777691{45628350},3C_20_66-02.txt,154.245,0.250,38.561,3,12.891,33.43,4.297,11.641,0.000
25,ec.gp.GPIndividual@1805777691{45628350},3C_20_66-02.txt,154.245,0.250,38.561,2,7.625,19.77,3.813,11.641,0.000
25,ec.gp.GPIndividual@1805777691{45628350},3C_20_66-01.txt,7.322,0.250,1.831,2,1.719,93.89,0.859,11.641,0.000
25,ec.gp.GPIndividual@1805777691{45628350},3C_20_80-02.txt,35.738,0.250,8.935,5,10.797,120.84,2.159,11.641,0.000
25,ec.gp.GPIndividual@1805777691{45628350},3C_20_66-03.txt,118.340,0.250,29.585,1,0.344,1.16,0.344,11.641,0.000
25,ec.gp.GPIndividual@1805777691{45628350},3C_20_66-03.txt,118.340,0.250,29.585,4,6.297,21.28,1.574,11.641,0.000
25,ec.gp.GPIndividual@1805777691{45628350},3C_20_80-01.txt,4.194,0.250,1.049,1,1.250,119.20,1.250,11.641,0.000
25,ec.gp.GPIndividual@1805777691{45628350},3C_20_66-03.txt,118.340,0.250,29.585,13,31.031,104.89,2.387,11.641,0.000
25,ec.gp.GPIndividual@1805777691{45628350},3C_20_80-01.txt,4.194,0.250,1.049,2,4.266,406.78,2.133,11.641,0.000
25,ec.gp.GPIndividual@1805777691{45628350},3C_20_80-02.txt,35.738,0.250,8.935,2,3.063,34.28,1.531,11.641,0.000
25,ec.gp.GPIndividual@1805777691{45628350},3C_20_80-01.txt,4.194,0.250,1.049,2,2.422,230.96,1.211,11.641,0.000
25,ec.gp.GPIndividual@1805777691{45628350},3C_20_80-03.txt,169.439,0.250,42.360,3,5.016,11.84,1.672,11.641,0.000
25,ec.gp.GPIndividual@1805777691{45628350},3C_20_80-02.txt,35.738,0.250,8.935,5,8.516,95.31,1.703,11.641,0.000
25,ec.gp.GPIndividual@1805777691{45628350},3C_20_80-02.txt,35.738,0.250,8.935,1,0.891,9.97,0.891,11.641,0.000
25,ec.gp.GPIndividual@1805777691{45628350},3C_20_80-03.txt,169.439,0.250,42.360,13,39.141,92.40,3.011,11.641,0.000
25,ec.gp.GPIndividual@1345904562{-1245183673},3C_20_50-02.txt,61.404,0.250,15.351,1,2.781,18.12,2.781,2.781,2.781
25,ec.gp.GPIndividual@1345904562{-1245183673},3C_20_80-03.txt,169.439,0.250,42.360,2,9.641,22.76,4.820,9.141,0.500
25,ec.gp.GPIndividual@1160896432{1879543941},3C_20_50-02.txt,61.404,0.250,15.351,2,22.297,145.25,11.148,15.719,6.578
25,ec.gp.GPIndividual@1160896432{1879543941},3C_20_80-01.txt,4.194,0.250,1.049,2,2.297,219.04,1.148,15.719,0.516
25,ec.gp.GPIndividual@1160896432{1879543941},3C_20_50-03.txt,30.993,0.250,7.748,4,15.438,199.24,3.859,15.719,0.313
25,ec.gp.GPIndividual@1160896432{1879543941},3C_20_66-02.txt,154.245,0.250,38.561,2,5.578,14.47,2.789,15.719,0.313
25,ec.gp.GPIndividual@1160896432{1879543941},3C_20_80-03.txt,169.439,0.250,42.360,5,15.781,37.26,3.156,15.719,0.313
25,ec.gp.GPIndividual@1160896432{1879543941},3C_20_50-03.txt,30.993,0.250,7.748,4,7.422,95.79,1.855,15.719,0.313
25,ec.gp.GPIndividual@1160896432{1879543941},3C_20_80-02.txt,35.738,0.250,8.935,4,9.875,110.53,2.469,15.719,0.313
25,ec.gp.GPIndividual@1160896432{1879543941},3C_20_66-03.txt,118.340,0.250,29.585,5,10.453,35.33,2.091,15.719,0.000
25,ec.gp.GPIndividual@1160896432{1879543941},3C_20_66-01.txt,7.322,0.250,1.831,2,1.422,77.67,0.711,15.719,0.000
25,ec.gp.GPIndividual@1160896432{1879543941},3C_20_66-02.txt,154.245,0.250,38.561,10,35.219,91.33,3.522,15.719,0.000
25,ec.gp.GPIndividual@1494951327{-1929035881},3C_20_50-02.txt,61.404,0.250,15.351,5,15.250,99.34,3.050,9.313,0.313
25,ec.gp.GPIndividual@1494951327{-1929035881},3C_20_80-01.txt,4.194,0.250,1.049,1,1.891,180.30,1.891,9.313,0.313
25,ec.gp.GPIndividual@1494951327{-1929035881},3C_20_50-03.txt,30.993,0.250,7.748,1,5.797,74.82,5.797,9.313,0.313
25,ec.gp.GPIndividual@1494951327{-1929035881},3C_20_66-01.txt,7.322,0.250,1.831,2,2.156,117.79,1.078,9.313,0.313
25,ec.gp.GPIndividual@1494951327{-1929035881},3C_20_66-03.txt,118.340,0.250,29.585,2,2.531,8.56,1.266,9.313,0.313
25,ec.gp.GPIndividual@1606939281{1132457712},3C_20_50-02.txt,61.404,0.250,15.351,8,11.547,75.22,1.443,3.125,0.469
25,ec.gp.GPIndividual@1606939281{1132457712},3C_20_80-02.txt,35.738,0.250,8.935,1,7.125,79.75,7.125,7.125,0.469
25,ec.gp.GPIndividual@1606939281{1132457712},3C_20_80-03.txt,169.439,0.250,42.360,14,40.516,95.65,2.894,7.125,0.469
25,ec.gp.GPIndividual@1606939281{1132457712},3C_20_66-01.txt,7.322,0.250,1.831,1,1.984,108.40,1.984,7.125,0.469
25,ec.gp.GPIndividual@1606939281{1132457712},3C_20_80-03.txt,169.439,0.250,42.360,2,4.656,10.99,2.328,7.125,0.469
25,ec.gp.GPIndividual@1606939281{1132457712},3C_20_80-01.txt,4.194,0.250,1.049,1,1.094,104.30,1.094,7.125,0.469
25,ec.gp.GPIndividual@1606939281{1132457712},3C_20_66-02.txt,154.245,0.250,38.561,2,5.859,15.19,2.930,7.125,0.469
25,ec.gp.GPIndividual@551133174{778771651},3C_20_50-02.txt,61.404,0.250,15.351,4,12.516,81.53,3.129,8.422,0.359
25,ec.gp.GPIndividual@551133174{778771651},3C_20_50-03.txt,30.993,0.250,7.748,4,10.625,137.13,2.656,8.422,0.359
25,ec.gp.GPIndividual@1329192340{1371419943},3C_20_50-02.txt,61.404,0.250,15.351,2,2.297,14.96,1.148,1.781,0.516
25,ec.gp.GPIndividual@1329192340{1371419943},3C_20_50-03.txt,30.993,0.250,7.748,1,1.234,15.93,1.234,1.781,0.516
25,ec.gp.GPIndividual@1329192340{1371419943},3C_20_66-03.txt,118.340,0.250,29.585,2,16.656,56.30,8.328,14.063,0.516
25,ec.gp.GPIndividual@1329192340{1371419943},3C_20_80-02.txt,35.738,0.250,8.935,5,8.797,98.46,1.759,14.063,0.156
25,ec.gp.GPIndividual@1329192340{1371419943},3C_20_80-03.txt,169.439,0.250,42.360,1,3.141,7.41,3.141,14.063,0.156
25,ec.gp.GPIndividual@1329192340{1371419943},3C_20_66-01.txt,7.322,0.250,1.831,1,2.484,135.72,2.484,14.063,0.156
25,ec.gp.GPIndividual@1329192340{1371419943},3C_20_66-01.txt,7.322,0.250,1.831,1,1.016,55.48,1.016,14.063,0.156
25,ec.gp.GPIndividual@1329192340{1371419943},3C_20_50-03.txt,30.993,0.250,7.748,1,0.859,11.09,0.859,14.063,0.156
25,ec.gp.GPIndividual@1329192340{1371419943},3C_20_66-02.txt,154.245,0.250,38.561,6,17.719,45.95,2.953,14.063,0.156
25,ec.gp.GPIndividual@1329192340{1371419943},3C_20_66-02.txt,154.245,0.250,38.561,8,20.875,54.13,2.609,14.063,0.156
25,ec.gp.GPIndividual@1329192340{1371419943},3C_20_66-03.txt,118.340,0.250,29.585,6,17.109,57.83,2.852,14.063,0.156
25,ec.gp.GPIndividual@1329192340{1371419943},3C_20_80-01.txt,4.194,0.250,1.049,1,0.563,53.64,0.563,14.063,0.156
25,ec.gp.GPIndividual@1329192340{1371419943},3C_20_80-02.txt,35.738,0.250,8.935,1,7.656,85.69,7.656,14.063,0.156
25,ec.gp.GPIndividual@1329192340{1371419943},3C_20_80-01.txt,4.194,0.250,1.049,3,1.063,101.32,0.354,14.063,0.156
25,ec.gp.GPIndividual@1329192340{1371419943},3C_20_80-02.txt,35.738,0.250,8.935,2,9.453,105.80,4.727,14.063,0.156
25,ec.gp.GPIndividual@1329192340{1371419943},3C_20_80-03.txt,169.439,0.250,42.360,1,10.828,25.56,10.828,14.063,0.156
25,ec.gp.GPIndividual@1771305181{938384965},3C_20_50-02.txt,61.404,0.250,15.351,2,10.781,70.23,5.391,10.109,0.672
25,ec.gp.GPIndividual@1771305181{938384965},3C_20_66-01.txt,7.322,0.250,1.831,2,2.516,137.42,1.258,10.109,0.469
25,ec.gp.GPIndividual@1771305181{938384965},3C_20_80-03.txt,169.439,0.250,42.360,4,4.641,10.96,1.160,10.109,0.469
25,ec.gp.GPIndividual@1771305181{938384965},3C_20_66-02.txt,154.245,0.250,38.561,3,10.844,28.12,3.615,10.109,0.469
25,ec.gp.GPIndividual@1771305181{938384965},3C_20_66-03.txt,118.340,0.250,29.585,3,9.734,32.90,3.245,10.109,0.469
25,ec.gp.GPIndividual@1821193298{1879543941},3C_20_50-02.txt,61.404,0.250,15.351,1,2.484,16.18,2.484,2.484,2.484
25,ec.gp.GPIndividual@1821193298{1879543941},3C_20_50-03.txt,30.993,0.250,7.748,4,8.547,110.31,2.137,5.813,0.328
25,ec.gp.GPIndividual@982589644{-607036194},3C_20_50-02.txt,61.404,0.250,15.351,8,18.109,117.97,2.264,5.828,0.531
25,ec.gp.GPIndividual@982589644{-607036194},3C_20_80-01.txt,4.194,0.250,1.049,1,2.344,223.51,2.344,5.828,0.531
25,ec.gp.GPIndividual@982589644{-607036194},3C_20_50-03.txt,30.993,0.250,7.748,1,1.234,15.93,1.234,5.828,0.531
25,ec.gp.GPIndividual@982589644{-607036194},3C_20_50-03.txt,30.993,0.250,7.748,5,9.641,124.42,1.928,5.828,0.484
25,ec.gp.GPIndividual@982589644{-607036194},3C_20_66-02.txt,154.245,0.250,38.561,1,0.906,2.35,0.906,5.828,0.484
25,ec.gp.GPIndividual@982589644{-607036194},3C_20_80-02.txt,35.738,0.250,8.935,2,1.234,13.82,0.617,5.828,0.000
25,ec.gp.GPIndividual@982589644{-607036194},3C_20_66-01.txt,7.322,0.250,1.831,1,2.313,126.33,2.313,5.828,0.000
25,ec.gp.GPIndividual@982589644{-607036194},3C_20_66-03.txt,118.340,0.250,29.585,14,30.688,103.73,2.192,5.828,0.000
25,ec.gp.GPIndividual@982589644{-607036194},3C_20_66-01.txt,7.322,0.250,1.831,2,2.219,121.21,1.109,5.828,0.000
25,ec.gp.GPIndividual@982589644{-607036194},3C_20_66-02.txt,154.245,0.250,38.561,5,12.281,31.85,2.456,6.344,0.000
25,ec.gp.GPIndividual@982589644{-607036194},3C_20_66-01.txt,7.322,0.250,1.831,2,2.547,139.13,1.273,6.344,0.000
25,ec.gp.GPIndividual@982589644{-607036194},3C_20_66-03.txt,118.340,0.250,29.585,2,1.141,3.86,0.570,6.344,0.000
25,ec.gp.GPIndividual@982589644{-607036194},3C_20_66-02.txt,154.245,0.250,38.561,19,40.625,105.35,2.138,6.344,0.000
25,ec.gp.GPIndividual@982589644{-607036194},3C_20_66-03.txt,118.340,0.250,29.585,1,0.719,2.43,0.719,6.344,0.000
25,ec.gp.GPIndividual@982589644{-607036194},3C_20_80-01.txt,4.194,0.250,1.049,1,2.125,202.65,2.125,6.344,0.000
25,ec.gp.GPIndividual@982589644{-607036194},3C_20_66-03.txt,118.340,0.250,29.585,4,19.453,65.75,4.863,11.734,0.000
25,ec.gp.GPIndividual@982589644{-607036194},3C_20_80-01.txt,4.194,0.250,1.049,1,1.828,174.34,1.828,11.734,0.000
25,ec.gp.GPIndividual@982589644{-607036194},3C_20_80-02.txt,35.738,0.250,8.935,2,15.281,171.04,7.641,14.766,0.000
25,ec.gp.GPIndividual@982589644{-607036194},3C_20_80-03.txt,169.439,0.250,42.360,12,42.750,100.92,3.563,14.766,0.000
25,ec.gp.GPIndividual@982589644{-607036194},3C_20_80-02.txt,35.738,0.250,8.935,2,7.359,82.37,3.680,14.766,0.000
25,ec.gp.GPIndividual@1241889277{-473251561},3C_20_50-02.txt,61.404,0.250,15.351,2,3.328,21.68,1.664,1.750,1.578
25,ec.gp.GPIndividual@1241889277{-473251561},3C_20_66-02.txt,154.245,0.250,38.561,6,13.813,35.82,2.302,5.375,0.328
25,ec.gp.GPIndividual@1241889277{-473251561},3C_20_80-01.txt,4.194,0.250,1.049,1,1.469,140.06,1.469,5.375,0.328
25,ec.gp.GPIndividual@1241889277{-473251561},3C_20_80-03.txt,169.439,0.250,42.360,4,11.750,27.74,2.938,7.438,0.328
25,ec.gp.GPIndividual@1241889277{-473251561},3C_20_80-01.txt,4.194,0.250,1.049,1,5.484,523.01,5.484,7.438,0.328
25,ec.gp.GPIndividual@1241889277{-473251561},3C_20_80-03.txt,169.439,0.250,42.360,16,39.563,93.40,2.473,7.438,0.328
25,ec.gp.GPIndividual@1241889277{-473251561},3C_20_80-02.txt,35.738,0.250,8.935,1,2.391,26.76,2.391,7.438,0.328
25,ec.gp.GPIndividual@1241889277{-473251561},3C_20_80-02.txt,35.738,0.250,8.935,1,5.125,57.36,5.125,7.438,0.328
25,ec.gp.GPIndividual@1185243951{-312392708},3C_20_50-02.txt,61.404,0.250,15.351,6,17.531,114.20,2.922,9.094,0.531
25,ec.gp.GPIndividual@2062128152{1422877925},3C_20_50-02.txt,61.404,0.250,15.351,4,26.391,171.91,6.598,12.891,0.484
25,ec.gp.GPIndividual@2062128152{1422877925},3C_20_66-03.txt,118.340,0.250,29.585,1,0.328,1.11,0.328,12.891,0.328
25,ec.gp.GPIndividual@2062128152{1422877925},3C_20_50-03.txt,30.993,0.250,7.748,7,7.547,97.40,1.078,12.891,0.000
25,ec.gp.GPIndividual@2062128152{1422877925},3C_20_50-03.txt,30.993,0.250,7.748,5,8.641,111.52,1.728,12.891,0.000
25,ec.gp.GPIndividual@2062128152{1422877925},3C_20_80-03.txt,169.439,0.250,42.360,1,1.813,4.28,1.813,12.891,0.000
25,ec.gp.GPIndividual@2062128152{1422877925},3C_20_80-03.txt,169.439,0.250,42.360,3,2.656,6.27,0.885,12.891,0.000
25,ec.gp.GPIndividual@2062128152{1422877925},3C_20_50-03.txt,30.993,0.250,7.748,2,9.016,116.36,4.508,12.891,0.000
25,ec.gp.GPIndividual@2062128152{1422877925},3C_20_80-01.txt,4.194,0.250,1.049,2,0.891,84.93,0.445,12.891,0.000
25,ec.gp.GPIndividual@2062128152{1422877925},3C_20_80-02.txt,35.738,0.250,8.935,3,9.516,106.50,3.172,12.891,0.000
25,ec.gp.GPIndividual@2062128152{1422877925},3C_20_66-01.txt,7.322,0.250,1.831,1,2.125,116.09,2.125,12.891,0.000
25,ec.gp.GPIndividual@2062128152{1422877925},3C_20_80-03.txt,169.439,0.250,42.360,5,11.094,26.19,2.219,12.891,0.000
25,ec.gp.GPIndividual@2062128152{1422877925},3C_20_66-01.txt,7.322,0.250,1.831,1,6.016,328.62,6.016,12.891,0.000
25,ec.gp.GPIndividual@187179005{1397903672},3C_20_50-02.txt,61.404,0.250,15.351,10,14.813,96.49,1.481,4.625,0.359
25,ec.gp.GPIndividual@187179005{1397903672},3C_20_66-01.txt,7.322,0.250,1.831,3,4.141,226.20,1.380,4.625,0.359
25,ec.gp.GPIndividual@187179005{1397903672},3C_20_50-03.txt,30.993,0.250,7.748,1,0.156,2.02,0.156,4.625,0.156
25,ec.gp.GPIndividual@187179005{1397903672},3C_20_66-02.txt,154.245,0.250,38.561,15,44.734,116.01,2.982,13.813,0.156
25,ec.gp.GPIndividual@1788148256{1422877925},3C_20_50-02.txt,61.404,0.250,15.351,5,17.172,111.86,3.434,10.109,0.500
25,ec.gp.GPIndividual@1788148256{1422877925},3C_20_66-02.txt,154.245,0.250,38.561,2,19.047,49.39,9.523,12.766,0.500
25,ec.gp.GPIndividual@134983210{-353307915},3C_20_50-02.txt,61.404,0.250,15.351,5,15.672,102.09,3.134,5.734,0.516
25,ec.gp.GPIndividual@134983210{-353307915},3C_20_66-01.txt,7.322,0.250,1.831,1,1.984,108.40,1.984,5.734,0.516
25,ec.gp.GPIndividual@134983210{-353307915},3C_20_50-03.txt,30.993,0.250,7.748,3,3.938,50.82,1.313,5.734,0.516
25,ec.gp.GPIndividual@134983210{-353307915},3C_20_66-03.txt,118.340,0.250,29.585,12,29.047,98.18,2.421,6.734,0.516
25,ec.gp.GPIndividual@134983210{-353307915},3C_20_66-01.txt,7.322,0.250,1.831,1,12.938,706.76,12.938,12.938,0.516
25,ec.gp.GPIndividual@134983210{-353307915},3C_20_66-02.txt,154.245,0.250,38.561,4,9.906,25.69,2.477,12.938,0.516
25,ec.gp.GPIndividual@134983210{-353307915},3C_20_66-03.txt,118.340,0.250,29.585,3,18.234,61.63,6.078,12.938,0.516
25,ec.gp.GPIndividual@134983210{-353307915},3C_20_50-03.txt,30.993,0.250,7.748,3,6.609,85.30,2.203,12.938,0.516
25,ec.gp.GPIndividual@134983210{-353307915},3C_20_80-01.txt,4.194,0.250,1.049,2,1.922,183.28,0.961,12.938,0.500
25,ec.gp.GPIndividual@134983210{-353307915},3C_20_80-02.txt,35.738,0.250,8.935,0,0.000,0.00,0.000,12.938,0.500
25,ec.gp.GPIndividual@134983210{-353307915},3C_20_66-02.txt,154.245,0.250,38.561,15,43.406,112.56,2.894,12.938,0.500
25,ec.gp.GPIndividual@134983210{-353307915},3C_20_66-02.txt,154.245,0.250,38.561,3,5.922,15.36,1.974,12.938,0.500
25,ec.gp.GPIndividual@134983210{-353307915},3C_20_80-01.txt,4.194,0.250,1.049,1,1.656,157.95,1.656,12.938,0.500
25,ec.gp.GPIndividual@134983210{-353307915},3C_20_66-03.txt,118.340,0.250,29.585,6,17.984,60.79,2.997,12.938,0.469
25,ec.gp.GPIndividual@134983210{-353307915},3C_20_66-03.txt,118.340,0.250,29.585,8,31.141,105.26,3.893,12.938,0.469
25,ec.gp.GPIndividual@134983210{-353307915},3C_20_80-01.txt,4.194,0.250,1.049,2,1.172,111.75,0.586,12.938,0.141
25,ec.gp.GPIndividual@134983210{-353307915},3C_20_80-02.txt,35.738,0.250,8.935,4,7.219,80.80,1.805,12.938,0.141
25,ec.gp.GPIndividual@134983210{-353307915},3C_20_66-01.txt,7.322,0.250,1.831,1,2.094,114.38,2.094,12.938,0.141
25,ec.gp.GPIndividual@134983210{-353307915},3C_20_80-03.txt,169.439,0.250,42.360,2,2.422,5.72,1.211,12.938,0.141
25,ec.gp.GPIndividual@134983210{-353307915},3C_20_80-02.txt,35.738,0.250,8.935,2,2.984,33.40,1.492,12.938,0.141
25,ec.gp.GPIndividual@134983210{-353307915},3C_20_80-01.txt,4.194,0.250,1.049,2,14.578,1390.22,7.289,14.047,0.141
25,ec.gp.GPIndividual@134983210{-353307915},3C_20_80-03.txt,169.439,0.250,42.360,2,7.172,16.93,3.586,14.047,0.141
25,ec.gp.GPIndividual@134983210{-353307915},3C_20_66-03.txt,118.340,0.250,29.585,0,0.000,0.00,0.000,14.047,0.141
25,ec.gp.GPIndividual@134983210{-353307915},3C_20_80-02.txt,35.738,0.250,8.935,6,8.688,97.24,1.448,14.047,0.141
25,ec.gp.GPIndividual@134983210{-353307915},3C_20_80-03.txt,169.439,0.250,42.360,11,40.031,94.50,3.639,14.047,0.141
25,ec.gp.GPIndividual@878217093{803368461},3C_20_50-02.txt,61.404,0.250,15.351,1,2.594,16.90,2.594,2.594,2.594
25,ec.gp.GPIndividual@878217093{803368461},3C_20_80-01.txt,4.194,0.250,1.049,4,1.484,141.55,0.371,2.594,0.172
25,ec.gp.GPIndividual@878217093{803368461},3C_20_80-02.txt,35.738,0.250,8.935,1,6.563,73.45,6.563,6.563,0.172
25,ec.gp.GPIndividual@878217093{803368461},3C_20_80-03.txt,169.439,0.250,42.360,5,29.047,68.57,5.809,13.672,0.172
25,ec.gp.GPIndividual@2105812568{21694404},3C_20_50-02.txt,61.404,0.250,15.351,9,17.375,113.18,1.931,4.813,0.406
25,ec.gp.GPIndividual@907047667{-492383185},3C_20_50-02.txt,61.404,0.250,15.351,7,21.578,140.56,3.083,11.359,0.406
25,ec.gp.GPIndividual@115305338{-2117589242},3C_20_50-02.txt,61.404,0.250,15.351,4,7.766,50.59,1.941,3.453,0.281
25,ec.gp.GPIndividual@115305338{-2117589242},3C_20_50-03.txt,30.993,0.250,7.748,2,7.234,93.37,3.617,5.703,0.281
25,ec.gp.GPIndividual@115305338{-2117589242},3C_20_66-03.txt,118.340,0.250,29.585,4,12.359,41.78,3.090,5.703,0.281
25,ec.gp.GPIndividual@115305338{-2117589242},3C_20_66-01.txt,7.322,0.250,1.831,2,2.875,157.06,1.438,5.703,0.281
25,ec.gp.GPIndividual@115305338{-2117589242},3C_20_50-03.txt,30.993,0.250,7.748,4,7.016,90.55,1.754,5.703,0.281
25,ec.gp.GPIndividual@115305338{-2117589242},3C_20_66-02.txt,154.245,0.250,38.561,2,4.453,11.55,2.227,5.703,0.281
25,ec.gp.GPIndividual@115305338{-2117589242},3C_20_80-01.txt,4.194,0.250,1.049,4,0.875,83.44,0.219,5.703,0.000
25,ec.gp.GPIndividual@115305338{-2117589242},3C_20_80-02.txt,35.738,0.250,8.935,5,8.359,93.56,1.672,5.703,0.000
25,ec.gp.GPIndividual@115305338{-2117589242},3C_20_66-03.txt,118.340,0.250,29.585,2,3.438,11.62,1.719,5.703,0.000
25,ec.gp.GPIndividual@115305338{-2117589242},3C_20_80-03.txt,169.439,0.250,42.360,7,37.359,88.20,5.337,10.813,0.000
25,ec.gp.GPIndividual@115305338{-2117589242},3C_20_66-01.txt,7.322,0.250,1.831,1,7.359,402.03,7.359,10.813,0.000
25,ec.gp.GPIndividual@115305338{-2117589242},3C_20_66-01.txt,7.322,0.250,1.831,3,2.063,112.67,0.688,10.813,0.000
25,ec.gp.GPIndividual@115305338{-2117589242},3C_20_66-02.txt,154.245,0.250,38.561,1,5.328,13.82,5.328,10.813,0.000
25,ec.gp.GPIndividual@913071310{-2078489945},3C_20_50-02.txt,61.404,0.250,15.351,4,4.266,27.79,1.066,1.906,0.438
25,ec.gp.GPIndividual@913071310{-2078489945},3C_20_66-02.txt,154.245,0.250,38.561,1,4.125,10.70,4.125,4.125,0.438
25,ec.gp.GPIndividual@913071310{-2078489945},3C_20_80-01.txt,4.194,0.250,1.049,1,1.328,126.65,1.328,4.125,0.438
25,ec.gp.GPIndividual@913071310{-2078489945},3C_20_50-03.txt,30.993,0.250,7.748,3,11.969,154.47,3.990,10.484,0.438
25,ec.gp.GPIndividual@913071310{-2078489945},3C_20_50-03.txt,30.993,0.250,7.748,7,10.391,134.10,1.484,10.484,0.438
25,ec.gp.GPIndividual@913071310{-2078489945},3C_20_66-01.txt,7.322,0.250,1.831,1,0.281,15.36,0.281,10.484,0.281
25,ec.gp.GPIndividual@913071310{-2078489945},3C_20_66-03.txt,118.340,0.250,29.585,1,0.859,2.90,0.859,10.484,0.281
25,ec.gp.GPIndividual@913071310{-2078489945},3C_20_66-03.txt,118.340,0.250,29.585,1,1.141,3.86,1.141,10.484,0.281
25,ec.gp.GPIndividual@913071310{-2078489945},3C_20_80-02.txt,35.738,0.250,8.935,5,9.000,100.73,1.800,10.484,0.281
25,ec.gp.GPIndividual@913071310{-2078489945},3C_20_66-01.txt,7.322,0.250,1.831,2,1.938,105.84,0.969,10.484,0.281
25,ec.gp.GPIndividual@913071310{-2078489945},3C_20_80-03.txt,169.439,0.250,42.360,1,0.406,0.96,0.406,10.484,0.281
25,ec.gp.GPIndividual@913071310{-2078489945},3C_20_66-02.txt,154.245,0.250,38.561,15,34.750,90.12,2.317,10.484,0.281
25,ec.gp.GPIndividual@879721292{463792960},3C_20_50-02.txt,61.404,0.250,15.351,4,11.719,76.34,2.930,6.672,0.297
25,ec.gp.GPIndividual@879721292{463792960},3C_20_80-01.txt,4.194,0.250,1.049,4,0.859,81.95,0.215,6.672,0.000
25,ec.gp.GPIndividual@879721292{463792960},3C_20_80-02.txt,35.738,0.250,8.935,1,7.734,86.57,7.734,7.734,0.000
25,ec.gp.GPIndividual@879721292{463792960},3C_20_80-01.txt,4.194,0.250,1.049,1,8.125,774.83,8.125,8.125,0.000
25,ec.gp.GPIndividual@879721292{463792960},3C_20_66-02.txt,154.245,0.250,38.561,1,1.844,4.78,1.844,8.125,0.000
25,ec.gp.GPIndividual@879721292{463792960},3C_20_50-03.txt,30.993,0.250,7.748,7,7.453,96.19,1.065,8.125,0.000
25,ec.gp.GPIndividual@879721292{463792960},3C_20_80-02.txt,35.738,0.250,8.935,1,4.797,53.69,4.797,8.125,0.000
25,ec.gp.GPIndividual@879721292{463792960},3C_20_66-03.txt,118.340,0.250,29.585,1,0.734,2.48,0.734,8.125,0.000
25,ec.gp.GPIndividual@879721292{463792960},3C_20_80-03.txt,169.439,0.250,42.360,15,35.266,83.25,2.351,8.125,0.000
25,ec.gp.GPIndividual@879721292{463792960},3C_20_66-01.txt,7.322,0.250,1.831,1,0.609,33.29,0.609,8.125,0.000
25,ec.gp.GPIndividual@879721292{463792960},3C_20_66-02.txt,154.245,0.250,38.561,2,7.984,20.71,3.992,8.125,0.000
25,ec.gp.GPIndividual@879721292{463792960},3C_20_80-03.txt,169.439,0.250,42.360,1,4.906,11.58,4.906,8.125,0.000
25,ec.gp.GPIndividual@879721292{463792960},3C_20_80-01.txt,4.194,0.250,1.049,1,1.172,111.75,1.172,8.125,0.000
25,ec.gp.GPIndividual@879721292{463792960},3C_20_66-03.txt,118.340,0.250,29.585,2,9.484,32.06,4.742,8.938,0.000
25,ec.gp.GPIndividual@1148902505{627476557},3C_20_50-02.txt,61.404,0.250,15.351,5,16.344,106.47,3.269,12.234,0.313
25,ec.gp.GPIndividual@1148902505{627476557},3C_20_66-03.txt,118.340,0.250,29.585,3,11.766,39.77,3.922,12.234,0.313
25,ec.gp.GPIndividual@1148902505{627476557},3C_20_80-01.txt,4.194,0.250,1.049,2,3.656,348.67,1.828,12.234,0.313
25,ec.gp.GPIndividual@1148902505{627476557},3C_20_80-02.txt,35.738,0.250,8.935,2,0.281,3.15,0.141,12.234,0.000
25,ec.gp.GPIndividual@1148902505{627476557},3C_20_80-02.txt,35.738,0.250,8.935,3,5.547,62.08,1.849,12.234,0.000
25,ec.gp.GPIndividual@1148902505{627476557},3C_20_80-03.txt,169.439,0.250,42.360,3,8.703,20.55,2.901,12.234,0.000
25,ec.gp.GPIndividual@1148902505{627476557},3C_20_50-03.txt,30.993,0.250,7.748,5,11.047,142.57,2.209,12.234,0.000
25,ec.gp.GPIndividual@1111751466{-1601186995},3C_20_50-02.txt,61.404,0.250,15.351,15,16.766,109.21,1.118,3.422,0.234
25,ec.gp.GPIndividual@1111751466{-1601186995},3C_20_50-03.txt,30.993,0.250,7.748,1,0.094,1.21,0.094,3.422,0.094
25,ec.gp.GPIndividual@1111751466{-1601186995},3C_20_80-03.txt,169.439,0.250,42.360,1,0.313,0.74,0.313,3.422,0.094
25,ec.gp.GPIndividual@1111751466{-1601186995},3C_20_66-03.txt,118.340,0.250,29.585,1,3.031,10.25,3.031,3.422,0.094
25,ec.gp.GPIndividual@549711564{1163454993},3C_20_50-02.txt,61.404,0.250,15.351,7,6.797,44.28,0.971,4.531,0.000
25,ec.gp.GPIndividual@549711564{1163454993},3C_20_80-02.txt,35.738,0.250,8.935,8,9.859,110.35,1.232,4.531,0.000
25,ec.gp.GPIndividual@549711564{1163454993},3C_20_66-01.txt,7.322,0.250,1.831,2,2.578,140.84,1.289,4.531,0.000
25,ec.gp.GPIndividual@549711564{1163454993},3C_20_50-03.txt,30.993,0.250,7.748,2,1.969,25.41,0.984,4.531,0.000
25,ec.gp.GPIndividual@549711564{1163454993},3C_20_80-03.txt,169.439,0.250,42.360,8,27.594,65.14,3.449,14.609,0.000
25,ec.gp.GPIndividual@1160670223{-423764346},3C_20_50-02.txt,61.404,0.250,15.351,1,15.516,101.07,15.516,15.516,15.516
25,ec.gp.GPIndividual@1160670223{-423764346},3C_20_66-02.txt,154.245,0.250,38.561,11,27.547,71.44,2.504,15.516,0.141
25,ec.gp.GPIndividual@1160670223{-423764346},3C_20_66-01.txt,7.322,0.250,1.831,1,8.938,488.24,8.938,15.516,0.141
25,ec.gp.GPIndividual@1160670223{-423764346},3C_20_50-03.txt,30.993,0.250,7.748,2,9.063,116.96,4.531,15.516,0.141
25,ec.gp.GPIndividual@1160670223{-423764346},3C_20_66-03.txt,118.340,0.250,29.585,10,33.766,114.13,3.377,15.516,0.141
25,ec.gp.GPIndividual@1160670223{-423764346},3C_20_80-01.txt,4.194,0.250,1.049,5,2.938,280.13,0.588,15.516,0.078
25,ec.gp.GPIndividual@1160670223{-423764346},3C_20_66-02.txt,154.245,0.250,38.561,4,8.344,21.64,2.086,15.516,0.078
25,ec.gp.GPIndividual@1160670223{-423764346},3C_20_80-02.txt,35.738,0.250,8.935,10,7.828,87.62,0.783,15.516,0.078
25,ec.gp.GPIndividual@1160670223{-423764346},3C_20_66-03.txt,118.340,0.250,29.585,6,32.500,109.85,5.417,15.516,0.078
25,ec.gp.GPIndividual@1160670223{-423764346},3C_20_80-03.txt,169.439,0.250,42.360,1,9.734,22.98,9.734,15.516,0.078
25,ec.gp.GPIndividual@1160670223{-423764346},3C_20_80-01.txt,4.194,0.250,1.049,1,2.563,244.37,2.563,15.516,0.078
25,ec.gp.GPIndividual@163868813{1317417135},3C_20_50-02.txt,61.404,0.250,15.351,2,3.875,25.24,1.938,3.438,0.438
25,ec.gp.GPIndividual@163868813{1317417135},3C_20_66-01.txt,7.322,0.250,1.831,4,1.422,77.67,0.355,3.438,0.219
25,ec.gp.GPIndividual@163868813{1317417135},3C_20_80-02.txt,35.738,0.250,8.935,8,5.422,60.68,0.678,3.438,0.219
25,ec.gp.GPIndividual@163868813{1317417135},3C_20_50-03.txt,30.993,0.250,7.748,8,8.859,114.34,1.107,3.438,0.219
25,ec.gp.GPIndividual@163868813{1317417135},3C_20_66-02.txt,154.245,0.250,38.561,1,2.188,5.67,2.188,3.438,0.219
25,ec.gp.GPIndividual@163868813{1317417135},3C_20_80-03.txt,169.439,0.250,42.360,8,12.797,30.21,1.600,3.828,0.219
25,ec.gp.GPIndividual@163868813{1317417135},3C_20_66-01.txt,7.322,0.250,1.831,2,1.078,58.90,0.539,3.828,0.219
25,ec.gp.GPIndividual@163868813{1317417135},3C_20_66-02.txt,154.245,0.250,38.561,7,32.109,83.27,4.587,15.078,0.219
25,ec.gp.GPIndividual@1860827673{-417064182},3C_20_50-02.txt,61.404,0.250,15.351,5,7.422,48.35,1.484,5.359,0.094
25,ec.gp.GPIndividual@1860827673{-417064182},3C_20_50-03.txt,30.993,0.250,7.748,2,10.281,132.69,5.141,9.234,0.094
25,ec.gp.GPIndividual@1860827673{-417064182},3C_20_80-02.txt,35.738,0.250,8.935,7,6.172,69.08,0.882,9.234,0.094
25,ec.gp.GPIndividual@1860827673{-417064182},3C_20_66-01.txt,7.322,0.250,1.831,1,2.016,110.11,2.016,9.234,0.094
25,ec.gp.GPIndividual@1860827673{-417064182},3C_20_80-03.txt,169.439,0.250,42.360,10,44.969,106.16,4.497,15.781,0.094
25,ec.gp.GPIndividual@679461790{-912563246},3C_20_50-02.txt,61.404,0.250,15.351,3,1.688,10.99,0.563,1.047,0.094
25,ec.gp.GPIndividual@679461790{-912563246},3C_20_66-02.txt,154.245,0.250,38.561,10,33.141,85.94,3.314,14.500,0.094
25,ec.gp.GPIndividual@679461790{-912563246},3C_20_50-03.txt,30.993,0.250,7.748,2,10.078,130.07,5.039,14.500,0.094
25,ec.gp.GPIndividual@679461790{-912563246},3C_20_66-03.txt,118.340,0.250,29.585,7,25.250,85.35,3.607,14.500,0.094
25,ec.gp.GPIndividual@679461790{-912563246},3C_20_80-01.txt,4.194,0.250,1.049,2,0.656,62.58,0.328,14.500,0.094
25,ec.gp.GPIndividual@679461790{-912563246},3C_20_80-02.txt,35.738,0.250,8.935,6,8.891,99.51,1.482,14.500,0.094
25,ec.gp.GPIndividual@679461790{-912563246},3C_20_66-01.txt,7.322,0.250,1.831,2,0.641,35.00,0.320,14.500,0.094
25,ec.gp.GPIndividual@679461790{-912563246},3C_20_80-03.txt,169.439,0.250,42.360,7,29.547,69.75,4.221,15.953,0.094
25,ec.gp.GPIndividual@319866885{123008930},3C_20_50-02.txt,61.404,0.250,15.351,7,14.156,92.22,2.022,9.891,0.109
25,ec.gp.GPIndividual@319866885{123008930},3C_20_66-02.txt,154.245,0.250,38.561,8,31.875,82.66,3.984,13.000,0.109
25,ec.gp.GPIndividual@319866885{123008930},3C_20_50-03.txt,30.993,0.250,7.748,4,6.125,79.05,1.531,13.000,0.109
25,ec.gp.GPIndividual@319866885{123008930},3C_20_66-01.txt,7.322,0.250,1.831,4,8.891,485.68,2.223,13.000,0.109
25,ec.gp.GPIndividual@319866885{123008930},3C_20_66-03.txt,118.340,0.250,29.585,7,26.609,89.94,3.801,13.000,0.109
25,ec.gp.GPIndividual@319866885{123008930},3C_20_80-01.txt,4.194,0.250,1.049,3,0.828,78.97,0.276,13.000,0.109
25,ec.gp.GPIndividual@319866885{123008930},3C_20_80-02.txt,35.738,0.250,8.935,6,8.750,97.93,1.458,13.000,0.109
25,ec.gp.GPIndividual@319866885{123008930},3C_20_66-02.txt,154.245,0.250,38.561,3,1.500,3.89,0.500,13.000,0.109
25,ec.gp.GPIndividual@319866885{123008930},3C_20_80-03.txt,169.439,0.250,42.360,8,35.328,83.40,4.416,15.672,0.109
25,ec.gp.GPIndividual@1314388966{-1014528583},3C_20_50-02.txt,61.404,0.250,15.351,3,0.609,3.97,0.203,0.344,0.031
25,ec.gp.GPIndividual@1314388966{-1014528583},3C_20_50-03.txt,30.993,0.250,7.748,3,2.734,35.29,0.911,1.203,0.031
25,ec.gp.GPIndividual@1314388966{-1014528583},3C_20_66-01.txt,7.322,0.250,1.831,1,0.125,6.83,0.125,1.203,0.031
25,ec.gp.GPIndividual@1314388966{-1014528583},3C_20_66-02.txt,154.245,0.250,38.561,3,0.703,1.82,0.234,1.203,0.031
25,ec.gp.GPIndividual@1314388966{-1014528583},3C_20_66-03.txt,118.340,0.250,29.585,1,0.813,2.75,0.813,1.203,0.031
25,ec.gp.GPIndividual@1314388966{-1014528583},3C_20_80-01.txt,4.194,0.250,1.049,1,0.188,17.88,0.188,1.203,0.031
25,ec.gp.GPIndividual@1314388966{-1014528583},3C_20_80-02.txt,35.738,0.250,8.935,1,0.266,2.97,0.266,1.203,0.031
25,ec.gp.GPIndividual@1314388966{-1014528583},3C_20_80-03.txt,169.439,0.250,42.360,1,0.766,1.81,0.766,1.203,0.031
26,ec.gp.GPIndividual@2093437126{-613624964},3C_20_50-02.txt,61.404,0.250,15.351,0,0.000,0.00,0.000,0.000,0.000
26,ec.gp.GPIndividual@2093437126{-613624964},3C_20_50-03.txt,30.993,0.250,7.748,0,0.000,0.00,0.000,0.000,0.000
26,ec.gp.GPIndividual@2093437126{-613624964},3C_20_66-01.txt,7.322,0.250,1.831,0,0.000,0.00,0.000,0.000,0.000
26,ec.gp.GPIndividual@2093437126{-613624964},3C_20_66-02.txt,154.245,0.250,38.561,0,0.000,0.00,0.000,0.000,0.000
26,ec.gp.GPIndividual@2093437126{-613624964},3C_20_66-03.txt,118.340,0.250,29.585,0,0.000,0.00,0.000,0.000,0.000
26,ec.gp.GPIndividual@2093437126{-613624964},3C_20_80-01.txt,4.194,0.250,1.049,0,0.000,0.00,0.000,0.000,0.000
26,ec.gp.GPIndividual@2093437126{-613624964},3C_20_80-02.txt,35.738,0.250,8.935,0,0.000,0.00,0.000,0.000,0.000
26,ec.gp.GPIndividual@2093437126{-613624964},3C_20_80-03.txt,169.439,0.250,42.360,0,0.000,0.00,0.000,0.000,0.000
26,ec.gp.GPIndividual@1603060600{-1238851397},3C_20_50-02.txt,61.404,0.250,15.351,0,0.000,0.00,0.000,0.000,0.000
26,ec.gp.GPIndividual@1603060600{-1238851397},3C_20_50-03.txt,30.993,0.250,7.748,0,0.000,0.00,0.000,0.000,0.000
26,ec.gp.GPIndividual@1603060600{-1238851397},3C_20_66-01.txt,7.322,0.250,1.831,0,0.000,0.00,0.000,0.000,0.000
26,ec.gp.GPIndividual@1603060600{-1238851397},3C_20_66-02.txt,154.245,0.250,38.561,0,0.000,0.00,0.000,0.000,0.000
26,ec.gp.GPIndividual@1603060600{-1238851397},3C_20_66-03.txt,118.340,0.250,29.585,0,0.000,0.00,0.000,0.000,0.000
26,ec.gp.GPIndividual@1603060600{-1238851397},3C_20_80-01.txt,4.194,0.250,1.049,0,0.000,0.00,0.000,0.000,0.000
26,ec.gp.GPIndividual@1603060600{-1238851397},3C_20_80-02.txt,35.738,0.250,8.935,0,0.000,0.00,0.000,0.000,0.000
26,ec.gp.GPIndividual@1603060600{-1238851397},3C_20_80-03.txt,169.439,0.250,42.360,0,0.000,0.00,0.000,0.000,0.000
26,ec.gp.GPIndividual@1382297184{-2144702210},3C_20_50-02.txt,61.404,0.250,15.351,1,0.000,0.00,0.000,0.000,0.000
26,ec.gp.GPIndividual@1382297184{-2144702210},3C_20_50-03.txt,30.993,0.250,7.748,1,0.000,0.00,0.000,0.000,0.000
26,ec.gp.GPIndividual@1382297184{-2144702210},3C_20_66-01.txt,7.322,0.250,1.831,1,0.000,0.00,0.000,0.000,0.000
26,ec.gp.GPIndividual@1382297184{-2144702210},3C_20_66-02.txt,154.245,0.250,38.561,1,0.000,0.00,0.000,0.000,0.000
26,ec.gp.GPIndividual@1382297184{-2144702210},3C_20_66-03.txt,118.340,0.250,29.585,1,0.000,0.00,0.000,0.000,0.000
26,ec.gp.GPIndividual@1382297184{-2144702210},3C_20_80-01.txt,4.194,0.250,1.049,1,0.000,0.00,0.000,0.000,0.000
26,ec.gp.GPIndividual@1382297184{-2144702210},3C_20_80-02.txt,35.738,0.250,8.935,1,0.000,0.00,0.000,0.000,0.000
26,ec.gp.GPIndividual@1382297184{-2144702210},3C_20_80-03.txt,169.439,0.250,42.360,1,0.000,0.00,0.000,0.000,0.000
26,ec.gp.GPIndividual@577826566{-1480460271},3C_20_50-02.txt,61.404,0.250,15.351,5,1.328,8.65,0.266,0.266,0.266
26,ec.gp.GPIndividual@577826566{-1480460271},3C_20_50-03.txt,30.993,0.250,7.748,6,9.625,124.22,1.604,1.906,0.266
26,ec.gp.GPIndividual@577826566{-1480460271},3C_20_50-03.txt,30.993,0.250,7.748,3,4.078,52.63,1.359,3.109,0.125
26,ec.gp.GPIndividual@577826566{-1480460271},3C_20_66-01.txt,7.322,0.250,1.831,1,1.563,85.36,1.563,3.109,0.125
26,ec.gp.GPIndividual@577826566{-1480460271},3C_20_50-03.txt,30.993,0.250,7.748,1,0.891,11.49,0.891,3.109,0.125
26,ec.gp.GPIndividual@577826566{-1480460271},3C_20_66-02.txt,154.245,0.250,38.561,4,8.563,22.20,2.141,3.125,0.125
26,ec.gp.GPIndividual@577826566{-1480460271},3C_20_50-03.txt,30.993,0.250,7.748,1,2.438,31.46,2.438,3.125,0.125
26,ec.gp.GPIndividual@577826566{-1480460271},3C_20_50-03.txt,30.993,0.250,7.748,1,2.438,31.46,2.438,3.125,0.125
26,ec.gp.GPIndividual@577826566{-1480460271},3C_20_66-03.txt,118.340,0.250,29.585,1,2.438,8.24,2.438,3.125,0.125
26,ec.gp.GPIndividual@577826566{-1480460271},3C_20_50-03.txt,30.993,0.250,7.748,3,8.328,107.49,2.776,3.203,0.125
26,ec.gp.GPIndividual@577826566{-1480460271},3C_20_66-01.txt,7.322,0.250,1.831,1,3.250,177.54,3.250,3.250,0.125
26,ec.gp.GPIndividual@577826566{-1480460271},3C_20_66-01.txt,7.322,0.250,1.831,2,4.922,268.87,2.461,4.234,0.125
26,ec.gp.GPIndividual@577826566{-1480460271},3C_20_66-01.txt,7.322,0.250,1.831,2,0.516,28.17,0.258,4.234,0.000
26,ec.gp.GPIndividual@577826566{-1480460271},3C_20_66-01.txt,7.322,0.250,1.831,4,4.922,268.87,1.230,4.234,0.000
26,ec.gp.GPIndividual@577826566{-1480460271},3C_20_66-01.txt,7.322,0.250,1.831,1,0.156,8.54,0.156,4.234,0.000
26,ec.gp.GPIndividual@577826566{-1480460271},3C_20_66-02.txt,154.245,0.250,38.561,2,0.438,1.13,0.219,4.234,0.000
26,ec.gp.GPIndividual@577826566{-1480460271},3C_20_66-02.txt,154.245,0.250,38.561,9,16.438,42.63,1.826,6.219,0.000
26,ec.gp.GPIndividual@577826566{-1480460271},3C_20_80-01.txt,4.194,0.250,1.049,1,1.406,134.10,1.406,6.219,0.000
26,ec.gp.GPIndividual@577826566{-1480460271},3C_20_66-02.txt,154.245,0.250,38.561,3,3.563,9.24,1.188,6.219,0.000
26,ec.gp.GPIndividual@577826566{-1480460271},3C_20_80-02.txt,35.738,0.250,8.935,6,9.375,104.93,1.563,6.219,0.000
26,ec.gp.GPIndividual@577826566{-1480460271},3C_20_66-03.txt,118.340,0.250,29.585,2,3.719,12.57,1.859,6.219,0.000
26,ec.gp.GPIndividual@577826566{-1480460271},3C_20_80-03.txt,169.439,0.250,42.360,7,9.453,22.32,1.350,6.219,0.000
26,ec.gp.GPIndividual@577826566{-1480460271},3C_20_66-03.txt,118.340,0.250,29.585,1,6.000,20.28,6.000,6.219,0.000
26,ec.gp.GPIndividual@503088591{-429544215},3C_20_50-02.txt,61.404,0.250,15.351,1,6.297,41.02,6.297,6.297,6.297
26,ec.gp.GPIndividual@503088591{-429544215},3C_20_80-01.txt,4.194,0.250,1.049,3,1.203,114.73,0.401,6.297,0.172
26,ec.gp.GPIndividual@503088591{-429544215},3C_20_80-02.txt,35.738,0.250,8.935,3,4.359,48.79,1.453,6.297,0.172
26,ec.gp.GPIndividual@503088591{-429544215},3C_20_80-03.txt,169.439,0.250,42.360,2,8.375,19.77,4.188,6.297,0.172
26,ec.gp.GPIndividual@503088591{-429544215},3C_20_50-03.txt,30.993,0.250,7.748,3,8.500,109.70,2.833,6.297,0.172
26,ec.gp.GPIndividual@503088591{-429544215},3C_20_80-01.txt,4.194,0.250,1.049,3,0.875,83.44,0.292,6.297,0.000
26,ec.gp.GPIndividual@503088591{-429544215},3C_20_66-01.txt,7.322,0.250,1.831,2,6.734,367.89,3.367,6.297,0.000
26,ec.gp.GPIndividual@416941414{-2071436622},3C_20_50-02.txt,61.404,0.250,15.351,4,17.547,114.30,4.387,15.766,0.328
26,ec.gp.GPIndividual@416941414{-2071436622},3C_20_66-02.txt,154.245,0.250,38.561,4,32.719,84.85,8.180,16.594,0.328
26,ec.gp.GPIndividual@416941414{-2071436622},3C_20_66-03.txt,118.340,0.250,29.585,4,7.813,26.41,1.953,16.594,0.328
26,ec.gp.GPIndividual@416941414{-2071436622},3C_20_80-02.txt,35.738,0.250,8.935,6,10.266,114.90,1.711,16.594,0.328
26,ec.gp.GPIndividual@416941414{-2071436622},3C_20_66-03.txt,118.340,0.250,29.585,2,0.859,2.90,0.430,16.594,0.156
26,ec.gp.GPIndividual@416941414{-2071436622},3C_20_80-03.txt,169.439,0.250,42.360,3,10.547,24.90,3.516,16.594,0.156
26,ec.gp.GPIndividual@416941414{-2071436622},3C_20_50-03.txt,30.993,0.250,7.748,1,8.875,114.54,8.875,16.594,0.156
26,ec.gp.GPIndividual@416941414{-2071436622},3C_20_66-02.txt,154.245,0.250,38.561,11,46.797,121.36,4.254,16.594,0.156
26,ec.gp.GPIndividual@416941414{-2071436622},3C_20_66-02.txt,154.245,0.250,38.561,1,1.438,3.73,1.438,16.594,0.156
26,ec.gp.GPIndividual@416941414{-2071436622},3C_20_66-03.txt,118.340,0.250,29.585,2,6.156,20.81,3.078,16.594,0.156
26,ec.gp.GPIndividual@416941414{-2071436622},3C_20_80-01.txt,4.194,0.250,1.049,1,2.531,241.39,2.531,16.594,0.156
26,ec.gp.GPIndividual@416941414{-2071436622},3C_20_66-03.txt,118.340,0.250,29.585,4,15.328,51.81,3.832,16.594,0.156
26,ec.gp.GPIndividual@1168489733{294406166},3C_20_50-02.txt,61.404,0.250,15.351,3,20.703,134.86,6.901,14.203,0.344
26,ec.gp.GPIndividual@1168489733{294406166},3C_20_80-01.txt,4.194,0.250,1.049,2,2.328,222.02,1.164,14.203,0.344
26,ec.gp.GPIndividual@1168489733{294406166},3C_20_50-03.txt,30.993,0.250,7.748,3,14.016,180.89,4.672,14.203,0.344
26,ec.gp.GPIndividual@1168489733{294406166},3C_20_66-01.txt,7.322,0.250,1.831,1,0.531,29.02,0.531,14.203,0.344
26,ec.gp.GPIndividual@1168489733{294406166},3C_20_80-01.txt,4.194,0.250,1.049,2,4.406,420.19,2.203,14.203,0.344
26,ec.gp.GPIndividual@1168489733{294406166},3C_20_80-02.txt,35.738,0.250,8.935,1,1.219,13.64,1.219,14.203,0.344
26,ec.gp.GPIndividual@1168489733{294406166},3C_20_80-02.txt,35.738,0.250,8.935,3,4.797,53.69,1.599,14.203,0.297
26,ec.gp.GPIndividual@1168489733{294406166},3C_20_80-01.txt,4.194,0.250,1.049,2,1.047,99.83,0.523,14.203,0.172
26,ec.gp.GPIndividual@1168489733{294406166},3C_20_66-02.txt,154.245,0.250,38.561,7,11.641,30.19,1.663,14.203,0.172
26,ec.gp.GPIndividual@1168489733{294406166},3C_20_80-02.txt,35.738,0.250,8.935,6,9.234,103.36,1.539,14.203,0.172
26,ec.gp.GPIndividual@1168489733{294406166},3C_20_66-03.txt,118.340,0.250,29.585,3,4.047,13.68,1.349,14.203,0.172
26,ec.gp.GPIndividual@1168489733{294406166},3C_20_80-03.txt,169.439,0.250,42.360,1,1.031,2.43,1.031,14.203,0.172
26,ec.gp.GPIndividual@1168489733{294406166},3C_20_80-02.txt,35.738,0.250,8.935,4,7.813,87.44,1.953,14.203,0.172
26,ec.gp.GPIndividual@1168489733{294406166},3C_20_80-03.txt,169.439,0.250,42.360,2,3.500,8.26,1.750,14.203,0.172
26,ec.gp.GPIndividual@1168489733{294406166},3C_20_80-03.txt,169.439,0.250,42.360,11,44.172,104.28,4.016,14.203,0.172
26,ec.gp.GPIndividual@1168489733{294406166},3C_20_66-01.txt,7.322,0.250,1.831,4,1.625,88.77,0.406,14.203,0.000
26,ec.gp.GPIndividual@1168489733{294406166},3C_20_66-02.txt,154.245,0.250,38.561,1,2.328,6.04,2.328,14.203,0.000
26,ec.gp.GPIndividual@1168489733{294406166},3C_20_80-01.txt,4.194,0.250,1.049,2,4.266,406.78,2.133,14.203,0.000
26,ec.gp.GPIndividual@310671187{753425794},3C_20_50-02.txt,61.404,0.250,15.351,0,0.000,0.00,0.000,0.000,0.000
26,ec.gp.GPIndividual@310671187{753425794},3C_20_50-03.txt,30.993,0.250,7.748,0,0.000,0.00,0.000,0.000,0.000
26,ec.gp.GPIndividual@310671187{753425794},3C_20_66-01.txt,7.322,0.250,1.831,0,0.000,0.00,0.000,0.000,0.000
26,ec.gp.GPIndividual@310671187{753425794},3C_20_66-02.txt,154.245,0.250,38.561,0,0.000,0.00,0.000,0.000,0.000
26,ec.gp.GPIndividual@310671187{753425794},3C_20_66-03.txt,118.340,0.250,29.585,0,0.000,0.00,0.000,0.000,0.000
26,ec.gp.GPIndividual@310671187{753425794},3C_20_80-01.txt,4.194,0.250,1.049,0,0.000,0.00,0.000,0.000,0.000
26,ec.gp.GPIndividual@310671187{753425794},3C_20_80-02.txt,35.738,0.250,8.935,0,0.000,0.00,0.000,0.000,0.000
26,ec.gp.GPIndividual@310671187{753425794},3C_20_80-03.txt,169.439,0.250,42.360,0,0.000,0.00,0.000,0.000,0.000
26,ec.gp.GPIndividual@1188746209{781213232},3C_20_50-02.txt,61.404,0.250,15.351,1,0.344,2.24,0.344,0.344,0.344
26,ec.gp.GPIndividual@1188746209{781213232},3C_20_80-02.txt,35.738,0.250,8.935,3,9.422,105.45,3.141,6.266,0.344
26,ec.gp.GPIndividual@1188746209{781213232},3C_20_80-03.txt,169.439,0.250,42.360,3,11.094,26.19,3.698,7.078,0.344
26,ec.gp.GPIndividual@676260713{-15005867},3C_20_50-02.txt,61.404,0.250,15.351,3,12.031,78.37,4.010,10.141,0.531
26,ec.gp.GPIndividual@1721664848{1522751494},3C_20_50-02.txt,61.404,0.250,15.351,6,8.922,58.12,1.487,2.438,0.531
26,ec.gp.GPIndividual@1721664848{1522751494},3C_20_80-03.txt,169.439,0.250,42.360,11,35.500,83.81,3.227,6.219,0.531
26,ec.gp.GPIndividual@2028547990{-1323113376},3C_20_50-02.txt,61.404,0.250,15.351,0,0.000,0.00,0.000,0.000,0.000
26,ec.gp.GPIndividual@2028547990{-1323113376},3C_20_50-03.txt,30.993,0.250,7.748,0,0.000,0.00,0.000,0.000,0.000
26,ec.gp.GPIndividual@2028547990{-1323113376},3C_20_66-01.txt,7.322,0.250,1.831,0,0.000,0.00,0.000,0.000,0.000
26,ec.gp.GPIndividual@2028547990{-1323113376},3C_20_66-02.txt,154.245,0.250,38.561,0,0.000,0.00,0.000,0.000,0.000
26,ec.gp.GPIndividual@2028547990{-1323113376},3C_20_66-03.txt,118.340,0.250,29.585,0,0.000,0.00,0.000,0.000,0.000
26,ec.gp.GPIndividual@2028547990{-1323113376},3C_20_80-01.txt,4.194,0.250,1.049,0,0.000,0.00,0.000,0.000,0.000
26,ec.gp.GPIndividual@2028547990{-1323113376},3C_20_80-02.txt,35.738,0.250,8.935,0,0.000,0.00,0.000,0.000,0.000
26,ec.gp.GPIndividual@2028547990{-1323113376},3C_20_80-03.txt,169.439,0.250,42.360,0,0.000,0.00,0.000,0.000,0.000
26,ec.gp.GPIndividual@1318469063{696077095},3C_20_50-02.txt,61.404,0.250,15.351,2,10.125,65.96,5.063,9.594,0.531
26,ec.gp.GPIndividual@1829389599{851420871},3C_20_50-02.txt,61.404,0.250,15.351,1,7.203,46.92,7.203,7.203,7.203
26,ec.gp.GPIndividual@1829389599{851420871},3C_20_50-03.txt,30.993,0.250,7.748,3,10.875,140.36,3.625,8.391,0.531
26,ec.gp.GPIndividual@1829389599{851420871},3C_20_50-03.txt,30.993,0.250,7.748,2,14.672,189.36,7.336,12.922,0.531
26,ec.gp.GPIndividual@1829389599{851420871},3C_20_66-03.txt,118.340,0.250,29.585,2,15.625,52.81,7.813,13.453,0.531
26,ec.gp.GPIndividual@1829389599{851420871},3C_20_50-03.txt,30.993,0.250,7.748,4,9.484,122.41,2.371,13.453,0.531
26,ec.gp.GPIndividual@1829389599{851420871},3C_20_50-03.txt,30.993,0.250,7.748,1,0.328,4.23,0.328,13.453,0.328
26,ec.gp.GPIndividual@1829389599{851420871},3C_20_66-01.txt,7.322,0.250,1.831,1,2.469,134.86,2.469,13.453,0.328
26,ec.gp.GPIndividual@1829389599{851420871},3C_20_50-03.txt,30.993,0.250,7.748,5,7.828,101.03,1.566,13.453,0.328
26,ec.gp.GPIndividual@1829389599{851420871},3C_20_66-01.txt,7.322,0.250,1.831,1,0.344,18.78,0.344,13.453,0.328
26,ec.gp.GPIndividual@1829389599{851420871},3C_20_66-02.txt,154.245,0.250,38.561,4,6.531,16.94,1.633,13.453,0.000
26,ec.gp.GPIndividual@1829389599{851420871},3C_20_66-01.txt,7.322,0.250,1.831,1,3.172,173.27,3.172,13.453,0.000
26,ec.gp.GPIndividual@1829389599{851420871},3C_20_66-01.txt,7.322,0.250,1.831,1,6.156,336.31,6.156,13.453,0.000
26,ec.gp.GPIndividual@1829389599{851420871},3C_20_80-01.txt,4.194,0.250,1.049,3,2.000,190.73,0.667,13.453,0.000
26,ec.gp.GPIndividual@1829389599{851420871},3C_20_66-02.txt,154.245,0.250,38.561,2,0.141,0.36,0.070,13.453,0.000
26,ec.gp.GPIndividual@1829389599{851420871},3C_20_66-02.txt,154.245,0.250,38.561,23,38.422,99.64,1.671,13.453,0.000
26,ec.gp.GPIndividual@1829389599{851420871},3C_20_80-02.txt,35.738,0.250,8.935,5,10.391,116.30,2.078,13.453,0.000
26,ec.gp.GPIndividual@1829389599{851420871},3C_20_66-03.txt,118.340,0.250,29.585,1,0.516,1.74,0.516,13.453,0.000
26,ec.gp.GPIndividual@1829389599{851420871},3C_20_66-03.txt,118.340,0.250,29.585,3,3.469,11.72,1.156,13.453,0.000
26,ec.gp.GPIndividual@1829389599{851420871},3C_20_66-02.txt,154.245,0.250,38.561,2,9.328,24.19,4.664,13.453,0.000
26,ec.gp.GPIndividual@1829389599{851420871},3C_20_66-03.txt,118.340,0.250,29.585,10,30.594,103.41,3.059,13.453,0.000
26,ec.gp.GPIndividual@1829389599{851420871},3C_20_80-01.txt,4.194,0.250,1.049,1,1.781,169.87,1.781,13.453,0.000
26,ec.gp.GPIndividual@1829389599{851420871},3C_20_66-03.txt,118.340,0.250,29.585,2,2.656,8.98,1.328,13.453,0.000
26,ec.gp.GPIndividual@1829389599{851420871},3C_20_80-01.txt,4.194,0.250,1.049,2,1.781,169.87,0.891,13.453,0.000
26,ec.gp.GPIndividual@1829389599{851420871},3C_20_80-02.txt,35.738,0.250,8.935,3,12.719,142.35,4.240,13.453,0.000
26,ec.gp.GPIndividual@1829389599{851420871},3C_20_66-01.txt,7.322,0.250,1.831,2,2.109,115.23,1.055,13.453,0.000
26,ec.gp.GPIndividual@1829389599{851420871},3C_20_66-02.txt,154.245,0.250,38.561,1,0.344,0.89,0.344,13.453,0.000
26,ec.gp.GPIndividual@1829389599{851420871},3C_20_80-02.txt,35.738,0.250,8.935,1,4.766,53.34,4.766,13.453,0.000
26,ec.gp.GPIndividual@1829389599{851420871},3C_20_80-03.txt,169.439,0.250,42.360,2,4.469,10.55,2.234,13.453,0.000
26,ec.gp.GPIndividual@1829389599{851420871},3C_20_80-01.txt,4.194,0.250,1.049,3,1.063,101.32,0.354,13.453,0.000
26,ec.gp.GPIndividual@1829389599{851420871},3C_20_80-02.txt,35.738,0.250,8.935,4,11.266,126.09,2.816,13.453,0.000
26,ec.gp.GPIndividual@1829389599{851420871},3C_20_80-01.txt,4.194,0.250,1.049,2,1.906,181.79,0.953,13.453,0.000
26,ec.gp.GPIndividual@1829389599{851420871},3C_20_80-03.txt,169.439,0.250,42.360,9,16.703,39.43,1.856,13.453,0.000
26,ec.gp.GPIndividual@1829389599{851420871},3C_20_80-02.txt,35.738,0.250,8.935,6,9.578,107.20,1.596,13.453,0.000
26,ec.gp.GPIndividual@1829389599{851420871},3C_20_80-03.txt,169.439,0.250,42.360,2,2.219,5.24,1.109,13.453,0.000
26,ec.gp.GPIndividual@1829389599{851420871},3C_20_80-03.txt,169.439,0.250,42.360,2,6.953,16.41,3.477,13.453,0.000
26,ec.gp.GPIndividual@1829389599{851420871},3C_20_66-03.txt,118.340,0.250,29.585,5,32.109,108.53,6.422,13.453,0.000
26,ec.gp.GPIndividual@1348470100{471290695},3C_20_50-02.txt,61.404,0.250,15.351,2,3.875,25.24,1.938,3.516,0.359
26,ec.gp.GPIndividual@1348470100{471290695},3C_20_80-01.txt,4.194,0.250,1.049,1,1.672,159.44,1.672,3.516,0.359
26,ec.gp.GPIndividual@1348470100{471290695},3C_20_50-03.txt,30.993,0.250,7.748,3,7.859,101.44,2.620,6.047,0.359
26,ec.gp.GPIndividual@1357304728{942301382},3C_20_50-02.txt,61.404,0.250,15.351,1,11.188,72.88,11.188,11.188,11.188
26,ec.gp.GPIndividual@1357304728{942301382},3C_20_80-03.txt,169.439,0.250,42.360,4,13.734,32.42,3.434,11.188,0.500
26,ec.gp.GPIndividual@143726003{1163454993},3C_20_50-02.txt,61.404,0.250,15.351,3,17.078,111.25,5.693,14.828,0.344
26,ec.gp.GPIndividual@772464755{781213232},3C_20_50-02.txt,61.404,0.250,15.351,8,15.406,100.36,1.926,4.234,0.172
26,ec.gp.GPIndividual@772464755{781213232},3C_20_66-01.txt,7.322,0.250,1.831,1,5.625,307.29,5.625,5.625,0.172
26,ec.gp.GPIndividual@390386978{93601693},3C_20_50-02.txt,61.404,0.250,15.351,10,16.938,110.33,1.694,2.828,0.328
26,ec.gp.GPIndividual@390386978{93601693},3C_20_80-02.txt,35.738,0.250,8.935,3,3.719,41.62,1.240,2.828,0.328
26,ec.gp.GPIndividual@390386978{93601693},3C_20_66-02.txt,154.245,0.250,38.561,4,11.328,29.38,2.832,3.297,0.328
26,ec.gp.GPIndividual@390386978{93601693},3C_20_50-03.txt,30.993,0.250,7.748,3,6.109,78.85,2.036,3.297,0.328
26,ec.gp.GPIndividual@390386978{93601693},3C_20_50-03.txt,30.993,0.250,7.748,5,8.156,105.27,1.631,3.297,0.328
26,ec.gp.GPIndividual@390386978{93601693},3C_20_66-01.txt,7.322,0.250,1.831,1,3.219,175.84,3.219,3.297,0.328
26,ec.gp.GPIndividual@390386978{93601693},3C_20_66-01.txt,7.322,0.250,1.831,1,1.234,67.43,1.234,3.297,0.328
26,ec.gp.GPIndividual@390386978{93601693},3C_20_80-03.txt,169.439,0.250,42.360,2,2.438,5.75,1.219,3.297,0.328
26,ec.gp.GPIndividual@390386978{93601693},3C_20_66-03.txt,118.340,0.250,29.585,12,37.016,125.12,3.085,13.047,0.328
26,ec.gp.GPIndividual@390386978{93601693},3C_20_50-03.txt,30.993,0.250,7.748,1,14.109,182.10,14.109,14.109,0.328
26,ec.gp.GPIndividual@390386978{93601693},3C_20_50-03.txt,30.993,0.250,7.748,1,2.344,30.25,2.344,14.109,0.328
26,ec.gp.GPIndividual@390386978{93601693},3C_20_80-01.txt,4.194,0.250,1.049,3,1.063,101.32,0.354,14.109,0.172
26,ec.gp.GPIndividual@390386978{93601693},3C_20_80-02.txt,35.738,0.250,8.935,2,8.063,90.24,4.031,14.109,0.172
26,ec.gp.GPIndividual@563698805{1916157581},3C_20_50-02.txt,61.404,0.250,15.351,1,4.844,31.55,4.844,4.844,4.844
26,ec.gp.GPIndividual@563698805{1916157581},3C_20_66-01.txt,7.322,0.250,1.831,3,1.688,92.19,0.563,4.844,0.141
26,ec.gp.GPIndividual@563698805{1916157581},3C_20_66-03.txt,118.340,0.250,29.585,2,1.531,5.18,0.766,4.844,0.141
26,ec.gp.GPIndividual@563698805{1916157581},3C_20_50-03.txt,30.993,0.250,7.748,2,10.469,135.11,5.234,9.734,0.141
26,ec.gp.GPIndividual@563698805{1916157581},3C_20_66-02.txt,154.245,0.250,38.561,5,20.328,52.72,4.066,12.594,0.141
26,ec.gp.GPIndividual@563698805{1916157581},3C_20_66-02.txt,154.245,0.250,38.561,15,36.234,93.97,2.416,12.594,0.141
26,ec.gp.GPIndividual@563698805{1916157581},3C_20_66-03.txt,118.340,0.250,29.585,1,8.328,28.15,8.328,12.594,0.141
26,ec.gp.GPIndividual@563698805{1916157581},3C_20_80-01.txt,4.194,0.250,1.049,5,1.000,95.36,0.200,12.594,0.000
26,ec.gp.GPIndividual@563698805{1916157581},3C_20_80-02.txt,35.738,0.250,8.935,2,10.797,120.84,5.398,12.594,0.000
26,ec.gp.GPIndividual@563698805{1916157581},3C_20_66-01.txt,7.322,0.250,1.831,2,1.766,96.45,0.883,12.594,0.000
26,ec.gp.GPIndividual@563698805{1916157581},3C_20_66-03.txt,118.340,0.250,29.585,3,15.750,53.24,5.250,13.672,0.000
26,ec.gp.GPIndividual@563698805{1916157581},3C_20_66-02.txt,154.245,0.250,38.561,16,35.266,91.45,2.204,13.672,0.000
26,ec.gp.GPIndividual@563698805{1916157581},3C_20_80-03.txt,169.439,0.250,42.360,2,10.438,24.64,5.219,13.672,0.000
26,ec.gp.GPIndividual@563698805{1916157581},3C_20_80-01.txt,4.194,0.250,1.049,1,4.891,466.39,4.891,13.672,0.000
26,ec.gp.GPIndividual@563698805{1916157581},3C_20_66-03.txt,118.340,0.250,29.585,5,22.031,74.47,4.406,14.203,0.000
26,ec.gp.GPIndividual@563698805{1916157581},3C_20_66-02.txt,154.245,0.250,38.561,12,30.594,79.34,2.549,14.203,0.000
26,ec.gp.GPIndividual@1150265508{1295570354},3C_20_50-02.txt,61.404,0.250,15.351,1,0.000,0.00,0.000,0.000,0.000
26,ec.gp.GPIndividual@1150265508{1295570354},3C_20_50-03.txt,30.993,0.250,7.748,1,0.000,0.00,0.000,0.000,0.000
26,ec.gp.GPIndividual@1150265508{1295570354},3C_20_66-01.txt,7.322,0.250,1.831,1,0.000,0.00,0.000,0.000,0.000
26,ec.gp.GPIndividual@1150265508{1295570354},3C_20_66-02.txt,154.245,0.250,38.561,1,0.000,0.00,0.000,0.000,0.000
26,ec.gp.GPIndividual@1150265508{1295570354},3C_20_66-03.txt,118.340,0.250,29.585,1,0.000,0.00,0.000,0.000,0.000
26,ec.gp.GPIndividual@1150265508{1295570354},3C_20_80-01.txt,4.194,0.250,1.049,1,0.000,0.00,0.000,0.000,0.000
26,ec.gp.GPIndividual@1150265508{1295570354},3C_20_80-02.txt,35.738,0.250,8.935,1,0.000,0.00,0.000,0.000,0.000
26,ec.gp.GPIndividual@1150265508{1295570354},3C_20_80-03.txt,169.439,0.250,42.360,1,0.000,0.00,0.000,0.000,0.000
26,ec.gp.GPIndividual@1034194695{1226996684},3C_20_50-02.txt,61.404,0.250,15.351,1,10.266,66.87,10.266,10.266,10.266
26,ec.gp.GPIndividual@1034194695{1226996684},3C_20_80-02.txt,35.738,0.250,8.935,8,8.875,99.33,1.109,10.266,0.109
26,ec.gp.GPIndividual@678974093{851420871},3C_20_50-02.txt,61.404,0.250,15.351,4,8.297,54.05,2.074,5.656,0.219
26,ec.gp.GPIndividual@114526505{711586822},3C_20_50-02.txt,61.404,0.250,15.351,10,15.000,97.71,1.500,5.188,0.219
26,ec.gp.GPIndividual@114526505{711586822},3C_20_50-03.txt,30.993,0.250,7.748,1,5.344,68.97,5.344,5.344,0.219
26,ec.gp.GPIndividual@114526505{711586822},3C_20_80-03.txt,169.439,0.250,42.360,1,3.016,7.12,3.016,5.344,0.219
26,ec.gp.GPIndividual@114526505{711586822},3C_20_50-03.txt,30.993,0.250,7.748,1,2.391,30.85,2.391,5.344,0.219
26,ec.gp.GPIndividual@114526505{711586822},3C_20_50-03.txt,30.993,0.250,7.748,4,10.969,141.57,2.742,5.344,0.219
26,ec.gp.GPIndividual@396648905{-685677487},3C_20_50-02.txt,61.404,0.250,15.351,9,16.328,106.36,1.814,4.109,0.219
26,ec.gp.GPIndividual@396648905{-685677487},3C_20_66-01.txt,7.322,0.250,1.831,1,4.109,224.49,4.109,4.109,0.219
26,ec.gp.GPIndividual@396648905{-685677487},3C_20_66-01.txt,7.322,0.250,1.831,4,1.813,99.01,0.453,4.109,0.094
26,ec.gp.GPIndividual@396648905{-685677487},3C_20_66-02.txt,154.245,0.250,38.561,1,1.234,3.20,1.234,4.109,0.094
26,ec.gp.GPIndividual@396648905{-685677487},3C_20_50-03.txt,30.993,0.250,7.748,1,0.281,3.63,0.281,4.109,0.094
26,ec.gp.GPIndividual@396648905{-685677487},3C_20_66-02.txt,154.245,0.250,38.561,1,2.031,5.27,2.031,4.109,0.094
26,ec.gp.GPIndividual@396648905{-685677487},3C_20_66-01.txt,7.322,0.250,1.831,2,2.031,110.96,1.016,4.109,0.094
26,ec.gp.GPIndividual@396648905{-685677487},3C_20_66-03.txt,118.340,0.250,29.585,1,0.563,1.90,0.563,4.109,0.094
26,ec.gp.GPIndividual@396648905{-685677487},3C_20_66-02.txt,154.245,0.250,38.561,17,41.203,106.85,2.424,7.734,0.094
26,ec.gp.GPIndividual@396648905{-685677487},3C_20_66-03.txt,118.340,0.250,29.585,1,10.000,33.80,10.000,10.000,0.094
26,ec.gp.GPIndividual@396648905{-685677487},3C_20_66-03.txt,118.340,0.250,29.585,1,2.063,6.97,2.063,10.000,0.094
26,ec.gp.GPIndividual@396648905{-685677487},3C_20_80-01.txt,4.194,0.250,1.049,2,5.375,512.58,2.688,10.000,0.094
26,ec.gp.GPIndividual@396648905{-685677487},3C_20_66-01.txt,7.322,0.250,1.831,3,1.469,80.24,0.490,10.000,0.094
26,ec.gp.GPIndividual@396648905{-685677487},3C_20_80-02.txt,35.738,0.250,8.935,1,0.469,5.25,0.469,10.000,0.094
26,ec.gp.GPIndividual@396648905{-685677487},3C_20_66-02.txt,154.245,0.250,38.561,16,37.188,96.44,2.324,10.000,0.094
26,ec.gp.GPIndividual@396648905{-685677487},3C_20_80-01.txt,4.194,0.250,1.049,1,7.438,709.26,7.438,10.000,0.094
26,ec.gp.GPIndividual@396648905{-685677487},3C_20_66-03.txt,118.340,0.250,29.585,2,11.078,37.45,5.539,10.625,0.094
26,ec.gp.GPIndividual@396648905{-685677487},3C_20_80-01.txt,4.194,0.250,1.049,2,1.109,105.79,0.555,10.625,0.094
26,ec.gp.GPIndividual@396648905{-685677487},3C_20_80-02.txt,35.738,0.250,8.935,4,3.156,35.33,0.789,10.625,0.094
26,ec.gp.GPIndividual@396648905{-685677487},3C_20_80-02.txt,35.738,0.250,8.935,4,9.281,103.88,2.320,10.625,0.094
26,ec.gp.GPIndividual@396648905{-685677487},3C_20_80-03.txt,169.439,0.250,42.360,4,4.734,11.18,1.184,10.625,0.094
26,ec.gp.GPIndividual@396648905{-685677487},3C_20_80-01.txt,4.194,0.250,1.049,1,1.063,101.32,1.063,10.625,0.094
26,ec.gp.GPIndividual@396648905{-685677487},3C_20_80-03.txt,169.439,0.250,42.360,13,31.188,73.63,2.399,13.813,0.094
26,ec.gp.GPIndividual@396648905{-685677487},3C_20_80-03.txt,169.439,0.250,42.360,1,12.328,29.10,12.328,13.813,0.094
26,ec.gp.GPIndividual@1580159778{-80027892},3C_20_50-02.txt,61.404,0.250,15.351,4,7.938,51.71,1.984,6.266,0.156
26,ec.gp.GPIndividual@648782465{-1765506519},3C_20_50-02.txt,61.404,0.250,15.351,7,12.219,79.60,1.746,5.188,0.125
26,ec.gp.GPIndividual@648782465{-1765506519},3C_20_50-03.txt,30.993,0.250,7.748,6,7.750,100.02,1.292,5.188,0.047
26,ec.gp.GPIndividual@648782465{-1765506519},3C_20_66-01.txt,7.322,0.250,1.831,1,0.297,16.22,0.297,5.188,0.047
26,ec.gp.GPIndividual@648782465{-1765506519},3C_20_66-02.txt,154.245,0.250,38.561,5,2.813,7.29,0.563,5.188,0.047
26,ec.gp.GPIndividual@648782465{-1765506519},3C_20_66-03.txt,118.340,0.250,29.585,1,1.703,5.76,1.703,5.188,0.047
26,ec.gp.GPIndividual@648782465{-1765506519},3C_20_80-01.txt,4.194,0.250,1.049,1,0.359,34.27,0.359,5.188,0.047
26,ec.gp.GPIndividual@648782465{-1765506519},3C_20_80-02.txt,35.738,0.250,8.935,1,0.594,6.65,0.594,5.188,0.047
26,ec.gp.GPIndividual@648782465{-1765506519},3C_20_80-03.txt,169.439,0.250,42.360,1,1.609,3.80,1.609,5.188,0.047
26,ec.gp.GPIndividual@1275722162{-2062263994},3C_20_50-02.txt,61.404,0.250,15.351,5,6.719,43.77,1.344,5.766,0.031
26,ec.gp.GPIndividual@1275722162{-2062263994},3C_20_50-03.txt,30.993,0.250,7.748,4,4.750,61.31,1.188,5.766,0.031
26,ec.gp.GPIndividual@1275722162{-2062263994},3C_20_66-01.txt,7.322,0.250,1.831,7,1.438,78.53,0.205,5.766,0.000
26,ec.gp.GPIndividual@1275722162{-2062263994},3C_20_66-02.txt,154.245,0.250,38.561,9,28.281,73.34,3.142,10.656,0.000
26,ec.gp.GPIndividual@1275722162{-2062263994},3C_20_66-03.txt,118.340,0.250,29.585,5,20.266,68.50,4.053,10.656,0.000
26,ec.gp.GPIndividual@1275722162{-2062263994},3C_20_80-01.txt,4.194,0.250,1.049,3,0.656,62.58,0.219,10.656,0.000
26,ec.gp.GPIndividual@1275722162{-2062263994},3C_20_80-02.txt,35.738,0.250,8.935,6,4.250,47.57,0.708,10.656,0.000
26,ec.gp.GPIndividual@1275722162{-2062263994},3C_20_80-03.txt,169.439,0.250,42.360,2,17.422,41.13,8.711,16.656,0.000
26,ec.gp.GPIndividual@706058680{-968131929},3C_20_50-02.txt,61.404,0.250,15.351,0,0.000,0.00,0.000,0.000,0.000
26,ec.gp.GPIndividual@706058680{-968131929},3C_20_50-03.txt,30.993,0.250,7.748,0,0.000,0.00,0.000,0.000,0.000
26,ec.gp.GPIndividual@706058680{-968131929},3C_20_66-01.txt,7.322,0.250,1.831,0,0.000,0.00,0.000,0.000,0.000
26,ec.gp.GPIndividual@706058680{-968131929},3C_20_66-02.txt,154.245,0.250,38.561,0,0.000,0.00,0.000,0.000,0.000
26,ec.gp.GPIndividual@706058680{-968131929},3C_20_66-03.txt,118.340,0.250,29.585,0,0.000,0.00,0.000,0.000,0.000
26,ec.gp.GPIndividual@706058680{-968131929},3C_20_80-01.txt,4.194,0.250,1.049,0,0.000,0.00,0.000,0.000,0.000
26,ec.gp.GPIndividual@706058680{-968131929},3C_20_80-02.txt,35.738,0.250,8.935,0,0.000,0.00,0.000,0.000,0.000
26,ec.gp.GPIndividual@706058680{-968131929},3C_20_80-03.txt,169.439,0.250,42.360,0,0.000,0.00,0.000,0.000,0.000
27,ec.gp.GPIndividual@922626158{-2845198},3C_20_50-02.txt,61.404,0.250,15.351,15,16.313,106.26,1.088,1.875,0.375
27,ec.gp.GPIndividual@922626158{-2845198},3C_20_50-03.txt,30.993,0.250,7.748,5,8.172,105.47,1.634,2.609,0.344
27,ec.gp.GPIndividual@922626158{-2845198},3C_20_50-03.txt,30.993,0.250,7.748,2,2.734,35.29,1.367,2.609,0.297
27,ec.gp.GPIndividual@922626158{-2845198},3C_20_50-03.txt,30.993,0.250,7.748,2,2.766,35.69,1.383,2.609,0.297
27,ec.gp.GPIndividual@922626158{-2845198},3C_20_50-03.txt,30.993,0.250,7.748,2,2.281,29.44,1.141,2.609,0.000
27,ec.gp.GPIndividual@922626158{-2845198},3C_20_50-03.txt,30.993,0.250,7.748,3,9.531,123.01,3.177,3.219,0.000
27,ec.gp.GPIndividual@922626158{-2845198},3C_20_66-01.txt,7.322,0.250,1.831,1,2.859,156.20,2.859,3.219,0.000
27,ec.gp.GPIndividual@922626158{-2845198},3C_20_50-03.txt,30.993,0.250,7.748,5,7.766,100.23,1.553,3.219,0.000
27,ec.gp.GPIndividual@922626158{-2845198},3C_20_66-02.txt,154.245,0.250,38.561,4,5.453,14.14,1.363,3.219,0.000
27,ec.gp.GPIndividual@922626158{-2845198},3C_20_66-01.txt,7.322,0.250,1.831,1,2.844,155.35,2.844,3.219,0.000
27,ec.gp.GPIndividual@922626158{-2845198},3C_20_66-01.txt,7.322,0.250,1.831,2,4.078,222.78,2.039,3.219,0.000
27,ec.gp.GPIndividual@922626158{-2845198},3C_20_66-01.txt,7.322,0.250,1.831,3,2.141,116.94,0.714,3.219,0.000
27,ec.gp.GPIndividual@922626158{-2845198},3C_20_66-02.txt,154.245,0.250,38.561,4,3.391,8.79,0.848,3.219,0.000
27,ec.gp.GPIndividual@922626158{-2845198},3C_20_66-02.txt,154.245,0.250,38.561,4,10.578,27.43,2.645,4.219,0.000
27,ec.gp.GPIndividual@922626158{-2845198},3C_20_66-01.txt,7.322,0.250,1.831,1,2.484,135.72,2.484,4.219,0.000
27,ec.gp.GPIndividual@922626158{-2845198},3C_20_66-03.txt,118.340,0.250,29.585,1,1.281,4.33,1.281,4.219,0.000
27,ec.gp.GPIndividual@922626158{-2845198},3C_20_66-03.txt,118.340,0.250,29.585,3,4.672,15.79,1.557,4.219,0.000
27,ec.gp.GPIndividual@922626158{-2845198},3C_20_66-02.txt,154.245,0.250,38.561,17,38.203,99.07,2.247,7.047,0.000
27,ec.gp.GPIndividual@922626158{-2845198},3C_20_66-01.txt,7.322,0.250,1.831,1,0.891,48.65,0.891,7.047,0.000
27,ec.gp.GPIndividual@922626158{-2845198},3C_20_66-03.txt,118.340,0.250,29.585,5,13.453,45.47,2.691,7.047,0.000
27,ec.gp.GPIndividual@922626158{-2845198},3C_20_66-03.txt,118.340,0.250,29.585,7,28.922,97.76,4.132,10.266,0.000
27,ec.gp.GPIndividual@922626158{-2845198},3C_20_80-01.txt,4.194,0.250,1.049,1,8.766,835.92,8.766,10.266,0.000
27,ec.gp.GPIndividual@922626158{-2845198},3C_20_80-01.txt,4.194,0.250,1.049,1,3.656,348.67,3.656,10.266,0.000
27,ec.gp.GPIndividual@922626158{-2845198},3C_20_80-01.txt,4.194,0.250,1.049,3,1.281,122.18,0.427,10.266,0.000
27,ec.gp.GPIndividual@922626158{-2845198},3C_20_80-02.txt,35.738,0.250,8.935,2,3.813,42.67,1.906,10.266,0.000
27,ec.gp.GPIndividual@922626158{-2845198},3C_20_66-02.txt,154.245,0.250,38.561,1,10.063,26.09,10.063,10.266,0.000
27,ec.gp.GPIndividual@922626158{-2845198},3C_20_80-01.txt,4.194,0.250,1.049,2,1.719,163.91,0.859,10.266,0.000
27,ec.gp.GPIndividual@922626158{-2845198},3C_20_80-02.txt,35.738,0.250,8.935,4,4.797,53.69,1.199,10.266,0.000
27,ec.gp.GPIndividual@922626158{-2845198},3C_20_80-02.txt,35.738,0.250,8.935,5,8.297,92.86,1.659,10.266,0.000
27,ec.gp.GPIndividual@922626158{-2845198},3C_20_80-03.txt,169.439,0.250,42.360,2,2.266,5.35,1.133,10.266,0.000
27,ec.gp.GPIndividual@922626158{-2845198},3C_20_80-03.txt,169.439,0.250,42.360,2,4.516,10.66,2.258,10.266,0.000
27,ec.gp.GPIndividual@922626158{-2845198},3C_20_80-02.txt,35.738,0.250,8.935,1,9.438,105.63,9.438,10.266,0.000
27,ec.gp.GPIndividual@922626158{-2845198},3C_20_66-02.txt,154.245,0.250,38.561,5,7.734,20.06,1.547,10.266,0.000
27,ec.gp.GPIndividual@922626158{-2845198},3C_20_80-03.txt,169.439,0.250,42.360,15,39.719,93.77,2.648,10.266,0.000
27,ec.gp.GPIndividual@1896661742{-2078912240},3C_20_50-02.txt,61.404,0.250,15.351,0,0.000,0.00,0.000,0.000,0.000
27,ec.gp.GPIndividual@1896661742{-2078912240},3C_20_50-03.txt,30.993,0.250,7.748,0,0.000,0.00,0.000,0.000,0.000
27,ec.gp.GPIndividual@1896661742{-2078912240},3C_20_66-01.txt,7.322,0.250,1.831,0,0.000,0.00,0.000,0.000,0.000
27,ec.gp.GPIndividual@1896661742{-2078912240},3C_20_66-02.txt,154.245,0.250,38.561,0,0.000,0.00,0.000,0.000,0.000
27,ec.gp.GPIndividual@1896661742{-2078912240},3C_20_66-03.txt,118.340,0.250,29.585,0,0.000,0.00,0.000,0.000,0.000
27,ec.gp.GPIndividual@1896661742{-2078912240},3C_20_80-01.txt,4.194,0.250,1.049,0,0.000,0.00,0.000,0.000,0.000
27,ec.gp.GPIndividual@1896661742{-2078912240},3C_20_80-02.txt,35.738,0.250,8.935,0,0.000,0.00,0.000,0.000,0.000
27,ec.gp.GPIndividual@1896661742{-2078912240},3C_20_80-03.txt,169.439,0.250,42.360,0,0.000,0.00,0.000,0.000,0.000
27,ec.gp.GPIndividual@244031757{-754111072},3C_20_50-02.txt,61.404,0.250,15.351,2,5.734,37.35,2.867,5.734,0.000
27,ec.gp.GPIndividual@244031757{-754111072},3C_20_66-03.txt,118.340,0.250,29.585,1,9.016,30.47,9.016,9.016,0.000
27,ec.gp.GPIndividual@336012401{1544415827},3C_20_50-02.txt,61.404,0.250,15.351,2,6.906,44.99,3.453,6.375,0.531
27,ec.gp.GPIndividual@336012401{1544415827},3C_20_80-03.txt,169.439,0.250,42.360,3,13.313,31.43,4.438,11.438,0.297
27,ec.gp.GPIndividual@1152232598{-1290186040},3C_20_50-02.txt,61.404,0.250,15.351,0,0.000,0.00,0.000,0.000,0.000
27,ec.gp.GPIndividual@1152232598{-1290186040},3C_20_50-03.txt,30.993,0.250,7.748,0,0.000,0.00,0.000,0.000,0.000
27,ec.gp.GPIndividual@1152232598{-1290186040},3C_20_66-01.txt,7.322,0.250,1.831,0,0.000,0.00,0.000,0.000,0.000
27,ec.gp.GPIndividual@1152232598{-1290186040},3C_20_66-02.txt,154.245,0.250,38.561,0,0.000,0.00,0.000,0.000,0.000
27,ec.gp.GPIndividual@1152232598{-1290186040},3C_20_66-03.txt,118.340,0.250,29.585,0,0.000,0.00,0.000,0.000,0.000
27,ec.gp.GPIndividual@1152232598{-1290186040},3C_20_80-01.txt,4.194,0.250,1.049,0,0.000,0.00,0.000,0.000,0.000
27,ec.gp.GPIndividual@1152232598{-1290186040},3C_20_80-02.txt,35.738,0.250,8.935,0,0.000,0.00,0.000,0.000,0.000
27,ec.gp.GPIndividual@1152232598{-1290186040},3C_20_80-03.txt,169.439,0.250,42.360,0,0.000,0.00,0.000,0.000,0.000
27,ec.gp.GPIndividual@1627419610{-1935274198},3C_20_50-02.txt,61.404,0.250,15.351,3,17.281,112.57,5.760,14.953,0.344
27,ec.gp.GPIndividual@1627419610{-1935274198},3C_20_66-03.txt,118.340,0.250,29.585,9,28.641,96.81,3.182,14.953,0.344
27,ec.gp.GPIndividual@1627419610{-1935274198},3C_20_50-03.txt,30.993,0.250,7.748,1,2.000,25.81,2.000,14.953,0.344
27,ec.gp.GPIndividual@1627419610{-1935274198},3C_20_50-03.txt,30.993,0.250,7.748,3,12.906,166.57,4.302,14.953,0.344
27,ec.gp.GPIndividual@1627419610{-1935274198},3C_20_80-01.txt,4.194,0.250,1.049,2,0.516,49.17,0.258,14.953,0.000
27,ec.gp.GPIndividual@1627419610{-1935274198},3C_20_80-01.txt,4.194,0.250,1.049,3,1.406,134.10,0.469,14.953,0.000
27,ec.gp.GPIndividual@1627419610{-1935274198},3C_20_80-02.txt,35.738,0.250,8.935,1,0.156,1.75,0.156,14.953,0.000
27,ec.gp.GPIndividual@1627419610{-1935274198},3C_20_80-02.txt,35.738,0.250,8.935,1,1.906,21.34,1.906,14.953,0.000
27,ec.gp.GPIndividual@1627419610{-1935274198},3C_20_50-03.txt,30.993,0.250,7.748,4,13.969,180.29,3.492,14.953,0.000
27,ec.gp.GPIndividual@1404181187{1136962629},3C_20_50-02.txt,61.404,0.250,15.351,4,4.516,29.42,1.129,2.109,0.000
27,ec.gp.GPIndividual@1404181187{1136962629},3C_20_66-01.txt,7.322,0.250,1.831,2,2.234,122.06,1.117,2.109,0.000
27,ec.gp.GPIndividual@1404181187{1136962629},3C_20_66-01.txt,7.322,0.250,1.831,4,1.703,93.04,0.426,2.109,0.000
27,ec.gp.GPIndividual@1404181187{1136962629},3C_20_50-03.txt,30.993,0.250,7.748,7,8.297,107.08,1.185,3.125,0.000
27,ec.gp.GPIndividual@1404181187{1136962629},3C_20_66-02.txt,154.245,0.250,38.561,2,0.344,0.89,0.172,3.125,0.000
27,ec.gp.GPIndividual@1404181187{1136962629},3C_20_66-01.txt,7.322,0.250,1.831,3,1.688,92.19,0.563,3.125,0.000
27,ec.gp.GPIndividual@1404181187{1136962629},3C_20_80-03.txt,169.439,0.250,42.360,6,9.453,22.32,1.576,3.125,0.000
27,ec.gp.GPIndividual@1404181187{1136962629},3C_20_66-02.txt,154.245,0.250,38.561,18,39.625,102.76,2.201,5.688,0.000
27,ec.gp.GPIndividual@1326337978{369992919},3C_20_50-02.txt,61.404,0.250,15.351,0,0.000,0.00,0.000,0.000,0.000
27,ec.gp.GPIndividual@1326337978{369992919},3C_20_50-03.txt,30.993,0.250,7.748,0,0.000,0.00,0.000,0.000,0.000
27,ec.gp.GPIndividual@1326337978{369992919},3C_20_66-01.txt,7.322,0.250,1.831,0,0.000,0.00,0.000,0.000,0.000
27,ec.gp.GPIndividual@1326337978{369992919},3C_20_66-02.txt,154.245,0.250,38.561,0,0.000,0.00,0.000,0.000,0.000
27,ec.gp.GPIndividual@1326337978{369992919},3C_20_66-03.txt,118.340,0.250,29.585,0,0.000,0.00,0.000,0.000,0.000
27,ec.gp.GPIndividual@1326337978{369992919},3C_20_80-01.txt,4.194,0.250,1.049,0,0.000,0.00,0.000,0.000,0.000
27,ec.gp.GPIndividual@1326337978{369992919},3C_20_80-02.txt,35.738,0.250,8.935,0,0.000,0.00,0.000,0.000,0.000
27,ec.gp.GPIndividual@1326337978{369992919},3C_20_80-03.txt,169.439,0.250,42.360,0,0.000,0.00,0.000,0.000,0.000
27,ec.gp.GPIndividual@2064696763{1127605523},3C_20_50-02.txt,61.404,0.250,15.351,1,2.922,19.03,2.922,2.922,2.922
27,ec.gp.GPIndividual@2064696763{1127605523},3C_20_66-03.txt,118.340,0.250,29.585,2,2.109,7.13,1.055,2.922,0.516
27,ec.gp.GPIndividual@2064696763{1127605523},3C_20_66-03.txt,118.340,0.250,29.585,5,32.438,109.64,6.488,12.094,0.516
27,ec.gp.GPIndividual@2064696763{1127605523},3C_20_80-03.txt,169.439,0.250,42.360,5,20.281,47.88,4.056,12.094,0.000
27,ec.gp.GPIndividual@2064696763{1127605523},3C_20_66-02.txt,154.245,0.250,38.561,9,34.375,89.14,3.819,12.094,0.000
27,ec.gp.GPIndividual@281503976{-1012594859},3C_20_50-02.txt,61.404,0.250,15.351,3,13.000,84.68,4.333,10.828,0.516
27,ec.gp.GPIndividual@281503976{-1012594859},3C_20_50-03.txt,30.993,0.250,7.748,1,9.500,122.61,9.500,10.828,0.516
27,ec.gp.GPIndividual@281503976{-1012594859},3C_20_66-01.txt,7.322,0.250,1.831,1,1.969,107.55,1.969,10.828,0.516
27,ec.gp.GPIndividual@281503976{-1012594859},3C_20_50-03.txt,30.993,0.250,7.748,2,10.609,136.93,5.305,10.828,0.516
27,ec.gp.GPIndividual@281503976{-1012594859},3C_20_80-01.txt,4.194,0.250,1.049,2,1.391,132.61,0.695,10.828,0.516
27,ec.gp.GPIndividual@281503976{-1012594859},3C_20_66-02.txt,154.245,0.250,38.561,1,0.328,0.85,0.328,10.828,0.328
27,ec.gp.GPIndividual@281503976{-1012594859},3C_20_80-02.txt,35.738,0.250,8.935,1,11.156,124.87,11.156,11.156,0.328
27,ec.gp.GPIndividual@281503976{-1012594859},3C_20_80-01.txt,4.194,0.250,1.049,1,3.250,309.93,3.250,11.156,0.328
27,ec.gp.GPIndividual@281503976{-1012594859},3C_20_66-01.txt,7.322,0.250,1.831,3,1.922,104.99,0.641,11.156,0.328
27,ec.gp.GPIndividual@281503976{-1012594859},3C_20_66-02.txt,154.245,0.250,38.561,2,0.328,0.85,0.164,11.156,0.000
27,ec.gp.GPIndividual@281503976{-1012594859},3C_20_80-02.txt,35.738,0.250,8.935,1,5.531,61.91,5.531,11.156,0.000
27,ec.gp.GPIndividual@281503976{-1012594859},3C_20_66-03.txt,118.340,0.250,29.585,16,30.703,103.78,1.919,11.156,0.000
27,ec.gp.GPIndividual@281503976{-1012594859},3C_20_66-03.txt,118.340,0.250,29.585,1,0.141,0.48,0.141,11.156,0.000
27,ec.gp.GPIndividual@281503976{-1012594859},3C_20_66-03.txt,118.340,0.250,29.585,1,0.813,2.75,0.813,11.156,0.000
27,ec.gp.GPIndividual@281503976{-1012594859},3C_20_80-03.txt,169.439,0.250,42.360,1,1.516,3.58,1.516,11.156,0.000
27,ec.gp.GPIndividual@281503976{-1012594859},3C_20_80-03.txt,169.439,0.250,42.360,8,44.969,106.16,5.621,11.156,0.000
27,ec.gp.GPIndividual@281503976{-1012594859},3C_20_66-01.txt,7.322,0.250,1.831,1,2.203,120.35,2.203,11.156,0.000
27,ec.gp.GPIndividual@398494506{1646120653},3C_20_50-02.txt,61.404,0.250,15.351,6,14.125,92.01,2.354,4.656,0.516
27,ec.gp.GPIndividual@238490082{-688063255},3C_20_50-02.txt,61.404,0.250,15.351,4,6.766,44.07,1.691,2.859,0.359
27,ec.gp.GPIndividual@238490082{-688063255},3C_20_80-01.txt,4.194,0.250,1.049,2,2.453,233.94,1.227,2.859,0.359
27,ec.gp.GPIndividual@238490082{-688063255},3C_20_50-03.txt,30.993,0.250,7.748,3,6.078,78.45,2.026,4.188,0.328
27,ec.gp.GPIndividual@238490082{-688063255},3C_20_80-01.txt,4.194,0.250,1.049,1,2.422,230.96,2.422,4.188,0.328
27,ec.gp.GPIndividual@238490082{-688063255},3C_20_50-03.txt,30.993,0.250,7.748,5,5.438,70.18,1.088,4.188,0.328
27,ec.gp.GPIndividual@238490082{-688063255},3C_20_80-02.txt,35.738,0.250,8.935,2,15.438,172.78,7.719,12.281,0.328
27,ec.gp.GPIndividual@238490082{-688063255},3C_20_80-01.txt,4.194,0.250,1.049,1,1.969,187.75,1.969,12.281,0.328
27,ec.gp.GPIndividual@238490082{-688063255},3C_20_66-02.txt,154.245,0.250,38.561,1,1.594,4.13,1.594,12.281,0.328
27,ec.gp.GPIndividual@238490082{-688063255},3C_20_80-02.txt,35.738,0.250,8.935,5,9.578,107.20,1.916,12.281,0.328
27,ec.gp.GPIndividual@238490082{-688063255},3C_20_66-01.txt,7.322,0.250,1.831,1,2.141,116.94,2.141,12.281,0.328
27,ec.gp.GPIndividual@238490082{-688063255},3C_20_80-03.txt,169.439,0.250,42.360,2,3.328,7.86,1.664,12.281,0.328
27,ec.gp.GPIndividual@238490082{-688063255},3C_20_80-02.txt,35.738,0.250,8.935,7,8.297,92.86,1.185,12.281,0.328
27,ec.gp.GPIndividual@238490082{-688063255},3C_20_80-03.txt,169.439,0.250,42.360,2,3.219,7.60,1.609,12.281,0.328
27,ec.gp.GPIndividual@238490082{-688063255},3C_20_66-03.txt,118.340,0.250,29.585,3,4.141,14.00,1.380,12.281,0.000
27,ec.gp.GPIndividual@238490082{-688063255},3C_20_66-01.txt,7.322,0.250,1.831,3,2.641,144.25,0.880,12.281,0.000
27,ec.gp.GPIndividual@238490082{-688063255},3C_20_80-03.txt,169.439,0.250,42.360,5,11.234,26.52,2.247,12.281,0.000
27,ec.gp.GPIndividual@238490082{-688063255},3C_20_66-02.txt,154.245,0.250,38.561,10,35.844,92.95,3.584,12.281,0.000
27,ec.gp.GPIndividual@238490082{-688063255},3C_20_80-01.txt,4.194,0.250,1.049,1,6.953,663.07,6.953,12.281,0.000
27,ec.gp.GPIndividual@1587408984{2021412172},3C_20_50-02.txt,61.404,0.250,15.351,3,3.906,25.45,1.302,2.875,0.516
27,ec.gp.GPIndividual@1587408984{2021412172},3C_20_66-03.txt,118.340,0.250,29.585,1,13.172,44.52,13.172,13.172,0.516
27,ec.gp.GPIndividual@5558258{1136494379},3C_20_50-02.txt,61.404,0.250,15.351,4,18.250,118.88,4.563,14.531,0.500
27,ec.gp.GPIndividual@5558258{1136494379},3C_20_66-02.txt,154.245,0.250,38.561,3,16.313,42.30,5.438,14.531,0.500
27,ec.gp.GPIndividual@1782665881{-2010824899},3C_20_50-02.txt,61.404,0.250,15.351,0,0.000,0.00,0.000,0.000,0.000
27,ec.gp.GPIndividual@1782665881{-2010824899},3C_20_50-03.txt,30.993,0.250,7.748,0,0.000,0.00,0.000,0.000,0.000
27,ec.gp.GPIndividual@1782665881{-2010824899},3C_20_66-01.txt,7.322,0.250,1.831,0,0.000,0.00,0.000,0.000,0.000
27,ec.gp.GPIndividual@1782665881{-2010824899},3C_20_66-02.txt,154.245,0.250,38.561,0,0.000,0.00,0.000,0.000,0.000
27,ec.gp.GPIndividual@1782665881{-2010824899},3C_20_66-03.txt,118.340,0.250,29.585,0,0.000,0.00,0.000,0.000,0.000
27,ec.gp.GPIndividual@1782665881{-2010824899},3C_20_80-01.txt,4.194,0.250,1.049,0,0.000,0.00,0.000,0.000,0.000
27,ec.gp.GPIndividual@1782665881{-2010824899},3C_20_80-02.txt,35.738,0.250,8.935,0,0.000,0.00,0.000,0.000,0.000
27,ec.gp.GPIndividual@1782665881{-2010824899},3C_20_80-03.txt,169.439,0.250,42.360,0,0.000,0.00,0.000,0.000,0.000
27,ec.gp.GPIndividual@1929655393{-1142223720},3C_20_50-02.txt,61.404,0.250,15.351,8,15.234,99.24,1.904,3.922,0.344
27,ec.gp.GPIndividual@1929655393{-1142223720},3C_20_80-02.txt,35.738,0.250,8.935,3,10.359,115.95,3.453,5.984,0.344
27,ec.gp.GPIndividual@1929655393{-1142223720},3C_20_50-03.txt,30.993,0.250,7.748,1,1.188,15.33,1.188,5.984,0.344
27,ec.gp.GPIndividual@1929655393{-1142223720},3C_20_80-01.txt,4.194,0.250,1.049,1,0.688,65.56,0.688,5.984,0.344
27,ec.gp.GPIndividual@1929655393{-1142223720},3C_20_66-03.txt,118.340,0.250,29.585,12,19.703,66.60,1.642,5.984,0.297
27,ec.gp.GPIndividual@1929655393{-1142223720},3C_20_50-03.txt,30.993,0.250,7.748,3,7.813,100.83,2.604,6.391,0.172
27,ec.gp.GPIndividual@1929655393{-1142223720},3C_20_80-01.txt,4.194,0.250,1.049,1,3.109,296.52,3.109,6.391,0.172
27,ec.gp.GPIndividual@1929655393{-1142223720},3C_20_66-01.txt,7.322,0.250,1.831,1,2.000,109.26,2.000,6.391,0.172
27,ec.gp.GPIndividual@1929655393{-1142223720},3C_20_80-03.txt,169.439,0.250,42.360,8,23.109,54.56,2.889,9.750,0.172
27,ec.gp.GPIndividual@1929655393{-1142223720},3C_20_50-03.txt,30.993,0.250,7.748,6,7.844,101.23,1.307,9.750,0.156
27,ec.gp.GPIndividual@1929655393{-1142223720},3C_20_66-02.txt,154.245,0.250,38.561,1,0.859,2.23,0.859,9.750,0.156
27,ec.gp.GPIndividual@1929655393{-1142223720},3C_20_80-02.txt,35.738,0.250,8.935,1,2.484,27.81,2.484,9.750,0.156
27,ec.gp.GPIndividual@1929655393{-1142223720},3C_20_80-02.txt,35.738,0.250,8.935,2,9.516,106.50,4.758,9.750,0.156
27,ec.gp.GPIndividual@1929655393{-1142223720},3C_20_66-01.txt,7.322,0.250,1.831,2,1.953,106.70,0.977,9.750,0.156
27,ec.gp.GPIndividual@2077684849{2015863553},3C_20_50-02.txt,61.404,0.250,15.351,6,15.500,100.97,2.583,7.297,0.484
27,ec.gp.GPIndividual@2077684849{2015863553},3C_20_80-03.txt,169.439,0.250,42.360,1,1.156,2.73,1.156,7.297,0.484
27,ec.gp.GPIndividual@2077684849{2015863553},3C_20_80-03.txt,169.439,0.250,42.360,4,5.781,13.65,1.445,7.297,0.484
27,ec.gp.GPIndividual@2077684849{2015863553},3C_20_66-01.txt,7.322,0.250,1.831,1,1.375,75.11,1.375,7.297,0.484
27,ec.gp.GPIndividual@2077684849{2015863553},3C_20_66-02.txt,154.245,0.250,38.561,19,38.578,100.04,2.030,7.297,0.172
27,ec.gp.GPIndividual@2077684849{2015863553},3C_20_66-03.txt,118.340,0.250,29.585,3,2.797,9.45,0.932,7.297,0.000
27,ec.gp.GPIndividual@2077684849{2015863553},3C_20_66-02.txt,154.245,0.250,38.561,1,3.734,9.68,3.734,7.297,0.000
27,ec.gp.GPIndividual@295569459{-1347066244},3C_20_50-02.txt,61.404,0.250,15.351,3,10.250,66.77,3.417,7.172,0.531
27,ec.gp.GPIndividual@144600982{-383042108},3C_20_50-02.txt,61.404,0.250,15.351,4,13.203,86.01,3.301,9.469,0.500
27,ec.gp.GPIndividual@144600982{-383042108},3C_20_66-03.txt,118.340,0.250,29.585,11,38.203,129.13,3.473,11.172,0.500
27,ec.gp.GPIndividual@144600982{-383042108},3C_20_50-03.txt,30.993,0.250,7.748,1,2.359,30.45,2.359,11.172,0.500
27,ec.gp.GPIndividual@144600982{-383042108},3C_20_80-01.txt,4.194,0.250,1.049,1,6.656,634.76,6.656,11.172,0.500
27,ec.gp.GPIndividual@144600982{-383042108},3C_20_80-01.txt,4.194,0.250,1.049,3,1.156,110.26,0.385,11.172,0.156
27,ec.gp.GPIndividual@144600982{-383042108},3C_20_80-02.txt,35.738,0.250,8.935,1,1.172,13.12,1.172,11.172,0.156
27,ec.gp.GPIndividual@144600982{-383042108},3C_20_50-03.txt,30.993,0.250,7.748,2,3.984,51.42,1.992,11.172,0.156
27,ec.gp.GPIndividual@144600982{-383042108},3C_20_50-03.txt,30.993,0.250,7.748,2,5.969,77.03,2.984,11.172,0.156
27,ec.gp.GPIndividual@144600982{-383042108},3C_20_66-03.txt,118.340,0.250,29.585,7,15.984,54.03,2.283,11.172,0.156
27,ec.gp.GPIndividual@144600982{-383042108},3C_20_80-02.txt,35.738,0.250,8.935,4,9.344,104.58,2.336,11.172,0.156
27,ec.gp.GPIndividual@144600982{-383042108},3C_20_80-03.txt,169.439,0.250,42.360,1,0.500,1.18,0.500,11.172,0.156
27,ec.gp.GPIndividual@144600982{-383042108},3C_20_80-03.txt,169.439,0.250,42.360,9,46.625,110.07,5.181,11.172,0.156
27,ec.gp.GPIndividual@144600982{-383042108},3C_20_66-01.txt,7.322,0.250,1.831,1,7.422,405.45,7.422,11.172,0.156
27,ec.gp.GPIndividual@144600982{-383042108},3C_20_66-01.txt,7.322,0.250,1.831,2,1.406,76.82,0.703,11.172,0.156
27,ec.gp.GPIndividual@144600982{-383042108},3C_20_66-02.txt,154.245,0.250,38.561,4,7.672,19.90,1.918,11.172,0.156
27,ec.gp.GPIndividual@1611288990{1088113873},3C_20_50-02.txt,61.404,0.250,15.351,1,0.516,3.36,0.516,0.516,0.516
27,ec.gp.GPIndividual@1611288990{1088113873},3C_20_50-03.txt,30.993,0.250,7.748,3,10.844,139.95,3.615,6.781,0.516
27,ec.gp.GPIndividual@598555486{1268395920},3C_20_50-02.txt,61.404,0.250,15.351,4,15.891,103.51,3.973,12.047,0.438
27,ec.gp.GPIndividual@598555486{1268395920},3C_20_80-03.txt,169.439,0.250,42.360,1,12.484,29.47,12.484,12.484,0.438
27,ec.gp.GPIndividual@598555486{1268395920},3C_20_80-01.txt,4.194,0.250,1.049,2,0.719,68.54,0.359,12.484,0.297
27,ec.gp.GPIndividual@598555486{1268395920},3C_20_80-02.txt,35.738,0.250,8.935,4,10.328,115.60,2.582,12.484,0.297
27,ec.gp.GPIndividual@632696881{-2092402488},3C_20_50-02.txt,61.404,0.250,15.351,2,3.672,23.92,1.836,2.594,1.078
27,ec.gp.GPIndividual@632696881{-2092402488},3C_20_50-03.txt,30.993,0.250,7.748,4,14.750,190.37,3.688,11.828,0.391
27,ec.gp.GPIndividual@632696881{-2092402488},3C_20_66-01.txt,7.322,0.250,1.831,2,1.797,98.16,0.898,11.828,0.281
27,ec.gp.GPIndividual@632696881{-2092402488},3C_20_80-03.txt,169.439,0.250,42.360,4,22.469,53.04,5.617,16.578,0.281
27,ec.gp.GPIndividual@632696881{-2092402488},3C_20_66-03.txt,118.340,0.250,29.585,10,28.469,96.23,2.847,16.578,0.281
27,ec.gp.GPIndividual@632696881{-2092402488},3C_20_66-01.txt,7.322,0.250,1.831,1,6.141,335.45,6.141,16.578,0.281
27,ec.gp.GPIndividual@521324505{1499772349},3C_20_50-02.txt,61.404,0.250,15.351,3,4.172,27.18,1.391,3.047,0.422
27,ec.gp.GPIndividual@521324505{1499772349},3C_20_80-01.txt,4.194,0.250,1.049,1,7.969,759.93,7.969,7.969,0.422
27,ec.gp.GPIndividual@521324505{1499772349},3C_20_50-03.txt,30.993,0.250,7.748,6,15.734,203.07,2.622,10.625,0.422
27,ec.gp.GPIndividual@521324505{1499772349},3C_20_66-02.txt,154.245,0.250,38.561,1,1.938,5.02,1.938,10.625,0.422
27,ec.gp.GPIndividual@521324505{1499772349},3C_20_50-03.txt,30.993,0.250,7.748,4,6.313,81.47,1.578,10.625,0.422
27,ec.gp.GPIndividual@521324505{1499772349},3C_20_66-01.txt,7.322,0.250,1.831,1,2.000,109.26,2.000,10.625,0.422
27,ec.gp.GPIndividual@521324505{1499772349},3C_20_66-03.txt,118.340,0.250,29.585,3,5.703,19.28,1.901,10.625,0.422
27,ec.gp.GPIndividual@521324505{1499772349},3C_20_80-02.txt,35.738,0.250,8.935,6,10.234,114.55,1.706,10.625,0.422
27,ec.gp.GPIndividual@521324505{1499772349},3C_20_66-01.txt,7.322,0.250,1.831,1,0.891,48.65,0.891,10.625,0.422
27,ec.gp.GPIndividual@521324505{1499772349},3C_20_66-02.txt,154.245,0.250,38.561,1,0.563,1.46,0.563,10.625,0.422
27,ec.gp.GPIndividual@521324505{1499772349},3C_20_80-03.txt,169.439,0.250,42.360,15,34.500,81.45,2.300,10.953,0.000
27,ec.gp.GPIndividual@521324505{1499772349},3C_20_66-02.txt,154.245,0.250,38.561,5,21.828,56.61,4.366,10.953,0.000
27,ec.gp.GPIndividual@263020613{-1772419191},3C_20_50-02.txt,61.404,0.250,15.351,3,9.359,60.97,3.120,7.594,0.422
27,ec.gp.GPIndividual@263020613{-1772419191},3C_20_66-03.txt,118.340,0.250,29.585,7,30.297,102.41,4.328,11.719,0.422
27,ec.gp.GPIndividual@263020613{-1772419191},3C_20_80-01.txt,4.194,0.250,1.049,1,2.938,280.13,2.938,11.719,0.422
27,ec.gp.GPIndividual@263020613{-1772419191},3C_20_80-01.txt,4.194,0.250,1.049,1,2.469,235.43,2.469,11.719,0.422
27,ec.gp.GPIndividual@263020613{-1772419191},3C_20_50-03.txt,30.993,0.250,7.748,3,11.141,143.78,3.714,11.719,0.422
27,ec.gp.GPIndividual@263020613{-1772419191},3C_20_66-02.txt,154.245,0.250,38.561,7,21.219,55.03,3.031,11.719,0.422
27,ec.gp.GPIndividual@263020613{-1772419191},3C_20_66-03.txt,118.340,0.250,29.585,17,31.859,107.69,1.874,11.719,0.422
27,ec.gp.GPIndividual@263020613{-1772419191},3C_20_80-01.txt,4.194,0.250,1.049,1,1.500,143.04,1.500,11.719,0.422
27,ec.gp.GPIndividual@263020613{-1772419191},3C_20_80-02.txt,35.738,0.250,8.935,1,0.375,4.20,0.375,11.719,0.375
27,ec.gp.GPIndividual@263020613{-1772419191},3C_20_80-02.txt,35.738,0.250,8.935,4,12.672,141.83,3.168,11.719,0.375
27,ec.gp.GPIndividual@263020613{-1772419191},3C_20_66-03.txt,118.340,0.250,29.585,4,5.453,18.43,1.363,11.719,0.375
27,ec.gp.GPIndividual@263020613{-1772419191},3C_20_80-02.txt,35.738,0.250,8.935,8,9.188,102.83,1.148,11.719,0.375
27,ec.gp.GPIndividual@263020613{-1772419191},3C_20_80-03.txt,169.439,0.250,42.360,1,0.438,1.03,0.438,11.719,0.375
27,ec.gp.GPIndividual@263020613{-1772419191},3C_20_80-03.txt,169.439,0.250,42.360,1,1.000,2.36,1.000,11.719,0.375
27,ec.gp.GPIndividual@263020613{-1772419191},3C_20_80-03.txt,169.439,0.250,42.360,3,14.469,34.16,4.823,11.719,0.375
27,ec.gp.GPIndividual@263020613{-1772419191},3C_20_66-01.txt,7.322,0.250,1.831,2,5.297,289.36,2.648,11.719,0.375
27,ec.gp.GPIndividual@298859964{598082183},3C_20_50-02.txt,61.404,0.250,15.351,1,0.594,3.87,0.594,0.594,0.594
27,ec.gp.GPIndividual@298859964{598082183},3C_20_66-02.txt,154.245,0.250,38.561,12,34.391,89.18,2.866,11.359,0.313
27,ec.gp.GPIndividual@1125670952{1762853777},3C_20_50-02.txt,61.404,0.250,15.351,0,0.000,0.00,0.000,0.000,0.000
27,ec.gp.GPIndividual@1125670952{1762853777},3C_20_50-03.txt,30.993,0.250,7.748,0,0.000,0.00,0.000,0.000,0.000
27,ec.gp.GPIndividual@1125670952{1762853777},3C_20_66-01.txt,7.322,0.250,1.831,0,0.000,0.00,0.000,0.000,0.000
27,ec.gp.GPIndividual@1125670952{1762853777},3C_20_66-02.txt,154.245,0.250,38.561,0,0.000,0.00,0.000,0.000,0.000
27,ec.gp.GPIndividual@1125670952{1762853777},3C_20_66-03.txt,118.340,0.250,29.585,0,0.000,0.00,0.000,0.000,0.000
27,ec.gp.GPIndividual@1125670952{1762853777},3C_20_80-01.txt,4.194,0.250,1.049,0,0.000,0.00,0.000,0.000,0.000
27,ec.gp.GPIndividual@1125670952{1762853777},3C_20_80-02.txt,35.738,0.250,8.935,0,0.000,0.00,0.000,0.000,0.000
27,ec.gp.GPIndividual@1125670952{1762853777},3C_20_80-03.txt,169.439,0.250,42.360,0,0.000,0.00,0.000,0.000,0.000
27,ec.gp.GPIndividual@1287823103{866465352},3C_20_50-02.txt,61.404,0.250,15.351,2,12.031,78.37,6.016,11.844,0.188
27,ec.gp.GPIndividual@1287823103{866465352},3C_20_66-03.txt,118.340,0.250,29.585,7,25.047,84.66,3.578,11.844,0.188
27,ec.gp.GPIndividual@1287823103{866465352},3C_20_80-02.txt,35.738,0.250,8.935,1,6.391,71.53,6.391,11.844,0.188
27,ec.gp.GPIndividual@1287823103{866465352},3C_20_50-03.txt,30.993,0.250,7.748,1,4.750,61.31,4.750,11.844,0.188
27,ec.gp.GPIndividual@1287823103{866465352},3C_20_80-01.txt,4.194,0.250,1.049,2,1.297,123.67,0.648,11.844,0.188
27,ec.gp.GPIndividual@1287823103{866465352},3C_20_80-03.txt,169.439,0.250,42.360,4,3.172,7.49,0.793,11.844,0.188
27,ec.gp.GPIndividual@1287823103{866465352},3C_20_80-02.txt,35.738,0.250,8.935,7,8.547,95.66,1.221,11.844,0.188
27,ec.gp.GPIndividual@1287823103{866465352},3C_20_66-01.txt,7.322,0.250,1.831,1,2.250,122.91,2.250,11.844,0.188
27,ec.gp.GPIndividual@1029244299{57369895},3C_20_50-02.txt,61.404,0.250,15.351,6,13.391,87.23,2.232,9.969,0.109
27,ec.gp.GPIndividual@1029244299{57369895},3C_20_66-02.txt,154.245,0.250,38.561,3,6.422,16.65,2.141,9.969,0.109
27,ec.gp.GPIndividual@1029244299{57369895},3C_20_50-03.txt,30.993,0.250,7.748,6,7.031,90.75,1.172,9.969,0.109
27,ec.gp.GPIndividual@1029244299{57369895},3C_20_66-03.txt,118.340,0.250,29.585,1,1.344,4.54,1.344,9.969,0.109
27,ec.gp.GPIndividual@1029244299{57369895},3C_20_66-01.txt,7.322,0.250,1.831,3,2.406,131.45,0.802,9.969,0.109
27,ec.gp.GPIndividual@1029244299{57369895},3C_20_80-01.txt,4.194,0.250,1.049,1,0.453,43.21,0.453,9.969,0.109
27,ec.gp.GPIndividual@1029244299{57369895},3C_20_66-02.txt,154.245,0.250,38.561,13,30.016,77.84,2.309,13.172,0.109
27,ec.gp.GPIndividual@1029244299{57369895},3C_20_80-02.txt,35.738,0.250,8.935,6,4.922,55.09,0.820,13.172,0.109
27,ec.gp.GPIndividual@1029244299{57369895},3C_20_80-03.txt,169.439,0.250,42.360,1,8.719,20.58,8.719,13.172,0.109
27,ec.gp.GPIndividual@1029244299{57369895},3C_20_66-03.txt,118.340,0.250,29.585,4,15.406,52.07,3.852,13.172,0.109
28,ec.gp.GPIndividual@376617696{254806158},3C_20_50-02.txt,61.404,0.250,15.351,1,0.000,0.00,0.000,0.000,0.000
28,ec.gp.GPIndividual@207020301{781213232},3C_20_50-03.txt,30.993,0.250,7.748,0,0.000,0.00,0.000,0.000,0.000
28,ec.gp.GPIndividual@207020301{781213232},3C_20_50-03.txt,30.993,0.250,7.748,0,0.000,0.00,0.000,0.000,0.000
28,ec.gp.GPIndividual@207020301{781213232},3C_20_50-03.txt,30.993,0.250,7.748,1,0.000,0.00,0.000,0.000,0.000
28,ec.gp.GPIndividual@207020301{781213232},3C_20_66-02.txt,154.245,0.250,38.561,0,0.000,0.00,0.000,0.000,0.000
28,ec.gp.GPIndividual@207020301{781213232},3C_20_66-02.txt,154.245,0.250,38.561,0,0.000,0.00,0.000,0.000,0.000
28,ec.gp.GPIndividual@207020301{781213232},3C_20_66-03.txt,118.340,0.250,29.585,1,0.000,0.00,0.000,0.000,0.000
28,ec.gp.GPIndividual@207020301{781213232},3C_20_80-01.txt,4.194,0.250,1.049,0,0.000,0.00,0.000,0.000,0.000
28,ec.gp.GPIndividual@207020301{781213232},3C_20_80-01.txt,4.194,0.250,1.049,0,0.000,0.00,0.000,0.000,0.000
28,ec.gp.GPIndividual@207020301{781213232},3C_20_66-02.txt,154.245,0.250,38.561,1,0.000,0.00,0.000,0.000,0.000
28,ec.gp.GPIndividual@207020301{781213232},3C_20_80-03.txt,169.439,0.250,42.360,0,0.000,0.00,0.000,0.000,0.000
28,ec.gp.GPIndividual@2061553182{586441060},3C_20_50-02.txt,61.404,0.250,15.351,0,0.000,0.00,0.000,0.000,0.000
28,ec.gp.GPIndividual@2061553182{586441060},3C_20_66-03.txt,118.340,0.250,29.585,1,0.000,0.00,0.000,0.000,0.000
28,ec.gp.GPIndividual@2061553182{586441060},3C_20_80-01.txt,4.194,0.250,1.049,1,0.000,0.00,0.000,0.000,0.000
28,ec.gp.GPIndividual@2061553182{586441060},3C_20_80-02.txt,35.738,0.250,8.935,1,0.000,0.00,0.000,0.000,0.000
28,ec.gp.GPIndividual@2061553182{586441060},3C_20_80-03.txt,169.439,0.250,42.360,1,0.000,0.00,0.000,0.000,0.000
28,ec.gp.GPIndividual@1514909987{58760576},3C_20_50-02.txt,61.404,0.250,15.351,0,0.000,0.00,0.000,0.000,0.000
28,ec.gp.GPIndividual@1514909987{58760576},3C_20_50-03.txt,30.993,0.250,7.748,0,0.000,0.00,0.000,0.000,0.000
28,ec.gp.GPIndividual@1514909987{58760576},3C_20_66-01.txt,7.322,0.250,1.831,0,0.000,0.00,0.000,0.000,0.000
28,ec.gp.GPIndividual@1514909987{58760576},3C_20_66-02.txt,154.245,0.250,38.561,0,0.000,0.00,0.000,0.000,0.000
28,ec.gp.GPIndividual@1514909987{58760576},3C_20_66-03.txt,118.340,0.250,29.585,0,0.000,0.00,0.000,0.000,0.000
28,ec.gp.GPIndividual@1514909987{58760576},3C_20_80-01.txt,4.194,0.250,1.049,0,0.000,0.00,0.000,0.000,0.000
28,ec.gp.GPIndividual@1514909987{58760576},3C_20_80-02.txt,35.738,0.250,8.935,0,0.000,0.00,0.000,0.000,0.000
28,ec.gp.GPIndividual@1514909987{58760576},3C_20_80-03.txt,169.439,0.250,42.360,0,0.000,0.00,0.000,0.000,0.000
28,ec.gp.GPIndividual@1256610315{-829455676},3C_20_50-02.txt,61.404,0.250,15.351,0,0.000,0.00,0.000,0.000,0.000
28,ec.gp.GPIndividual@1256610315{-829455676},3C_20_50-03.txt,30.993,0.250,7.748,0,0.000,0.00,0.000,0.000,0.000
28,ec.gp.GPIndividual@1256610315{-829455676},3C_20_66-01.txt,7.322,0.250,1.831,0,0.000,0.00,0.000,0.000,0.000
28,ec.gp.GPIndividual@1256610315{-829455676},3C_20_66-02.txt,154.245,0.250,38.561,0,0.000,0.00,0.000,0.000,0.000
28,ec.gp.GPIndividual@1256610315{-829455676},3C_20_66-03.txt,118.340,0.250,29.585,0,0.000,0.00,0.000,0.000,0.000
28,ec.gp.GPIndividual@1256610315{-829455676},3C_20_80-01.txt,4.194,0.250,1.049,0,0.000,0.00,0.000,0.000,0.000
28,ec.gp.GPIndividual@1256610315{-829455676},3C_20_80-02.txt,35.738,0.250,8.935,0,0.000,0.00,0.000,0.000,0.000
28,ec.gp.GPIndividual@1256610315{-829455676},3C_20_80-03.txt,169.439,0.250,42.360,0,0.000,0.00,0.000,0.000,0.000
28,ec.gp.GPIndividual@22355076{-2010824899},3C_20_50-02.txt,61.404,0.250,15.351,0,0.000,0.00,0.000,0.000,0.000
28,ec.gp.GPIndividual@22355076{-2010824899},3C_20_50-03.txt,30.993,0.250,7.748,0,0.000,0.00,0.000,0.000,0.000
28,ec.gp.GPIndividual@22355076{-2010824899},3C_20_66-01.txt,7.322,0.250,1.831,0,0.000,0.00,0.000,0.000,0.000
28,ec.gp.GPIndividual@22355076{-2010824899},3C_20_66-02.txt,154.245,0.250,38.561,0,0.000,0.00,0.000,0.000,0.000
28,ec.gp.GPIndividual@22355076{-2010824899},3C_20_66-03.txt,118.340,0.250,29.585,0,0.000,0.00,0.000,0.000,0.000
28,ec.gp.GPIndividual@22355076{-2010824899},3C_20_80-01.txt,4.194,0.250,1.049,0,0.000,0.00,0.000,0.000,0.000
28,ec.gp.GPIndividual@22355076{-2010824899},3C_20_80-02.txt,35.738,0.250,8.935,0,0.000,0.00,0.000,0.000,0.000
28,ec.gp.GPIndividual@22355076{-2010824899},3C_20_80-03.txt,169.439,0.250,42.360,0,0.000,0.00,0.000,0.000,0.000
28,ec.gp.GPIndividual@141574008{1853452327},3C_20_50-02.txt,61.404,0.250,15.351,15,15.063,98.12,1.004,2.000,0.000
28,ec.gp.GPIndividual@141574008{1853452327},3C_20_50-03.txt,30.993,0.250,7.748,4,8.406,108.49,2.102,2.422,0.000
28,ec.gp.GPIndividual@141574008{1853452327},3C_20_50-03.txt,30.993,0.250,7.748,4,5.125,66.14,1.281,2.516,0.000
28,ec.gp.GPIndividual@141574008{1853452327},3C_20_50-03.txt,30.993,0.250,7.748,2,2.672,34.48,1.336,2.672,0.000
28,ec.gp.GPIndividual@141574008{1853452327},3C_20_50-03.txt,30.993,0.250,7.748,4,7.328,94.58,1.832,3.141,0.000
28,ec.gp.GPIndividual@141574008{1853452327},3C_20_50-03.txt,30.993,0.250,7.748,3,4.219,54.45,1.406,3.156,0.000
28,ec.gp.GPIndividual@141574008{1853452327},3C_20_50-03.txt,30.993,0.250,7.748,3,8.297,107.08,2.766,3.172,0.000
28,ec.gp.GPIndividual@141574008{1853452327},3C_20_66-01.txt,7.322,0.250,1.831,1,1.953,106.70,1.953,3.172,0.000
28,ec.gp.GPIndividual@141574008{1853452327},3C_20_66-01.txt,7.322,0.250,1.831,2,4.000,218.51,2.000,3.172,0.000
28,ec.gp.GPIndividual@141574008{1853452327},3C_20_66-01.txt,7.322,0.250,1.831,2,2.016,110.11,1.008,3.172,0.000
28,ec.gp.GPIndividual@141574008{1853452327},3C_20_66-01.txt,7.322,0.250,1.831,2,2.859,156.20,1.430,3.172,0.000
28,ec.gp.GPIndividual@141574008{1853452327},3C_20_66-01.txt,7.322,0.250,1.831,3,4.469,244.12,1.490,3.234,0.000
28,ec.gp.GPIndividual@141574008{1853452327},3C_20_66-01.txt,7.322,0.250,1.831,2,0.625,34.14,0.313,3.234,0.000
28,ec.gp.GPIndividual@141574008{1853452327},3C_20_66-02.txt,154.245,0.250,38.561,4,1.656,4.30,0.414,3.234,0.000
28,ec.gp.GPIndividual@141574008{1853452327},3C_20_66-02.txt,154.245,0.250,38.561,11,15.000,38.90,1.364,3.234,0.000
28,ec.gp.GPIndividual@141574008{1853452327},3C_20_66-02.txt,154.245,0.250,38.561,21,35.031,90.85,1.668,4.797,0.000
28,ec.gp.GPIndividual@141574008{1853452327},3C_20_66-03.txt,118.340,0.250,29.585,2,14.203,48.01,7.102,8.359,0.000
28,ec.gp.GPIndividual@141574008{1853452327},3C_20_66-03.txt,118.340,0.250,29.585,1,3.484,11.78,3.484,8.359,0.000
28,ec.gp.GPIndividual@141574008{1853452327},3C_20_66-03.txt,118.340,0.250,29.585,3,24.563,83.02,8.188,10.750,0.000
28,ec.gp.GPIndividual@141574008{1853452327},3C_20_66-02.txt,154.245,0.250,38.561,6,30.234,78.41,5.039,10.750,0.000
28,ec.gp.GPIndividual@141574008{1853452327},3C_20_66-02.txt,154.245,0.250,38.561,1,7.672,19.90,7.672,10.750,0.000
28,ec.gp.GPIndividual@141574008{1853452327},3C_20_66-02.txt,154.245,0.250,38.561,18,39.203,101.66,2.178,10.750,0.000
28,ec.gp.GPIndividual@141574008{1853452327},3C_20_66-03.txt,118.340,0.250,29.585,1,1.797,6.07,1.797,10.750,0.000
28,ec.gp.GPIndividual@141574008{1853452327},3C_20_66-03.txt,118.340,0.250,29.585,1,2.531,8.56,2.531,10.750,0.000
28,ec.gp.GPIndividual@141574008{1853452327},3C_20_66-03.txt,118.340,0.250,29.585,2,22.906,77.43,11.453,12.094,0.000
28,ec.gp.GPIndividual@141574008{1853452327},3C_20_80-01.txt,4.194,0.250,1.049,0,0.000,0.00,0.000,12.094,0.000
28,ec.gp.GPIndividual@141574008{1853452327},3C_20_80-01.txt,4.194,0.250,1.049,3,1.188,113.24,0.396,12.094,0.000
28,ec.gp.GPIndividual@141574008{1853452327},3C_20_80-02.txt,35.738,0.250,8.935,2,14.391,161.07,7.195,14.047,0.000
28,ec.gp.GPIndividual@141574008{1853452327},3C_20_80-01.txt,4.194,0.250,1.049,1,1.234,117.71,1.234,14.047,0.000
28,ec.gp.GPIndividual@141574008{1853452327},3C_20_80-02.txt,35.738,0.250,8.935,4,9.750,109.13,2.438,14.047,0.000
28,ec.gp.GPIndividual@141574008{1853452327},3C_20_80-01.txt,4.194,0.250,1.049,1,1.438,137.08,1.438,14.047,0.000
28,ec.gp.GPIndividual@141574008{1853452327},3C_20_80-03.txt,169.439,0.250,42.360,15,42.500,100.33,2.833,14.047,0.000
28,ec.gp.GPIndividual@1072065409{2021829355},3C_20_50-02.txt,61.404,0.250,15.351,6,11.688,76.13,1.948,4.078,0.328
28,ec.gp.GPIndividual@1072065409{2021829355},3C_20_80-02.txt,35.738,0.250,8.935,1,5.313,59.46,5.313,5.313,0.328
28,ec.gp.GPIndividual@1072065409{2021829355},3C_20_80-01.txt,4.194,0.250,1.049,3,1.063,101.32,0.354,5.313,0.172
28,ec.gp.GPIndividual@1072065409{2021829355},3C_20_80-02.txt,35.738,0.250,8.935,1,6.719,75.20,6.719,6.719,0.172
28,ec.gp.GPIndividual@1072065409{2021829355},3C_20_80-01.txt,4.194,0.250,1.049,1,2.094,199.67,2.094,6.719,0.172
28,ec.gp.GPIndividual@1072065409{2021829355},3C_20_80-03.txt,169.439,0.250,42.360,4,11.047,26.08,2.762,6.719,0.172
28,ec.gp.GPIndividual@1072065409{2021829355},3C_20_80-03.txt,169.439,0.250,42.360,5,9.219,21.76,1.844,6.719,0.172
28,ec.gp.GPIndividual@1072065409{2021829355},3C_20_50-03.txt,30.993,0.250,7.748,3,5.563,71.79,1.854,6.719,0.172
28,ec.gp.GPIndividual@1072065409{2021829355},3C_20_80-02.txt,35.738,0.250,8.935,3,10.797,120.84,3.599,6.719,0.172
28,ec.gp.GPIndividual@1072065409{2021829355},3C_20_66-01.txt,7.322,0.250,1.831,1,0.703,38.41,0.703,6.719,0.172
28,ec.gp.GPIndividual@601474564{-164090244},3C_20_50-02.txt,61.404,0.250,15.351,6,12.234,79.70,2.039,5.844,0.328
28,ec.gp.GPIndividual@601474564{-164090244},3C_20_66-02.txt,154.245,0.250,38.561,3,4.953,12.84,1.651,5.844,0.328
28,ec.gp.GPIndividual@601474564{-164090244},3C_20_80-03.txt,169.439,0.250,42.360,1,3.531,8.34,3.531,5.844,0.328
28,ec.gp.GPIndividual@1848303102{-80038715},3C_20_50-02.txt,61.404,0.250,15.351,5,8.438,54.96,1.688,2.609,0.406
28,ec.gp.GPIndividual@1848303102{-80038715},3C_20_66-03.txt,118.340,0.250,29.585,3,3.734,12.62,1.245,2.609,0.406
28,ec.gp.GPIndividual@1848303102{-80038715},3C_20_50-03.txt,30.993,0.250,7.748,3,11.031,142.37,3.677,6.016,0.406
28,ec.gp.GPIndividual@825143240{-1258916312},3C_20_50-02.txt,61.404,0.250,15.351,1,1.094,7.12,1.094,1.094,1.094
28,ec.gp.GPIndividual@825143240{-1258916312},3C_20_50-03.txt,30.993,0.250,7.748,2,2.828,36.50,1.414,2.328,0.500
28,ec.gp.GPIndividual@825143240{-1258916312},3C_20_80-03.txt,169.439,0.250,42.360,2,18.250,43.08,9.125,15.031,0.500
28,ec.gp.GPIndividual@825143240{-1258916312},3C_20_80-02.txt,35.738,0.250,8.935,5,8.563,95.84,1.713,15.031,0.000
28,ec.gp.GPIndividual@825143240{-1258916312},3C_20_50-03.txt,30.993,0.250,7.748,2,4.547,58.68,2.273,15.031,0.000
28,ec.gp.GPIndividual@825143240{-1258916312},3C_20_80-01.txt,4.194,0.250,1.049,1,2.094,199.67,2.094,15.031,0.000
28,ec.gp.GPIndividual@825143240{-1258916312},3C_20_80-03.txt,169.439,0.250,42.360,4,7.953,18.78,1.988,15.031,0.000
28,ec.gp.GPIndividual@825143240{-1258916312},3C_20_80-02.txt,35.738,0.250,8.935,2,9.219,103.18,4.609,15.031,0.000
28,ec.gp.GPIndividual@127984100{1197487716},3C_20_50-02.txt,61.404,0.250,15.351,1,0.000,0.00,0.000,0.000,0.000
28,ec.gp.GPIndividual@127984100{1197487716},3C_20_50-03.txt,30.993,0.250,7.748,1,0.000,0.00,0.000,0.000,0.000
28,ec.gp.GPIndividual@127984100{1197487716},3C_20_66-01.txt,7.322,0.250,1.831,1,0.000,0.00,0.000,0.000,0.000
28,ec.gp.GPIndividual@127984100{1197487716},3C_20_66-02.txt,154.245,0.250,38.561,1,0.000,0.00,0.000,0.000,0.000
28,ec.gp.GPIndividual@127984100{1197487716},3C_20_66-03.txt,118.340,0.250,29.585,1,0.000,0.00,0.000,0.000,0.000
28,ec.gp.GPIndividual@127984100{1197487716},3C_20_80-01.txt,4.194,0.250,1.049,1,0.000,0.00,0.000,0.000,0.000
28,ec.gp.GPIndividual@127984100{1197487716},3C_20_80-02.txt,35.738,0.250,8.935,1,0.000,0.00,0.000,0.000,0.000
28,ec.gp.GPIndividual@127984100{1197487716},3C_20_80-03.txt,169.439,0.250,42.360,1,0.000,0.00,0.000,0.000,0.000
28,ec.gp.GPIndividual@556635581{-1078738700},3C_20_50-02.txt,61.404,0.250,15.351,4,6.141,40.00,1.535,2.359,0.344
28,ec.gp.GPIndividual@556635581{-1078738700},3C_20_80-03.txt,169.439,0.250,42.360,6,19.109,45.11,3.185,6.047,0.000
28,ec.gp.GPIndividual@556635581{-1078738700},3C_20_66-01.txt,7.322,0.250,1.831,2,9.859,538.60,4.930,8.969,0.000
28,ec.gp.GPIndividual@556635581{-1078738700},3C_20_66-01.txt,7.322,0.250,1.831,2,3.594,196.32,1.797,8.969,0.000
28,ec.gp.GPIndividual@556635581{-1078738700},3C_20_50-03.txt,30.993,0.250,7.748,3,6.656,85.91,2.219,8.969,0.000
28,ec.gp.GPIndividual@556635581{-1078738700},3C_20_66-02.txt,154.245,0.250,38.561,2,1.703,4.42,0.852,8.969,0.000
28,ec.gp.GPIndividual@1019241255{28592397},3C_20_50-02.txt,61.404,0.250,15.351,2,1.734,11.30,0.867,1.391,0.344
28,ec.gp.GPIndividual@1019241255{28592397},3C_20_66-02.txt,154.245,0.250,38.561,1,6.563,17.02,6.563,6.563,0.344
28,ec.gp.GPIndividual@1019241255{28592397},3C_20_66-01.txt,7.322,0.250,1.831,2,3.141,171.57,1.570,6.563,0.344
28,ec.gp.GPIndividual@1019241255{28592397},3C_20_66-03.txt,118.340,0.250,29.585,6,10.797,36.49,1.799,6.563,0.344
28,ec.gp.GPIndividual@1019241255{28592397},3C_20_66-03.txt,118.340,0.250,29.585,1,2.547,8.61,2.547,6.563,0.344
28,ec.gp.GPIndividual@1019241255{28592397},3C_20_50-03.txt,30.993,0.250,7.748,1,1.625,20.97,1.625,6.563,0.344
28,ec.gp.GPIndividual@1019241255{28592397},3C_20_66-02.txt,154.245,0.250,38.561,1,12.063,31.28,12.063,12.063,0.344
28,ec.gp.GPIndividual@1352494575{-723124099},3C_20_50-02.txt,61.404,0.250,15.351,2,4.984,32.47,2.492,4.469,0.516
28,ec.gp.GPIndividual@1352494575{-723124099},3C_20_50-03.txt,30.993,0.250,7.748,2,8.750,112.93,4.375,6.250,0.516
28,ec.gp.GPIndividual@1352494575{-723124099},3C_20_80-01.txt,4.194,0.250,1.049,1,3.219,306.95,3.219,6.250,0.516
28,ec.gp.GPIndividual@1352494575{-723124099},3C_20_66-01.txt,7.322,0.250,1.831,3,1.922,104.99,0.641,6.250,0.500
28,ec.gp.GPIndividual@1352494575{-723124099},3C_20_66-01.txt,7.322,0.250,1.831,3,1.922,104.99,0.641,6.250,0.500
28,ec.gp.GPIndividual@1352494575{-723124099},3C_20_80-02.txt,35.738,0.250,8.935,2,4.578,51.24,2.289,6.250,0.500
28,ec.gp.GPIndividual@1352494575{-723124099},3C_20_66-01.txt,7.322,0.250,1.831,2,1.750,95.60,0.875,6.250,0.359
28,ec.gp.GPIndividual@1352494575{-723124099},3C_20_66-03.txt,118.340,0.250,29.585,1,0.891,3.01,0.891,6.250,0.359
28,ec.gp.GPIndividual@1352494575{-723124099},3C_20_66-02.txt,154.245,0.250,38.561,1,6.328,16.41,6.328,6.328,0.359
28,ec.gp.GPIndividual@1352494575{-723124099},3C_20_80-01.txt,4.194,0.250,1.049,1,4.391,418.70,4.391,6.328,0.359
28,ec.gp.GPIndividual@1352494575{-723124099},3C_20_66-01.txt,7.322,0.250,1.831,1,2.172,118.65,2.172,6.328,0.359
28,ec.gp.GPIndividual@1352494575{-723124099},3C_20_80-03.txt,169.439,0.250,42.360,4,4.953,11.69,1.238,6.328,0.359
28,ec.gp.GPIndividual@1352494575{-723124099},3C_20_80-02.txt,35.738,0.250,8.935,3,4.875,54.56,1.625,6.328,0.359
28,ec.gp.GPIndividual@1352494575{-723124099},3C_20_66-03.txt,118.340,0.250,29.585,2,2.672,9.03,1.336,6.328,0.359
28,ec.gp.GPIndividual@1352494575{-723124099},3C_20_66-03.txt,118.340,0.250,29.585,1,2.078,7.02,2.078,6.328,0.359
28,ec.gp.GPIndividual@1352494575{-723124099},3C_20_80-03.txt,169.439,0.250,42.360,5,21.000,49.58,4.200,6.359,0.359
28,ec.gp.GPIndividual@1352494575{-723124099},3C_20_80-01.txt,4.194,0.250,1.049,1,0.531,50.66,0.531,6.359,0.359
28,ec.gp.GPIndividual@1352494575{-723124099},3C_20_80-02.txt,35.738,0.250,8.935,2,9.703,108.60,4.852,6.359,0.359
28,ec.gp.GPIndividual@1352494575{-723124099},3C_20_80-01.txt,4.194,0.250,1.049,2,6.672,636.25,3.336,6.359,0.359
28,ec.gp.GPIndividual@1602547539{1067516952},3C_20_50-02.txt,61.404,0.250,15.351,2,0.328,2.14,0.164,0.328,0.000
28,ec.gp.GPIndividual@1602547539{1067516952},3C_20_80-02.txt,35.738,0.250,8.935,2,2.422,27.11,1.211,2.094,0.000
28,ec.gp.GPIndividual@1602547539{1067516952},3C_20_80-03.txt,169.439,0.250,42.360,1,2.281,5.39,2.281,2.281,0.000
28,ec.gp.GPIndividual@1602547539{1067516952},3C_20_80-01.txt,4.194,0.250,1.049,2,2.266,216.06,1.133,2.281,0.000
28,ec.gp.GPIndividual@1602547539{1067516952},3C_20_50-03.txt,30.993,0.250,7.748,2,2.359,30.45,1.180,2.281,0.000
28,ec.gp.GPIndividual@1602547539{1067516952},3C_20_80-03.txt,169.439,0.250,42.360,2,2.922,6.90,1.461,2.281,0.000
28,ec.gp.GPIndividual@1602547539{1067516952},3C_20_80-02.txt,35.738,0.250,8.935,2,9.188,102.83,4.594,5.938,0.000
28,ec.gp.GPIndividual@1351677518{-2074079546},3C_20_50-02.txt,61.404,0.250,15.351,3,2.688,17.51,0.896,2.297,0.000
28,ec.gp.GPIndividual@1351677518{-2074079546},3C_20_50-03.txt,30.993,0.250,7.748,2,5.813,75.02,2.906,5.813,0.000
28,ec.gp.GPIndividual@886770513{-762226140},3C_20_50-02.txt,61.404,0.250,15.351,3,11.813,76.95,3.938,10.594,0.219
28,ec.gp.GPIndividual@886770513{-762226140},3C_20_66-03.txt,118.340,0.250,29.585,3,26.594,89.89,8.865,14.063,0.219
28,ec.gp.GPIndividual@1768193770{271532587},3C_20_50-02.txt,61.404,0.250,15.351,0,0.000,0.00,0.000,0.000,0.000
28,ec.gp.GPIndividual@1768193770{271532587},3C_20_50-03.txt,30.993,0.250,7.748,0,0.000,0.00,0.000,0.000,0.000
28,ec.gp.GPIndividual@1768193770{271532587},3C_20_66-01.txt,7.322,0.250,1.831,0,0.000,0.00,0.000,0.000,0.000
28,ec.gp.GPIndividual@1768193770{271532587},3C_20_66-02.txt,154.245,0.250,38.561,0,0.000,0.00,0.000,0.000,0.000
28,ec.gp.GPIndividual@1768193770{271532587},3C_20_66-03.txt,118.340,0.250,29.585,0,0.000,0.00,0.000,0.000,0.000
28,ec.gp.GPIndividual@1768193770{271532587},3C_20_80-01.txt,4.194,0.250,1.049,0,0.000,0.00,0.000,0.000,0.000
28,ec.gp.GPIndividual@1768193770{271532587},3C_20_80-02.txt,35.738,0.250,8.935,0,0.000,0.00,0.000,0.000,0.000
28,ec.gp.GPIndividual@1768193770{271532587},3C_20_80-03.txt,169.439,0.250,42.360,0,0.000,0.00,0.000,0.000,0.000
28,ec.gp.GPIndividual@1769822926{-159641396},3C_20_50-02.txt,61.404,0.250,15.351,8,13.344,86.92,1.668,3.594,0.250
28,ec.gp.GPIndividual@1769822926{-159641396},3C_20_80-01.txt,4.194,0.250,1.049,1,5.469,521.52,5.469,5.469,0.250
28,ec.gp.GPIndividual@1769822926{-159641396},3C_20_50-03.txt,30.993,0.250,7.748,2,7.953,102.65,3.977,7.484,0.250
28,ec.gp.GPIndividual@1769822926{-159641396},3C_20_66-02.txt,154.245,0.250,38.561,1,2.281,5.92,2.281,7.484,0.250
28,ec.gp.GPIndividual@1769822926{-159641396},3C_20_50-03.txt,30.993,0.250,7.748,6,8.594,110.91,1.432,7.484,0.250
28,ec.gp.GPIndividual@1769822926{-159641396},3C_20_66-01.txt,7.322,0.250,1.831,3,2.047,111.82,0.682,7.484,0.250
28,ec.gp.GPIndividual@1769822926{-159641396},3C_20_66-02.txt,154.245,0.250,38.561,1,0.219,0.57,0.219,7.484,0.219
28,ec.gp.GPIndividual@1769822926{-159641396},3C_20_66-03.txt,118.340,0.250,29.585,1,1.984,6.71,1.984,7.484,0.219
28,ec.gp.GPIndividual@1769822926{-159641396},3C_20_80-02.txt,35.738,0.250,8.935,9,9.969,111.58,1.108,7.484,0.000
28,ec.gp.GPIndividual@1769822926{-159641396},3C_20_80-01.txt,4.194,0.250,1.049,1,3.438,327.81,3.438,7.484,0.000
28,ec.gp.GPIndividual@1769822926{-159641396},3C_20_66-01.txt,7.322,0.250,1.831,3,2.141,116.94,0.714,7.484,0.000
28,ec.gp.GPIndividual@1769822926{-159641396},3C_20_66-03.txt,118.340,0.250,29.585,1,0.313,1.06,0.313,7.484,0.000
28,ec.gp.GPIndividual@1769822926{-159641396},3C_20_80-03.txt,169.439,0.250,42.360,6,4.500,10.62,0.750,7.484,0.000
28,ec.gp.GPIndividual@1769822926{-159641396},3C_20_80-02.txt,35.738,0.250,8.935,5,8.969,100.38,1.794,7.484,0.000
28,ec.gp.GPIndividual@400761612{247654896},3C_20_50-02.txt,61.404,0.250,15.351,0,0.000,0.00,0.000,0.000,0.000
28,ec.gp.GPIndividual@400761612{247654896},3C_20_50-03.txt,30.993,0.250,7.748,0,0.000,0.00,0.000,0.000,0.000
28,ec.gp.GPIndividual@400761612{247654896},3C_20_66-01.txt,7.322,0.250,1.831,0,0.000,0.00,0.000,0.000,0.000
28,ec.gp.GPIndividual@400761612{247654896},3C_20_66-02.txt,154.245,0.250,38.561,0,0.000,0.00,0.000,0.000,0.000
28,ec.gp.GPIndividual@400761612{247654896},3C_20_66-03.txt,118.340,0.250,29.585,0,0.000,0.00,0.000,0.000,0.000
28,ec.gp.GPIndividual@400761612{247654896},3C_20_80-01.txt,4.194,0.250,1.049,0,0.000,0.00,0.000,0.000,0.000
28,ec.gp.GPIndividual@400761612{247654896},3C_20_80-02.txt,35.738,0.250,8.935,0,0.000,0.00,0.000,0.000,0.000
28,ec.gp.GPIndividual@400761612{247654896},3C_20_80-03.txt,169.439,0.250,42.360,0,0.000,0.00,0.000,0.000,0.000
28,ec.gp.GPIndividual@1796186064{-1842897117},3C_20_50-02.txt,61.404,0.250,15.351,0,0.000,0.00,0.000,0.000,0.000
28,ec.gp.GPIndividual@1796186064{-1842897117},3C_20_50-03.txt,30.993,0.250,7.748,0,0.000,0.00,0.000,0.000,0.000
28,ec.gp.GPIndividual@1796186064{-1842897117},3C_20_66-01.txt,7.322,0.250,1.831,0,0.000,0.00,0.000,0.000,0.000
28,ec.gp.GPIndividual@1796186064{-1842897117},3C_20_66-02.txt,154.245,0.250,38.561,0,0.000,0.00,0.000,0.000,0.000
28,ec.gp.GPIndividual@1796186064{-1842897117},3C_20_66-03.txt,118.340,0.250,29.585,0,0.000,0.00,0.000,0.000,0.000
28,ec.gp.GPIndividual@1796186064{-1842897117},3C_20_80-01.txt,4.194,0.250,1.049,0,0.000,0.00,0.000,0.000,0.000
28,ec.gp.GPIndividual@1796186064{-1842897117},3C_20_80-02.txt,35.738,0.250,8.935,0,0.000,0.00,0.000,0.000,0.000
28,ec.gp.GPIndividual@1796186064{-1842897117},3C_20_80-03.txt,169.439,0.250,42.360,0,0.000,0.00,0.000,0.000,0.000
28,ec.gp.GPIndividual@1260874538{-170186634},3C_20_50-02.txt,61.404,0.250,15.351,11,11.609,75.63,1.055,2.641,0.125
28,ec.gp.GPIndividual@1260874538{-170186634},3C_20_66-03.txt,118.340,0.250,29.585,1,2.891,9.77,2.891,2.891,0.125
28,ec.gp.GPIndividual@1260874538{-170186634},3C_20_50-03.txt,30.993,0.250,7.748,1,3.609,46.58,3.609,3.609,0.125
28,ec.gp.GPIndividual@393634212{-159641396},3C_20_50-02.txt,61.404,0.250,15.351,0,0.000,0.00,0.000,0.000,0.000
28,ec.gp.GPIndividual@393634212{-159641396},3C_20_50-03.txt,30.993,0.250,7.748,0,0.000,0.00,0.000,0.000,0.000
28,ec.gp.GPIndividual@393634212{-159641396},3C_20_66-01.txt,7.322,0.250,1.831,0,0.000,0.00,0.000,0.000,0.000
28,ec.gp.GPIndividual@393634212{-159641396},3C_20_66-02.txt,154.245,0.250,38.561,0,0.000,0.00,0.000,0.000,0.000
28,ec.gp.GPIndividual@393634212{-159641396},3C_20_66-03.txt,118.340,0.250,29.585,0,0.000,0.00,0.000,0.000,0.000
28,ec.gp.GPIndividual@393634212{-159641396},3C_20_80-01.txt,4.194,0.250,1.049,0,0.000,0.00,0.000,0.000,0.000
28,ec.gp.GPIndividual@393634212{-159641396},3C_20_80-02.txt,35.738,0.250,8.935,0,0.000,0.00,0.000,0.000,0.000
28,ec.gp.GPIndividual@393634212{-159641396},3C_20_80-03.txt,169.439,0.250,42.360,0,0.000,0.00,0.000,0.000,0.000
28,ec.gp.GPIndividual@825357110{353231141},3C_20_50-02.txt,61.404,0.250,15.351,6,12.828,83.56,2.138,9.016,0.094
28,ec.gp.GPIndividual@825357110{353231141},3C_20_66-03.txt,118.340,0.250,29.585,1,5.359,18.12,5.359,9.016,0.094
28,ec.gp.GPIndividual@825357110{353231141},3C_20_50-03.txt,30.993,0.250,7.748,5,7.406,95.59,1.481,9.016,0.094
28,ec.gp.GPIndividual@825357110{353231141},3C_20_80-01.txt,4.194,0.250,1.049,2,0.797,75.99,0.398,9.016,0.000
28,ec.gp.GPIndividual@825357110{353231141},3C_20_66-01.txt,7.322,0.250,1.831,5,1.797,98.16,0.359,9.016,0.000
28,ec.gp.GPIndividual@825357110{353231141},3C_20_80-02.txt,35.738,0.250,8.935,1,0.172,1.92,0.172,9.016,0.000
28,ec.gp.GPIndividual@825357110{353231141},3C_20_66-02.txt,154.245,0.250,38.561,12,29.563,76.66,2.464,13.797,0.000
28,ec.gp.GPIndividual@825357110{353231141},3C_20_80-03.txt,169.439,0.250,42.360,2,10.828,25.56,5.414,13.797,0.000
28,ec.gp.GPIndividual@825357110{353231141},3C_20_66-03.txt,118.340,0.250,29.585,3,18.984,64.17,6.328,16.344,0.000
28,ec.gp.GPIndividual@1973770807{1966310265},3C_20_50-02.txt,61.404,0.250,15.351,5,6.766,44.07,1.353,5.766,0.031
28,ec.gp.GPIndividual@1973770807{1966310265},3C_20_50-03.txt,30.993,0.250,7.748,6,6.672,86.11,1.112,5.766,0.031
28,ec.gp.GPIndividual@1973770807{1966310265},3C_20_66-01.txt,7.322,0.250,1.831,7,1.438,78.53,0.205,5.766,0.000
28,ec.gp.GPIndividual@1973770807{1966310265},3C_20_66-02.txt,154.245,0.250,38.561,9,28.250,73.26,3.139,10.594,0.000
28,ec.gp.GPIndividual@1973770807{1966310265},3C_20_66-03.txt,118.340,0.250,29.585,5,20.203,68.29,4.041,10.594,0.000
28,ec.gp.GPIndividual@1973770807{1966310265},3C_20_80-01.txt,4.194,0.250,1.049,3,0.672,64.07,0.224,10.594,0.000
28,ec.gp.GPIndividual@1973770807{1966310265},3C_20_80-02.txt,35.738,0.250,8.935,6,4.219,47.22,0.703,10.594,0.000
28,ec.gp.GPIndividual@1973770807{1966310265},3C_20_80-03.txt,169.439,0.250,42.360,2,17.453,41.20,8.727,16.656,0.000
28,ec.gp.GPIndividual@584118347{-52587262},3C_20_50-02.txt,61.404,0.250,15.351,0,0.000,0.00,0.000,0.000,0.000
28,ec.gp.GPIndividual@584118347{-52587262},3C_20_50-03.txt,30.993,0.250,7.748,2,1.500,19.36,0.750,0.953,0.547
28,ec.gp.GPIndividual@584118347{-52587262},3C_20_66-01.txt,7.322,0.250,1.831,0,0.000,0.00,0.000,0.953,0.547
28,ec.gp.GPIndividual@584118347{-52587262},3C_20_66-02.txt,154.245,0.250,38.561,0,0.000,0.00,0.000,0.953,0.547
28,ec.gp.GPIndividual@584118347{-52587262},3C_20_66-03.txt,118.340,0.250,29.585,2,4.938,16.69,2.469,4.500,0.438
28,ec.gp.GPIndividual@584118347{-52587262},3C_20_80-01.txt,4.194,0.250,1.049,0,0.000,0.00,0.000,4.500,0.438
28,ec.gp.GPIndividual@584118347{-52587262},3C_20_80-02.txt,35.738,0.250,8.935,0,0.000,0.00,0.000,4.500,0.438
28,ec.gp.GPIndividual@584118347{-52587262},3C_20_80-03.txt,169.439,0.250,42.360,0,0.000,0.00,0.000,4.500,0.438
29,ec.gp.GPIndividual@1270796646{254806158},3C_20_50-02.txt,61.404,0.250,15.351,1,0.000,0.00,0.000,0.000,0.000
29,ec.gp.GPIndividual@1805708436{1459626157},3C_20_50-02.txt,61.404,0.250,15.351,0,0.000,0.00,0.000,0.000,0.000
29,ec.gp.GPIndividual@1805708436{1459626157},3C_20_50-02.txt,61.404,0.250,15.351,0,0.000,0.00,0.000,0.000,0.000
29,ec.gp.GPIndividual@1805708436{1459626157},3C_20_66-01.txt,7.322,0.250,1.831,1,0.000,0.00,0.000,0.000,0.000
29,ec.gp.GPIndividual@1805708436{1459626157},3C_20_66-02.txt,154.245,0.250,38.561,0,0.000,0.00,0.000,0.000,0.000
29,ec.gp.GPIndividual@1805708436{1459626157},3C_20_66-02.txt,154.245,0.250,38.561,0,0.000,0.00,0.000,0.000,0.000
29,ec.gp.GPIndividual@1805708436{1459626157},3C_20_66-02.txt,154.245,0.250,38.561,0,0.000,0.00,0.000,0.000,0.000
29,ec.gp.GPIndividual@1805708436{1459626157},3C_20_50-03.txt,30.993,0.250,7.748,0,0.000,0.00,0.000,0.000,0.000
29,ec.gp.GPIndividual@1805708436{1459626157},3C_20_80-01.txt,4.194,0.250,1.049,0,0.000,0.00,0.000,0.000,0.000
29,ec.gp.GPIndividual@1805708436{1459626157},3C_20_80-02.txt,35.738,0.250,8.935,0,0.000,0.00,0.000,0.000,0.000
29,ec.gp.GPIndividual@1805708436{1459626157},3C_20_66-01.txt,7.322,0.250,1.831,0,0.000,0.00,0.000,0.000,0.000
29,ec.gp.GPIndividual@1805708436{1459626157},3C_20_80-03.txt,169.439,0.250,42.360,0,0.000,0.00,0.000,0.000,0.000
29,ec.gp.GPIndividual@1805708436{1459626157},3C_20_80-03.txt,169.439,0.250,42.360,0,0.000,0.00,0.000,0.000,0.000
29,ec.gp.GPIndividual@808177186{1664694352},null,0.000,0.250,0.000,0,0.000,0.00,0.000,0.000,0.000
29,ec.gp.GPIndividual@808177186{1664694352},3C_20_50-02.txt,61.404,0.250,15.351,0,0.000,0.00,0.000,0.000,0.000
29,ec.gp.GPIndividual@808177186{1664694352},3C_20_50-02.txt,61.404,0.250,15.351,0,0.000,0.00,0.000,0.000,0.000
29,ec.gp.GPIndividual@808177186{1664694352},3C_20_66-03.txt,118.340,0.250,29.585,1,0.000,0.00,0.000,0.000,0.000
29,ec.gp.GPIndividual@808177186{1664694352},3C_20_80-01.txt,4.194,0.250,1.049,0,0.000,0.00,0.000,0.000,0.000
29,ec.gp.GPIndividual@808177186{1664694352},3C_20_80-01.txt,4.194,0.250,1.049,1,0.000,0.00,0.000,0.000,0.000
29,ec.gp.GPIndividual@808177186{1664694352},3C_20_80-01.txt,4.194,0.250,1.049,1,0.000,0.00,0.000,0.000,0.000
29,ec.gp.GPIndividual@808177186{1664694352},3C_20_80-02.txt,35.738,0.250,8.935,0,0.000,0.00,0.000,0.000,0.000
29,ec.gp.GPIndividual@808177186{1664694352},3C_20_80-02.txt,35.738,0.250,8.935,0,0.000,0.00,0.000,0.000,0.000
29,ec.gp.GPIndividual@808177186{1664694352},3C_20_80-03.txt,169.439,0.250,42.360,1,0.000,0.00,0.000,0.000,0.000
29,ec.gp.GPIndividual@808177186{1664694352},3C_20_80-03.txt,169.439,0.250,42.360,1,0.000,0.00,0.000,0.000,0.000
29,ec.gp.GPIndividual@653069344{1751131512},3C_20_50-02.txt,61.404,0.250,15.351,0,0.000,0.00,0.000,0.000,0.000
29,ec.gp.GPIndividual@653069344{1751131512},3C_20_66-01.txt,7.322,0.250,1.831,0,0.000,0.00,0.000,0.000,0.000
29,ec.gp.GPIndividual@653069344{1751131512},3C_20_66-02.txt,154.245,0.250,38.561,0,0.000,0.00,0.000,0.000,0.000
29,ec.gp.GPIndividual@653069344{1751131512},3C_20_66-03.txt,118.340,0.250,29.585,0,0.000,0.00,0.000,0.000,0.000
29,ec.gp.GPIndividual@653069344{1751131512},3C_20_80-01.txt,4.194,0.250,1.049,0,0.000,0.00,0.000,0.000,0.000
29,ec.gp.GPIndividual@653069344{1751131512},3C_20_80-02.txt,35.738,0.250,8.935,0,0.000,0.00,0.000,0.000,0.000
29,ec.gp.GPIndividual@653069344{1751131512},3C_20_80-03.txt,169.439,0.250,42.360,0,0.000,0.00,0.000,0.000,0.000
29,ec.gp.GPIndividual@1137392732{-2071436622},3C_20_50-02.txt,61.404,0.250,15.351,13,14.453,94.15,1.112,2.094,0.281
29,ec.gp.GPIndividual@1137392732{-2071436622},3C_20_50-03.txt,30.993,0.250,7.748,5,9.219,118.98,1.844,2.422,0.281
29,ec.gp.GPIndividual@1137392732{-2071436622},3C_20_50-03.txt,30.993,0.250,7.748,5,7.938,102.44,1.588,3.141,0.281
29,ec.gp.GPIndividual@1137392732{-2071436622},3C_20_50-03.txt,30.993,0.250,7.748,1,0.328,4.23,0.328,3.141,0.281
29,ec.gp.GPIndividual@1137392732{-2071436622},3C_20_50-03.txt,30.993,0.250,7.748,2,2.406,31.06,1.203,3.141,0.000
29,ec.gp.GPIndividual@1137392732{-2071436622},3C_20_50-03.txt,30.993,0.250,7.748,5,7.531,97.20,1.506,3.156,0.000
29,ec.gp.GPIndividual@1137392732{-2071436622},3C_20_50-03.txt,30.993,0.250,7.748,3,9.328,120.39,3.109,3.219,0.000
29,ec.gp.GPIndividual@1137392732{-2071436622},3C_20_66-01.txt,7.322,0.250,1.831,1,3.188,174.13,3.188,3.219,0.000
29,ec.gp.GPIndividual@1137392732{-2071436622},3C_20_66-01.txt,7.322,0.250,1.831,1,1.656,90.48,1.656,3.219,0.000
29,ec.gp.GPIndividual@1137392732{-2071436622},3C_20_66-01.txt,7.322,0.250,1.831,3,2.438,133.16,0.813,3.219,0.000
29,ec.gp.GPIndividual@1137392732{-2071436622},3C_20_66-02.txt,154.245,0.250,38.561,8,12.766,33.10,1.596,3.219,0.000
29,ec.gp.GPIndividual@1137392732{-2071436622},3C_20_66-02.txt,154.245,0.250,38.561,1,1.406,3.65,1.406,3.219,0.000
29,ec.gp.GPIndividual@1137392732{-2071436622},3C_20_66-02.txt,154.245,0.250,38.561,11,26.438,68.56,2.403,4.641,0.000
29,ec.gp.GPIndividual@1137392732{-2071436622},3C_20_66-03.txt,118.340,0.250,29.585,8,28.094,94.96,3.512,7.313,0.000
29,ec.gp.GPIndividual@1137392732{-2071436622},3C_20_80-01.txt,4.194,0.250,1.049,2,0.781,74.50,0.391,7.313,0.000
29,ec.gp.GPIndividual@1137392732{-2071436622},3C_20_80-02.txt,35.738,0.250,8.935,3,3.719,41.62,1.240,7.313,0.000
29,ec.gp.GPIndividual@1137392732{-2071436622},3C_20_66-01.txt,7.322,0.250,1.831,1,14.078,769.07,14.078,14.078,0.000
29,ec.gp.GPIndividual@1137392732{-2071436622},3C_20_66-01.txt,7.322,0.250,1.831,1,5.906,322.65,5.906,14.078,0.000
29,ec.gp.GPIndividual@1137392732{-2071436622},3C_20_66-01.txt,7.322,0.250,1.831,4,2.688,146.81,0.672,14.078,0.000
29,ec.gp.GPIndividual@1137392732{-2071436622},3C_20_66-02.txt,154.245,0.250,38.561,2,7.172,18.60,3.586,14.078,0.000
29,ec.gp.GPIndividual@1137392732{-2071436622},3C_20_66-03.txt,118.340,0.250,29.585,2,12.703,42.94,6.352,14.078,0.000
29,ec.gp.GPIndividual@1137392732{-2071436622},3C_20_66-03.txt,118.340,0.250,29.585,1,1.125,3.80,1.125,14.078,0.000
29,ec.gp.GPIndividual@1137392732{-2071436622},3C_20_66-02.txt,154.245,0.250,38.561,5,7.828,20.30,1.566,14.078,0.000
29,ec.gp.GPIndividual@1137392732{-2071436622},3C_20_80-03.txt,169.439,0.250,42.360,5,7.953,18.78,1.591,14.078,0.000
29,ec.gp.GPIndividual@1137392732{-2071436622},3C_20_66-03.txt,118.340,0.250,29.585,3,1.063,3.59,0.354,14.078,0.000
29,ec.gp.GPIndividual@1137392732{-2071436622},3C_20_66-02.txt,154.245,0.250,38.561,11,40.672,105.47,3.697,14.078,0.000
29,ec.gp.GPIndividual@1137392732{-2071436622},3C_20_80-01.txt,4.194,0.250,1.049,3,1.063,101.32,0.354,14.078,0.000
29,ec.gp.GPIndividual@1137392732{-2071436622},3C_20_80-02.txt,35.738,0.250,8.935,2,4.109,45.99,2.055,14.078,0.000
29,ec.gp.GPIndividual@1137392732{-2071436622},3C_20_80-01.txt,4.194,0.250,1.049,4,1.031,98.34,0.258,14.078,0.000
29,ec.gp.GPIndividual@1137392732{-2071436622},3C_20_80-02.txt,35.738,0.250,8.935,1,3.875,43.37,3.875,14.078,0.000
29,ec.gp.GPIndividual@1137392732{-2071436622},3C_20_80-01.txt,4.194,0.250,1.049,1,1.531,146.03,1.531,14.078,0.000
29,ec.gp.GPIndividual@1137392732{-2071436622},3C_20_66-03.txt,118.340,0.250,29.585,2,2.516,8.50,1.258,14.078,0.000
29,ec.gp.GPIndividual@1137392732{-2071436622},3C_20_80-03.txt,169.439,0.250,42.360,1,5.969,14.09,5.969,14.078,0.000
29,ec.gp.GPIndividual@1342045639{-352166765},3C_20_50-02.txt,61.404,0.250,15.351,4,11.906,77.56,2.977,8.281,0.344
29,ec.gp.GPIndividual@1342045639{-352166765},3C_20_66-03.txt,118.340,0.250,29.585,8,21.516,72.73,2.689,8.281,0.344
29,ec.gp.GPIndividual@1881867361{43656422},3C_20_50-02.txt,61.404,0.250,15.351,6,16.266,105.96,2.711,6.219,0.359
29,ec.gp.GPIndividual@1881867361{43656422},3C_20_80-01.txt,4.194,0.250,1.049,1,1.844,175.83,1.844,6.219,0.359
29,ec.gp.GPIndividual@1881867361{43656422},3C_20_50-03.txt,30.993,0.250,7.748,4,7.375,95.18,1.844,6.219,0.359
29,ec.gp.GPIndividual@1881867361{43656422},3C_20_80-02.txt,35.738,0.250,8.935,2,4.250,47.57,2.125,6.219,0.359
29,ec.gp.GPIndividual@1881867361{43656422},3C_20_80-02.txt,35.738,0.250,8.935,2,4.250,47.57,2.125,6.219,0.359
29,ec.gp.GPIndividual@1881867361{43656422},3C_20_50-03.txt,30.993,0.250,7.748,1,1.203,15.53,1.203,6.219,0.359
29,ec.gp.GPIndividual@1881867361{43656422},3C_20_80-02.txt,35.738,0.250,8.935,2,6.953,77.82,3.477,6.219,0.359
29,ec.gp.GPIndividual@1881867361{43656422},3C_20_80-03.txt,169.439,0.250,42.360,6,10.906,25.75,1.818,6.219,0.359
29,ec.gp.GPIndividual@1881867361{43656422},3C_20_66-01.txt,7.322,0.250,1.831,1,3.141,171.57,3.141,6.219,0.359
29,ec.gp.GPIndividual@1881867361{43656422},3C_20_66-01.txt,7.322,0.250,1.831,2,2.172,118.65,1.086,6.219,0.359
29,ec.gp.GPIndividual@1881867361{43656422},3C_20_80-03.txt,169.439,0.250,42.360,2,1.344,3.17,0.672,6.219,0.359
29,ec.gp.GPIndividual@1881867361{43656422},3C_20_66-02.txt,154.245,0.250,38.561,17,39.156,101.54,2.303,6.313,0.359
29,ec.gp.GPIndividual@1881867361{43656422},3C_20_80-02.txt,35.738,0.250,8.935,1,0.172,1.92,0.172,6.313,0.172
29,ec.gp.GPIndividual@1881867361{43656422},3C_20_66-03.txt,118.340,0.250,29.585,1,1.969,6.65,1.969,6.313,0.172
29,ec.gp.GPIndividual@1805925754{-2078912240},3C_20_50-02.txt,61.404,0.250,15.351,0,0.000,0.00,0.000,0.000,0.000
29,ec.gp.GPIndividual@1805925754{-2078912240},3C_20_50-03.txt,30.993,0.250,7.748,0,0.000,0.00,0.000,0.000,0.000
29,ec.gp.GPIndividual@1805925754{-2078912240},3C_20_66-01.txt,7.322,0.250,1.831,0,0.000,0.00,0.000,0.000,0.000
29,ec.gp.GPIndividual@1805925754{-2078912240},3C_20_66-02.txt,154.245,0.250,38.561,0,0.000,0.00,0.000,0.000,0.000
29,ec.gp.GPIndividual@1805925754{-2078912240},3C_20_66-03.txt,118.340,0.250,29.585,0,0.000,0.00,0.000,0.000,0.000
29,ec.gp.GPIndividual@1805925754{-2078912240},3C_20_80-01.txt,4.194,0.250,1.049,0,0.000,0.00,0.000,0.000,0.000
29,ec.gp.GPIndividual@1805925754{-2078912240},3C_20_80-02.txt,35.738,0.250,8.935,0,0.000,0.00,0.000,0.000,0.000
29,ec.gp.GPIndividual@1805925754{-2078912240},3C_20_80-03.txt,169.439,0.250,42.360,0,0.000,0.00,0.000,0.000,0.000
29,ec.gp.GPIndividual@1349375988{-2011619160},3C_20_50-02.txt,61.404,0.250,15.351,5,16.547,107.79,3.309,6.828,0.516
29,ec.gp.GPIndividual@1349375988{-2011619160},3C_20_80-03.txt,169.439,0.250,42.360,3,13.703,32.35,4.568,10.094,0.516
29,ec.gp.GPIndividual@681095346{-1789665473},3C_20_50-02.txt,61.404,0.250,15.351,1,0.000,0.00,0.000,0.000,0.000
29,ec.gp.GPIndividual@681095346{-1789665473},3C_20_50-03.txt,30.993,0.250,7.748,1,0.000,0.00,0.000,0.000,0.000
29,ec.gp.GPIndividual@681095346{-1789665473},3C_20_66-01.txt,7.322,0.250,1.831,1,0.000,0.00,0.000,0.000,0.000
29,ec.gp.GPIndividual@681095346{-1789665473},3C_20_66-02.txt,154.245,0.250,38.561,1,0.000,0.00,0.000,0.000,0.000
29,ec.gp.GPIndividual@681095346{-1789665473},3C_20_66-03.txt,118.340,0.250,29.585,1,0.000,0.00,0.000,0.000,0.000
29,ec.gp.GPIndividual@681095346{-1789665473},3C_20_80-01.txt,4.194,0.250,1.049,1,0.000,0.00,0.000,0.000,0.000
29,ec.gp.GPIndividual@681095346{-1789665473},3C_20_80-02.txt,35.738,0.250,8.935,1,0.000,0.00,0.000,0.000,0.000
29,ec.gp.GPIndividual@681095346{-1789665473},3C_20_80-03.txt,169.439,0.250,42.360,1,0.000,0.00,0.000,0.000,0.000
29,ec.gp.GPIndividual@1073630062{-744511884},3C_20_50-02.txt,61.404,0.250,15.351,3,4.672,30.43,1.557,3.031,0.000
29,ec.gp.GPIndividual@1073630062{-744511884},3C_20_66-02.txt,154.245,0.250,38.561,7,15.500,40.20,2.214,6.266,0.000
29,ec.gp.GPIndividual@1073630062{-744511884},3C_20_50-03.txt,30.993,0.250,7.748,3,7.781,100.43,2.594,6.266,0.000
29,ec.gp.GPIndividual@1220494081{-1033518501},3C_20_50-02.txt,61.404,0.250,15.351,6,11.141,72.57,1.857,3.438,0.344
29,ec.gp.GPIndividual@1220494081{-1033518501},3C_20_80-03.txt,169.439,0.250,42.360,5,13.375,31.57,2.675,3.438,0.344
29,ec.gp.GPIndividual@1220494081{-1033518501},3C_20_80-01.txt,4.194,0.250,1.049,2,3.063,292.05,1.531,3.438,0.344
29,ec.gp.GPIndividual@1220494081{-1033518501},3C_20_50-03.txt,30.993,0.250,7.748,1,0.328,4.23,0.328,3.438,0.328
29,ec.gp.GPIndividual@1220494081{-1033518501},3C_20_80-02.txt,35.738,0.250,8.935,4,8.453,94.61,2.113,4.328,0.328
29,ec.gp.GPIndividual@1220494081{-1033518501},3C_20_80-03.txt,169.439,0.250,42.360,4,13.703,32.35,3.426,6.219,0.328
29,ec.gp.GPIndividual@1220494081{-1033518501},3C_20_66-03.txt,118.340,0.250,29.585,5,37.938,128.23,7.588,12.969,0.328
29,ec.gp.GPIndividual@1220494081{-1033518501},3C_20_50-03.txt,30.993,0.250,7.748,1,1.984,25.61,1.984,12.969,0.328
29,ec.gp.GPIndividual@1220494081{-1033518501},3C_20_66-01.txt,7.322,0.250,1.831,1,3.594,196.32,3.594,12.969,0.328
29,ec.gp.GPIndividual@1220494081{-1033518501},3C_20_80-01.txt,4.194,0.250,1.049,3,1.531,146.03,0.510,12.969,0.172
29,ec.gp.GPIndividual@1220494081{-1033518501},3C_20_66-02.txt,154.245,0.250,38.561,4,24.391,63.25,6.098,12.969,0.172
29,ec.gp.GPIndividual@864246211{4794107},3C_20_50-02.txt,61.404,0.250,15.351,3,4.766,31.04,1.589,2.672,0.516
29,ec.gp.GPIndividual@864246211{4794107},3C_20_80-02.txt,35.738,0.250,8.935,1,7.656,85.69,7.656,7.656,0.516
29,ec.gp.GPIndividual@788565169{353231141},3C_20_50-02.txt,61.404,0.250,15.351,8,14.328,93.34,1.791,4.406,0.500
29,ec.gp.GPIndividual@788565169{353231141},3C_20_66-03.txt,118.340,0.250,29.585,11,29.031,98.13,2.639,9.469,0.500
29,ec.gp.GPIndividual@788565169{353231141},3C_20_80-03.txt,169.439,0.250,42.360,1,1.219,2.88,1.219,9.469,0.500
29,ec.gp.GPIndividual@788565169{353231141},3C_20_50-03.txt,30.993,0.250,7.748,2,6.781,87.52,3.391,9.469,0.500
29,ec.gp.GPIndividual@788565169{353231141},3C_20_80-01.txt,4.194,0.250,1.049,1,2.438,232.45,2.438,9.469,0.500
29,ec.gp.GPIndividual@788565169{353231141},3C_20_66-01.txt,7.322,0.250,1.831,4,2.438,133.16,0.609,9.469,0.359
29,ec.gp.GPIndividual@788565169{353231141},3C_20_80-02.txt,35.738,0.250,8.935,2,0.156,1.75,0.078,9.469,0.000
29,ec.gp.GPIndividual@788565169{353231141},3C_20_66-02.txt,154.245,0.250,38.561,1,7.609,19.73,7.609,9.469,0.000
29,ec.gp.GPIndividual@788565169{353231141},3C_20_66-01.txt,7.322,0.250,1.831,1,3.109,169.86,3.109,9.469,0.000
29,ec.gp.GPIndividual@788565169{353231141},3C_20_66-01.txt,7.322,0.250,1.831,3,2.266,123.77,0.755,9.469,0.000
29,ec.gp.GPIndividual@788565169{353231141},3C_20_66-02.txt,154.245,0.250,38.561,1,0.344,0.89,0.344,9.469,0.000
29,ec.gp.GPIndividual@788565169{353231141},3C_20_66-02.txt,154.245,0.250,38.561,2,8.594,22.29,4.297,9.469,0.000
29,ec.gp.GPIndividual@788565169{353231141},3C_20_50-03.txt,30.993,0.250,7.748,2,8.016,103.45,4.008,9.469,0.000
29,ec.gp.GPIndividual@1880847940{153720916},3C_20_50-02.txt,61.404,0.250,15.351,9,15.656,101.99,1.740,3.234,0.500
29,ec.gp.GPIndividual@1880847940{153720916},3C_20_66-01.txt,7.322,0.250,1.831,2,2.484,135.72,1.242,3.234,0.500
29,ec.gp.GPIndividual@1880847940{153720916},3C_20_66-03.txt,118.340,0.250,29.585,1,0.281,0.95,0.281,3.234,0.281
29,ec.gp.GPIndividual@1880847940{153720916},3C_20_66-03.txt,118.340,0.250,29.585,4,4.656,15.74,1.164,3.234,0.281
29,ec.gp.GPIndividual@1880847940{153720916},3C_20_50-03.txt,30.993,0.250,7.748,5,7.391,95.39,1.478,3.234,0.281
29,ec.gp.GPIndividual@1880847940{153720916},3C_20_66-03.txt,118.340,0.250,29.585,1,0.891,3.01,0.891,3.234,0.281
29,ec.gp.GPIndividual@1880847940{153720916},3C_20_66-02.txt,154.245,0.250,38.561,1,2.156,5.59,2.156,3.234,0.281
29,ec.gp.GPIndividual@1880847940{153720916},3C_20_80-03.txt,169.439,0.250,42.360,11,44.094,104.09,4.009,6.188,0.281
29,ec.gp.GPIndividual@1843726718{1362929554},3C_20_50-02.txt,61.404,0.250,15.351,3,3.672,23.92,1.224,1.734,0.344
29,ec.gp.GPIndividual@1843726718{1362929554},3C_20_80-01.txt,4.194,0.250,1.049,3,2.656,253.31,0.885,1.781,0.344
29,ec.gp.GPIndividual@1843726718{1362929554},3C_20_50-03.txt,30.993,0.250,7.748,2,0.156,2.02,0.078,1.781,0.000
29,ec.gp.GPIndividual@1843726718{1362929554},3C_20_80-02.txt,35.738,0.250,8.935,2,5.375,60.16,2.688,4.016,0.000
29,ec.gp.GPIndividual@1843726718{1362929554},3C_20_80-01.txt,4.194,0.250,1.049,2,2.625,250.33,1.313,4.016,0.000
29,ec.gp.GPIndividual@1843726718{1362929554},3C_20_80-03.txt,169.439,0.250,42.360,2,6.344,14.98,3.172,6.000,0.000
29,ec.gp.GPIndividual@1843726718{1362929554},3C_20_66-01.txt,7.322,0.250,1.831,1,3.156,172.42,3.156,6.000,0.000
29,ec.gp.GPIndividual@1843726718{1362929554},3C_20_66-01.txt,7.322,0.250,1.831,2,7.125,389.23,3.563,6.250,0.000
29,ec.gp.GPIndividual@1843726718{1362929554},3C_20_80-01.txt,4.194,0.250,1.049,1,1.219,116.22,1.219,6.250,0.000
29,ec.gp.GPIndividual@1843726718{1362929554},3C_20_80-02.txt,35.738,0.250,8.935,1,3.141,35.15,3.141,6.250,0.000
29,ec.gp.GPIndividual@1843726718{1362929554},3C_20_66-03.txt,118.340,0.250,29.585,3,0.844,2.85,0.281,6.250,0.000
29,ec.gp.GPIndividual@1843726718{1362929554},3C_20_66-02.txt,154.245,0.250,38.561,13,24.141,62.60,1.857,6.250,0.000
29,ec.gp.GPIndividual@1843726718{1362929554},3C_20_66-03.txt,118.340,0.250,29.585,9,29.484,99.66,3.276,7.109,0.000
29,ec.gp.GPIndividual@809095986{1740601290},3C_20_50-02.txt,61.404,0.250,15.351,2,6.922,45.09,3.461,6.391,0.531
29,ec.gp.GPIndividual@809095986{1740601290},3C_20_80-01.txt,4.194,0.250,1.049,3,0.891,84.93,0.297,6.391,0.000
29,ec.gp.GPIndividual@809095986{1740601290},3C_20_80-02.txt,35.738,0.250,8.935,3,7.781,87.09,2.594,6.391,0.000
29,ec.gp.GPIndividual@809095986{1740601290},3C_20_80-01.txt,4.194,0.250,1.049,1,6.078,579.63,6.078,6.391,0.000
29,ec.gp.GPIndividual@809095986{1740601290},3C_20_80-03.txt,169.439,0.250,42.360,2,2.578,6.09,1.289,6.391,0.000
29,ec.gp.GPIndividual@809095986{1740601290},3C_20_80-03.txt,169.439,0.250,42.360,3,6.516,15.38,2.172,6.391,0.000
29,ec.gp.GPIndividual@809095986{1740601290},3C_20_80-02.txt,35.738,0.250,8.935,1,10.578,118.40,10.578,10.578,0.000
29,ec.gp.GPIndividual@809095986{1740601290},3C_20_66-02.txt,154.245,0.250,38.561,5,9.422,24.43,1.884,10.578,0.000
29,ec.gp.GPIndividual@809095986{1740601290},3C_20_50-03.txt,30.993,0.250,7.748,3,8.453,109.10,2.818,10.578,0.000
29,ec.gp.GPIndividual@809095986{1740601290},3C_20_66-03.txt,118.340,0.250,29.585,1,0.328,1.11,0.328,10.578,0.000
29,ec.gp.GPIndividual@183985074{781213232},3C_20_50-02.txt,61.404,0.250,15.351,3,7.453,48.55,2.484,5.766,0.328
29,ec.gp.GPIndividual@1668588501{-263979444},3C_20_50-02.txt,61.404,0.250,15.351,9,15.391,100.26,1.710,4.047,0.172
29,ec.gp.GPIndividual@1668588501{-263979444},3C_20_50-03.txt,30.993,0.250,7.748,4,8.406,108.49,2.102,4.047,0.172
29,ec.gp.GPIndividual@1668588501{-263979444},3C_20_66-01.txt,7.322,0.250,1.831,1,1.078,58.90,1.078,4.047,0.172
29,ec.gp.GPIndividual@1668588501{-263979444},3C_20_80-02.txt,35.738,0.250,8.935,3,8.922,99.86,2.974,5.938,0.172
29,ec.gp.GPIndividual@1668588501{-263979444},3C_20_80-03.txt,169.439,0.250,42.360,2,2.828,6.68,1.414,5.938,0.172
29,ec.gp.GPIndividual@1668588501{-263979444},3C_20_50-03.txt,30.993,0.250,7.748,3,5.484,70.78,1.828,5.938,0.172
29,ec.gp.GPIndividual@1668588501{-263979444},3C_20_80-01.txt,4.194,0.250,1.049,2,2.547,242.88,1.273,5.938,0.172
29,ec.gp.GPIndividual@1668588501{-263979444},3C_20_80-03.txt,169.439,0.250,42.360,6,8.984,21.21,1.497,5.938,0.172
29,ec.gp.GPIndividual@1668588501{-263979444},3C_20_66-02.txt,154.245,0.250,38.561,1,1.406,3.65,1.406,5.938,0.172
29,ec.gp.GPIndividual@1668588501{-263979444},3C_20_80-02.txt,35.738,0.250,8.935,4,10.828,121.19,2.707,5.938,0.172
29,ec.gp.GPIndividual@1668588501{-263979444},3C_20_80-02.txt,35.738,0.250,8.935,4,10.828,121.19,2.707,5.938,0.172
29,ec.gp.GPIndividual@1668588501{-263979444},3C_20_80-03.txt,169.439,0.250,42.360,2,6.031,14.24,3.016,5.938,0.172
29,ec.gp.GPIndividual@1406583881{-188489076},3C_20_50-02.txt,61.404,0.250,15.351,7,14.875,96.90,2.125,6.156,0.000
29,ec.gp.GPIndividual@1406583881{-188489076},3C_20_66-01.txt,7.322,0.250,1.831,3,1.766,96.45,0.589,6.156,0.000
29,ec.gp.GPIndividual@1406583881{-188489076},3C_20_50-03.txt,30.993,0.250,7.748,2,4.422,57.07,2.211,6.156,0.000
29,ec.gp.GPIndividual@400323926{1441341271},3C_20_50-02.txt,61.404,0.250,15.351,5,19.281,125.60,3.856,6.172,0.516
29,ec.gp.GPIndividual@400323926{1441341271},3C_20_66-01.txt,7.322,0.250,1.831,2,3.172,173.27,1.586,6.172,0.516
29,ec.gp.GPIndividual@400323926{1441341271},3C_20_50-03.txt,30.993,0.250,7.748,1,0.328,4.23,0.328,6.172,0.328
29,ec.gp.GPIndividual@400323926{1441341271},3C_20_66-02.txt,154.245,0.250,38.561,1,1.047,2.71,1.047,6.172,0.328
29,ec.gp.GPIndividual@400323926{1441341271},3C_20_80-01.txt,4.194,0.250,1.049,2,1.297,123.67,0.648,6.172,0.328
29,ec.gp.GPIndividual@400323926{1441341271},3C_20_80-02.txt,35.738,0.250,8.935,4,7.938,88.84,1.984,6.172,0.156
29,ec.gp.GPIndividual@1085767716{-1673738231},3C_20_50-02.txt,61.404,0.250,15.351,1,7.547,49.16,7.547,7.547,7.547
29,ec.gp.GPIndividual@1085767716{-1673738231},3C_20_66-03.txt,118.340,0.250,29.585,2,6.844,23.13,3.422,7.547,0.281
29,ec.gp.GPIndividual@1085767716{-1673738231},3C_20_80-01.txt,4.194,0.250,1.049,3,5.844,557.28,1.948,7.547,0.281
29,ec.gp.GPIndividual@1085767716{-1673738231},3C_20_80-02.txt,35.738,0.250,8.935,0,0.000,0.00,0.000,7.547,0.281
29,ec.gp.GPIndividual@1085767716{-1673738231},3C_20_80-02.txt,35.738,0.250,8.935,4,18.859,211.08,4.715,14.391,0.281
29,ec.gp.GPIndividual@1085767716{-1673738231},3C_20_66-02.txt,154.245,0.250,38.561,18,33.734,87.48,1.874,14.391,0.281
29,ec.gp.GPIndividual@1085767716{-1673738231},3C_20_80-03.txt,169.439,0.250,42.360,1,6.453,15.23,6.453,14.391,0.281
29,ec.gp.GPIndividual@1085767716{-1673738231},3C_20_80-01.txt,4.194,0.250,1.049,4,1.031,98.34,0.258,14.391,0.141
29,ec.gp.GPIndividual@1085767716{-1673738231},3C_20_80-02.txt,35.738,0.250,8.935,2,12.047,134.83,6.023,14.391,0.141
29,ec.gp.GPIndividual@1085767716{-1673738231},3C_20_80-03.txt,169.439,0.250,42.360,1,9.500,22.43,9.500,14.391,0.141
29,ec.gp.GPIndividual@1085767716{-1673738231},3C_20_50-03.txt,30.993,0.250,7.748,4,9.375,121.00,2.344,14.391,0.141
29,ec.gp.GPIndividual@735938497{938384965},3C_20_50-02.txt,61.404,0.250,15.351,8,14.438,94.05,1.805,4.813,0.438
29,ec.gp.GPIndividual@735938497{938384965},3C_20_80-03.txt,169.439,0.250,42.360,2,2.828,6.68,1.414,4.813,0.438
29,ec.gp.GPIndividual@2043107899{-1918034393},3C_20_50-02.txt,61.404,0.250,15.351,1,0.000,0.00,0.000,0.000,0.000
29,ec.gp.GPIndividual@2043107899{-1918034393},3C_20_50-03.txt,30.993,0.250,7.748,1,0.000,0.00,0.000,0.000,0.000
29,ec.gp.GPIndividual@2043107899{-1918034393},3C_20_66-01.txt,7.322,0.250,1.831,1,0.000,0.00,0.000,0.000,0.000
29,ec.gp.GPIndividual@2043107899{-1918034393},3C_20_66-02.txt,154.245,0.250,38.561,1,0.000,0.00,0.000,0.000,0.000
29,ec.gp.GPIndividual@2043107899{-1918034393},3C_20_66-03.txt,118.340,0.250,29.585,1,0.000,0.00,0.000,0.000,0.000
29,ec.gp.GPIndividual@2043107899{-1918034393},3C_20_80-01.txt,4.194,0.250,1.049,1,0.000,0.00,0.000,0.000,0.000
29,ec.gp.GPIndividual@2043107899{-1918034393},3C_20_80-02.txt,35.738,0.250,8.935,1,0.000,0.00,0.000,0.000,0.000
29,ec.gp.GPIndividual@2043107899{-1918034393},3C_20_80-03.txt,169.439,0.250,42.360,1,0.000,0.00,0.000,0.000,0.000
29,ec.gp.GPIndividual@1500812033{720731048},3C_20_50-02.txt,61.404,0.250,15.351,6,11.859,77.25,1.977,4.313,0.266
29,ec.gp.GPIndividual@1500812033{720731048},3C_20_50-03.txt,30.993,0.250,7.748,3,9.234,119.18,3.078,4.625,0.266
29,ec.gp.GPIndividual@1500812033{720731048},3C_20_66-03.txt,118.340,0.250,29.585,1,0.719,2.43,0.719,4.625,0.266
29,ec.gp.GPIndividual@624857357{-159641396},3C_20_50-02.txt,61.404,0.250,15.351,7,13.297,86.62,1.900,9.813,0.000
29,ec.gp.GPIndividual@397113824{-451814797},3C_20_50-02.txt,61.404,0.250,15.351,0,0.000,0.00,0.000,0.000,0.000
29,ec.gp.GPIndividual@397113824{-451814797},3C_20_50-03.txt,30.993,0.250,7.748,0,0.000,0.00,0.000,0.000,0.000
29,ec.gp.GPIndividual@397113824{-451814797},3C_20_66-01.txt,7.322,0.250,1.831,0,0.000,0.00,0.000,0.000,0.000
29,ec.gp.GPIndividual@397113824{-451814797},3C_20_66-02.txt,154.245,0.250,38.561,0,0.000,0.00,0.000,0.000,0.000
29,ec.gp.GPIndividual@397113824{-451814797},3C_20_66-03.txt,118.340,0.250,29.585,0,0.000,0.00,0.000,0.000,0.000
29,ec.gp.GPIndividual@397113824{-451814797},3C_20_80-01.txt,4.194,0.250,1.049,0,0.000,0.00,0.000,0.000,0.000
29,ec.gp.GPIndividual@397113824{-451814797},3C_20_80-02.txt,35.738,0.250,8.935,0,0.000,0.00,0.000,0.000,0.000
29,ec.gp.GPIndividual@397113824{-451814797},3C_20_80-03.txt,169.439,0.250,42.360,0,0.000,0.00,0.000,0.000,0.000
30,ec.gp.GPIndividual@58558167{-547077444},null,0.000,0.250,0.000,1,0.000,0.00,0.000,0.000,0.000
30,ec.gp.GPIndividual@1769314404{924899629},3C_20_50-02.txt,61.404,0.250,15.351,0,0.000,0.00,0.000,0.000,0.000
30,ec.gp.GPIndividual@1769314404{924899629},3C_20_50-03.txt,30.993,0.250,7.748,1,0.000,0.00,0.000,0.000,0.000
30,ec.gp.GPIndividual@1769314404{924899629},3C_20_50-03.txt,30.993,0.250,7.748,1,0.000,0.00,0.000,0.000,0.000
30,ec.gp.GPIndividual@1769314404{924899629},3C_20_50-03.txt,30.993,0.250,7.748,0,0.000,0.00,0.000,0.000,0.000
30,ec.gp.GPIndividual@1769314404{924899629},3C_20_66-01.txt,7.322,0.250,1.831,0,0.000,0.00,0.000,0.000,0.000
30,ec.gp.GPIndividual@1769314404{924899629},3C_20_66-02.txt,154.245,0.250,38.561,0,0.000,0.00,0.000,0.000,0.000
30,ec.gp.GPIndividual@1769314404{924899629},3C_20_66-01.txt,7.322,0.250,1.831,1,0.000,0.00,0.000,0.000,0.000
30,ec.gp.GPIndividual@1769314404{924899629},3C_20_66-02.txt,154.245,0.250,38.561,0,0.000,0.00,0.000,0.000,0.000
30,ec.gp.GPIndividual@1769314404{924899629},3C_20_66-02.txt,154.245,0.250,38.561,0,0.000,0.00,0.000,0.000,0.000
30,ec.gp.GPIndividual@1769314404{924899629},3C_20_66-03.txt,118.340,0.250,29.585,0,0.000,0.00,0.000,0.000,0.000
30,ec.gp.GPIndividual@1769314404{924899629},3C_20_66-02.txt,154.245,0.250,38.561,1,0.000,0.00,0.000,0.000,0.000
30,ec.gp.GPIndividual@1769314404{924899629},3C_20_66-03.txt,118.340,0.250,29.585,0,0.000,0.00,0.000,0.000,0.000
30,ec.gp.GPIndividual@1769314404{924899629},3C_20_66-03.txt,118.340,0.250,29.585,1,0.000,0.00,0.000,0.000,0.000
30,ec.gp.GPIndividual@1769314404{924899629},3C_20_66-03.txt,118.340,0.250,29.585,1,0.000,0.00,0.000,0.000,0.000
30,ec.gp.GPIndividual@1769314404{924899629},3C_20_80-01.txt,4.194,0.250,1.049,1,0.000,0.00,0.000,0.000,0.000
30,ec.gp.GPIndividual@1769314404{924899629},3C_20_80-01.txt,4.194,0.250,1.049,1,0.000,0.00,0.000,0.000,0.000
30,ec.gp.GPIndividual@1769314404{924899629},3C_20_80-02.txt,35.738,0.250,8.935,0,0.000,0.00,0.000,0.000,0.000
30,ec.gp.GPIndividual@1769314404{924899629},3C_20_80-01.txt,4.194,0.250,1.049,0,0.000,0.00,0.000,0.000,0.000
30,ec.gp.GPIndividual@1769314404{924899629},3C_20_80-01.txt,4.194,0.250,1.049,0,0.000,0.00,0.000,0.000,0.000
30,ec.gp.GPIndividual@1769314404{924899629},3C_20_80-01.txt,4.194,0.250,1.049,0,0.000,0.00,0.000,0.000,0.000
30,ec.gp.GPIndividual@1885630511{2076732463},3C_20_50-02.txt,61.404,0.250,15.351,0,0.000,0.00,0.000,0.000,0.000
30,ec.gp.GPIndividual@1885630511{2076732463},3C_20_80-03.txt,169.439,0.250,42.360,0,0.000,0.00,0.000,0.000,0.000
30,ec.gp.GPIndividual@2000398150{-569885550},3C_20_50-02.txt,61.404,0.250,15.351,0,0.000,0.00,0.000,0.000,0.000
30,ec.gp.GPIndividual@2000398150{-569885550},3C_20_50-03.txt,30.993,0.250,7.748,1,0.000,0.00,0.000,0.000,0.000
30,ec.gp.GPIndividual@2000398150{-569885550},3C_20_66-01.txt,7.322,0.250,1.831,1,0.000,0.00,0.000,0.000,0.000
30,ec.gp.GPIndividual@2000398150{-569885550},3C_20_66-02.txt,154.245,0.250,38.561,1,0.000,0.00,0.000,0.000,0.000
30,ec.gp.GPIndividual@2000398150{-569885550},3C_20_66-03.txt,118.340,0.250,29.585,1,0.000,0.00,0.000,0.000,0.000
30,ec.gp.GPIndividual@2000398150{-569885550},3C_20_80-01.txt,4.194,0.250,1.049,1,0.000,0.00,0.000,0.000,0.000
30,ec.gp.GPIndividual@2000398150{-569885550},3C_20_80-02.txt,35.738,0.250,8.935,1,0.000,0.00,0.000,0.000,0.000
30,ec.gp.GPIndividual@2000398150{-569885550},3C_20_80-03.txt,169.439,0.250,42.360,1,0.000,0.00,0.000,0.000,0.000
30,ec.gp.GPIndividual@1997507215{-2009302211},3C_20_50-02.txt,61.404,0.250,15.351,5,1.250,8.14,0.250,0.250,0.250
30,ec.gp.GPIndividual@1997507215{-2009302211},3C_20_50-03.txt,30.993,0.250,7.748,6,9.453,122.01,1.576,1.984,0.250
30,ec.gp.GPIndividual@1997507215{-2009302211},3C_20_50-03.txt,30.993,0.250,7.748,3,4.344,56.06,1.448,3.141,0.172
30,ec.gp.GPIndividual@1997507215{-2009302211},3C_20_66-01.txt,7.322,0.250,1.831,1,1.563,85.36,1.563,3.141,0.172
30,ec.gp.GPIndividual@1997507215{-2009302211},3C_20_50-03.txt,30.993,0.250,7.748,2,2.969,38.32,1.484,3.141,0.172
30,ec.gp.GPIndividual@1997507215{-2009302211},3C_20_66-02.txt,154.245,0.250,38.561,2,2.609,6.77,1.305,3.141,0.172
30,ec.gp.GPIndividual@1997507215{-2009302211},3C_20_50-03.txt,30.993,0.250,7.748,2,5.359,69.17,2.680,3.141,0.172
30,ec.gp.GPIndividual@1997507215{-2009302211},3C_20_50-03.txt,30.993,0.250,7.748,1,2.219,28.64,2.219,3.141,0.172
30,ec.gp.GPIndividual@1997507215{-2009302211},3C_20_50-03.txt,30.993,0.250,7.748,1,2.391,30.85,2.391,3.141,0.172
30,ec.gp.GPIndividual@1997507215{-2009302211},3C_20_66-03.txt,118.340,0.250,29.585,11,35.375,119.57,3.216,6.484,0.000
30,ec.gp.GPIndividual@1997507215{-2009302211},3C_20_80-01.txt,4.194,0.250,1.049,1,4.500,429.13,4.500,6.484,0.000
30,ec.gp.GPIndividual@1997507215{-2009302211},3C_20_66-01.txt,7.322,0.250,1.831,2,0.297,16.22,0.148,6.484,0.000
30,ec.gp.GPIndividual@1997507215{-2009302211},3C_20_66-01.txt,7.322,0.250,1.831,1,0.469,25.61,0.469,6.484,0.000
30,ec.gp.GPIndividual@1997507215{-2009302211},3C_20_80-02.txt,35.738,0.250,8.935,8,8.828,98.81,1.104,6.484,0.000
30,ec.gp.GPIndividual@1997507215{-2009302211},3C_20_66-02.txt,154.245,0.250,38.561,1,0.703,1.82,0.703,6.484,0.000
30,ec.gp.GPIndividual@1997507215{-2009302211},3C_20_66-01.txt,7.322,0.250,1.831,2,1.359,74.26,0.680,6.484,0.000
30,ec.gp.GPIndividual@1997507215{-2009302211},3C_20_66-02.txt,154.245,0.250,38.561,1,4.156,10.78,4.156,6.484,0.000
30,ec.gp.GPIndividual@1997507215{-2009302211},3C_20_66-01.txt,7.322,0.250,1.831,2,2.828,154.50,1.414,6.484,0.000
30,ec.gp.GPIndividual@1997507215{-2009302211},3C_20_80-03.txt,169.439,0.250,42.360,6,6.891,16.27,1.148,6.484,0.000
30,ec.gp.GPIndividual@1997507215{-2009302211},3C_20_66-02.txt,154.245,0.250,38.561,4,6.875,17.83,1.719,6.484,0.000
30,ec.gp.GPIndividual@1997507215{-2009302211},3C_20_66-02.txt,154.245,0.250,38.561,6,14.250,36.95,2.375,6.484,0.000
30,ec.gp.GPIndividual@1238830114{551050339},3C_20_50-02.txt,61.404,0.250,15.351,0,0.000,0.00,0.000,0.000,0.000
30,ec.gp.GPIndividual@1238830114{551050339},3C_20_50-03.txt,30.993,0.250,7.748,0,0.000,0.00,0.000,0.000,0.000
30,ec.gp.GPIndividual@1238830114{551050339},3C_20_66-01.txt,7.322,0.250,1.831,0,0.000,0.00,0.000,0.000,0.000
30,ec.gp.GPIndividual@1238830114{551050339},3C_20_66-02.txt,154.245,0.250,38.561,0,0.000,0.00,0.000,0.000,0.000
30,ec.gp.GPIndividual@1238830114{551050339},3C_20_66-03.txt,118.340,0.250,29.585,0,0.000,0.00,0.000,0.000,0.000
30,ec.gp.GPIndividual@1238830114{551050339},3C_20_80-01.txt,4.194,0.250,1.049,0,0.000,0.00,0.000,0.000,0.000
30,ec.gp.GPIndividual@1238830114{551050339},3C_20_80-02.txt,35.738,0.250,8.935,0,0.000,0.00,0.000,0.000,0.000
30,ec.gp.GPIndividual@1238830114{551050339},3C_20_80-03.txt,169.439,0.250,42.360,0,0.000,0.00,0.000,0.000,0.000
30,ec.gp.GPIndividual@682882829{1136498803},3C_20_50-02.txt,61.404,0.250,15.351,2,4.984,32.47,2.492,4.703,0.281
30,ec.gp.GPIndividual@1024258166{-616938345},3C_20_50-02.txt,61.404,0.250,15.351,6,19.000,123.77,3.167,10.547,0.281
30,ec.gp.GPIndividual@1024258166{-616938345},3C_20_80-01.txt,4.194,0.250,1.049,1,1.313,125.16,1.313,10.547,0.281
30,ec.gp.GPIndividual@1024258166{-616938345},3C_20_66-02.txt,154.245,0.250,38.561,2,0.391,1.01,0.195,10.547,0.000
30,ec.gp.GPIndividual@1024258166{-616938345},3C_20_50-03.txt,30.993,0.250,7.748,6,8.172,105.47,1.362,10.547,0.000
30,ec.gp.GPIndividual@1024258166{-616938345},3C_20_80-01.txt,4.194,0.250,1.049,0,0.000,0.00,0.000,10.547,0.000
30,ec.gp.GPIndividual@1024258166{-616938345},3C_20_80-02.txt,35.738,0.250,8.935,7,8.344,93.39,1.192,10.547,0.000
30,ec.gp.GPIndividual@1024258166{-616938345},3C_20_66-03.txt,118.340,0.250,29.585,2,3.906,13.20,1.953,10.547,0.000
30,ec.gp.GPIndividual@1024258166{-616938345},3C_20_80-03.txt,169.439,0.250,42.360,12,42.750,100.92,3.563,10.547,0.000
30,ec.gp.GPIndividual@1024258166{-616938345},3C_20_80-01.txt,4.194,0.250,1.049,2,5.844,557.28,2.922,10.547,0.000
30,ec.gp.GPIndividual@1024258166{-616938345},3C_20_80-02.txt,35.738,0.250,8.935,2,1.172,13.12,0.586,10.547,0.000
30,ec.gp.GPIndividual@1024258166{-616938345},3C_20_80-02.txt,35.738,0.250,8.935,1,10.234,114.55,10.234,10.547,0.000
30,ec.gp.GPIndividual@269895441{2072748547},3C_20_50-02.txt,61.404,0.250,15.351,9,16.563,107.89,1.840,4.922,0.313
30,ec.gp.GPIndividual@269895441{2072748547},3C_20_66-02.txt,154.245,0.250,38.561,1,1.578,4.09,1.578,4.922,0.313
30,ec.gp.GPIndividual@269895441{2072748547},3C_20_50-03.txt,30.993,0.250,7.748,1,5.500,70.98,5.500,5.500,0.313
30,ec.gp.GPIndividual@269895441{2072748547},3C_20_80-03.txt,169.439,0.250,42.360,13,49.281,116.34,3.791,12.516,0.313
30,ec.gp.GPIndividual@356484046{1810654850},3C_20_50-02.txt,61.404,0.250,15.351,0,0.000,0.00,0.000,0.000,0.000
30,ec.gp.GPIndividual@356484046{1810654850},3C_20_50-03.txt,30.993,0.250,7.748,0,0.000,0.00,0.000,0.000,0.000
30,ec.gp.GPIndividual@356484046{1810654850},3C_20_66-01.txt,7.322,0.250,1.831,0,0.000,0.00,0.000,0.000,0.000
30,ec.gp.GPIndividual@356484046{1810654850},3C_20_66-02.txt,154.245,0.250,38.561,0,0.000,0.00,0.000,0.000,0.000
30,ec.gp.GPIndividual@356484046{1810654850},3C_20_66-03.txt,118.340,0.250,29.585,0,0.000,0.00,0.000,0.000,0.000
30,ec.gp.GPIndividual@356484046{1810654850},3C_20_80-01.txt,4.194,0.250,1.049,0,0.000,0.00,0.000,0.000,0.000
30,ec.gp.GPIndividual@356484046{1810654850},3C_20_80-02.txt,35.738,0.250,8.935,0,0.000,0.00,0.000,0.000,0.000
30,ec.gp.GPIndividual@356484046{1810654850},3C_20_80-03.txt,169.439,0.250,42.360,0,0.000,0.00,0.000,0.000,0.000
30,ec.gp.GPIndividual@1146674845{-1121319309},3C_20_50-02.txt,61.404,0.250,15.351,2,12.063,78.58,6.031,11.844,0.219
30,ec.gp.GPIndividual@1146674845{-1121319309},3C_20_66-03.txt,118.340,0.250,29.585,3,9.234,31.21,3.078,11.844,0.219
30,ec.gp.GPIndividual@1146674845{-1121319309},3C_20_66-01.txt,7.322,0.250,1.831,2,1.938,105.84,0.969,11.844,0.219
30,ec.gp.GPIndividual@1146674845{-1121319309},3C_20_66-02.txt,154.245,0.250,38.561,12,29.422,76.30,2.452,11.844,0.219
30,ec.gp.GPIndividual@1146674845{-1121319309},3C_20_66-03.txt,118.340,0.250,29.585,3,31.375,106.05,10.458,12.766,0.219
30,ec.gp.GPIndividual@1146674845{-1121319309},3C_20_80-01.txt,4.194,0.250,1.049,4,0.922,87.91,0.230,12.766,0.000
30,ec.gp.GPIndividual@1146674845{-1121319309},3C_20_80-02.txt,35.738,0.250,8.935,5,10.203,114.20,2.041,12.766,0.000
30,ec.gp.GPIndividual@1146674845{-1121319309},3C_20_50-03.txt,30.993,0.250,7.748,1,1.703,21.98,1.703,12.766,0.000
30,ec.gp.GPIndividual@1146674845{-1121319309},3C_20_80-01.txt,4.194,0.250,1.049,2,1.156,110.26,0.578,12.766,0.000
30,ec.gp.GPIndividual@1146674845{-1121319309},3C_20_80-02.txt,35.738,0.250,8.935,1,0.203,2.27,0.203,12.766,0.000
30,ec.gp.GPIndividual@1146674845{-1121319309},3C_20_80-03.txt,169.439,0.250,42.360,11,38.797,91.59,3.527,12.766,0.000
30,ec.gp.GPIndividual@1146674845{-1121319309},3C_20_66-01.txt,7.322,0.250,1.831,1,9.109,497.63,9.109,12.766,0.000
30,ec.gp.GPIndividual@1146674845{-1121319309},3C_20_80-03.txt,169.439,0.250,42.360,6,21.609,51.01,3.602,13.203,0.000
30,ec.gp.GPIndividual@1486720786{-130534225},3C_20_50-02.txt,61.404,0.250,15.351,4,6.297,41.02,1.574,3.375,0.250
30,ec.gp.GPIndividual@1486720786{-130534225},3C_20_50-03.txt,30.993,0.250,7.748,1,4.781,61.71,4.781,4.781,0.250
30,ec.gp.GPIndividual@972183953{1038485135},3C_20_50-02.txt,61.404,0.250,15.351,4,5.344,34.81,1.336,2.547,0.219
30,ec.gp.GPIndividual@972183953{1038485135},3C_20_50-03.txt,30.993,0.250,7.748,4,7.328,94.58,1.832,4.438,0.000
30,ec.gp.GPIndividual@972183953{1038485135},3C_20_66-01.txt,7.322,0.250,1.831,1,0.469,25.61,0.469,4.438,0.000
30,ec.gp.GPIndividual@972183953{1038485135},3C_20_66-02.txt,154.245,0.250,38.561,1,1.391,3.61,1.391,4.438,0.000
30,ec.gp.GPIndividual@972183953{1038485135},3C_20_66-01.txt,7.322,0.250,1.831,1,0.578,31.58,0.578,4.438,0.000
30,ec.gp.GPIndividual@972183953{1038485135},3C_20_66-02.txt,154.245,0.250,38.561,7,33.031,85.66,4.719,13.906,0.000
30,ec.gp.GPIndividual@972183953{1038485135},3C_20_66-03.txt,118.340,0.250,29.585,1,0.813,2.75,0.813,13.906,0.000
30,ec.gp.GPIndividual@972183953{1038485135},3C_20_66-03.txt,118.340,0.250,29.585,2,7.406,25.03,3.703,13.906,0.000
30,ec.gp.GPIndividual@972183953{1038485135},3C_20_80-01.txt,4.194,0.250,1.049,2,3.984,379.96,1.992,13.906,0.000
30,ec.gp.GPIndividual@972183953{1038485135},3C_20_80-01.txt,4.194,0.250,1.049,2,0.328,31.29,0.164,13.906,0.000
30,ec.gp.GPIndividual@972183953{1038485135},3C_20_80-02.txt,35.738,0.250,8.935,3,2.422,27.11,0.807,13.906,0.000
30,ec.gp.GPIndividual@972183953{1038485135},3C_20_80-03.txt,169.439,0.250,42.360,1,0.813,1.92,0.813,13.906,0.000
30,ec.gp.GPIndividual@972183953{1038485135},3C_20_80-02.txt,35.738,0.250,8.935,1,1.344,15.04,1.344,13.906,0.000
30,ec.gp.GPIndividual@972183953{1038485135},3C_20_80-03.txt,169.439,0.250,42.360,2,12.188,28.77,6.094,13.906,0.000
30,ec.gp.GPIndividual@1307635004{716260632},3C_20_50-02.txt,61.404,0.250,15.351,0,0.000,0.00,0.000,0.000,0.000
30,ec.gp.GPIndividual@1307635004{716260632},3C_20_50-03.txt,30.993,0.250,7.748,0,0.000,0.00,0.000,0.000,0.000
30,ec.gp.GPIndividual@1307635004{716260632},3C_20_66-01.txt,7.322,0.250,1.831,0,0.000,0.00,0.000,0.000,0.000
30,ec.gp.GPIndividual@1307635004{716260632},3C_20_66-02.txt,154.245,0.250,38.561,0,0.000,0.00,0.000,0.000,0.000
30,ec.gp.GPIndividual@1307635004{716260632},3C_20_66-03.txt,118.340,0.250,29.585,0,0.000,0.00,0.000,0.000,0.000
30,ec.gp.GPIndividual@1307635004{716260632},3C_20_80-01.txt,4.194,0.250,1.049,0,0.000,0.00,0.000,0.000,0.000
30,ec.gp.GPIndividual@1307635004{716260632},3C_20_80-02.txt,35.738,0.250,8.935,0,0.000,0.00,0.000,0.000,0.000
30,ec.gp.GPIndividual@1307635004{716260632},3C_20_80-03.txt,169.439,0.250,42.360,0,0.000,0.00,0.000,0.000,0.000
30,ec.gp.GPIndividual@626729919{627476557},3C_20_50-02.txt,61.404,0.250,15.351,3,4.828,31.45,1.609,3.500,0.344
30,ec.gp.GPIndividual@1732691640{1859001536},3C_20_50-02.txt,61.404,0.250,15.351,5,18.047,117.56,3.609,10.359,0.344
30,ec.gp.GPIndividual@1732691640{1859001536},3C_20_66-02.txt,154.245,0.250,38.561,11,31.766,82.38,2.888,14.844,0.344
30,ec.gp.GPIndividual@1732691640{1859001536},3C_20_50-03.txt,30.993,0.250,7.748,1,13.000,167.78,13.000,14.844,0.344
30,ec.gp.GPIndividual@1732691640{1859001536},3C_20_50-03.txt,30.993,0.250,7.748,1,8.688,112.12,8.688,14.844,0.344
30,ec.gp.GPIndividual@1732691640{1859001536},3C_20_66-01.txt,7.322,0.250,1.831,1,10.391,567.62,10.391,14.844,0.344
30,ec.gp.GPIndividual@1732691640{1859001536},3C_20_66-03.txt,118.340,0.250,29.585,11,24.766,83.71,2.251,14.844,0.344
30,ec.gp.GPIndividual@1732691640{1859001536},3C_20_66-01.txt,7.322,0.250,1.831,2,1.109,60.60,0.555,14.844,0.344
30,ec.gp.GPIndividual@1732691640{1859001536},3C_20_66-02.txt,154.245,0.250,38.561,1,4.875,12.64,4.875,14.844,0.344
30,ec.gp.GPIndividual@1732691640{1859001536},3C_20_66-01.txt,7.322,0.250,1.831,1,8.813,481.41,8.813,14.844,0.344
30,ec.gp.GPIndividual@1732691640{1859001536},3C_20_66-02.txt,154.245,0.250,38.561,17,36.828,95.51,2.166,14.844,0.344
30,ec.gp.GPIndividual@1732691640{1859001536},3C_20_66-03.txt,118.340,0.250,29.585,3,21.328,72.09,7.109,14.844,0.344
30,ec.gp.GPIndividual@1732691640{1859001536},3C_20_80-01.txt,4.194,0.250,1.049,2,1.313,125.16,0.656,14.844,0.344
30,ec.gp.GPIndividual@1732691640{1859001536},3C_20_66-02.txt,154.245,0.250,38.561,17,40.578,105.23,2.387,14.844,0.328
30,ec.gp.GPIndividual@1732691640{1859001536},3C_20_66-03.txt,118.340,0.250,29.585,1,9.953,33.64,9.953,14.844,0.328
30,ec.gp.GPIndividual@1732691640{1859001536},3C_20_80-01.txt,4.194,0.250,1.049,2,0.813,77.48,0.406,14.844,0.328
30,ec.gp.GPIndividual@1732691640{1859001536},3C_20_80-02.txt,35.738,0.250,8.935,2,11.047,123.64,5.523,14.844,0.328
30,ec.gp.GPIndividual@1732691640{1859001536},3C_20_80-02.txt,35.738,0.250,8.935,7,10.625,118.92,1.518,14.844,0.328
30,ec.gp.GPIndividual@1732691640{1859001536},3C_20_66-03.txt,118.340,0.250,29.585,1,0.328,1.11,0.328,14.844,0.328
30,ec.gp.GPIndividual@1732691640{1859001536},3C_20_80-03.txt,169.439,0.250,42.360,2,1.656,3.91,0.828,14.844,0.328
30,ec.gp.GPIndividual@1732691640{1859001536},3C_20_80-01.txt,4.194,0.250,1.049,2,1.313,125.16,0.656,14.844,0.328
30,ec.gp.GPIndividual@1732691640{1859001536},3C_20_80-03.txt,169.439,0.250,42.360,3,1.781,4.21,0.594,14.844,0.313
30,ec.gp.GPIndividual@1732691640{1859001536},3C_20_80-02.txt,35.738,0.250,8.935,4,8.438,94.44,2.109,14.844,0.313
30,ec.gp.GPIndividual@1732691640{1859001536},3C_20_80-03.txt,169.439,0.250,42.360,1,0.859,2.03,0.859,14.844,0.313
30,ec.gp.GPIndividual@879765367{1762853777},3C_20_50-02.txt,61.404,0.250,15.351,0,0.000,0.00,0.000,0.000,0.000
30,ec.gp.GPIndividual@879765367{1762853777},3C_20_50-03.txt,30.993,0.250,7.748,0,0.000,0.00,0.000,0.000,0.000
30,ec.gp.GPIndividual@879765367{1762853777},3C_20_66-01.txt,7.322,0.250,1.831,0,0.000,0.00,0.000,0.000,0.000
30,ec.gp.GPIndividual@879765367{1762853777},3C_20_66-02.txt,154.245,0.250,38.561,0,0.000,0.00,0.000,0.000,0.000
30,ec.gp.GPIndividual@879765367{1762853777},3C_20_66-03.txt,118.340,0.250,29.585,0,0.000,0.00,0.000,0.000,0.000
30,ec.gp.GPIndividual@879765367{1762853777},3C_20_80-01.txt,4.194,0.250,1.049,0,0.000,0.00,0.000,0.000,0.000
30,ec.gp.GPIndividual@879765367{1762853777},3C_20_80-02.txt,35.738,0.250,8.935,0,0.000,0.00,0.000,0.000,0.000
30,ec.gp.GPIndividual@879765367{1762853777},3C_20_80-03.txt,169.439,0.250,42.360,0,0.000,0.00,0.000,0.000,0.000
30,ec.gp.GPIndividual@123193034{21694404},3C_20_50-02.txt,61.404,0.250,15.351,6,10.234,66.67,1.706,5.391,0.156
30,ec.gp.GPIndividual@434695002{1732111702},3C_20_50-02.txt,61.404,0.250,15.351,4,13.156,85.70,3.289,7.969,0.156
30,ec.gp.GPIndividual@434695002{1732111702},3C_20_50-03.txt,30.993,0.250,7.748,7,7.578,97.81,1.083,7.969,0.000
30,ec.gp.GPIndividual@434695002{1732111702},3C_20_80-01.txt,4.194,0.250,1.049,2,1.953,186.26,0.977,7.969,0.000
30,ec.gp.GPIndividual@434695002{1732111702},3C_20_50-03.txt,30.993,0.250,7.748,7,7.344,94.78,1.049,7.969,0.000
30,ec.gp.GPIndividual@434695002{1732111702},3C_20_66-01.txt,7.322,0.250,1.831,2,2.703,147.67,1.352,7.969,0.000
30,ec.gp.GPIndividual@434695002{1732111702},3C_20_80-02.txt,35.738,0.250,8.935,12,8.969,100.38,0.747,7.969,0.000
30,ec.gp.GPIndividual@434695002{1732111702},3C_20_80-03.txt,169.439,0.250,42.360,7,49.297,116.38,7.042,15.391,0.000
30,ec.gp.GPIndividual@141609871{1948675049},3C_20_50-02.txt,61.404,0.250,15.351,0,0.000,0.00,0.000,0.000,0.000
30,ec.gp.GPIndividual@141609871{1948675049},3C_20_50-03.txt,30.993,0.250,7.748,0,0.000,0.00,0.000,0.000,0.000
30,ec.gp.GPIndividual@141609871{1948675049},3C_20_66-01.txt,7.322,0.250,1.831,0,0.000,0.00,0.000,0.000,0.000
30,ec.gp.GPIndividual@141609871{1948675049},3C_20_66-02.txt,154.245,0.250,38.561,0,0.000,0.00,0.000,0.000,0.000
30,ec.gp.GPIndividual@141609871{1948675049},3C_20_66-03.txt,118.340,0.250,29.585,0,0.000,0.00,0.000,0.000,0.000
30,ec.gp.GPIndividual@141609871{1948675049},3C_20_80-01.txt,4.194,0.250,1.049,0,0.000,0.00,0.000,0.000,0.000
30,ec.gp.GPIndividual@141609871{1948675049},3C_20_80-02.txt,35.738,0.250,8.935,0,0.000,0.00,0.000,0.000,0.000
30,ec.gp.GPIndividual@141609871{1948675049},3C_20_80-03.txt,169.439,0.250,42.360,0,0.000,0.00,0.000,0.000,0.000
30,ec.gp.GPIndividual@1590465577{966103311},3C_20_50-02.txt,61.404,0.250,15.351,5,6.781,44.17,1.356,5.750,0.063
30,ec.gp.GPIndividual@1590465577{966103311},3C_20_50-03.txt,30.993,0.250,7.748,4,4.750,61.31,1.188,5.750,0.063
30,ec.gp.GPIndividual@1590465577{966103311},3C_20_66-01.txt,7.322,0.250,1.831,7,1.438,78.53,0.205,5.750,0.000
30,ec.gp.GPIndividual@1590465577{966103311},3C_20_66-02.txt,154.245,0.250,38.561,9,28.297,73.38,3.144,10.656,0.000
30,ec.gp.GPIndividual@1590465577{966103311},3C_20_66-03.txt,118.340,0.250,29.585,5,20.219,68.34,4.044,10.656,0.000
30,ec.gp.GPIndividual@1590465577{966103311},3C_20_80-01.txt,4.194,0.250,1.049,3,0.656,62.58,0.219,10.656,0.000
30,ec.gp.GPIndividual@1590465577{966103311},3C_20_80-02.txt,35.738,0.250,8.935,6,4.250,47.57,0.708,10.656,0.000
30,ec.gp.GPIndividual@1590465577{966103311},3C_20_80-03.txt,169.439,0.250,42.360,2,17.422,41.13,8.711,16.656,0.000
30,ec.gp.GPIndividual@837347865{-2011619160},3C_20_50-02.txt,61.404,0.250,15.351,5,6.750,43.97,1.350,5.766,0.031
30,ec.gp.GPIndividual@837347865{-2011619160},3C_20_50-03.txt,30.993,0.250,7.748,4,4.750,61.31,1.188,5.766,0.031
30,ec.gp.GPIndividual@837347865{-2011619160},3C_20_66-01.txt,7.322,0.250,1.831,7,1.453,79.38,0.208,5.766,0.000
30,ec.gp.GPIndividual@837347865{-2011619160},3C_20_66-02.txt,154.245,0.250,38.561,9,28.156,73.02,3.128,10.594,0.000
30,ec.gp.GPIndividual@837347865{-2011619160},3C_20_66-03.txt,118.340,0.250,29.585,5,20.219,68.34,4.044,10.594,0.000
30,ec.gp.GPIndividual@837347865{-2011619160},3C_20_80-01.txt,4.194,0.250,1.049,3,0.656,62.58,0.219,10.594,0.000
30,ec.gp.GPIndividual@837347865{-2011619160},3C_20_80-02.txt,35.738,0.250,8.935,6,4.250,47.57,0.708,10.594,0.000
30,ec.gp.GPIndividual@837347865{-2011619160},3C_20_80-03.txt,169.439,0.250,42.360,2,17.438,41.17,8.719,16.656,0.000
30,ec.gp.GPIndividual@106199222{781213232},3C_20_50-02.txt,61.404,0.250,15.351,5,6.750,43.97,1.350,5.734,0.031
30,ec.gp.GPIndividual@106199222{781213232},3C_20_50-03.txt,30.993,0.250,7.748,6,6.672,86.11,1.112,5.734,0.031
30,ec.gp.GPIndividual@106199222{781213232},3C_20_66-01.txt,7.322,0.250,1.831,7,1.453,79.38,0.208,5.734,0.000
30,ec.gp.GPIndividual@106199222{781213232},3C_20_66-02.txt,154.245,0.250,38.561,9,28.266,73.30,3.141,10.594,0.000
30,ec.gp.GPIndividual@106199222{781213232},3C_20_66-03.txt,118.340,0.250,29.585,5,20.188,68.24,4.038,10.594,0.000
30,ec.gp.GPIndividual@106199222{781213232},3C_20_80-01.txt,4.194,0.250,1.049,3,0.672,64.07,0.224,10.594,0.000
30,ec.gp.GPIndividual@106199222{781213232},3C_20_80-02.txt,35.738,0.250,8.935,6,4.219,47.22,0.703,10.594,0.000
30,ec.gp.GPIndividual@106199222{781213232},3C_20_80-03.txt,169.439,0.250,42.360,2,17.422,41.13,8.711,16.656,0.000
31,ec.gp.GPIndividual@1856372431{1598547450},3C_20_50-02.txt,61.404,0.250,15.351,5,1.719,11.20,0.344,0.344,0.344
31,ec.gp.GPIndividual@1856372431{1598547450},3C_20_50-03.txt,30.993,0.250,7.748,6,9.250,119.38,1.542,1.844,0.344
31,ec.gp.GPIndividual@1856372431{1598547450},3C_20_50-03.txt,30.993,0.250,7.748,3,4.406,56.87,1.469,3.234,0.141
31,ec.gp.GPIndividual@1856372431{1598547450},3C_20_66-01.txt,7.322,0.250,1.831,2,1.875,102.43,0.938,3.234,0.141
31,ec.gp.GPIndividual@1856372431{1598547450},3C_20_50-03.txt,30.993,0.250,7.748,1,0.875,11.29,0.875,3.234,0.141
31,ec.gp.GPIndividual@1856372431{1598547450},3C_20_66-02.txt,154.245,0.250,38.561,3,5.250,13.61,1.750,3.234,0.141
31,ec.gp.GPIndividual@1856372431{1598547450},3C_20_50-03.txt,30.993,0.250,7.748,3,6.109,78.85,2.036,3.234,0.141
31,ec.gp.GPIndividual@1856372431{1598547450},3C_20_50-03.txt,30.993,0.250,7.748,1,2.266,29.24,2.266,3.234,0.141
31,ec.gp.GPIndividual@1856372431{1598547450},3C_20_66-03.txt,118.340,0.250,29.585,4,7.938,26.83,1.984,3.234,0.141
31,ec.gp.GPIndividual@1856372431{1598547450},3C_20_50-03.txt,30.993,0.250,7.748,4,9.078,117.17,2.270,3.234,0.141
31,ec.gp.GPIndividual@1856372431{1598547450},3C_20_66-01.txt,7.322,0.250,1.831,2,3.594,196.32,1.797,3.250,0.141
31,ec.gp.GPIndividual@1856372431{1598547450},3C_20_66-01.txt,7.322,0.250,1.831,1,0.688,37.56,0.688,3.250,0.141
31,ec.gp.GPIndividual@1856372431{1598547450},3C_20_66-01.txt,7.322,0.250,1.831,2,5.109,279.12,2.555,4.250,0.141
31,ec.gp.GPIndividual@1856372431{1598547450},3C_20_66-01.txt,7.322,0.250,1.831,2,5.078,277.41,2.539,4.250,0.141
31,ec.gp.GPIndividual@1856372431{1598547450},3C_20_66-01.txt,7.322,0.250,1.831,5,1.984,108.40,0.397,4.250,0.141
31,ec.gp.GPIndividual@1856372431{1598547450},3C_20_66-02.txt,154.245,0.250,38.561,2,0.656,1.70,0.328,4.250,0.000
31,ec.gp.GPIndividual@1856372431{1598547450},3C_20_66-02.txt,154.245,0.250,38.561,3,7.797,20.22,2.599,6.203,0.000
31,ec.gp.GPIndividual@1856372431{1598547450},3C_20_80-01.txt,4.194,0.250,1.049,2,2.031,193.71,1.016,6.203,0.000
31,ec.gp.GPIndividual@1856372431{1598547450},3C_20_66-02.txt,154.245,0.250,38.561,2,0.656,1.70,0.328,6.203,0.000
31,ec.gp.GPIndividual@1856372431{1598547450},3C_20_80-02.txt,35.738,0.250,8.935,0,0.000,0.00,0.000,6.203,0.000
31,ec.gp.GPIndividual@1856372431{1598547450},3C_20_66-02.txt,154.245,0.250,38.561,1,1.344,3.48,1.344,6.203,0.000
31,ec.gp.GPIndividual@1856372431{1598547450},3C_20_66-02.txt,154.245,0.250,38.561,3,6.609,17.14,2.203,6.203,0.000
31,ec.gp.GPIndividual@1856372431{1598547450},3C_20_80-03.txt,169.439,0.250,42.360,11,18.859,44.52,1.714,6.203,0.000
31,ec.gp.GPIndividual@1856372431{1598547450},3C_20_66-03.txt,118.340,0.250,29.585,9,18.219,61.58,2.024,6.203,0.000
31,ec.gp.GPIndividual@1651465199{-2053597070},3C_20_50-02.txt,61.404,0.250,15.351,5,6.047,39.39,1.209,2.031,0.500
31,ec.gp.GPIndividual@1651465199{-2053597070},3C_20_50-03.txt,30.993,0.250,7.748,3,7.297,94.18,2.432,6.047,0.500
31,ec.gp.GPIndividual@1651465199{-2053597070},3C_20_80-01.txt,4.194,0.250,1.049,3,1.078,102.81,0.359,6.047,0.172
31,ec.gp.GPIndividual@1651465199{-2053597070},3C_20_80-02.txt,35.738,0.250,8.935,1,4.875,54.56,4.875,6.047,0.172
31,ec.gp.GPIndividual@1651465199{-2053597070},3C_20_66-03.txt,118.340,0.250,29.585,1,5.734,19.38,5.734,6.047,0.172
31,ec.gp.GPIndividual@1651465199{-2053597070},3C_20_66-03.txt,118.340,0.250,29.585,1,6.969,23.56,6.969,6.969,0.172
31,ec.gp.GPIndividual@1651465199{-2053597070},3C_20_66-03.txt,118.340,0.250,29.585,2,11.563,39.08,5.781,8.375,0.172
31,ec.gp.GPIndividual@1651465199{-2053597070},3C_20_66-03.txt,118.340,0.250,29.585,3,4.859,16.43,1.620,8.375,0.172
31,ec.gp.GPIndividual@1651465199{-2053597070},3C_20_80-03.txt,169.439,0.250,42.360,9,46.797,110.47,5.200,8.375,0.172
31,ec.gp.GPIndividual@608899008{1927226971},3C_20_50-02.txt,61.404,0.250,15.351,1,0.859,5.60,0.859,0.859,0.859
31,ec.gp.GPIndividual@608899008{1927226971},3C_20_80-01.txt,4.194,0.250,1.049,2,3.938,375.49,1.969,3.422,0.516
31,ec.gp.GPIndividual@608899008{1927226971},3C_20_80-01.txt,4.194,0.250,1.049,3,1.250,119.20,0.417,3.422,0.313
31,ec.gp.GPIndividual@608899008{1927226971},3C_20_80-02.txt,35.738,0.250,8.935,3,0.469,5.25,0.156,3.422,0.000
31,ec.gp.GPIndividual@608899008{1927226971},3C_20_50-03.txt,30.993,0.250,7.748,1,2.516,32.47,2.516,3.422,0.000
31,ec.gp.GPIndividual@608899008{1927226971},3C_20_80-01.txt,4.194,0.250,1.049,1,3.797,362.08,3.797,3.797,0.000
31,ec.gp.GPIndividual@608899008{1927226971},3C_20_80-01.txt,4.194,0.250,1.049,1,1.203,114.73,1.203,3.797,0.000
31,ec.gp.GPIndividual@608899008{1927226971},3C_20_80-02.txt,35.738,0.250,8.935,2,8.906,99.68,4.453,8.438,0.000
31,ec.gp.GPIndividual@608899008{1927226971},3C_20_66-01.txt,7.322,0.250,1.831,2,2.438,133.16,1.219,8.438,0.000
31,ec.gp.GPIndividual@608899008{1927226971},3C_20_80-03.txt,169.439,0.250,42.360,6,8.688,20.51,1.448,8.438,0.000
31,ec.gp.GPIndividual@608899008{1927226971},3C_20_80-02.txt,35.738,0.250,8.935,1,1.203,13.47,1.203,8.438,0.000
31,ec.gp.GPIndividual@608899008{1927226971},3C_20_66-02.txt,154.245,0.250,38.561,9,17.703,45.91,1.967,8.438,0.000
31,ec.gp.GPIndividual@608899008{1927226971},3C_20_66-03.txt,118.340,0.250,29.585,9,26.938,91.05,2.993,8.438,0.000
31,ec.gp.GPIndividual@608899008{1927226971},3C_20_80-01.txt,4.194,0.250,1.049,1,2.031,193.71,2.031,8.438,0.000
31,ec.gp.GPIndividual@608899008{1927226971},3C_20_80-02.txt,35.738,0.250,8.935,3,14.094,157.74,4.698,8.438,0.000
31,ec.gp.GPIndividual@608899008{1927226971},3C_20_80-03.txt,169.439,0.250,42.360,1,0.344,0.81,0.344,8.438,0.000
31,ec.gp.GPIndividual@608899008{1927226971},3C_20_66-01.txt,7.322,0.250,1.831,1,1.219,66.58,1.219,8.438,0.000
31,ec.gp.GPIndividual@608899008{1927226971},3C_20_80-02.txt,35.738,0.250,8.935,1,7.938,88.84,7.938,8.438,0.000
31,ec.gp.GPIndividual@1259348485{-1053649027},3C_20_50-02.txt,61.404,0.250,15.351,4,8.141,53.03,2.035,4.766,0.469
31,ec.gp.GPIndividual@1259348485{-1053649027},3C_20_80-03.txt,169.439,0.250,42.360,3,4.672,11.03,1.557,4.766,0.469
31,ec.gp.GPIndividual@1259348485{-1053649027},3C_20_80-03.txt,169.439,0.250,42.360,12,34.359,81.11,2.863,6.109,0.469
31,ec.gp.GPIndividual@346148249{2079409912},3C_20_50-02.txt,61.404,0.250,15.351,4,10.719,69.82,2.680,5.703,0.359
31,ec.gp.GPIndividual@346148249{2079409912},3C_20_50-03.txt,30.993,0.250,7.748,1,6.797,87.72,6.797,6.797,0.359
31,ec.gp.GPIndividual@346148249{2079409912},3C_20_80-03.txt,169.439,0.250,42.360,1,7.672,18.11,7.672,7.672,0.359
31,ec.gp.GPIndividual@1525946646{-851498588},3C_20_50-02.txt,61.404,0.250,15.351,3,21.125,137.61,7.042,10.563,0.531
31,ec.gp.GPIndividual@1096604876{1559896044},3C_20_50-02.txt,61.404,0.250,15.351,6,10.641,69.32,1.773,3.250,0.000
31,ec.gp.GPIndividual@1096604876{1559896044},3C_20_66-02.txt,154.245,0.250,38.561,6,20.328,52.72,3.388,6.281,0.000
31,ec.gp.GPIndividual@1096604876{1559896044},3C_20_50-03.txt,30.993,0.250,7.748,5,7.281,93.97,1.456,6.281,0.000
31,ec.gp.GPIndividual@1096604876{1559896044},3C_20_50-03.txt,30.993,0.250,7.748,4,7.906,102.04,1.977,6.281,0.000
31,ec.gp.GPIndividual@1096604876{1559896044},3C_20_66-01.txt,7.322,0.250,1.831,1,3.219,175.84,3.219,6.281,0.000
31,ec.gp.GPIndividual@1096604876{1559896044},3C_20_66-01.txt,7.322,0.250,1.831,2,1.922,104.99,0.961,6.281,0.000
31,ec.gp.GPIndividual@1096604876{1559896044},3C_20_66-03.txt,118.340,0.250,29.585,4,3.469,11.72,0.867,6.281,0.000
31,ec.gp.GPIndividual@1096604876{1559896044},3C_20_50-03.txt,30.993,0.250,7.748,4,6.266,80.87,1.566,6.281,0.000
31,ec.gp.GPIndividual@1096604876{1559896044},3C_20_66-02.txt,154.245,0.250,38.561,1,1.438,3.73,1.438,6.281,0.000
31,ec.gp.GPIndividual@1096604876{1559896044},3C_20_66-02.txt,154.245,0.250,38.561,2,1.953,5.06,0.977,6.281,0.000
31,ec.gp.GPIndividual@1096604876{1559896044},3C_20_66-01.txt,7.322,0.250,1.831,1,3.156,172.42,3.156,6.281,0.000
31,ec.gp.GPIndividual@1096604876{1559896044},3C_20_66-01.txt,7.322,0.250,1.831,3,1.953,106.70,0.651,6.281,0.000
31,ec.gp.GPIndividual@1096604876{1559896044},3C_20_66-02.txt,154.245,0.250,38.561,2,0.531,1.38,0.266,6.281,0.000
31,ec.gp.GPIndividual@1096604876{1559896044},3C_20_66-02.txt,154.245,0.250,38.561,3,15.016,38.94,5.005,10.188,0.000
31,ec.gp.GPIndividual@1720821961{-170186634},3C_20_50-02.txt,61.404,0.250,15.351,8,14.953,97.41,1.869,6.094,0.000
31,ec.gp.GPIndividual@1720821961{-170186634},3C_20_66-03.txt,118.340,0.250,29.585,5,9.250,31.27,1.850,6.094,0.000
31,ec.gp.GPIndividual@1720821961{-170186634},3C_20_80-01.txt,4.194,0.250,1.049,2,3.406,324.83,1.703,6.094,0.000
31,ec.gp.GPIndividual@1720821961{-170186634},3C_20_66-03.txt,118.340,0.250,29.585,0,0.000,0.00,0.000,6.094,0.000
31,ec.gp.GPIndividual@1720821961{-170186634},3C_20_66-03.txt,118.340,0.250,29.585,11,31.750,107.32,2.886,6.125,0.000
31,ec.gp.GPIndividual@1720821961{-170186634},3C_20_80-01.txt,4.194,0.250,1.049,4,1.031,98.34,0.258,6.125,0.000
31,ec.gp.GPIndividual@1720821961{-170186634},3C_20_80-02.txt,35.738,0.250,8.935,2,5.688,63.66,2.844,6.125,0.000
31,ec.gp.GPIndividual@1720821961{-170186634},3C_20_80-01.txt,4.194,0.250,1.049,1,3.766,359.10,3.766,6.125,0.000
31,ec.gp.GPIndividual@1720821961{-170186634},3C_20_80-01.txt,4.194,0.250,1.049,3,2.219,211.59,0.740,6.125,0.000
31,ec.gp.GPIndividual@1720821961{-170186634},3C_20_80-02.txt,35.738,0.250,8.935,2,0.141,1.57,0.070,6.125,0.000
31,ec.gp.GPIndividual@1720821961{-170186634},3C_20_80-02.txt,35.738,0.250,8.935,5,11.266,126.09,2.253,6.547,0.000
31,ec.gp.GPIndividual@1720821961{-170186634},3C_20_50-03.txt,30.993,0.250,7.748,3,12.344,159.31,4.115,7.766,0.000
31,ec.gp.GPIndividual@1720821961{-170186634},3C_20_66-03.txt,118.340,0.250,29.585,1,1.391,4.70,1.391,7.766,0.000
31,ec.gp.GPIndividual@1720821961{-170186634},3C_20_80-02.txt,35.738,0.250,8.935,6,8.938,100.03,1.490,7.766,0.000
31,ec.gp.GPIndividual@1720821961{-170186634},3C_20_80-03.txt,169.439,0.250,42.360,3,5.297,12.50,1.766,7.766,0.000
31,ec.gp.GPIndividual@1720821961{-170186634},3C_20_80-03.txt,169.439,0.250,42.360,1,1.547,3.65,1.547,7.766,0.000
31,ec.gp.GPIndividual@1720821961{-170186634},3C_20_80-03.txt,169.439,0.250,42.360,9,38.609,91.15,4.290,7.766,0.000
31,ec.gp.GPIndividual@803947706{-1978710969},3C_20_50-02.txt,61.404,0.250,15.351,3,12.938,84.28,4.313,7.297,0.516
31,ec.gp.GPIndividual@803947706{-1978710969},3C_20_80-01.txt,4.194,0.250,1.049,2,2.516,239.90,1.258,7.297,0.516
31,ec.gp.GPIndividual@803947706{-1978710969},3C_20_50-03.txt,30.993,0.250,7.748,2,7.016,90.55,3.508,7.297,0.328
31,ec.gp.GPIndividual@823498355{-585273462},3C_20_50-02.txt,61.404,0.250,15.351,3,4.734,30.84,1.578,3.172,0.328
31,ec.gp.GPIndividual@823498355{-585273462},3C_20_66-01.txt,7.322,0.250,1.831,1,9.172,501.05,9.172,9.172,0.328
31,ec.gp.GPIndividual@644186594{1362929554},3C_20_50-02.txt,61.404,0.250,15.351,4,4.828,31.45,1.207,1.953,0.484
31,ec.gp.GPIndividual@644186594{1362929554},3C_20_80-02.txt,35.738,0.250,8.935,5,10.750,120.32,2.150,3.125,0.484
31,ec.gp.GPIndividual@644186594{1362929554},3C_20_50-03.txt,30.993,0.250,7.748,2,2.453,31.66,1.227,3.125,0.000
31,ec.gp.GPIndividual@644186594{1362929554},3C_20_66-01.txt,7.322,0.250,1.831,2,1.734,94.75,0.867,3.125,0.000
31,ec.gp.GPIndividual@644186594{1362929554},3C_20_66-02.txt,154.245,0.250,38.561,1,0.453,1.18,0.453,3.125,0.000
31,ec.gp.GPIndividual@644186594{1362929554},3C_20_80-03.txt,169.439,0.250,42.360,3,17.203,40.61,5.734,15.875,0.000
31,ec.gp.GPIndividual@644186594{1362929554},3C_20_80-03.txt,169.439,0.250,42.360,7,11.641,27.48,1.663,15.875,0.000
31,ec.gp.GPIndividual@644186594{1362929554},3C_20_50-03.txt,30.993,0.250,7.748,5,11.609,149.83,2.322,15.875,0.000
31,ec.gp.GPIndividual@1811366454{524590544},3C_20_50-02.txt,61.404,0.250,15.351,4,11.047,71.96,2.762,5.828,0.484
31,ec.gp.GPIndividual@1811366454{524590544},3C_20_66-03.txt,118.340,0.250,29.585,2,0.984,3.33,0.492,5.828,0.000
31,ec.gp.GPIndividual@1811366454{524590544},3C_20_66-02.txt,154.245,0.250,38.561,6,15.031,38.98,2.505,5.828,0.000
31,ec.gp.GPIndividual@198600694{1376122376},3C_20_50-02.txt,61.404,0.250,15.351,7,18.609,121.23,2.658,6.484,0.531
31,ec.gp.GPIndividual@198600694{1376122376},3C_20_66-01.txt,7.322,0.250,1.831,1,0.531,29.02,0.531,6.484,0.531
31,ec.gp.GPIndividual@198600694{1376122376},3C_20_80-01.txt,4.194,0.250,1.049,1,3.063,292.05,3.063,6.484,0.531
31,ec.gp.GPIndividual@198600694{1376122376},3C_20_50-03.txt,30.993,0.250,7.748,3,9.609,124.02,3.203,7.359,0.500
31,ec.gp.GPIndividual@198600694{1376122376},3C_20_66-01.txt,7.322,0.250,1.831,3,2.094,114.38,0.698,7.359,0.500
31,ec.gp.GPIndividual@198600694{1376122376},3C_20_66-02.txt,154.245,0.250,38.561,2,0.344,0.89,0.172,7.359,0.000
31,ec.gp.GPIndividual@198600694{1376122376},3C_20_66-02.txt,154.245,0.250,38.561,18,38.031,98.63,2.113,7.359,0.000
31,ec.gp.GPIndividual@198600694{1376122376},3C_20_80-02.txt,35.738,0.250,8.935,1,1.047,11.72,1.047,7.359,0.000
31,ec.gp.GPIndividual@198600694{1376122376},3C_20_66-03.txt,118.340,0.250,29.585,7,30.469,102.99,4.353,13.203,0.000
31,ec.gp.GPIndividual@198600694{1376122376},3C_20_66-03.txt,118.340,0.250,29.585,5,23.297,78.75,4.659,13.203,0.000
31,ec.gp.GPIndividual@198600694{1376122376},3C_20_50-03.txt,30.993,0.250,7.748,2,5.313,68.56,2.656,13.203,0.000
31,ec.gp.GPIndividual@198600694{1376122376},3C_20_80-01.txt,4.194,0.250,1.049,1,6.203,591.55,6.203,13.203,0.000
31,ec.gp.GPIndividual@198600694{1376122376},3C_20_80-01.txt,4.194,0.250,1.049,1,11.297,1077.31,11.297,13.203,0.000
31,ec.gp.GPIndividual@198600694{1376122376},3C_20_66-03.txt,118.340,0.250,29.585,4,9.203,31.11,2.301,13.203,0.000
31,ec.gp.GPIndividual@198600694{1376122376},3C_20_80-03.txt,169.439,0.250,42.360,3,8.375,19.77,2.792,13.203,0.000
31,ec.gp.GPIndividual@198600694{1376122376},3C_20_66-01.txt,7.322,0.250,1.831,2,2.484,135.72,1.242,13.203,0.000
31,ec.gp.GPIndividual@198600694{1376122376},3C_20_80-02.txt,35.738,0.250,8.935,5,9.984,111.75,1.997,13.203,0.000
31,ec.gp.GPIndividual@198600694{1376122376},3C_20_80-03.txt,169.439,0.250,42.360,1,0.516,1.22,0.516,13.203,0.000
31,ec.gp.GPIndividual@198600694{1376122376},3C_20_66-02.txt,154.245,0.250,38.561,4,9.875,25.61,2.469,13.203,0.000
31,ec.gp.GPIndividual@198600694{1376122376},3C_20_80-02.txt,35.738,0.250,8.935,4,8.953,100.21,2.238,13.203,0.000
31,ec.gp.GPIndividual@198600694{1376122376},3C_20_66-03.txt,118.340,0.250,29.585,2,3.563,12.04,1.781,13.203,0.000
31,ec.gp.GPIndividual@439040383{781213232},3C_20_50-02.txt,61.404,0.250,15.351,7,14.844,96.70,2.121,6.156,0.516
31,ec.gp.GPIndividual@684136978{1420652578},3C_20_50-02.txt,61.404,0.250,15.351,0,0.000,0.00,0.000,0.000,0.000
31,ec.gp.GPIndividual@684136978{1420652578},3C_20_50-03.txt,30.993,0.250,7.748,0,0.000,0.00,0.000,0.000,0.000
31,ec.gp.GPIndividual@684136978{1420652578},3C_20_66-01.txt,7.322,0.250,1.831,0,0.000,0.00,0.000,0.000,0.000
31,ec.gp.GPIndividual@684136978{1420652578},3C_20_66-02.txt,154.245,0.250,38.561,0,0.000,0.00,0.000,0.000,0.000
31,ec.gp.GPIndividual@684136978{1420652578},3C_20_66-03.txt,118.340,0.250,29.585,0,0.000,0.00,0.000,0.000,0.000
31,ec.gp.GPIndividual@684136978{1420652578},3C_20_80-01.txt,4.194,0.250,1.049,0,0.000,0.00,0.000,0.000,0.000
31,ec.gp.GPIndividual@684136978{1420652578},3C_20_80-02.txt,35.738,0.250,8.935,0,0.000,0.00,0.000,0.000,0.000
31,ec.gp.GPIndividual@684136978{1420652578},3C_20_80-03.txt,169.439,0.250,42.360,0,0.000,0.00,0.000,0.000,0.000
31,ec.gp.GPIndividual@2067071611{-926564481},3C_20_50-02.txt,61.404,0.250,15.351,3,9.047,58.93,3.016,7.250,0.359
31,ec.gp.GPIndividual@2067071611{-926564481},3C_20_66-01.txt,7.322,0.250,1.831,1,2.641,144.25,2.641,7.250,0.359
31,ec.gp.GPIndividual@2067071611{-926564481},3C_20_50-03.txt,30.993,0.250,7.748,2,5.469,70.58,2.734,7.250,0.359
31,ec.gp.GPIndividual@2067071611{-926564481},3C_20_80-01.txt,4.194,0.250,1.049,1,1.891,180.30,1.891,7.250,0.359
31,ec.gp.GPIndividual@2067071611{-926564481},3C_20_50-03.txt,30.993,0.250,7.748,3,8.281,106.88,2.760,7.250,0.359
31,ec.gp.GPIndividual@2067071611{-926564481},3C_20_80-01.txt,4.194,0.250,1.049,3,1.141,108.77,0.380,7.250,0.172
31,ec.gp.GPIndividual@2067071611{-926564481},3C_20_66-02.txt,154.245,0.250,38.561,5,5.156,13.37,1.031,7.250,0.000
31,ec.gp.GPIndividual@2067071611{-926564481},3C_20_80-03.txt,169.439,0.250,42.360,15,43.109,101.77,2.874,7.250,0.000
31,ec.gp.GPIndividual@2067071611{-926564481},3C_20_80-02.txt,35.738,0.250,8.935,2,0.328,3.67,0.164,7.250,0.000
31,ec.gp.GPIndividual@607909946{1562006379},3C_20_50-02.txt,61.404,0.250,15.351,0,0.000,0.00,0.000,0.000,0.000
31,ec.gp.GPIndividual@607909946{1562006379},3C_20_50-03.txt,30.993,0.250,7.748,0,0.000,0.00,0.000,0.000,0.000
31,ec.gp.GPIndividual@607909946{1562006379},3C_20_66-01.txt,7.322,0.250,1.831,0,0.000,0.00,0.000,0.000,0.000
31,ec.gp.GPIndividual@607909946{1562006379},3C_20_66-02.txt,154.245,0.250,38.561,0,0.000,0.00,0.000,0.000,0.000
31,ec.gp.GPIndividual@607909946{1562006379},3C_20_66-03.txt,118.340,0.250,29.585,0,0.000,0.00,0.000,0.000,0.000
31,ec.gp.GPIndividual@607909946{1562006379},3C_20_80-01.txt,4.194,0.250,1.049,0,0.000,0.00,0.000,0.000,0.000
31,ec.gp.GPIndividual@607909946{1562006379},3C_20_80-02.txt,35.738,0.250,8.935,0,0.000,0.00,0.000,0.000,0.000
31,ec.gp.GPIndividual@607909946{1562006379},3C_20_80-03.txt,169.439,0.250,42.360,0,0.000,0.00,0.000,0.000,0.000
31,ec.gp.GPIndividual@1506262538{-616938345},3C_20_50-02.txt,61.404,0.250,15.351,3,4.969,32.37,1.656,2.875,0.516
31,ec.gp.GPIndividual@1506262538{-616938345},3C_20_80-02.txt,35.738,0.250,8.935,5,12.828,143.58,2.566,5.688,0.516
31,ec.gp.GPIndividual@1506262538{-616938345},3C_20_66-01.txt,7.322,0.250,1.831,1,2.016,110.11,2.016,5.688,0.516
31,ec.gp.GPIndividual@1506262538{-616938345},3C_20_50-03.txt,30.993,0.250,7.748,1,0.875,11.29,0.875,5.688,0.516
31,ec.gp.GPIndividual@1506262538{-616938345},3C_20_80-03.txt,169.439,0.250,42.360,15,49.063,115.82,3.271,9.719,0.516
31,ec.gp.GPIndividual@1506262538{-616938345},3C_20_66-01.txt,7.322,0.250,1.831,1,3.938,215.10,3.938,9.719,0.516
31,ec.gp.GPIndividual@783984965{-1292250137},3C_20_50-02.txt,61.404,0.250,15.351,3,8.672,56.49,2.891,7.328,0.516
31,ec.gp.GPIndividual@783984965{-1292250137},3C_20_80-03.txt,169.439,0.250,42.360,2,1.266,2.99,0.633,7.328,0.000
31,ec.gp.GPIndividual@783984965{-1292250137},3C_20_66-01.txt,7.322,0.250,1.831,2,1.875,102.43,0.938,7.328,0.000
31,ec.gp.GPIndividual@783984965{-1292250137},3C_20_66-02.txt,154.245,0.250,38.561,3,17.688,45.87,5.896,11.031,0.000
31,ec.gp.GPIndividual@783984965{-1292250137},3C_20_66-03.txt,118.340,0.250,29.585,5,9.813,33.17,1.963,11.031,0.000
31,ec.gp.GPIndividual@783984965{-1292250137},3C_20_66-02.txt,154.245,0.250,38.561,14,46.734,121.20,3.338,13.141,0.000
31,ec.gp.GPIndividual@783984965{-1292250137},3C_20_66-02.txt,154.245,0.250,38.561,2,8.109,21.03,4.055,13.141,0.000
31,ec.gp.GPIndividual@783984965{-1292250137},3C_20_66-03.txt,118.340,0.250,29.585,1,2.172,7.34,2.172,13.141,0.000
31,ec.gp.GPIndividual@783984965{-1292250137},3C_20_66-03.txt,118.340,0.250,29.585,2,12.234,41.35,6.117,13.141,0.000
31,ec.gp.GPIndividual@783984965{-1292250137},3C_20_50-03.txt,30.993,0.250,7.748,2,13.891,179.28,6.945,13.141,0.000
31,ec.gp.GPIndividual@447804790{545511632},3C_20_50-02.txt,61.404,0.250,15.351,7,15.047,98.02,2.150,5.984,0.344
31,ec.gp.GPIndividual@447804790{545511632},3C_20_66-03.txt,118.340,0.250,29.585,3,9.406,31.79,3.135,6.641,0.344
31,ec.gp.GPIndividual@447804790{545511632},3C_20_80-01.txt,4.194,0.250,1.049,3,1.063,101.32,0.354,6.641,0.172
31,ec.gp.GPIndividual@447804790{545511632},3C_20_80-02.txt,35.738,0.250,8.935,2,6.781,75.90,3.391,6.641,0.172
31,ec.gp.GPIndividual@447804790{545511632},3C_20_50-03.txt,30.993,0.250,7.748,4,7.703,99.42,1.926,6.641,0.000
31,ec.gp.GPIndividual@447804790{545511632},3C_20_66-01.txt,7.322,0.250,1.831,1,0.906,49.51,0.906,6.641,0.000
31,ec.gp.GPIndividual@447804790{545511632},3C_20_80-03.txt,169.439,0.250,42.360,1,1.781,4.21,1.781,6.641,0.000
31,ec.gp.GPIndividual@447804790{545511632},3C_20_80-01.txt,4.194,0.250,1.049,3,1.188,113.24,0.396,6.641,0.000
31,ec.gp.GPIndividual@447804790{545511632},3C_20_66-02.txt,154.245,0.250,38.561,4,24.250,62.89,6.063,14.438,0.000
31,ec.gp.GPIndividual@447804790{545511632},3C_20_80-01.txt,4.194,0.250,1.049,2,1.203,114.73,0.602,14.438,0.000
31,ec.gp.GPIndividual@447804790{545511632},3C_20_80-02.txt,35.738,0.250,8.935,5,9.641,107.90,1.928,14.438,0.000
31,ec.gp.GPIndividual@447804790{545511632},3C_20_80-03.txt,169.439,0.250,42.360,2,2.047,4.83,1.023,14.438,0.000
31,ec.gp.GPIndividual@447804790{545511632},3C_20_80-01.txt,4.194,0.250,1.049,1,1.547,147.52,1.547,14.438,0.000
31,ec.gp.GPIndividual@447804790{545511632},3C_20_80-02.txt,35.738,0.250,8.935,3,10.641,119.10,3.547,14.438,0.000
31,ec.gp.GPIndividual@603184486{781213232},3C_20_50-02.txt,61.404,0.250,15.351,12,16.656,108.50,1.388,2.234,0.172
31,ec.gp.GPIndividual@603184486{781213232},3C_20_80-02.txt,35.738,0.250,8.935,0,0.000,0.00,0.000,2.234,0.172
31,ec.gp.GPIndividual@603184486{781213232},3C_20_66-03.txt,118.340,0.250,29.585,4,10.406,35.17,2.602,6.031,0.172
31,ec.gp.GPIndividual@603184486{781213232},3C_20_80-03.txt,169.439,0.250,42.360,1,4.391,10.37,4.391,6.031,0.172
31,ec.gp.GPIndividual@603184486{781213232},3C_20_66-01.txt,7.322,0.250,1.831,1,2.250,122.91,2.250,6.031,0.172
31,ec.gp.GPIndividual@603184486{781213232},3C_20_80-03.txt,169.439,0.250,42.360,3,3.891,9.18,1.297,6.031,0.172
31,ec.gp.GPIndividual@603184486{781213232},3C_20_50-03.txt,30.993,0.250,7.748,3,8.563,110.51,2.854,6.219,0.172
31,ec.gp.GPIndividual@603184486{781213232},3C_20_80-01.txt,4.194,0.250,1.049,2,3.797,362.08,1.898,6.219,0.172
31,ec.gp.GPIndividual@603184486{781213232},3C_20_66-01.txt,7.322,0.250,1.831,3,2.063,112.67,0.688,6.219,0.156
31,ec.gp.GPIndividual@603184486{781213232},3C_20_80-02.txt,35.738,0.250,8.935,1,0.156,1.75,0.156,6.219,0.156
31,ec.gp.GPIndividual@603184486{781213232},3C_20_66-02.txt,154.245,0.250,38.561,5,22.234,57.66,4.447,8.328,0.156
31,ec.gp.GPIndividual@133969874{-1537128310},3C_20_50-02.txt,61.404,0.250,15.351,3,18.625,121.33,6.208,13.047,0.422
31,ec.gp.GPIndividual@1051243108{556853550},3C_20_50-02.txt,61.404,0.250,15.351,8,13.781,89.77,1.723,2.703,0.266
31,ec.gp.GPIndividual@1051243108{556853550},3C_20_50-03.txt,30.993,0.250,7.748,1,4.438,57.27,4.438,4.438,0.266
31,ec.gp.GPIndividual@1051243108{556853550},3C_20_80-01.txt,4.194,0.250,1.049,1,2.063,196.69,2.063,4.438,0.266
31,ec.gp.GPIndividual@1051243108{556853550},3C_20_50-03.txt,30.993,0.250,7.748,3,11.531,148.83,3.844,10.078,0.266
31,ec.gp.GPIndividual@907161438{-672709831},3C_20_50-02.txt,61.404,0.250,15.351,5,24.203,157.66,4.841,16.328,0.313
31,ec.gp.GPIndividual@907161438{-672709831},3C_20_66-02.txt,154.245,0.250,38.561,6,15.063,39.06,2.510,16.328,0.313
31,ec.gp.GPIndividual@907161438{-672709831},3C_20_66-01.txt,7.322,0.250,1.831,2,2.078,113.52,1.039,16.328,0.313
31,ec.gp.GPIndividual@907161438{-672709831},3C_20_66-03.txt,118.340,0.250,29.585,1,0.438,1.48,0.438,16.328,0.313
31,ec.gp.GPIndividual@907161438{-672709831},3C_20_80-02.txt,35.738,0.250,8.935,5,6.578,73.63,1.316,16.328,0.313
31,ec.gp.GPIndividual@907161438{-672709831},3C_20_66-02.txt,154.245,0.250,38.561,2,3.344,8.67,1.672,16.328,0.313
31,ec.gp.GPIndividual@907161438{-672709831},3C_20_50-03.txt,30.993,0.250,7.748,3,7.969,102.85,2.656,16.328,0.313
31,ec.gp.GPIndividual@907161438{-672709831},3C_20_80-01.txt,4.194,0.250,1.049,1,5.625,536.42,5.625,16.328,0.313
31,ec.gp.GPIndividual@907161438{-672709831},3C_20_66-01.txt,7.322,0.250,1.831,3,2.703,147.67,0.901,16.328,0.313
31,ec.gp.GPIndividual@907161438{-672709831},3C_20_66-03.txt,118.340,0.250,29.585,2,0.500,1.69,0.250,16.328,0.125
31,ec.gp.GPIndividual@907161438{-672709831},3C_20_80-03.txt,169.439,0.250,42.360,5,7.000,16.53,1.400,16.328,0.125
31,ec.gp.GPIndividual@907161438{-672709831},3C_20_80-02.txt,35.738,0.250,8.935,5,13.500,151.10,2.700,16.328,0.125
31,ec.gp.GPIndividual@907161438{-672709831},3C_20_80-01.txt,4.194,0.250,1.049,1,3.609,344.20,3.609,16.328,0.125
31,ec.gp.GPIndividual@907161438{-672709831},3C_20_66-01.txt,7.322,0.250,1.831,1,0.250,13.66,0.250,16.328,0.125
31,ec.gp.GPIndividual@1962308629{-363127540},3C_20_50-02.txt,61.404,0.250,15.351,7,7.453,48.55,1.065,2.828,0.375
31,ec.gp.GPIndividual@1962308629{-363127540},3C_20_66-02.txt,154.245,0.250,38.561,4,4.797,12.44,1.199,2.828,0.375
31,ec.gp.GPIndividual@1962308629{-363127540},3C_20_80-02.txt,35.738,0.250,8.935,6,9.125,102.13,1.521,2.828,0.375
31,ec.gp.GPIndividual@1962308629{-363127540},3C_20_66-02.txt,154.245,0.250,38.561,1,0.422,1.09,0.422,2.828,0.375
31,ec.gp.GPIndividual@1962308629{-363127540},3C_20_80-03.txt,169.439,0.250,42.360,3,3.750,8.85,1.250,2.828,0.375
31,ec.gp.GPIndividual@1962308629{-363127540},3C_20_80-03.txt,169.439,0.250,42.360,12,30.828,72.78,2.569,8.719,0.375
31,ec.gp.GPIndividual@516389201{-1677241846},3C_20_50-02.txt,61.404,0.250,15.351,0,0.000,0.00,0.000,0.000,0.000
31,ec.gp.GPIndividual@516389201{-1677241846},3C_20_50-03.txt,30.993,0.250,7.748,0,0.000,0.00,0.000,0.000,0.000
31,ec.gp.GPIndividual@516389201{-1677241846},3C_20_66-01.txt,7.322,0.250,1.831,0,0.000,0.00,0.000,0.000,0.000
31,ec.gp.GPIndividual@516389201{-1677241846},3C_20_66-02.txt,154.245,0.250,38.561,0,0.000,0.00,0.000,0.000,0.000
31,ec.gp.GPIndividual@516389201{-1677241846},3C_20_66-03.txt,118.340,0.250,29.585,0,0.000,0.00,0.000,0.000,0.000
31,ec.gp.GPIndividual@516389201{-1677241846},3C_20_80-01.txt,4.194,0.250,1.049,0,0.000,0.00,0.000,0.000,0.000
31,ec.gp.GPIndividual@516389201{-1677241846},3C_20_80-02.txt,35.738,0.250,8.935,0,0.000,0.00,0.000,0.000,0.000
31,ec.gp.GPIndividual@516389201{-1677241846},3C_20_80-03.txt,169.439,0.250,42.360,0,0.000,0.00,0.000,0.000,0.000
31,ec.gp.GPIndividual@1979407776{-382075802},3C_20_50-02.txt,61.404,0.250,15.351,2,8.531,55.57,4.266,8.234,0.297
31,ec.gp.GPIndividual@1979407776{-382075802},3C_20_66-03.txt,118.340,0.250,29.585,1,11.281,38.13,11.281,11.281,0.297
31,ec.gp.GPIndividual@751169792{1711247231},3C_20_50-02.txt,61.404,0.250,15.351,3,20.188,131.51,6.729,11.297,0.156
31,ec.gp.GPIndividual@751169792{1711247231},3C_20_80-01.txt,4.194,0.250,1.049,3,1.406,134.10,0.469,11.297,0.156
31,ec.gp.GPIndividual@751169792{1711247231},3C_20_80-02.txt,35.738,0.250,8.935,2,0.063,0.70,0.031,11.297,0.000
31,ec.gp.GPIndividual@751169792{1711247231},3C_20_50-03.txt,30.993,0.250,7.748,1,1.563,20.17,1.563,11.297,0.000
31,ec.gp.GPIndividual@751169792{1711247231},3C_20_66-02.txt,154.245,0.250,38.561,14,27.891,72.33,1.992,12.625,0.000
31,ec.gp.GPIndividual@751169792{1711247231},3C_20_80-03.txt,169.439,0.250,42.360,2,21.469,50.68,10.734,12.625,0.000
31,ec.gp.GPIndividual@751169792{1711247231},3C_20_66-01.txt,7.322,0.250,1.831,1,2.391,130.60,2.391,12.625,0.000
31,ec.gp.GPIndividual@1407941883{-2071436622},3C_20_50-02.txt,61.404,0.250,15.351,10,14.359,93.54,1.436,4.906,0.141
31,ec.gp.GPIndividual@1407941883{-2071436622},3C_20_50-03.txt,30.993,0.250,7.748,2,2.016,26.01,1.008,4.906,0.000
31,ec.gp.GPIndividual@1407941883{-2071436622},3C_20_66-02.txt,154.245,0.250,38.561,3,14.953,38.78,4.984,12.125,0.000
31,ec.gp.GPIndividual@1407941883{-2071436622},3C_20_66-03.txt,118.340,0.250,29.585,8,13.094,44.26,1.637,12.125,0.000
31,ec.gp.GPIndividual@1407941883{-2071436622},3C_20_66-01.txt,7.322,0.250,1.831,2,1.000,54.63,0.500,12.125,0.000
31,ec.gp.GPIndividual@1407941883{-2071436622},3C_20_66-02.txt,154.245,0.250,38.561,3,2.297,5.96,0.766,12.125,0.000
31,ec.gp.GPIndividual@1407941883{-2071436622},3C_20_66-03.txt,118.340,0.250,29.585,2,12.328,41.67,6.164,12.125,0.000
31,ec.gp.GPIndividual@1407941883{-2071436622},3C_20_66-03.txt,118.340,0.250,29.585,5,22.156,74.89,4.431,12.125,0.000
31,ec.gp.GPIndividual@1407941883{-2071436622},3C_20_80-01.txt,4.194,0.250,1.049,1,8.172,779.30,8.172,12.125,0.000
31,ec.gp.GPIndividual@1407941883{-2071436622},3C_20_80-01.txt,4.194,0.250,1.049,3,0.875,83.44,0.292,12.125,0.000
31,ec.gp.GPIndividual@1407941883{-2071436622},3C_20_80-02.txt,35.738,0.250,8.935,3,7.406,82.89,2.469,12.125,0.000
31,ec.gp.GPIndividual@1407941883{-2071436622},3C_20_80-01.txt,4.194,0.250,1.049,3,1.094,104.30,0.365,12.125,0.000
31,ec.gp.GPIndividual@1407941883{-2071436622},3C_20_80-03.txt,169.439,0.250,42.360,2,1.063,2.51,0.531,12.125,0.000
31,ec.gp.GPIndividual@1407941883{-2071436622},3C_20_80-02.txt,35.738,0.250,8.935,5,3.109,34.80,0.622,12.125,0.000
31,ec.gp.GPIndividual@1407941883{-2071436622},3C_20_80-03.txt,169.439,0.250,42.360,7,22.594,53.34,3.228,13.750,0.000
31,ec.gp.GPIndividual@39612994{-2078912240},3C_20_50-02.txt,61.404,0.250,15.351,0,0.000,0.00,0.000,0.000,0.000
31,ec.gp.GPIndividual@39612994{-2078912240},3C_20_50-03.txt,30.993,0.250,7.748,0,0.000,0.00,0.000,0.000,0.000
31,ec.gp.GPIndividual@39612994{-2078912240},3C_20_66-01.txt,7.322,0.250,1.831,0,0.000,0.00,0.000,0.000,0.000
31,ec.gp.GPIndividual@39612994{-2078912240},3C_20_66-02.txt,154.245,0.250,38.561,0,0.000,0.00,0.000,0.000,0.000
31,ec.gp.GPIndividual@39612994{-2078912240},3C_20_66-03.txt,118.340,0.250,29.585,0,0.000,0.00,0.000,0.000,0.000
31,ec.gp.GPIndividual@39612994{-2078912240},3C_20_80-01.txt,4.194,0.250,1.049,0,0.000,0.00,0.000,0.000,0.000
31,ec.gp.GPIndividual@39612994{-2078912240},3C_20_80-02.txt,35.738,0.250,8.935,0,0.000,0.00,0.000,0.000,0.000
31,ec.gp.GPIndividual@39612994{-2078912240},3C_20_80-03.txt,169.439,0.250,42.360,0,0.000,0.00,0.000,0.000,0.000
31,ec.gp.GPIndividual@838749413{-1333328612},3C_20_50-02.txt,61.404,0.250,15.351,3,0.609,3.97,0.203,0.328,0.047
31,ec.gp.GPIndividual@838749413{-1333328612},3C_20_50-03.txt,30.993,0.250,7.748,3,2.750,35.49,0.917,1.203,0.047
31,ec.gp.GPIndividual@838749413{-1333328612},3C_20_66-01.txt,7.322,0.250,1.831,1,0.109,5.97,0.109,1.203,0.047
31,ec.gp.GPIndividual@838749413{-1333328612},3C_20_66-02.txt,154.245,0.250,38.561,3,0.688,1.78,0.229,1.203,0.047
31,ec.gp.GPIndividual@838749413{-1333328612},3C_20_66-03.txt,118.340,0.250,29.585,1,0.813,2.75,0.813,1.203,0.047
31,ec.gp.GPIndividual@838749413{-1333328612},3C_20_80-01.txt,4.194,0.250,1.049,1,0.188,17.88,0.188,1.203,0.047
31,ec.gp.GPIndividual@838749413{-1333328612},3C_20_80-02.txt,35.738,0.250,8.935,1,0.281,3.15,0.281,1.203,0.047
31,ec.gp.GPIndividual@838749413{-1333328612},3C_20_80-03.txt,169.439,0.250,42.360,1,0.797,1.88,0.797,1.203,0.047
32,ec.gp.GPIndividual@319663933{1295570354},3C_20_50-02.txt,61.404,0.250,15.351,1,0.000,0.00,0.000,0.000,0.000
32,ec.gp.GPIndividual@319663933{1295570354},3C_20_50-02.txt,61.404,0.250,15.351,1,0.000,0.00,0.000,0.000,0.000
32,ec.gp.GPIndividual@319663933{1295570354},3C_20_50-03.txt,30.993,0.250,7.748,1,0.000,0.00,0.000,0.000,0.000
32,ec.gp.GPIndividual@319663933{1295570354},3C_20_66-01.txt,7.322,0.250,1.831,0,0.000,0.00,0.000,0.000,0.000
32,ec.gp.GPIndividual@319663933{1295570354},3C_20_66-01.txt,7.322,0.250,1.831,0,0.000,0.00,0.000,0.000,0.000
32,ec.gp.GPIndividual@319663933{1295570354},3C_20_66-01.txt,7.322,0.250,1.831,1,0.000,0.00,0.000,0.000,0.000
32,ec.gp.GPIndividual@319663933{1295570354},3C_20_66-01.txt,7.322,0.250,1.831,1,0.000,0.00,0.000,0.000,0.000
32,ec.gp.GPIndividual@319663933{1295570354},3C_20_66-03.txt,118.340,0.250,29.585,0,0.000,0.00,0.000,0.000,0.000
32,ec.gp.GPIndividual@319663933{1295570354},3C_20_66-03.txt,118.340,0.250,29.585,1,0.000,0.00,0.000,0.000,0.000
32,ec.gp.GPIndividual@319663933{1295570354},3C_20_66-03.txt,118.340,0.250,29.585,1,0.000,0.00,0.000,0.000,0.000
32,ec.gp.GPIndividual@319663933{1295570354},3C_20_80-01.txt,4.194,0.250,1.049,0,0.000,0.00,0.000,0.000,0.000
32,ec.gp.GPIndividual@319663933{1295570354},3C_20_80-01.txt,4.194,0.250,1.049,0,0.000,0.00,0.000,0.000,0.000
32,ec.gp.GPIndividual@319663933{1295570354},3C_20_80-02.txt,35.738,0.250,8.935,1,0.000,0.00,0.000,0.000,0.000
32,ec.gp.GPIndividual@319663933{1295570354},3C_20_80-02.txt,35.738,0.250,8.935,1,0.000,0.00,0.000,0.000,0.000
32,ec.gp.GPIndividual@319663933{1295570354},3C_20_80-03.txt,169.439,0.250,42.360,1,0.000,0.00,0.000,0.000,0.000
32,ec.gp.GPIndividual@319663933{1295570354},3C_20_80-03.txt,169.439,0.250,42.360,1,0.000,0.00,0.000,0.000,0.000
32,ec.gp.GPIndividual@100461216{1172899642},3C_20_50-02.txt,61.404,0.250,15.351,0,0.000,0.00,0.000,0.000,0.000
32,ec.gp.GPIndividual@100461216{1172899642},3C_20_50-03.txt,30.993,0.250,7.748,0,0.000,0.00,0.000,0.000,0.000
32,ec.gp.GPIndividual@100461216{1172899642},3C_20_66-01.txt,7.322,0.250,1.831,0,0.000,0.00,0.000,0.000,0.000
32,ec.gp.GPIndividual@100461216{1172899642},3C_20_66-02.txt,154.245,0.250,38.561,0,0.000,0.00,0.000,0.000,0.000
32,ec.gp.GPIndividual@100461216{1172899642},3C_20_66-03.txt,118.340,0.250,29.585,0,0.000,0.00,0.000,0.000,0.000
32,ec.gp.GPIndividual@100461216{1172899642},3C_20_80-01.txt,4.194,0.250,1.049,0,0.000,0.00,0.000,0.000,0.000
32,ec.gp.GPIndividual@100461216{1172899642},3C_20_80-02.txt,35.738,0.250,8.935,0,0.000,0.00,0.000,0.000,0.000
32,ec.gp.GPIndividual@100461216{1172899642},3C_20_80-03.txt,169.439,0.250,42.360,0,0.000,0.00,0.000,0.000,0.000
32,ec.gp.GPIndividual@1481356552{1590947380},3C_20_50-02.txt,61.404,0.250,15.351,13,13.141,85.60,1.011,1.828,0.281
32,ec.gp.GPIndividual@1481356552{1590947380},3C_20_50-03.txt,30.993,0.250,7.748,4,8.969,115.75,2.242,2.375,0.281
32,ec.gp.GPIndividual@1481356552{1590947380},3C_20_50-03.txt,30.993,0.250,7.748,4,7.797,100.63,1.949,3.203,0.281
32,ec.gp.GPIndividual@1481356552{1590947380},3C_20_50-03.txt,30.993,0.250,7.748,2,3.156,40.74,1.578,3.203,0.281
32,ec.gp.GPIndividual@1481356552{1590947380},3C_20_50-03.txt,30.993,0.250,7.748,2,2.125,27.43,1.063,3.203,0.000
32,ec.gp.GPIndividual@1481356552{1590947380},3C_20_50-03.txt,30.993,0.250,7.748,2,1.953,25.21,0.977,3.203,0.000
32,ec.gp.GPIndividual@1481356552{1590947380},3C_20_50-03.txt,30.993,0.250,7.748,4,8.859,114.34,2.215,3.266,0.000
32,ec.gp.GPIndividual@1481356552{1590947380},3C_20_66-01.txt,7.322,0.250,1.831,1,3.281,179.25,3.281,3.281,0.000
32,ec.gp.GPIndividual@1481356552{1590947380},3C_20_66-01.txt,7.322,0.250,1.831,1,3.281,179.25,3.281,3.281,0.000
32,ec.gp.GPIndividual@1481356552{1590947380},3C_20_66-01.txt,7.322,0.250,1.831,1,3.172,173.27,3.172,3.281,0.000
32,ec.gp.GPIndividual@1481356552{1590947380},3C_20_66-01.txt,7.322,0.250,1.831,2,0.391,21.34,0.195,3.281,0.000
32,ec.gp.GPIndividual@1481356552{1590947380},3C_20_66-01.txt,7.322,0.250,1.831,1,3.141,171.57,3.141,3.281,0.000
32,ec.gp.GPIndividual@1481356552{1590947380},3C_20_66-01.txt,7.322,0.250,1.831,4,2.625,143.40,0.656,3.281,0.000
32,ec.gp.GPIndividual@1481356552{1590947380},3C_20_66-02.txt,154.245,0.250,38.561,0,0.000,0.00,0.000,3.281,0.000
32,ec.gp.GPIndividual@1481356552{1590947380},3C_20_66-02.txt,154.245,0.250,38.561,3,2.125,5.51,0.708,3.281,0.000
32,ec.gp.GPIndividual@1481356552{1590947380},3C_20_66-02.txt,154.245,0.250,38.561,9,14.141,36.67,1.571,3.281,0.000
32,ec.gp.GPIndividual@1481356552{1590947380},3C_20_66-02.txt,154.245,0.250,38.561,3,4.266,11.06,1.422,3.281,0.000
32,ec.gp.GPIndividual@1481356552{1590947380},3C_20_66-03.txt,118.340,0.250,29.585,12,18.141,61.32,1.512,3.281,0.000
32,ec.gp.GPIndividual@1481356552{1590947380},3C_20_66-03.txt,118.340,0.250,29.585,3,9.422,31.85,3.141,6.375,0.000
32,ec.gp.GPIndividual@1481356552{1590947380},3C_20_80-01.txt,4.194,0.250,1.049,3,1.063,101.32,0.354,6.375,0.000
32,ec.gp.GPIndividual@1481356552{1590947380},3C_20_80-02.txt,35.738,0.250,8.935,3,7.938,88.84,2.646,7.203,0.000
32,ec.gp.GPIndividual@1481356552{1590947380},3C_20_66-02.txt,154.245,0.250,38.561,2,10.422,27.03,5.211,8.250,0.000
32,ec.gp.GPIndividual@1481356552{1590947380},3C_20_80-03.txt,169.439,0.250,42.360,6,26.047,61.49,4.341,10.750,0.000
32,ec.gp.GPIndividual@1481356552{1590947380},3C_20_66-03.txt,118.340,0.250,29.585,2,17.500,59.15,8.750,11.281,0.000
32,ec.gp.GPIndividual@1481356552{1590947380},3C_20_66-03.txt,118.340,0.250,29.585,0,0.000,0.00,0.000,11.281,0.000
32,ec.gp.GPIndividual@1355744862{-2011619160},3C_20_50-02.txt,61.404,0.250,15.351,6,20.297,132.22,3.383,12.281,0.500
32,ec.gp.GPIndividual@1355744862{-2011619160},3C_20_66-02.txt,154.245,0.250,38.561,3,17.500,45.38,5.833,12.281,0.500
32,ec.gp.GPIndividual@1355744862{-2011619160},3C_20_66-03.txt,118.340,0.250,29.585,3,17.094,57.78,5.698,12.281,0.500
32,ec.gp.GPIndividual@1355744862{-2011619160},3C_20_80-01.txt,4.194,0.250,1.049,1,3.781,360.59,3.781,12.281,0.500
32,ec.gp.GPIndividual@1355744862{-2011619160},3C_20_80-01.txt,4.194,0.250,1.049,1,3.609,344.20,3.609,12.281,0.500
32,ec.gp.GPIndividual@1355744862{-2011619160},3C_20_80-01.txt,4.194,0.250,1.049,3,2.484,236.92,0.828,12.281,0.453
32,ec.gp.GPIndividual@1355744862{-2011619160},3C_20_66-03.txt,118.340,0.250,29.585,4,2.094,7.08,0.523,12.281,0.141
32,ec.gp.GPIndividual@1355744862{-2011619160},3C_20_80-02.txt,35.738,0.250,8.935,3,4.094,45.82,1.365,12.281,0.141
32,ec.gp.GPIndividual@1355744862{-2011619160},3C_20_80-02.txt,35.738,0.250,8.935,3,10.078,112.80,3.359,12.281,0.141
32,ec.gp.GPIndividual@1355744862{-2011619160},3C_20_80-03.txt,169.439,0.250,42.360,1,0.516,1.22,0.516,12.281,0.141
32,ec.gp.GPIndividual@1355744862{-2011619160},3C_20_80-02.txt,35.738,0.250,8.935,1,1.219,13.64,1.219,12.281,0.141
32,ec.gp.GPIndividual@1355744862{-2011619160},3C_20_80-01.txt,4.194,0.250,1.049,2,2.609,248.84,1.305,12.281,0.141
32,ec.gp.GPIndividual@1355744862{-2011619160},3C_20_80-03.txt,169.439,0.250,42.360,6,11.672,27.55,1.945,12.281,0.141
32,ec.gp.GPIndividual@1355744862{-2011619160},3C_20_80-02.txt,35.738,0.250,8.935,2,12.375,138.51,6.188,12.281,0.141
32,ec.gp.GPIndividual@1355744862{-2011619160},3C_20_50-03.txt,30.993,0.250,7.748,2,9.656,124.63,4.828,12.281,0.141
32,ec.gp.GPIndividual@1832551889{2032268343},3C_20_50-02.txt,61.404,0.250,15.351,4,5.672,36.95,1.418,1.984,0.484
32,ec.gp.GPIndividual@1832551889{2032268343},3C_20_80-01.txt,4.194,0.250,1.049,1,5.938,566.22,5.938,5.938,0.484
32,ec.gp.GPIndividual@192778737{569920692},3C_20_50-02.txt,61.404,0.250,15.351,11,16.719,108.91,1.520,3.266,0.313
32,ec.gp.GPIndividual@192778737{569920692},3C_20_50-03.txt,30.993,0.250,7.748,4,6.203,80.06,1.551,3.266,0.313
32,ec.gp.GPIndividual@192778737{569920692},3C_20_50-03.txt,30.993,0.250,7.748,1,0.859,11.09,0.859,3.266,0.313
32,ec.gp.GPIndividual@192778737{569920692},3C_20_80-02.txt,35.738,0.250,8.935,2,1.609,18.01,0.805,3.266,0.000
32,ec.gp.GPIndividual@192778737{569920692},3C_20_66-01.txt,7.322,0.250,1.831,2,6.219,339.72,3.109,4.609,0.000
32,ec.gp.GPIndividual@192778737{569920692},3C_20_80-03.txt,169.439,0.250,42.360,1,0.750,1.77,0.750,4.609,0.000
32,ec.gp.GPIndividual@192778737{569920692},3C_20_80-03.txt,169.439,0.250,42.360,16,41.891,98.89,2.618,6.750,0.000
32,ec.gp.GPIndividual@490158502{374262011},3C_20_50-02.txt,61.404,0.250,15.351,0,0.000,0.00,0.000,0.000,0.000
32,ec.gp.GPIndividual@490158502{374262011},3C_20_50-03.txt,30.993,0.250,7.748,0,0.000,0.00,0.000,0.000,0.000
32,ec.gp.GPIndividual@490158502{374262011},3C_20_66-01.txt,7.322,0.250,1.831,0,0.000,0.00,0.000,0.000,0.000
32,ec.gp.GPIndividual@490158502{374262011},3C_20_66-02.txt,154.245,0.250,38.561,0,0.000,0.00,0.000,0.000,0.000
32,ec.gp.GPIndividual@490158502{374262011},3C_20_66-03.txt,118.340,0.250,29.585,0,0.000,0.00,0.000,0.000,0.000
32,ec.gp.GPIndividual@490158502{374262011},3C_20_80-01.txt,4.194,0.250,1.049,0,0.000,0.00,0.000,0.000,0.000
32,ec.gp.GPIndividual@490158502{374262011},3C_20_80-02.txt,35.738,0.250,8.935,0,0.000,0.00,0.000,0.000,0.000
32,ec.gp.GPIndividual@490158502{374262011},3C_20_80-03.txt,169.439,0.250,42.360,0,0.000,0.00,0.000,0.000,0.000
32,ec.gp.GPIndividual@488329333{1931448673},3C_20_50-02.txt,61.404,0.250,15.351,5,20.219,131.71,4.044,6.203,0.438
32,ec.gp.GPIndividual@488329333{1931448673},3C_20_66-02.txt,154.245,0.250,38.561,4,7.703,19.98,1.926,6.203,0.438
32,ec.gp.GPIndividual@488329333{1931448673},3C_20_66-01.txt,7.322,0.250,1.831,3,1.922,104.99,0.641,6.203,0.141
32,ec.gp.GPIndividual@488329333{1931448673},3C_20_66-02.txt,154.245,0.250,38.561,1,0.422,1.09,0.422,6.203,0.141
32,ec.gp.GPIndividual@488329333{1931448673},3C_20_66-03.txt,118.340,0.250,29.585,4,12.359,41.78,3.090,7.109,0.141
32,ec.gp.GPIndividual@488329333{1931448673},3C_20_66-01.txt,7.322,0.250,1.831,2,1.484,81.09,0.742,7.109,0.141
32,ec.gp.GPIndividual@488329333{1931448673},3C_20_66-03.txt,118.340,0.250,29.585,7,28.203,95.33,4.029,16.406,0.141
32,ec.gp.GPIndividual@488329333{1931448673},3C_20_80-03.txt,169.439,0.250,42.360,3,16.797,39.65,5.599,16.406,0.141
32,ec.gp.GPIndividual@488329333{1931448673},3C_20_50-03.txt,30.993,0.250,7.748,2,7.813,100.83,3.906,16.406,0.141
32,ec.gp.GPIndividual@1034802238{-1357815859},3C_20_50-02.txt,61.404,0.250,15.351,2,2.406,15.67,1.203,2.125,0.281
32,ec.gp.GPIndividual@1034802238{-1357815859},3C_20_80-01.txt,4.194,0.250,1.049,1,3.156,300.99,3.156,3.156,0.281
32,ec.gp.GPIndividual@1034802238{-1357815859},3C_20_66-01.txt,7.322,0.250,1.831,4,1.875,102.43,0.469,3.156,0.125
32,ec.gp.GPIndividual@1034802238{-1357815859},3C_20_80-02.txt,35.738,0.250,8.935,2,7.328,82.02,3.664,7.203,0.125
32,ec.gp.GPIndividual@1034802238{-1357815859},3C_20_80-01.txt,4.194,0.250,1.049,1,1.391,132.61,1.391,7.203,0.125
32,ec.gp.GPIndividual@1034802238{-1357815859},3C_20_50-03.txt,30.993,0.250,7.748,5,5.047,65.14,1.009,7.203,0.125
32,ec.gp.GPIndividual@1034802238{-1357815859},3C_20_66-02.txt,154.245,0.250,38.561,16,42.156,109.32,2.635,16.672,0.125
32,ec.gp.GPIndividual@1034802238{-1357815859},3C_20_66-02.txt,154.245,0.250,38.561,5,17.641,45.75,3.528,16.672,0.125
32,ec.gp.GPIndividual@1034802238{-1357815859},3C_20_80-03.txt,169.439,0.250,42.360,2,7.141,16.86,3.570,16.672,0.125
32,ec.gp.GPIndividual@1034802238{-1357815859},3C_20_66-03.txt,118.340,0.250,29.585,7,26.750,90.42,3.821,16.672,0.125
32,ec.gp.GPIndividual@1034802238{-1357815859},3C_20_66-01.txt,7.322,0.250,1.831,3,16.125,880.88,5.375,16.672,0.125
32,ec.gp.GPIndividual@1034802238{-1357815859},3C_20_66-02.txt,154.245,0.250,38.561,0,0.000,0.00,0.000,16.672,0.125
32,ec.gp.GPIndividual@1034802238{-1357815859},3C_20_80-02.txt,35.738,0.250,8.935,1,2.891,32.35,2.891,16.672,0.125
32,ec.gp.GPIndividual@1034802238{-1357815859},3C_20_80-01.txt,4.194,0.250,1.049,4,1.000,95.36,0.250,16.672,0.000
32,ec.gp.GPIndividual@1034802238{-1357815859},3C_20_80-02.txt,35.738,0.250,8.935,2,10.719,119.97,5.359,16.672,0.000
32,ec.gp.GPIndividual@1861497991{1170856268},3C_20_50-02.txt,61.404,0.250,15.351,5,15.641,101.89,3.128,10.750,0.266
32,ec.gp.GPIndividual@1861497991{1170856268},3C_20_66-03.txt,118.340,0.250,29.585,17,28.531,96.44,1.678,10.750,0.266
32,ec.gp.GPIndividual@1861497991{1170856268},3C_20_50-03.txt,30.993,0.250,7.748,2,7.625,98.41,3.813,10.750,0.266
32,ec.gp.GPIndividual@1861497991{1170856268},3C_20_66-03.txt,118.340,0.250,29.585,1,5.469,18.48,5.469,10.750,0.266
32,ec.gp.GPIndividual@1861497991{1170856268},3C_20_80-03.txt,169.439,0.250,42.360,1,6.516,15.38,6.516,10.750,0.266
32,ec.gp.GPIndividual@1861497991{1170856268},3C_20_80-03.txt,169.439,0.250,42.360,2,5.672,13.39,2.836,10.750,0.266
32,ec.gp.GPIndividual@1861497991{1170856268},3C_20_80-01.txt,4.194,0.250,1.049,3,0.891,84.93,0.297,10.750,0.141
32,ec.gp.GPIndividual@1861497991{1170856268},3C_20_80-02.txt,35.738,0.250,8.935,3,9.797,109.65,3.266,10.750,0.141
32,ec.gp.GPIndividual@1861497991{1170856268},3C_20_66-01.txt,7.322,0.250,1.831,1,4.469,244.12,4.469,10.750,0.141
32,ec.gp.GPIndividual@828416103{-1602390660},3C_20_50-02.txt,61.404,0.250,15.351,5,7.891,51.40,1.578,4.609,0.422
32,ec.gp.GPIndividual@828416103{-1602390660},3C_20_80-01.txt,4.194,0.250,1.049,2,1.156,110.26,0.578,4.609,0.422
32,ec.gp.GPIndividual@828416103{-1602390660},3C_20_66-02.txt,154.245,0.250,38.561,7,7.578,19.65,1.083,4.609,0.266
32,ec.gp.GPIndividual@828416103{-1602390660},3C_20_80-02.txt,35.738,0.250,8.935,3,7.531,84.29,2.510,4.609,0.266
32,ec.gp.GPIndividual@1324265335{1860860310},3C_20_50-02.txt,61.404,0.250,15.351,12,15.625,101.78,1.302,2.203,0.250
32,ec.gp.GPIndividual@1324265335{1860860310},3C_20_80-03.txt,169.439,0.250,42.360,2,0.438,1.03,0.219,2.203,0.000
32,ec.gp.GPIndividual@1324265335{1860860310},3C_20_50-03.txt,30.993,0.250,7.748,1,1.141,14.72,1.141,2.203,0.000
32,ec.gp.GPIndividual@1324265335{1860860310},3C_20_66-03.txt,118.340,0.250,29.585,1,3.703,12.52,3.703,3.703,0.000
32,ec.gp.GPIndividual@1324265335{1860860310},3C_20_50-03.txt,30.993,0.250,7.748,2,6.656,85.91,3.328,5.734,0.000
32,ec.gp.GPIndividual@1324265335{1860860310},3C_20_80-03.txt,169.439,0.250,42.360,10,41.297,97.49,4.130,5.859,0.000
32,ec.gp.GPIndividual@1324265335{1860860310},3C_20_80-01.txt,4.194,0.250,1.049,2,0.719,68.54,0.359,5.859,0.000
32,ec.gp.GPIndividual@1324265335{1860860310},3C_20_80-02.txt,35.738,0.250,8.935,1,5.953,66.63,5.953,5.953,0.000
32,ec.gp.GPIndividual@1324265335{1860860310},3C_20_66-01.txt,7.322,0.250,1.831,1,7.469,408.01,7.469,7.469,0.000
32,ec.gp.GPIndividual@785738814{-1298935802},3C_20_50-02.txt,61.404,0.250,15.351,4,4.953,32.27,1.238,2.328,0.266
32,ec.gp.GPIndividual@785738814{-1298935802},3C_20_66-01.txt,7.322,0.250,1.831,3,2.094,114.38,0.698,2.328,0.266
32,ec.gp.GPIndividual@785738814{-1298935802},3C_20_66-02.txt,154.245,0.250,38.561,0,0.000,0.00,0.000,2.328,0.266
32,ec.gp.GPIndividual@785738814{-1298935802},3C_20_66-02.txt,154.245,0.250,38.561,3,15.031,38.98,5.010,12.641,0.266
32,ec.gp.GPIndividual@1189964413{-2026302699},3C_20_50-02.txt,61.404,0.250,15.351,13,15.453,100.66,1.189,1.984,0.141
32,ec.gp.GPIndividual@1189964413{-2026302699},3C_20_66-03.txt,118.340,0.250,29.585,1,0.578,1.95,0.578,1.984,0.141
32,ec.gp.GPIndividual@1189964413{-2026302699},3C_20_66-03.txt,118.340,0.250,29.585,2,3.328,11.25,1.664,2.313,0.141
32,ec.gp.GPIndividual@1189964413{-2026302699},3C_20_80-03.txt,169.439,0.250,42.360,4,4.734,11.18,1.184,2.313,0.141
32,ec.gp.GPIndividual@1189964413{-2026302699},3C_20_50-03.txt,30.993,0.250,7.748,2,9.297,119.99,4.648,4.656,0.141
32,ec.gp.GPIndividual@766432472{1470898058},3C_20_50-02.txt,61.404,0.250,15.351,7,14.688,95.68,2.098,5.078,0.422
32,ec.gp.GPIndividual@766432472{1470898058},3C_20_80-01.txt,4.194,0.250,1.049,1,1.672,159.44,1.672,5.078,0.422
32,ec.gp.GPIndividual@766432472{1470898058},3C_20_50-03.txt,30.993,0.250,7.748,1,2.734,35.29,2.734,5.078,0.422
32,ec.gp.GPIndividual@766432472{1470898058},3C_20_80-01.txt,4.194,0.250,1.049,1,2.234,213.08,2.234,5.078,0.422
32,ec.gp.GPIndividual@766432472{1470898058},3C_20_66-01.txt,7.322,0.250,1.831,4,2.297,125.47,0.574,5.078,0.422
32,ec.gp.GPIndividual@766432472{1470898058},3C_20_80-02.txt,35.738,0.250,8.935,1,0.594,6.65,0.594,5.078,0.422
32,ec.gp.GPIndividual@766432472{1470898058},3C_20_80-02.txt,35.738,0.250,8.935,3,13.500,151.10,4.500,10.984,0.422
32,ec.gp.GPIndividual@766432472{1470898058},3C_20_50-03.txt,30.993,0.250,7.748,3,6.125,79.05,2.042,10.984,0.422
32,ec.gp.GPIndividual@766432472{1470898058},3C_20_66-02.txt,154.245,0.250,38.561,7,8.594,22.29,1.228,10.984,0.422
32,ec.gp.GPIndividual@766432472{1470898058},3C_20_80-03.txt,169.439,0.250,42.360,11,27.203,64.22,2.473,10.984,0.422
32,ec.gp.GPIndividual@766432472{1470898058},3C_20_66-01.txt,7.322,0.250,1.831,4,1.547,84.50,0.387,10.984,0.000
32,ec.gp.GPIndividual@766432472{1470898058},3C_20_66-02.txt,154.245,0.250,38.561,7,28.984,75.16,4.141,10.984,0.000
32,ec.gp.GPIndividual@766432472{1470898058},3C_20_66-03.txt,118.340,0.250,29.585,2,15.234,51.49,7.617,13.875,0.000
32,ec.gp.GPIndividual@766432472{1470898058},3C_20_80-03.txt,169.439,0.250,42.360,4,25.188,59.46,6.297,13.875,0.000
32,ec.gp.GPIndividual@684348383{-519482301},3C_20_50-02.txt,61.404,0.250,15.351,3,4.422,28.80,1.474,2.750,0.297
32,ec.gp.GPIndividual@684348383{-519482301},3C_20_50-03.txt,30.993,0.250,7.748,1,11.344,146.41,11.344,11.344,0.297
32,ec.gp.GPIndividual@684348383{-519482301},3C_20_66-03.txt,118.340,0.250,29.585,2,8.281,27.99,4.141,11.344,0.297
32,ec.gp.GPIndividual@684348383{-519482301},3C_20_80-01.txt,4.194,0.250,1.049,3,0.859,81.95,0.286,11.344,0.141
32,ec.gp.GPIndividual@684348383{-519482301},3C_20_80-02.txt,35.738,0.250,8.935,2,4.813,53.86,2.406,11.344,0.141
32,ec.gp.GPIndividual@684348383{-519482301},3C_20_66-01.txt,7.322,0.250,1.831,2,14.891,813.45,7.445,13.844,0.141
32,ec.gp.GPIndividual@684348383{-519482301},3C_20_66-01.txt,7.322,0.250,1.831,1,10.266,560.80,10.266,13.844,0.141
32,ec.gp.GPIndividual@2140500381{-313889818},3C_20_50-02.txt,61.404,0.250,15.351,2,1.266,8.24,0.633,0.859,0.406
32,ec.gp.GPIndividual@2140500381{-313889818},3C_20_80-03.txt,169.439,0.250,42.360,4,6.781,16.01,1.695,4.781,0.250
32,ec.gp.GPIndividual@2140500381{-313889818},3C_20_66-02.txt,154.245,0.250,38.561,8,11.953,31.00,1.494,4.781,0.250
32,ec.gp.GPIndividual@2140500381{-313889818},3C_20_66-03.txt,118.340,0.250,29.585,5,17.656,59.68,3.531,5.234,0.250
32,ec.gp.GPIndividual@2140500381{-313889818},3C_20_80-01.txt,4.194,0.250,1.049,1,9.859,940.22,9.859,9.859,0.250
32,ec.gp.GPIndividual@2140500381{-313889818},3C_20_66-02.txt,154.245,0.250,38.561,1,10.281,26.66,10.281,10.281,0.250
32,ec.gp.GPIndividual@1794961400{1810654850},3C_20_50-02.txt,61.404,0.250,15.351,0,0.000,0.00,0.000,0.000,0.000
32,ec.gp.GPIndividual@1794961400{1810654850},3C_20_50-03.txt,30.993,0.250,7.748,0,0.000,0.00,0.000,0.000,0.000
32,ec.gp.GPIndividual@1794961400{1810654850},3C_20_66-01.txt,7.322,0.250,1.831,0,0.000,0.00,0.000,0.000,0.000
32,ec.gp.GPIndividual@1794961400{1810654850},3C_20_66-02.txt,154.245,0.250,38.561,0,0.000,0.00,0.000,0.000,0.000
32,ec.gp.GPIndividual@1794961400{1810654850},3C_20_66-03.txt,118.340,0.250,29.585,0,0.000,0.00,0.000,0.000,0.000
32,ec.gp.GPIndividual@1794961400{1810654850},3C_20_80-01.txt,4.194,0.250,1.049,0,0.000,0.00,0.000,0.000,0.000
32,ec.gp.GPIndividual@1794961400{1810654850},3C_20_80-02.txt,35.738,0.250,8.935,0,0.000,0.00,0.000,0.000,0.000
32,ec.gp.GPIndividual@1794961400{1810654850},3C_20_80-03.txt,169.439,0.250,42.360,0,0.000,0.00,0.000,0.000,0.000
32,ec.gp.GPIndividual@146256365{-1334662921},3C_20_50-02.txt,61.404,0.250,15.351,3,9.703,63.21,3.234,9.000,0.281
32,ec.gp.GPIndividual@146256365{-1334662921},3C_20_50-03.txt,30.993,0.250,7.748,1,12.281,158.51,12.281,12.281,0.281
32,ec.gp.GPIndividual@146256365{-1334662921},3C_20_80-01.txt,4.194,0.250,1.049,2,1.719,163.91,0.859,12.281,0.281
32,ec.gp.GPIndividual@146256365{-1334662921},3C_20_80-02.txt,35.738,0.250,8.935,7,10.156,113.67,1.451,12.281,0.250
32,ec.gp.GPIndividual@146256365{-1334662921},3C_20_66-01.txt,7.322,0.250,1.831,1,1.922,104.99,1.922,12.281,0.250
32,ec.gp.GPIndividual@146256365{-1334662921},3C_20_50-03.txt,30.993,0.250,7.748,2,2.313,29.85,1.156,12.281,0.250
32,ec.gp.GPIndividual@146256365{-1334662921},3C_20_80-02.txt,35.738,0.250,8.935,1,0.859,9.62,0.859,12.281,0.250
32,ec.gp.GPIndividual@146256365{-1334662921},3C_20_80-03.txt,169.439,0.250,42.360,15,28.750,67.87,1.917,12.281,0.250
32,ec.gp.GPIndividual@1138693300{866818860},3C_20_50-02.txt,61.404,0.250,15.351,5,20.688,134.76,4.138,11.328,0.297
32,ec.gp.GPIndividual@1138693300{866818860},3C_20_66-02.txt,154.245,0.250,38.561,1,9.016,23.38,9.016,11.328,0.297
32,ec.gp.GPIndividual@1138693300{866818860},3C_20_80-03.txt,169.439,0.250,42.360,1,3.203,7.56,3.203,11.328,0.297
32,ec.gp.GPIndividual@1138693300{866818860},3C_20_66-01.txt,7.322,0.250,1.831,1,2.219,121.21,2.219,11.328,0.297
32,ec.gp.GPIndividual@1138693300{866818860},3C_20_50-03.txt,30.993,0.250,7.748,2,15.563,200.85,7.781,14.719,0.297
32,ec.gp.GPIndividual@1138693300{866818860},3C_20_66-03.txt,118.340,0.250,29.585,16,28.906,97.71,1.807,14.719,0.000
32,ec.gp.GPIndividual@1138693300{866818860},3C_20_66-01.txt,7.322,0.250,1.831,1,2.250,122.91,2.250,14.719,0.000
32,ec.gp.GPIndividual@1138693300{866818860},3C_20_66-03.txt,118.340,0.250,29.585,5,15.047,50.86,3.009,14.719,0.000
32,ec.gp.GPIndividual@1323349944{-515197093},3C_20_50-02.txt,61.404,0.250,15.351,0,0.000,0.00,0.000,0.000,0.000
32,ec.gp.GPIndividual@1323349944{-515197093},3C_20_50-03.txt,30.993,0.250,7.748,0,0.000,0.00,0.000,0.000,0.000
32,ec.gp.GPIndividual@1323349944{-515197093},3C_20_66-01.txt,7.322,0.250,1.831,0,0.000,0.00,0.000,0.000,0.000
32,ec.gp.GPIndividual@1323349944{-515197093},3C_20_66-02.txt,154.245,0.250,38.561,0,0.000,0.00,0.000,0.000,0.000
32,ec.gp.GPIndividual@1323349944{-515197093},3C_20_66-03.txt,118.340,0.250,29.585,0,0.000,0.00,0.000,0.000,0.000
32,ec.gp.GPIndividual@1323349944{-515197093},3C_20_80-01.txt,4.194,0.250,1.049,0,0.000,0.00,0.000,0.000,0.000
32,ec.gp.GPIndividual@1323349944{-515197093},3C_20_80-02.txt,35.738,0.250,8.935,0,0.000,0.00,0.000,0.000,0.000
32,ec.gp.GPIndividual@1323349944{-515197093},3C_20_80-03.txt,169.439,0.250,42.360,0,0.000,0.00,0.000,0.000,0.000
32,ec.gp.GPIndividual@2001582008{2134427631},3C_20_50-02.txt,61.404,0.250,15.351,8,13.297,86.62,1.662,5.031,0.281
32,ec.gp.GPIndividual@2001582008{2134427631},3C_20_50-03.txt,30.993,0.250,7.748,1,2.281,29.44,2.281,5.031,0.281
32,ec.gp.GPIndividual@2001582008{2134427631},3C_20_80-01.txt,4.194,0.250,1.049,2,0.734,70.03,0.367,5.031,0.281
32,ec.gp.GPIndividual@2001582008{2134427631},3C_20_80-02.txt,35.738,0.250,8.935,2,12.250,137.11,6.125,7.891,0.281
32,ec.gp.GPIndividual@2001582008{2134427631},3C_20_66-02.txt,154.245,0.250,38.561,5,7.641,19.81,1.528,7.891,0.000
32,ec.gp.GPIndividual@2001582008{2134427631},3C_20_66-02.txt,154.245,0.250,38.561,2,10.844,28.12,5.422,10.844,0.000
32,ec.gp.GPIndividual@2001582008{2134427631},3C_20_80-01.txt,4.194,0.250,1.049,1,1.906,181.79,1.906,10.844,0.000
32,ec.gp.GPIndividual@2001582008{2134427631},3C_20_66-03.txt,118.340,0.250,29.585,17,33.375,112.81,1.963,10.844,0.000
32,ec.gp.GPIndividual@2001582008{2134427631},3C_20_66-01.txt,7.322,0.250,1.831,1,0.719,39.26,0.719,10.844,0.000
32,ec.gp.GPIndividual@2001582008{2134427631},3C_20_80-01.txt,4.194,0.250,1.049,3,3.516,335.26,1.172,10.844,0.000
32,ec.gp.GPIndividual@2001582008{2134427631},3C_20_66-03.txt,118.340,0.250,29.585,1,0.109,0.37,0.109,10.844,0.000
32,ec.gp.GPIndividual@2001582008{2134427631},3C_20_66-02.txt,154.245,0.250,38.561,2,1.844,4.78,0.922,10.844,0.000
32,ec.gp.GPIndividual@2001582008{2134427631},3C_20_80-02.txt,35.738,0.250,8.935,2,7.641,85.52,3.820,10.844,0.000
32,ec.gp.GPIndividual@2001582008{2134427631},3C_20_80-03.txt,169.439,0.250,42.360,3,4.656,10.99,1.552,10.844,0.000
32,ec.gp.GPIndividual@2001582008{2134427631},3C_20_80-02.txt,35.738,0.250,8.935,7,11.484,128.54,1.641,10.844,0.000
32,ec.gp.GPIndividual@2001582008{2134427631},3C_20_80-01.txt,4.194,0.250,1.049,1,1.172,111.75,1.172,10.844,0.000
32,ec.gp.GPIndividual@2001582008{2134427631},3C_20_80-03.txt,169.439,0.250,42.360,3,2.594,6.12,0.865,10.844,0.000
32,ec.gp.GPIndividual@2001582008{2134427631},3C_20_80-03.txt,169.439,0.250,42.360,12,49.063,115.82,4.089,13.422,0.000
32,ec.gp.GPIndividual@1533581537{-722274222},3C_20_50-02.txt,61.404,0.250,15.351,2,1.781,11.60,0.891,1.344,0.438
32,ec.gp.GPIndividual@1533581537{-722274222},3C_20_66-03.txt,118.340,0.250,29.585,1,15.188,51.34,15.188,15.188,0.438
32,ec.gp.GPIndividual@23867929{845816761},3C_20_50-02.txt,61.404,0.250,15.351,1,6.688,43.56,6.688,6.688,6.688
32,ec.gp.GPIndividual@23867929{845816761},3C_20_80-02.txt,35.738,0.250,8.935,3,1.859,20.81,0.620,6.688,0.281
32,ec.gp.GPIndividual@23867929{845816761},3C_20_50-03.txt,30.993,0.250,7.748,5,7.766,100.23,1.553,6.688,0.281
32,ec.gp.GPIndividual@23867929{845816761},3C_20_50-03.txt,30.993,0.250,7.748,3,3.844,49.61,1.281,6.688,0.281
32,ec.gp.GPIndividual@23867929{845816761},3C_20_80-01.txt,4.194,0.250,1.049,2,1.328,126.65,0.664,6.688,0.281
32,ec.gp.GPIndividual@23867929{845816761},3C_20_80-03.txt,169.439,0.250,42.360,1,0.328,0.77,0.328,6.688,0.281
32,ec.gp.GPIndividual@23867929{845816761},3C_20_80-02.txt,35.738,0.250,8.935,1,2.234,25.01,2.234,6.688,0.281
32,ec.gp.GPIndividual@23867929{845816761},3C_20_66-01.txt,7.322,0.250,1.831,1,2.344,128.04,2.344,6.688,0.281
32,ec.gp.GPIndividual@23867929{845816761},3C_20_66-01.txt,7.322,0.250,1.831,2,1.547,84.50,0.773,6.688,0.281
32,ec.gp.GPIndividual@23867929{845816761},3C_20_80-03.txt,169.439,0.250,42.360,1,0.578,1.36,0.578,6.688,0.281
32,ec.gp.GPIndividual@23867929{845816761},3C_20_66-02.txt,154.245,0.250,38.561,6,7.750,20.10,1.292,6.688,0.281
32,ec.gp.GPIndividual@23867929{845816761},3C_20_66-03.txt,118.340,0.250,29.585,3,7.813,26.41,2.604,6.688,0.281
32,ec.gp.GPIndividual@23867929{845816761},3C_20_80-01.txt,4.194,0.250,1.049,5,1.156,110.26,0.231,6.688,0.109
32,ec.gp.GPIndividual@23867929{845816761},3C_20_80-02.txt,35.738,0.250,8.935,1,1.219,13.64,1.219,6.688,0.109
32,ec.gp.GPIndividual@23867929{845816761},3C_20_80-03.txt,169.439,0.250,42.360,1,3.828,9.04,3.828,6.688,0.109
32,ec.gp.GPIndividual@75525186{781213232},3C_20_50-02.txt,61.404,0.250,15.351,6,14.188,92.42,2.365,6.734,0.094
32,ec.gp.GPIndividual@75525186{781213232},3C_20_50-03.txt,30.993,0.250,7.748,3,5.453,70.38,1.818,6.734,0.094
32,ec.gp.GPIndividual@75525186{781213232},3C_20_66-02.txt,154.245,0.250,38.561,11,40.625,105.35,3.693,11.547,0.094
32,ec.gp.GPIndividual@75525186{781213232},3C_20_66-01.txt,7.322,0.250,1.831,6,1.609,87.92,0.268,11.547,0.000
32,ec.gp.GPIndividual@75525186{781213232},3C_20_66-02.txt,154.245,0.250,38.561,3,4.234,10.98,1.411,11.547,0.000
32,ec.gp.GPIndividual@75525186{781213232},3C_20_66-03.txt,118.340,0.250,29.585,8,27.078,91.53,3.385,11.547,0.000
32,ec.gp.GPIndividual@75525186{781213232},3C_20_80-01.txt,4.194,0.250,1.049,4,0.984,93.87,0.246,11.547,0.000
32,ec.gp.GPIndividual@75525186{781213232},3C_20_80-02.txt,35.738,0.250,8.935,6,8.094,90.59,1.349,11.547,0.000
32,ec.gp.GPIndividual@75525186{781213232},3C_20_66-03.txt,118.340,0.250,29.585,4,15.078,50.97,3.770,11.547,0.000
32,ec.gp.GPIndividual@75525186{781213232},3C_20_80-01.txt,4.194,0.250,1.049,1,10.125,965.55,10.125,11.547,0.000
32,ec.gp.GPIndividual@75525186{781213232},3C_20_80-03.txt,169.439,0.250,42.360,9,36.125,85.28,4.014,15.969,0.000
32,ec.gp.GPIndividual@75525186{781213232},3C_20_80-02.txt,35.738,0.250,8.935,6,4.938,55.26,0.823,15.969,0.000
32,ec.gp.GPIndividual@75525186{781213232},3C_20_80-03.txt,169.439,0.250,42.360,3,23.031,54.37,7.677,15.969,0.000
32,ec.gp.GPIndividual@1951663599{-1053649027},3C_20_50-02.txt,61.404,0.250,15.351,5,18.359,119.60,3.672,16.313,0.094
32,ec.gp.GPIndividual@1068428978{781213232},3C_20_50-02.txt,61.404,0.250,15.351,5,7.391,48.14,1.478,5.328,0.094
32,ec.gp.GPIndividual@1068428978{781213232},3C_20_50-03.txt,30.993,0.250,7.748,2,6.531,84.29,3.266,5.375,0.094
32,ec.gp.GPIndividual@1068428978{781213232},3C_20_50-03.txt,30.993,0.250,7.748,4,7.344,94.78,1.836,5.375,0.094
32,ec.gp.GPIndividual@1068428978{781213232},3C_20_66-01.txt,7.322,0.250,1.831,4,1.750,95.60,0.438,5.375,0.000
32,ec.gp.GPIndividual@1068428978{781213232},3C_20_66-01.txt,7.322,0.250,1.831,7,1.781,97.31,0.254,5.375,0.000
32,ec.gp.GPIndividual@1068428978{781213232},3C_20_66-02.txt,154.245,0.250,38.561,1,0.203,0.53,0.203,5.375,0.000
32,ec.gp.GPIndividual@1068428978{781213232},3C_20_66-02.txt,154.245,0.250,38.561,13,31.484,81.65,2.422,11.141,0.000
32,ec.gp.GPIndividual@1068428978{781213232},3C_20_66-03.txt,118.340,0.250,29.585,4,18.719,63.27,4.680,11.141,0.000
32,ec.gp.GPIndividual@1068428978{781213232},3C_20_66-03.txt,118.340,0.250,29.585,2,12.453,42.09,6.227,11.141,0.000
32,ec.gp.GPIndividual@1068428978{781213232},3C_20_80-01.txt,4.194,0.250,1.049,2,0.672,64.07,0.336,11.141,0.000
32,ec.gp.GPIndividual@1068428978{781213232},3C_20_80-02.txt,35.738,0.250,8.935,7,6.406,71.70,0.915,11.141,0.000
32,ec.gp.GPIndividual@1068428978{781213232},3C_20_80-01.txt,4.194,0.250,1.049,2,0.656,62.58,0.328,11.141,0.000
32,ec.gp.GPIndividual@1068428978{781213232},3C_20_80-02.txt,35.738,0.250,8.935,2,2.891,32.35,1.445,11.141,0.000
32,ec.gp.GPIndividual@1068428978{781213232},3C_20_80-03.txt,169.439,0.250,42.360,6,18.922,44.67,3.154,15.719,0.000
32,ec.gp.GPIndividual@323084429{1790878965},3C_20_50-02.txt,61.404,0.250,15.351,2,16.422,106.98,8.211,16.328,0.094
32,ec.gp.GPIndividual@323084429{1790878965},3C_20_80-03.txt,169.439,0.250,42.360,5,19.094,45.08,3.819,16.328,0.094
32,ec.gp.GPIndividual@384883271{1936515357},3C_20_50-02.txt,61.404,0.250,15.351,3,0.313,2.04,0.104,0.234,0.031
32,ec.gp.GPIndividual@384883271{1936515357},3C_20_50-03.txt,30.993,0.250,7.748,2,1.547,19.96,0.773,0.984,0.031
32,ec.gp.GPIndividual@384883271{1936515357},3C_20_66-01.txt,7.322,0.250,1.831,1,0.109,5.97,0.109,0.984,0.031
32,ec.gp.GPIndividual@384883271{1936515357},3C_20_66-02.txt,154.245,0.250,38.561,2,0.500,1.30,0.250,0.984,0.031
32,ec.gp.GPIndividual@384883271{1936515357},3C_20_66-03.txt,118.340,0.250,29.585,1,0.813,2.75,0.813,0.984,0.031
32,ec.gp.GPIndividual@384883271{1936515357},3C_20_80-01.txt,4.194,0.250,1.049,1,0.172,16.39,0.172,0.984,0.031
32,ec.gp.GPIndividual@384883271{1936515357},3C_20_80-02.txt,35.738,0.250,8.935,1,0.250,2.80,0.250,0.984,0.031
32,ec.gp.GPIndividual@384883271{1936515357},3C_20_80-03.txt,169.439,0.250,42.360,1,0.750,1.77,0.750,0.984,0.031
33,ec.gp.GPIndividual@1987821427{-1445782401},3C_20_50-02.txt,61.404,0.250,15.351,0,0.000,0.00,0.000,0.000,0.000
33,ec.gp.GPIndividual@1987821427{-1445782401},3C_20_50-03.txt,30.993,0.250,7.748,0,0.000,0.00,0.000,0.000,0.000
33,ec.gp.GPIndividual@1987821427{-1445782401},3C_20_66-01.txt,7.322,0.250,1.831,0,0.000,0.00,0.000,0.000,0.000
33,ec.gp.GPIndividual@1987821427{-1445782401},3C_20_66-02.txt,154.245,0.250,38.561,0,0.000,0.00,0.000,0.000,0.000
33,ec.gp.GPIndividual@1987821427{-1445782401},3C_20_66-03.txt,118.340,0.250,29.585,0,0.000,0.00,0.000,0.000,0.000
33,ec.gp.GPIndividual@1987821427{-1445782401},3C_20_80-01.txt,4.194,0.250,1.049,0,0.000,0.00,0.000,0.000,0.000
33,ec.gp.GPIndividual@1987821427{-1445782401},3C_20_80-02.txt,35.738,0.250,8.935,0,0.000,0.00,0.000,0.000,0.000
33,ec.gp.GPIndividual@1987821427{-1445782401},3C_20_80-03.txt,169.439,0.250,42.360,0,0.000,0.00,0.000,0.000,0.000
33,ec.gp.GPIndividual@2118238355{1801589874},3C_20_50-02.txt,61.404,0.250,15.351,0,0.000,0.00,0.000,0.000,0.000
33,ec.gp.GPIndividual@2118238355{1801589874},3C_20_50-03.txt,30.993,0.250,7.748,0,0.000,0.00,0.000,0.000,0.000
33,ec.gp.GPIndividual@2118238355{1801589874},3C_20_66-01.txt,7.322,0.250,1.831,0,0.000,0.00,0.000,0.000,0.000
33,ec.gp.GPIndividual@2118238355{1801589874},3C_20_66-02.txt,154.245,0.250,38.561,0,0.000,0.00,0.000,0.000,0.000
33,ec.gp.GPIndividual@2118238355{1801589874},3C_20_66-03.txt,118.340,0.250,29.585,0,0.000,0.00,0.000,0.000,0.000
33,ec.gp.GPIndividual@2118238355{1801589874},3C_20_80-01.txt,4.194,0.250,1.049,0,0.000,0.00,0.000,0.000,0.000
33,ec.gp.GPIndividual@2118238355{1801589874},3C_20_80-02.txt,35.738,0.250,8.935,0,0.000,0.00,0.000,0.000,0.000
33,ec.gp.GPIndividual@2118238355{1801589874},3C_20_80-03.txt,169.439,0.250,42.360,0,0.000,0.00,0.000,0.000,0.000
33,ec.gp.GPIndividual@2040811877{350864557},3C_20_50-02.txt,61.404,0.250,15.351,14,15.609,101.68,1.115,2.109,0.250
33,ec.gp.GPIndividual@2040811877{350864557},3C_20_50-03.txt,30.993,0.250,7.748,1,0.922,11.90,0.922,2.109,0.250
33,ec.gp.GPIndividual@2040811877{350864557},3C_20_50-03.txt,30.993,0.250,7.748,5,10.281,132.69,2.056,2.594,0.125
33,ec.gp.GPIndividual@2040811877{350864557},3C_20_50-03.txt,30.993,0.250,7.748,2,0.156,2.02,0.078,2.594,0.000
33,ec.gp.GPIndividual@2040811877{350864557},3C_20_50-03.txt,30.993,0.250,7.748,1,1.203,15.53,1.203,2.594,0.000
33,ec.gp.GPIndividual@2040811877{350864557},3C_20_50-03.txt,30.993,0.250,7.748,1,2.109,27.22,2.109,2.594,0.000
33,ec.gp.GPIndividual@2040811877{350864557},3C_20_50-03.txt,30.993,0.250,7.748,3,9.594,123.82,3.198,3.234,0.000
33,ec.gp.GPIndividual@2040811877{350864557},3C_20_66-01.txt,7.322,0.250,1.831,1,3.250,177.54,3.250,3.250,0.000
33,ec.gp.GPIndividual@2040811877{350864557},3C_20_66-01.txt,7.322,0.250,1.831,2,1.219,66.58,0.609,3.250,0.000
33,ec.gp.GPIndividual@2040811877{350864557},3C_20_66-01.txt,7.322,0.250,1.831,3,4.906,268.02,1.635,3.250,0.000
33,ec.gp.GPIndividual@2040811877{350864557},3C_20_66-01.txt,7.322,0.250,1.831,1,0.141,7.68,0.141,3.250,0.000
33,ec.gp.GPIndividual@2040811877{350864557},3C_20_66-02.txt,154.245,0.250,38.561,11,15.391,39.91,1.399,3.250,0.000
33,ec.gp.GPIndividual@2040811877{350864557},3C_20_66-02.txt,154.245,0.250,38.561,5,10.094,26.18,2.019,4.563,0.000
33,ec.gp.GPIndividual@2040811877{350864557},3C_20_66-01.txt,7.322,0.250,1.831,1,4.094,223.64,4.094,4.563,0.000
33,ec.gp.GPIndividual@2040811877{350864557},3C_20_66-01.txt,7.322,0.250,1.831,2,3.734,204.00,1.867,4.563,0.000
33,ec.gp.GPIndividual@2040811877{350864557},3C_20_66-03.txt,118.340,0.250,29.585,1,0.344,1.16,0.344,4.563,0.000
33,ec.gp.GPIndividual@2040811877{350864557},3C_20_66-03.txt,118.340,0.250,29.585,14,24.688,83.45,1.763,6.438,0.000
33,ec.gp.GPIndividual@2040811877{350864557},3C_20_80-01.txt,4.194,0.250,1.049,1,9.984,952.14,9.984,9.984,0.000
33,ec.gp.GPIndividual@2040811877{350864557},3C_20_80-01.txt,4.194,0.250,1.049,3,11.266,1074.33,3.755,10.453,0.000
33,ec.gp.GPIndividual@2040811877{350864557},3C_20_80-02.txt,35.738,0.250,8.935,0,0.000,0.00,0.000,10.453,0.000
33,ec.gp.GPIndividual@2040811877{350864557},3C_20_66-02.txt,154.245,0.250,38.561,3,16.719,43.36,5.573,10.453,0.000
33,ec.gp.GPIndividual@2040811877{350864557},3C_20_66-02.txt,154.245,0.250,38.561,6,15.328,39.75,2.555,10.453,0.000
33,ec.gp.GPIndividual@2040811877{350864557},3C_20_80-03.txt,169.439,0.250,42.360,15,40.594,95.83,2.706,10.563,0.000
33,ec.gp.GPIndividual@2040811877{350864557},3C_20_80-02.txt,35.738,0.250,8.935,1,2.344,26.23,2.344,10.563,0.000
33,ec.gp.GPIndividual@2040811877{350864557},3C_20_66-02.txt,154.245,0.250,38.561,1,12.969,33.63,12.969,12.969,0.000
33,ec.gp.GPIndividual@2040811877{350864557},3C_20_66-02.txt,154.245,0.250,38.561,5,15.609,40.48,3.122,12.969,0.000
33,ec.gp.GPIndividual@1661074972{-661891695},3C_20_50-02.txt,61.404,0.250,15.351,0,0.000,0.00,0.000,0.000,0.000
33,ec.gp.GPIndividual@1661074972{-661891695},3C_20_50-03.txt,30.993,0.250,7.748,0,0.000,0.00,0.000,0.000,0.000
33,ec.gp.GPIndividual@1661074972{-661891695},3C_20_66-01.txt,7.322,0.250,1.831,0,0.000,0.00,0.000,0.000,0.000
33,ec.gp.GPIndividual@1661074972{-661891695},3C_20_66-02.txt,154.245,0.250,38.561,0,0.000,0.00,0.000,0.000,0.000
33,ec.gp.GPIndividual@1661074972{-661891695},3C_20_66-03.txt,118.340,0.250,29.585,5,15.734,53.18,3.147,9.922,1.406
33,ec.gp.GPIndividual@1661074972{-661891695},3C_20_66-03.txt,118.340,0.250,29.585,2,10.781,36.44,5.391,9.922,1.406
33,ec.gp.GPIndividual@1661074972{-661891695},3C_20_66-03.txt,118.340,0.250,29.585,10,28.578,96.60,2.858,9.922,0.719
33,ec.gp.GPIndividual@1661074972{-661891695},3C_20_80-01.txt,4.194,0.250,1.049,2,4.172,397.84,2.086,9.922,0.531
33,ec.gp.GPIndividual@1661074972{-661891695},3C_20_80-01.txt,4.194,0.250,1.049,0,0.000,0.00,0.000,9.922,0.531
33,ec.gp.GPIndividual@1661074972{-661891695},3C_20_80-02.txt,35.738,0.250,8.935,0,0.000,0.00,0.000,9.922,0.531
33,ec.gp.GPIndividual@1661074972{-661891695},3C_20_80-03.txt,169.439,0.250,42.360,1,0.359,0.85,0.359,9.922,0.359
33,ec.gp.GPIndividual@1661074972{-661891695},3C_20_80-02.txt,35.738,0.250,8.935,1,3.266,36.55,3.266,9.922,0.359
33,ec.gp.GPIndividual@1661074972{-661891695},3C_20_80-01.txt,4.194,0.250,1.049,2,2.547,242.88,1.273,9.922,0.359
33,ec.gp.GPIndividual@1661074972{-661891695},3C_20_80-03.txt,169.439,0.250,42.360,1,0.344,0.81,0.344,9.922,0.344
33,ec.gp.GPIndividual@1661074972{-661891695},3C_20_80-02.txt,35.738,0.250,8.935,1,8.719,97.58,8.719,9.922,0.344
33,ec.gp.GPIndividual@1661074972{-661891695},3C_20_66-03.txt,118.340,0.250,29.585,1,9.875,33.38,9.875,9.922,0.344
33,ec.gp.GPIndividual@1661074972{-661891695},3C_20_80-03.txt,169.439,0.250,42.360,1,8.109,19.14,8.109,9.922,0.344
33,ec.gp.GPIndividual@1661074972{-661891695},3C_20_66-03.txt,118.340,0.250,29.585,8,30.766,103.99,3.846,9.922,0.344
33,ec.gp.GPIndividual@834141085{781213232},3C_20_50-02.txt,61.404,0.250,15.351,4,10.563,68.81,2.641,6.016,0.500
33,ec.gp.GPIndividual@834141085{781213232},3C_20_80-01.txt,4.194,0.250,1.049,2,2.328,222.02,1.164,6.016,0.500
33,ec.gp.GPIndividual@834141085{781213232},3C_20_50-03.txt,30.993,0.250,7.748,2,5.313,68.56,2.656,6.016,0.328
33,ec.gp.GPIndividual@2079661419{-1575784995},3C_20_50-02.txt,61.404,0.250,15.351,1,2.875,18.73,2.875,2.875,2.875
33,ec.gp.GPIndividual@2079661419{-1575784995},3C_20_80-03.txt,169.439,0.250,42.360,2,4.734,11.18,2.367,3.516,1.219
33,ec.gp.GPIndividual@2079661419{-1575784995},3C_20_80-02.txt,35.738,0.250,8.935,2,8.656,96.89,4.328,8.172,0.484
33,ec.gp.GPIndividual@681040051{-2007225016},3C_20_50-02.txt,61.404,0.250,15.351,9,17.109,111.45,1.901,3.109,0.531
33,ec.gp.GPIndividual@681040051{-2007225016},3C_20_50-03.txt,30.993,0.250,7.748,1,0.359,4.64,0.359,3.109,0.359
33,ec.gp.GPIndividual@681040051{-2007225016},3C_20_80-03.txt,169.439,0.250,42.360,1,1.078,2.55,1.078,3.109,0.359
33,ec.gp.GPIndividual@681040051{-2007225016},3C_20_50-03.txt,30.993,0.250,7.748,2,10.813,139.55,5.406,6.344,0.359
33,ec.gp.GPIndividual@133091234{1890757282},3C_20_50-02.txt,61.404,0.250,15.351,6,12.406,80.82,2.068,3.203,0.516
33,ec.gp.GPIndividual@133091234{1890757282},3C_20_66-01.txt,7.322,0.250,1.831,1,2.719,148.52,2.719,3.203,0.516
33,ec.gp.GPIndividual@133091234{1890757282},3C_20_50-03.txt,30.993,0.250,7.748,3,7.500,96.80,2.500,6.281,0.344
33,ec.gp.GPIndividual@1378253924{1123345396},3C_20_50-02.txt,61.404,0.250,15.351,5,10.859,70.74,2.172,5.375,0.000
33,ec.gp.GPIndividual@1378253924{1123345396},3C_20_66-01.txt,7.322,0.250,1.831,2,2.688,146.81,1.344,5.375,0.000
33,ec.gp.GPIndividual@1378253924{1123345396},3C_20_50-03.txt,30.993,0.250,7.748,5,22.000,283.94,4.400,15.641,0.000
33,ec.gp.GPIndividual@1378253924{1123345396},3C_20_80-01.txt,4.194,0.250,1.049,1,1.375,131.12,1.375,15.641,0.000
33,ec.gp.GPIndividual@1378253924{1123345396},3C_20_66-02.txt,154.245,0.250,38.561,5,6.797,17.63,1.359,15.641,0.000
33,ec.gp.GPIndividual@1378253924{1123345396},3C_20_66-01.txt,7.322,0.250,1.831,2,2.656,145.11,1.328,15.641,0.000
33,ec.gp.GPIndividual@1378253924{1123345396},3C_20_66-02.txt,154.245,0.250,38.561,1,0.297,0.77,0.297,15.641,0.000
33,ec.gp.GPIndividual@1378253924{1123345396},3C_20_80-02.txt,35.738,0.250,8.935,5,8.547,95.66,1.709,15.641,0.000
33,ec.gp.GPIndividual@1378253924{1123345396},3C_20_66-03.txt,118.340,0.250,29.585,1,0.703,2.38,0.703,15.641,0.000
33,ec.gp.GPIndividual@1378253924{1123345396},3C_20_66-02.txt,154.245,0.250,38.561,11,24.656,63.94,2.241,15.641,0.000
33,ec.gp.GPIndividual@1378253924{1123345396},3C_20_66-01.txt,7.322,0.250,1.831,1,4.125,225.34,4.125,15.641,0.000
33,ec.gp.GPIndividual@1378253924{1123345396},3C_20_66-01.txt,7.322,0.250,1.831,3,3.250,177.54,1.083,15.641,0.000
33,ec.gp.GPIndividual@1378253924{1123345396},3C_20_80-03.txt,169.439,0.250,42.360,0,0.000,0.00,0.000,15.641,0.000
33,ec.gp.GPIndividual@1378253924{1123345396},3C_20_66-03.txt,118.340,0.250,29.585,6,11.281,38.13,1.880,15.641,0.000
33,ec.gp.GPIndividual@1378253924{1123345396},3C_20_66-02.txt,154.245,0.250,38.561,9,20.844,54.05,2.316,15.641,0.000
33,ec.gp.GPIndividual@1378253924{1123345396},3C_20_66-03.txt,118.340,0.250,29.585,3,16.250,54.93,5.417,15.641,0.000
33,ec.gp.GPIndividual@1378253924{1123345396},3C_20_80-01.txt,4.194,0.250,1.049,4,1.141,108.77,0.285,15.641,0.000
33,ec.gp.GPIndividual@1378253924{1123345396},3C_20_80-02.txt,35.738,0.250,8.935,3,16.703,186.95,5.568,15.641,0.000
33,ec.gp.GPIndividual@583259685{866465352},3C_20_50-02.txt,61.404,0.250,15.351,3,1.891,12.32,0.630,1.078,0.313
33,ec.gp.GPIndividual@583259685{866465352},3C_20_66-02.txt,154.245,0.250,38.561,1,2.094,5.43,2.094,2.094,0.313
33,ec.gp.GPIndividual@583259685{866465352},3C_20_80-03.txt,169.439,0.250,42.360,2,14.031,33.12,7.016,12.281,0.313
33,ec.gp.GPIndividual@583259685{866465352},3C_20_80-01.txt,4.194,0.250,1.049,3,14.609,1393.20,4.870,13.719,0.313
33,ec.gp.GPIndividual@583259685{866465352},3C_20_66-03.txt,118.340,0.250,29.585,0,0.000,0.00,0.000,13.719,0.313
33,ec.gp.GPIndividual@583259685{866465352},3C_20_80-02.txt,35.738,0.250,8.935,1,7.891,88.32,7.891,13.719,0.313
33,ec.gp.GPIndividual@583259685{866465352},3C_20_80-01.txt,4.194,0.250,1.049,1,2.406,229.47,2.406,13.719,0.313
33,ec.gp.GPIndividual@583259685{866465352},3C_20_66-03.txt,118.340,0.250,29.585,8,17.859,60.37,2.232,13.719,0.313
33,ec.gp.GPIndividual@1718717919{261854874},3C_20_50-02.txt,61.404,0.250,15.351,6,17.391,113.29,2.898,6.203,0.516
33,ec.gp.GPIndividual@1718717919{261854874},3C_20_80-01.txt,4.194,0.250,1.049,1,0.484,46.19,0.484,6.203,0.484
33,ec.gp.GPIndividual@1718717919{261854874},3C_20_50-03.txt,30.993,0.250,7.748,5,7.828,101.03,1.566,6.203,0.172
33,ec.gp.GPIndividual@1718717919{261854874},3C_20_80-02.txt,35.738,0.250,8.935,2,1.734,19.41,0.867,6.203,0.172
33,ec.gp.GPIndividual@1718717919{261854874},3C_20_80-03.txt,169.439,0.250,42.360,1,3.094,7.30,3.094,6.203,0.172
33,ec.gp.GPIndividual@1718717919{261854874},3C_20_80-01.txt,4.194,0.250,1.049,4,4.188,399.33,1.047,6.203,0.156
33,ec.gp.GPIndividual@1718717919{261854874},3C_20_80-02.txt,35.738,0.250,8.935,2,9.188,102.83,4.594,7.141,0.156
33,ec.gp.GPIndividual@1718717919{261854874},3C_20_50-03.txt,30.993,0.250,7.748,4,7.047,90.95,1.762,7.141,0.156
33,ec.gp.GPIndividual@1718717919{261854874},3C_20_80-03.txt,169.439,0.250,42.360,2,3.219,7.60,1.609,7.141,0.156
33,ec.gp.GPIndividual@1718717919{261854874},3C_20_80-03.txt,169.439,0.250,42.360,8,37.469,88.45,4.684,7.141,0.156
33,ec.gp.GPIndividual@1446131018{1752114936},3C_20_50-02.txt,61.404,0.250,15.351,2,6.359,41.43,3.180,5.859,0.500
33,ec.gp.GPIndividual@847071854{-1449897955},3C_20_50-02.txt,61.404,0.250,15.351,3,14.516,94.56,4.839,11.828,0.531
33,ec.gp.GPIndividual@1316549409{586441060},3C_20_50-02.txt,61.404,0.250,15.351,4,20.281,132.12,5.070,10.266,0.516
33,ec.gp.GPIndividual@1316549409{586441060},3C_20_66-01.txt,7.322,0.250,1.831,1,2.531,138.28,2.531,10.266,0.516
33,ec.gp.GPIndividual@1316549409{586441060},3C_20_50-03.txt,30.993,0.250,7.748,4,21.266,274.46,5.316,16.391,0.516
33,ec.gp.GPIndividual@1316549409{586441060},3C_20_50-03.txt,30.993,0.250,7.748,0,0.000,0.00,0.000,16.391,0.516
33,ec.gp.GPIndividual@1316549409{586441060},3C_20_80-02.txt,35.738,0.250,8.935,1,3.141,35.15,3.141,16.391,0.516
33,ec.gp.GPIndividual@1316549409{586441060},3C_20_66-01.txt,7.322,0.250,1.831,1,1.219,66.58,1.219,16.391,0.516
33,ec.gp.GPIndividual@1316549409{586441060},3C_20_66-02.txt,154.245,0.250,38.561,11,21.750,56.40,1.977,16.391,0.516
33,ec.gp.GPIndividual@1316549409{586441060},3C_20_50-03.txt,30.993,0.250,7.748,2,3.000,38.72,1.500,16.391,0.516
33,ec.gp.GPIndividual@1316549409{586441060},3C_20_66-03.txt,118.340,0.250,29.585,8,24.297,82.13,3.037,16.391,0.516
33,ec.gp.GPIndividual@1316549409{586441060},3C_20_80-01.txt,4.194,0.250,1.049,3,1.063,101.32,0.354,16.391,0.172
33,ec.gp.GPIndividual@1316549409{586441060},3C_20_80-02.txt,35.738,0.250,8.935,2,9.266,103.71,4.633,16.391,0.172
33,ec.gp.GPIndividual@1316549409{586441060},3C_20_80-03.txt,169.439,0.250,42.360,4,18.281,43.16,4.570,16.391,0.172
33,ec.gp.GPIndividual@1316549409{586441060},3C_20_80-03.txt,169.439,0.250,42.360,3,21.156,49.94,7.052,16.391,0.172
33,ec.gp.GPIndividual@842793237{-377651702},3C_20_50-02.txt,61.404,0.250,15.351,3,16.344,106.47,5.448,8.094,0.531
33,ec.gp.GPIndividual@842793237{-377651702},3C_20_66-01.txt,7.322,0.250,1.831,2,1.969,107.55,0.984,8.094,0.156
33,ec.gp.GPIndividual@842793237{-377651702},3C_20_50-03.txt,30.993,0.250,7.748,2,10.375,133.90,5.188,9.500,0.156
33,ec.gp.GPIndividual@842793237{-377651702},3C_20_66-01.txt,7.322,0.250,1.831,2,1.891,103.28,0.945,9.500,0.156
33,ec.gp.GPIndividual@842793237{-377651702},3C_20_66-02.txt,154.245,0.250,38.561,1,0.516,1.34,0.516,9.500,0.156
33,ec.gp.GPIndividual@842793237{-377651702},3C_20_66-02.txt,154.245,0.250,38.561,1,3.141,8.14,3.141,9.500,0.156
33,ec.gp.GPIndividual@842793237{-377651702},3C_20_66-01.txt,7.322,0.250,1.831,3,4.594,250.95,1.531,9.500,0.156
33,ec.gp.GPIndividual@842793237{-377651702},3C_20_66-01.txt,7.322,0.250,1.831,2,0.328,17.92,0.164,9.500,0.000
33,ec.gp.GPIndividual@842793237{-377651702},3C_20_66-02.txt,154.245,0.250,38.561,7,21.672,56.20,3.096,13.500,0.000
33,ec.gp.GPIndividual@842793237{-377651702},3C_20_66-02.txt,154.245,0.250,38.561,6,19.672,51.01,3.279,13.500,0.000
33,ec.gp.GPIndividual@1958953478{1397903672},3C_20_50-02.txt,61.404,0.250,15.351,11,16.094,104.84,1.463,2.609,0.328
33,ec.gp.GPIndividual@1958953478{1397903672},3C_20_66-03.txt,118.340,0.250,29.585,9,11.797,39.87,1.311,2.703,0.328
33,ec.gp.GPIndividual@1958953478{1397903672},3C_20_50-03.txt,30.993,0.250,7.748,3,7.875,101.64,2.625,6.109,0.172
33,ec.gp.GPIndividual@1958953478{1397903672},3C_20_80-01.txt,4.194,0.250,1.049,1,2.563,244.37,2.563,6.109,0.172
33,ec.gp.GPIndividual@1958953478{1397903672},3C_20_66-03.txt,118.340,0.250,29.585,5,15.578,52.66,3.116,9.078,0.172
33,ec.gp.GPIndividual@1958953478{1397903672},3C_20_66-03.txt,118.340,0.250,29.585,2,15.609,52.76,7.805,11.203,0.172
33,ec.gp.GPIndividual@1958953478{1397903672},3C_20_66-03.txt,118.340,0.250,29.585,2,11.703,39.56,5.852,11.703,0.000
33,ec.gp.GPIndividual@1958953478{1397903672},3C_20_66-02.txt,154.245,0.250,38.561,11,43.094,111.75,3.918,11.703,0.000
33,ec.gp.GPIndividual@1958953478{1397903672},3C_20_66-01.txt,7.322,0.250,1.831,2,1.750,95.60,0.875,11.703,0.000
33,ec.gp.GPIndividual@1958953478{1397903672},3C_20_66-03.txt,118.340,0.250,29.585,1,1.234,4.17,1.234,11.703,0.000
33,ec.gp.GPIndividual@1958953478{1397903672},3C_20_80-01.txt,4.194,0.250,1.049,1,1.906,181.79,1.906,11.703,0.000
33,ec.gp.GPIndividual@1958953478{1397903672},3C_20_80-02.txt,35.738,0.250,8.935,6,9.156,102.48,1.526,11.703,0.000
33,ec.gp.GPIndividual@1958953478{1397903672},3C_20_80-03.txt,169.439,0.250,42.360,1,0.891,2.10,0.891,11.703,0.000
33,ec.gp.GPIndividual@1958953478{1397903672},3C_20_80-01.txt,4.194,0.250,1.049,1,1.422,135.59,1.422,11.703,0.000
33,ec.gp.GPIndividual@1958953478{1397903672},3C_20_66-02.txt,154.245,0.250,38.561,4,10.953,28.40,2.738,11.703,0.000
33,ec.gp.GPIndividual@1958953478{1397903672},3C_20_80-01.txt,4.194,0.250,1.049,1,2.688,256.29,2.688,11.703,0.000
33,ec.gp.GPIndividual@1958953478{1397903672},3C_20_66-03.txt,118.340,0.250,29.585,10,29.625,100.14,2.963,11.703,0.000
33,ec.gp.GPIndividual@1958953478{1397903672},3C_20_80-02.txt,35.738,0.250,8.935,1,1.438,16.09,1.438,11.703,0.000
33,ec.gp.GPIndividual@1958953478{1397903672},3C_20_80-01.txt,4.194,0.250,1.049,1,2.688,256.29,2.688,11.703,0.000
33,ec.gp.GPIndividual@1958953478{1397903672},3C_20_80-02.txt,35.738,0.250,8.935,3,9.328,104.41,3.109,11.703,0.000
33,ec.gp.GPIndividual@1363727775{-786946972},3C_20_50-02.txt,61.404,0.250,15.351,5,9.188,59.85,1.838,3.844,0.500
33,ec.gp.GPIndividual@1363727775{-786946972},3C_20_80-01.txt,4.194,0.250,1.049,1,1.375,131.12,1.375,3.844,0.500
33,ec.gp.GPIndividual@1363727775{-786946972},3C_20_80-03.txt,169.439,0.250,42.360,7,8.438,19.92,1.205,3.844,0.484
33,ec.gp.GPIndividual@1363727775{-786946972},3C_20_80-02.txt,35.738,0.250,8.935,5,8.531,95.49,1.706,3.844,0.344
33,ec.gp.GPIndividual@1363727775{-786946972},3C_20_80-02.txt,35.738,0.250,8.935,3,5.078,56.84,1.693,3.844,0.344
33,ec.gp.GPIndividual@1363727775{-786946972},3C_20_50-03.txt,30.993,0.250,7.748,2,5.094,65.74,2.547,3.844,0.344
33,ec.gp.GPIndividual@1363727775{-786946972},3C_20_80-02.txt,35.738,0.250,8.935,3,8.938,100.03,2.979,5.953,0.344
33,ec.gp.GPIndividual@497948110{927843627},3C_20_50-02.txt,61.404,0.250,15.351,7,11.984,78.07,1.712,3.141,0.359
33,ec.gp.GPIndividual@497948110{927843627},3C_20_80-03.txt,169.439,0.250,42.360,8,14.484,34.19,1.811,3.141,0.359
33,ec.gp.GPIndividual@497948110{927843627},3C_20_66-01.txt,7.322,0.250,1.831,1,1.953,106.70,1.953,3.141,0.359
33,ec.gp.GPIndividual@497948110{927843627},3C_20_80-03.txt,169.439,0.250,42.360,11,39.141,92.40,3.558,14.094,0.359
33,ec.gp.GPIndividual@497948110{927843627},3C_20_80-03.txt,169.439,0.250,42.360,1,10.750,25.38,10.750,14.094,0.359
33,ec.gp.GPIndividual@1919736867{28689649},3C_20_50-02.txt,61.404,0.250,15.351,0,0.000,0.00,0.000,0.000,0.000
33,ec.gp.GPIndividual@1919736867{28689649},3C_20_50-03.txt,30.993,0.250,7.748,0,0.000,0.00,0.000,0.000,0.000
33,ec.gp.GPIndividual@1919736867{28689649},3C_20_66-01.txt,7.322,0.250,1.831,0,0.000,0.00,0.000,0.000,0.000
33,ec.gp.GPIndividual@1919736867{28689649},3C_20_66-02.txt,154.245,0.250,38.561,0,0.000,0.00,0.000,0.000,0.000
33,ec.gp.GPIndividual@1919736867{28689649},3C_20_66-03.txt,118.340,0.250,29.585,0,0.000,0.00,0.000,0.000,0.000
33,ec.gp.GPIndividual@1919736867{28689649},3C_20_80-01.txt,4.194,0.250,1.049,0,0.000,0.00,0.000,0.000,0.000
33,ec.gp.GPIndividual@1919736867{28689649},3C_20_80-02.txt,35.738,0.250,8.935,0,0.000,0.00,0.000,0.000,0.000
33,ec.gp.GPIndividual@1919736867{28689649},3C_20_80-03.txt,169.439,0.250,42.360,0,0.000,0.00,0.000,0.000,0.000
33,ec.gp.GPIndividual@743041609{-1605429520},3C_20_50-02.txt,61.404,0.250,15.351,1,7.078,46.11,7.078,7.078,7.078
33,ec.gp.GPIndividual@1041899384{491376584},3C_20_50-02.txt,61.404,0.250,15.351,0,0.000,0.00,0.000,0.000,0.000
33,ec.gp.GPIndividual@1041899384{491376584},3C_20_50-03.txt,30.993,0.250,7.748,0,0.000,0.00,0.000,0.000,0.000
33,ec.gp.GPIndividual@1041899384{491376584},3C_20_66-01.txt,7.322,0.250,1.831,0,0.000,0.00,0.000,0.000,0.000
33,ec.gp.GPIndividual@1041899384{491376584},3C_20_66-02.txt,154.245,0.250,38.561,0,0.000,0.00,0.000,0.000,0.000
33,ec.gp.GPIndividual@1041899384{491376584},3C_20_66-03.txt,118.340,0.250,29.585,0,0.000,0.00,0.000,0.000,0.000
33,ec.gp.GPIndividual@1041899384{491376584},3C_20_80-01.txt,4.194,0.250,1.049,0,0.000,0.00,0.000,0.000,0.000
33,ec.gp.GPIndividual@1041899384{491376584},3C_20_80-02.txt,35.738,0.250,8.935,0,0.000,0.00,0.000,0.000,0.000
33,ec.gp.GPIndividual@1041899384{491376584},3C_20_80-03.txt,169.439,0.250,42.360,0,0.000,0.00,0.000,0.000,0.000
33,ec.gp.GPIndividual@774424606{1801589874},3C_20_50-02.txt,61.404,0.250,15.351,0,0.000,0.00,0.000,0.000,0.000
33,ec.gp.GPIndividual@774424606{1801589874},3C_20_50-03.txt,30.993,0.250,7.748,0,0.000,0.00,0.000,0.000,0.000
33,ec.gp.GPIndividual@774424606{1801589874},3C_20_66-01.txt,7.322,0.250,1.831,0,0.000,0.00,0.000,0.000,0.000
33,ec.gp.GPIndividual@774424606{1801589874},3C_20_66-02.txt,154.245,0.250,38.561,0,0.000,0.00,0.000,0.000,0.000
33,ec.gp.GPIndividual@774424606{1801589874},3C_20_66-03.txt,118.340,0.250,29.585,0,0.000,0.00,0.000,0.000,0.000
33,ec.gp.GPIndividual@774424606{1801589874},3C_20_80-01.txt,4.194,0.250,1.049,0,0.000,0.00,0.000,0.000,0.000
33,ec.gp.GPIndividual@774424606{1801589874},3C_20_80-02.txt,35.738,0.250,8.935,0,0.000,0.00,0.000,0.000,0.000
33,ec.gp.GPIndividual@774424606{1801589874},3C_20_80-03.txt,169.439,0.250,42.360,0,0.000,0.00,0.000,0.000,0.000
33,ec.gp.GPIndividual@1407899688{439188032},3C_20_50-02.txt,61.404,0.250,15.351,8,16.109,104.94,2.014,4.844,0.266
33,ec.gp.GPIndividual@83247445{-35743916},3C_20_50-02.txt,61.404,0.250,15.351,0,0.000,0.00,0.000,0.000,0.000
33,ec.gp.GPIndividual@83247445{-35743916},3C_20_50-03.txt,30.993,0.250,7.748,0,0.000,0.00,0.000,0.000,0.000
33,ec.gp.GPIndividual@83247445{-35743916},3C_20_66-01.txt,7.322,0.250,1.831,0,0.000,0.00,0.000,0.000,0.000
33,ec.gp.GPIndividual@83247445{-35743916},3C_20_66-02.txt,154.245,0.250,38.561,0,0.000,0.00,0.000,0.000,0.000
33,ec.gp.GPIndividual@83247445{-35743916},3C_20_66-03.txt,118.340,0.250,29.585,0,0.000,0.00,0.000,0.000,0.000
33,ec.gp.GPIndividual@83247445{-35743916},3C_20_80-01.txt,4.194,0.250,1.049,0,0.000,0.00,0.000,0.000,0.000
33,ec.gp.GPIndividual@83247445{-35743916},3C_20_80-02.txt,35.738,0.250,8.935,0,0.000,0.00,0.000,0.000,0.000
33,ec.gp.GPIndividual@83247445{-35743916},3C_20_80-03.txt,169.439,0.250,42.360,0,0.000,0.00,0.000,0.000,0.000
33,ec.gp.GPIndividual@2053339362{2109622205},3C_20_50-02.txt,61.404,0.250,15.351,6,10.516,68.50,1.753,4.781,0.156
33,ec.gp.GPIndividual@1899231609{-840803859},3C_20_50-02.txt,61.404,0.250,15.351,2,4.047,26.36,2.023,3.859,0.188
33,ec.gp.GPIndividual@1899231609{-840803859},3C_20_50-03.txt,30.993,0.250,7.748,3,15.672,202.27,5.224,13.859,0.188
33,ec.gp.GPIndividual@1899231609{-840803859},3C_20_66-03.txt,118.340,0.250,29.585,8,32.500,109.85,4.063,13.859,0.188
33,ec.gp.GPIndividual@1899231609{-840803859},3C_20_50-03.txt,30.993,0.250,7.748,1,6.266,80.87,6.266,13.859,0.188
33,ec.gp.GPIndividual@1899231609{-840803859},3C_20_66-01.txt,7.322,0.250,1.831,2,1.906,104.14,0.953,13.859,0.078
33,ec.gp.GPIndividual@1899231609{-840803859},3C_20_66-01.txt,7.322,0.250,1.831,3,1.406,76.82,0.469,13.859,0.078
33,ec.gp.GPIndividual@1899231609{-840803859},3C_20_66-02.txt,154.245,0.250,38.561,2,3.563,9.24,1.781,13.859,0.078
33,ec.gp.GPIndividual@1899231609{-840803859},3C_20_80-01.txt,4.194,0.250,1.049,2,1.063,101.32,0.531,13.859,0.078
33,ec.gp.GPIndividual@1899231609{-840803859},3C_20_80-02.txt,35.738,0.250,8.935,13,9.234,103.36,0.710,13.859,0.078
33,ec.gp.GPIndividual@1899231609{-840803859},3C_20_66-02.txt,154.245,0.250,38.561,2,1.609,4.17,0.805,13.859,0.078
33,ec.gp.GPIndividual@1899231609{-840803859},3C_20_66-03.txt,118.340,0.250,29.585,8,16.297,55.09,2.037,13.859,0.078
33,ec.gp.GPIndividual@1899231609{-840803859},3C_20_80-01.txt,4.194,0.250,1.049,1,9.516,907.44,9.516,13.859,0.078
33,ec.gp.GPIndividual@1899231609{-840803859},3C_20_66-03.txt,118.340,0.250,29.585,11,29.344,99.18,2.668,15.125,0.078
33,ec.gp.GPIndividual@1899231609{-840803859},3C_20_80-02.txt,35.738,0.250,8.935,2,6.359,71.18,3.180,15.125,0.078
33,ec.gp.GPIndividual@1899231609{-840803859},3C_20_80-01.txt,4.194,0.250,1.049,2,0.953,90.89,0.477,15.125,0.078
33,ec.gp.GPIndividual@1899231609{-840803859},3C_20_80-03.txt,169.439,0.250,42.360,3,2.406,5.68,0.802,15.125,0.078
33,ec.gp.GPIndividual@1899231609{-840803859},3C_20_80-03.txt,169.439,0.250,42.360,9,39.719,93.77,4.413,15.797,0.078
33,ec.gp.GPIndividual@843996013{1590947380},3C_20_50-02.txt,61.404,0.250,15.351,4,2.359,15.37,0.590,1.656,0.109
33,ec.gp.GPIndividual@843996013{1590947380},3C_20_50-03.txt,30.993,0.250,7.748,2,3.266,42.15,1.633,2.047,0.109
33,ec.gp.GPIndividual@843996013{1590947380},3C_20_66-01.txt,7.322,0.250,1.831,1,0.281,15.36,0.281,2.047,0.109
33,ec.gp.GPIndividual@843996013{1590947380},3C_20_66-02.txt,154.245,0.250,38.561,2,1.078,2.80,0.539,2.047,0.109
33,ec.gp.GPIndividual@843996013{1590947380},3C_20_66-03.txt,118.340,0.250,29.585,1,5.484,18.54,5.484,5.484,0.109
33,ec.gp.GPIndividual@843996013{1590947380},3C_20_80-03.txt,169.439,0.250,42.360,1,1.703,4.02,1.703,5.484,0.109
33,ec.gp.GPIndividual@843996013{1590947380},3C_20_80-01.txt,4.194,0.250,1.049,1,0.406,38.74,0.406,5.484,0.109
33,ec.gp.GPIndividual@843996013{1590947380},3C_20_80-02.txt,35.738,0.250,8.935,2,2.203,24.66,1.102,5.484,0.109
33,ec.gp.GPIndividual@843996013{1590947380},3C_20_80-03.txt,169.439,0.250,42.360,1,1.656,3.91,1.656,5.484,0.109
33,ec.gp.GPIndividual@1488660366{845816761},3C_20_50-02.txt,61.404,0.250,15.351,8,14.563,94.86,1.820,4.750,0.094
33,ec.gp.GPIndividual@1488660366{845816761},3C_20_50-03.txt,30.993,0.250,7.748,1,2.219,28.64,2.219,4.750,0.094
34,ec.gp.GPIndividual@1563145149{981785531},3C_20_50-02.txt,61.404,0.250,15.351,0,0.000,0.00,0.000,0.000,0.000
34,ec.gp.GPIndividual@1563145149{981785531},3C_20_50-02.txt,61.404,0.250,15.351,0,0.000,0.00,0.000,0.000,0.000
34,ec.gp.GPIndividual@1563145149{981785531},3C_20_50-03.txt,30.993,0.250,7.748,0,0.000,0.00,0.000,0.000,0.000
34,ec.gp.GPIndividual@1563145149{981785531},3C_20_50-03.txt,30.993,0.250,7.748,0,0.000,0.00,0.000,0.000,0.000
34,ec.gp.GPIndividual@1563145149{981785531},3C_20_66-01.txt,7.322,0.250,1.831,0,0.000,0.00,0.000,0.000,0.000
34,ec.gp.GPIndividual@1563145149{981785531},3C_20_50-03.txt,30.993,0.250,7.748,0,0.000,0.00,0.000,0.000,0.000
34,ec.gp.GPIndividual@1563145149{981785531},3C_20_50-03.txt,30.993,0.250,7.748,0,0.000,0.00,0.000,0.000,0.000
34,ec.gp.GPIndividual@1563145149{981785531},3C_20_66-02.txt,154.245,0.250,38.561,0,0.000,0.00,0.000,0.000,0.000
34,ec.gp.GPIndividual@1563145149{981785531},3C_20_66-02.txt,154.245,0.250,38.561,0,0.000,0.00,0.000,0.000,0.000
34,ec.gp.GPIndividual@1563145149{981785531},3C_20_66-02.txt,154.245,0.250,38.561,0,0.000,0.00,0.000,0.000,0.000
34,ec.gp.GPIndividual@1563145149{981785531},3C_20_66-01.txt,7.322,0.250,1.831,0,0.000,0.00,0.000,0.000,0.000
34,ec.gp.GPIndividual@1563145149{981785531},3C_20_66-01.txt,7.322,0.250,1.831,0,0.000,0.00,0.000,0.000,0.000
34,ec.gp.GPIndividual@1563145149{981785531},3C_20_80-01.txt,4.194,0.250,1.049,0,0.000,0.00,0.000,0.000,0.000
34,ec.gp.GPIndividual@1563145149{981785531},3C_20_80-01.txt,4.194,0.250,1.049,0,0.000,0.00,0.000,0.000,0.000
34,ec.gp.GPIndividual@1563145149{981785531},3C_20_80-02.txt,35.738,0.250,8.935,0,0.000,0.00,0.000,0.000,0.000
34,ec.gp.GPIndividual@1563145149{981785531},3C_20_80-02.txt,35.738,0.250,8.935,0,0.000,0.00,0.000,0.000,0.000
34,ec.gp.GPIndividual@1563145149{981785531},3C_20_80-02.txt,35.738,0.250,8.935,0,0.000,0.00,0.000,0.000,0.000
34,ec.gp.GPIndividual@1563145149{981785531},3C_20_80-03.txt,169.439,0.250,42.360,0,0.000,0.00,0.000,0.000,0.000
34,ec.gp.GPIndividual@48846768{-1805636107},3C_20_50-02.txt,61.404,0.250,15.351,0,0.000,0.00,0.000,0.000,0.000
34,ec.gp.GPIndividual@48846768{-1805636107},3C_20_66-03.txt,118.340,0.250,29.585,0,0.000,0.00,0.000,0.000,0.000
34,ec.gp.GPIndividual@48846768{-1805636107},3C_20_80-01.txt,4.194,0.250,1.049,0,0.000,0.00,0.000,0.000,0.000
34,ec.gp.GPIndividual@48846768{-1805636107},3C_20_80-02.txt,35.738,0.250,8.935,0,0.000,0.00,0.000,0.000,0.000
34,ec.gp.GPIndividual@48846768{-1805636107},3C_20_80-03.txt,169.439,0.250,42.360,0,0.000,0.00,0.000,0.000,0.000
34,ec.gp.GPIndividual@452216119{1303487632},3C_20_50-02.txt,61.404,0.250,15.351,0,0.000,0.00,0.000,0.000,0.000
34,ec.gp.GPIndividual@452216119{1303487632},3C_20_50-03.txt,30.993,0.250,7.748,0,0.000,0.00,0.000,0.000,0.000
34,ec.gp.GPIndividual@452216119{1303487632},3C_20_66-01.txt,7.322,0.250,1.831,0,0.000,0.00,0.000,0.000,0.000
34,ec.gp.GPIndividual@452216119{1303487632},3C_20_66-02.txt,154.245,0.250,38.561,0,0.000,0.00,0.000,0.000,0.000
34,ec.gp.GPIndividual@452216119{1303487632},3C_20_66-03.txt,118.340,0.250,29.585,0,0.000,0.00,0.000,0.000,0.000
34,ec.gp.GPIndividual@452216119{1303487632},3C_20_80-01.txt,4.194,0.250,1.049,0,0.000,0.00,0.000,0.000,0.000
34,ec.gp.GPIndividual@452216119{1303487632},3C_20_80-02.txt,35.738,0.250,8.935,0,0.000,0.00,0.000,0.000,0.000
34,ec.gp.GPIndividual@452216119{1303487632},3C_20_80-03.txt,169.439,0.250,42.360,21,42.922,101.33,2.044,4.375,0.188
34,ec.gp.GPIndividual@452216119{1303487632},3C_20_50-03.txt,30.993,0.250,7.748,1,1.000,12.91,1.000,4.375,0.188
34,ec.gp.GPIndividual@452216119{1303487632},3C_20_50-03.txt,30.993,0.250,7.748,1,2.266,29.24,2.266,4.375,0.188
34,ec.gp.GPIndividual@452216119{1303487632},3C_20_50-03.txt,30.993,0.250,7.748,1,5.688,73.40,5.688,5.688,0.188
34,ec.gp.GPIndividual@1057094934{1268395920},3C_20_50-02.txt,61.404,0.250,15.351,3,7.031,45.80,2.344,3.484,0.344
34,ec.gp.GPIndividual@1057094934{1268395920},3C_20_50-03.txt,30.993,0.250,7.748,3,9.734,125.63,3.245,4.734,0.344
34,ec.gp.GPIndividual@1057094934{1268395920},3C_20_50-03.txt,30.993,0.250,7.748,4,9.594,123.82,2.398,4.734,0.344
34,ec.gp.GPIndividual@1057094934{1268395920},3C_20_66-01.txt,7.322,0.250,1.831,1,0.719,39.26,0.719,4.734,0.344
34,ec.gp.GPIndividual@1057094934{1268395920},3C_20_66-01.txt,7.322,0.250,1.831,2,3.359,183.52,1.680,4.734,0.344
34,ec.gp.GPIndividual@1057094934{1268395920},3C_20_50-03.txt,30.993,0.250,7.748,4,9.188,118.58,2.297,4.734,0.344
34,ec.gp.GPIndividual@1057094934{1268395920},3C_20_66-01.txt,7.322,0.250,1.831,4,2.719,148.52,0.680,4.734,0.156
34,ec.gp.GPIndividual@1057094934{1268395920},3C_20_66-02.txt,154.245,0.250,38.561,1,1.016,2.63,1.016,4.734,0.156
34,ec.gp.GPIndividual@1057094934{1268395920},3C_20_66-02.txt,154.245,0.250,38.561,1,0.484,1.26,0.484,4.734,0.156
34,ec.gp.GPIndividual@1057094934{1268395920},3C_20_66-01.txt,7.322,0.250,1.831,2,2.266,123.77,1.133,4.734,0.156
34,ec.gp.GPIndividual@1057094934{1268395920},3C_20_66-02.txt,154.245,0.250,38.561,6,13.031,33.79,2.172,4.734,0.156
34,ec.gp.GPIndividual@1057094934{1268395920},3C_20_66-02.txt,154.245,0.250,38.561,20,38.734,100.45,1.937,4.734,0.156
34,ec.gp.GPIndividual@1057094934{1268395920},3C_20_66-03.txt,118.340,0.250,29.585,1,0.922,3.12,0.922,4.734,0.156
34,ec.gp.GPIndividual@1057094934{1268395920},3C_20_66-03.txt,118.340,0.250,29.585,2,4.109,13.89,2.055,4.734,0.156
34,ec.gp.GPIndividual@1057094934{1268395920},3C_20_66-03.txt,118.340,0.250,29.585,0,0.000,0.00,0.000,4.734,0.156
34,ec.gp.GPIndividual@1057094934{1268395920},3C_20_66-03.txt,118.340,0.250,29.585,2,16.047,54.24,8.023,8.844,0.156
34,ec.gp.GPIndividual@1057094934{1268395920},3C_20_66-01.txt,7.322,0.250,1.831,5,1.969,107.55,0.394,8.844,0.156
34,ec.gp.GPIndividual@1057094934{1268395920},3C_20_66-02.txt,154.245,0.250,38.561,8,41.609,107.90,5.201,8.844,0.156
34,ec.gp.GPIndividual@1057094934{1268395920},3C_20_80-01.txt,4.194,0.250,1.049,1,3.516,335.26,3.516,8.844,0.156
34,ec.gp.GPIndividual@1057094934{1268395920},3C_20_80-01.txt,4.194,0.250,1.049,1,1.422,135.59,1.422,8.844,0.156
34,ec.gp.GPIndividual@1057094934{1268395920},3C_20_66-03.txt,118.340,0.250,29.585,1,0.266,0.90,0.266,8.844,0.156
34,ec.gp.GPIndividual@1057094934{1268395920},3C_20_66-01.txt,7.322,0.250,1.831,1,3.438,187.79,3.438,8.844,0.156
34,ec.gp.GPIndividual@1057094934{1268395920},3C_20_80-01.txt,4.194,0.250,1.049,2,1.125,107.28,0.563,8.844,0.156
34,ec.gp.GPIndividual@1057094934{1268395920},3C_20_80-02.txt,35.738,0.250,8.935,6,4.594,51.42,0.766,8.844,0.156
34,ec.gp.GPIndividual@1057094934{1268395920},3C_20_80-02.txt,35.738,0.250,8.935,2,5.313,59.46,2.656,8.844,0.156
34,ec.gp.GPIndividual@1057094934{1268395920},3C_20_80-01.txt,4.194,0.250,1.049,1,1.609,153.48,1.609,8.844,0.156
34,ec.gp.GPIndividual@1057094934{1268395920},3C_20_80-02.txt,35.738,0.250,8.935,8,10.219,114.37,1.277,8.844,0.156
34,ec.gp.GPIndividual@1057094934{1268395920},3C_20_80-03.txt,169.439,0.250,42.360,2,2.234,5.27,1.117,8.844,0.141
34,ec.gp.GPIndividual@1057094934{1268395920},3C_20_80-03.txt,169.439,0.250,42.360,2,2.016,4.76,1.008,8.844,0.141
34,ec.gp.GPIndividual@1057094934{1268395920},3C_20_80-02.txt,35.738,0.250,8.935,4,8.906,99.68,2.227,8.844,0.141
34,ec.gp.GPIndividual@1057094934{1268395920},3C_20_66-02.txt,154.245,0.250,38.561,1,1.422,3.69,1.422,8.844,0.141
34,ec.gp.GPIndividual@1057094934{1268395920},3C_20_80-01.txt,4.194,0.250,1.049,1,0.703,67.05,0.703,8.844,0.141
34,ec.gp.GPIndividual@1057094934{1268395920},3C_20_80-03.txt,169.439,0.250,42.360,17,40.672,96.02,2.392,8.844,0.141
34,ec.gp.GPIndividual@1057094934{1268395920},3C_20_80-02.txt,35.738,0.250,8.935,2,5.641,63.13,2.820,8.844,0.141
34,ec.gp.GPIndividual@1336325246{21694404},3C_20_50-02.txt,61.404,0.250,15.351,1,3.438,22.39,3.438,3.438,3.438
34,ec.gp.GPIndividual@1336325246{21694404},3C_20_80-03.txt,169.439,0.250,42.360,3,10.281,24.27,3.427,7.625,0.344
34,ec.gp.GPIndividual@242028430{1959798086},3C_20_50-02.txt,61.404,0.250,15.351,1,3.063,19.95,3.063,3.063,3.063
34,ec.gp.GPIndividual@242028430{1959798086},3C_20_66-03.txt,118.340,0.250,29.585,6,16.219,54.82,2.703,9.891,0.344
34,ec.gp.GPIndividual@1818650954{-1939108657},3C_20_50-02.txt,61.404,0.250,15.351,0,0.000,0.00,0.000,0.000,0.000
34,ec.gp.GPIndividual@1818650954{-1939108657},3C_20_50-03.txt,30.993,0.250,7.748,0,0.000,0.00,0.000,0.000,0.000
34,ec.gp.GPIndividual@1818650954{-1939108657},3C_20_66-01.txt,7.322,0.250,1.831,0,0.000,0.00,0.000,0.000,0.000
34,ec.gp.GPIndividual@1818650954{-1939108657},3C_20_66-02.txt,154.245,0.250,38.561,0,0.000,0.00,0.000,0.000,0.000
34,ec.gp.GPIndividual@1818650954{-1939108657},3C_20_66-03.txt,118.340,0.250,29.585,0,0.000,0.00,0.000,0.000,0.000
34,ec.gp.GPIndividual@1818650954{-1939108657},3C_20_80-01.txt,4.194,0.250,1.049,0,0.000,0.00,0.000,0.000,0.000
34,ec.gp.GPIndividual@1818650954{-1939108657},3C_20_80-02.txt,35.738,0.250,8.935,0,0.000,0.00,0.000,0.000,0.000
34,ec.gp.GPIndividual@1818650954{-1939108657},3C_20_80-03.txt,169.439,0.250,42.360,0,0.000,0.00,0.000,0.000,0.000
34,ec.gp.GPIndividual@82195680{804586367},3C_20_50-02.txt,61.404,0.250,15.351,7,16.391,106.77,2.342,5.828,0.500
34,ec.gp.GPIndividual@82195680{804586367},3C_20_80-03.txt,169.439,0.250,42.360,2,0.328,0.77,0.164,5.828,0.000
34,ec.gp.GPIndividual@82195680{804586367},3C_20_50-03.txt,30.993,0.250,7.748,3,10.000,129.06,3.333,6.016,0.000
34,ec.gp.GPIndividual@82195680{804586367},3C_20_80-01.txt,4.194,0.250,1.049,2,2.828,269.70,1.414,6.016,0.000
34,ec.gp.GPIndividual@1374119081{249106467},3C_20_50-02.txt,61.404,0.250,15.351,3,2.219,14.45,0.740,1.547,0.328
34,ec.gp.GPIndividual@1374119081{249106467},3C_20_50-03.txt,30.993,0.250,7.748,5,8.859,114.34,1.772,3.125,0.328
34,ec.gp.GPIndividual@1374119081{249106467},3C_20_50-03.txt,30.993,0.250,7.748,2,0.344,4.44,0.172,3.125,0.000
34,ec.gp.GPIndividual@1374119081{249106467},3C_20_50-03.txt,30.993,0.250,7.748,1,1.391,17.95,1.391,3.125,0.000
34,ec.gp.GPIndividual@1374119081{249106467},3C_20_80-02.txt,35.738,0.250,8.935,2,1.563,17.49,0.781,3.125,0.000
34,ec.gp.GPIndividual@1374119081{249106467},3C_20_66-01.txt,7.322,0.250,1.831,3,9.844,537.75,3.281,5.766,0.000
34,ec.gp.GPIndividual@1374119081{249106467},3C_20_66-01.txt,7.322,0.250,1.831,0,0.000,0.00,0.000,5.766,0.000
34,ec.gp.GPIndividual@541467503{1522751494},3C_20_50-02.txt,61.404,0.250,15.351,0,0.000,0.00,0.000,0.000,0.000
34,ec.gp.GPIndividual@541467503{1522751494},3C_20_50-03.txt,30.993,0.250,7.748,0,0.000,0.00,0.000,0.000,0.000
34,ec.gp.GPIndividual@541467503{1522751494},3C_20_66-01.txt,7.322,0.250,1.831,0,0.000,0.00,0.000,0.000,0.000
34,ec.gp.GPIndividual@541467503{1522751494},3C_20_66-02.txt,154.245,0.250,38.561,0,0.000,0.00,0.000,0.000,0.000
34,ec.gp.GPIndividual@541467503{1522751494},3C_20_66-03.txt,118.340,0.250,29.585,0,0.000,0.00,0.000,0.000,0.000
34,ec.gp.GPIndividual@541467503{1522751494},3C_20_80-01.txt,4.194,0.250,1.049,0,0.000,0.00,0.000,0.000,0.000
34,ec.gp.GPIndividual@541467503{1522751494},3C_20_80-02.txt,35.738,0.250,8.935,0,0.000,0.00,0.000,0.000,0.000
34,ec.gp.GPIndividual@541467503{1522751494},3C_20_80-03.txt,169.439,0.250,42.360,0,0.000,0.00,0.000,0.000,0.000
34,ec.gp.GPIndividual@934670037{271532587},3C_20_50-02.txt,61.404,0.250,15.351,0,0.000,0.00,0.000,0.000,0.000
34,ec.gp.GPIndividual@934670037{271532587},3C_20_50-03.txt,30.993,0.250,7.748,0,0.000,0.00,0.000,0.000,0.000
34,ec.gp.GPIndividual@934670037{271532587},3C_20_66-01.txt,7.322,0.250,1.831,0,0.000,0.00,0.000,0.000,0.000
34,ec.gp.GPIndividual@934670037{271532587},3C_20_66-02.txt,154.245,0.250,38.561,0,0.000,0.00,0.000,0.000,0.000
34,ec.gp.GPIndividual@934670037{271532587},3C_20_66-03.txt,118.340,0.250,29.585,0,0.000,0.00,0.000,0.000,0.000
34,ec.gp.GPIndividual@934670037{271532587},3C_20_80-01.txt,4.194,0.250,1.049,0,0.000,0.00,0.000,0.000,0.000
34,ec.gp.GPIndividual@934670037{271532587},3C_20_80-02.txt,35.738,0.250,8.935,0,0.000,0.00,0.000,0.000,0.000
34,ec.gp.GPIndividual@934670037{271532587},3C_20_80-03.txt,169.439,0.250,42.360,0,0.000,0.00,0.000,0.000,0.000
34,ec.gp.GPIndividual@1458578601{1862460090},3C_20_50-02.txt,61.404,0.250,15.351,2,0.484,3.16,0.242,0.484,0.000
34,ec.gp.GPIndividual@1458578601{1862460090},3C_20_66-02.txt,154.245,0.250,38.561,22,38.438,99.68,1.747,4.563,0.000
34,ec.gp.GPIndividual@1458578601{1862460090},3C_20_66-02.txt,154.245,0.250,38.561,14,37.172,96.40,2.655,7.859,0.000
34,ec.gp.GPIndividual@1458578601{1862460090},3C_20_66-01.txt,7.322,0.250,1.831,4,1.625,88.77,0.406,7.859,0.000
34,ec.gp.GPIndividual@1458578601{1862460090},3C_20_66-02.txt,154.245,0.250,38.561,3,15.859,41.13,5.286,10.953,0.000
34,ec.gp.GPIndividual@1458578601{1862460090},3C_20_66-03.txt,118.340,0.250,29.585,1,12.563,42.46,12.563,12.563,0.000
34,ec.gp.GPIndividual@1458578601{1862460090},3C_20_50-03.txt,30.993,0.250,7.748,1,4.313,55.66,4.313,12.563,0.000
34,ec.gp.GPIndividual@1458578601{1862460090},3C_20_66-03.txt,118.340,0.250,29.585,1,14.359,48.54,14.359,14.359,0.000
34,ec.gp.GPIndividual@1458578601{1862460090},3C_20_80-03.txt,169.439,0.250,42.360,11,44.547,105.16,4.050,14.359,0.000
34,ec.gp.GPIndividual@1458578601{1862460090},3C_20_66-01.txt,7.322,0.250,1.831,2,4.297,234.73,2.148,14.359,0.000
34,ec.gp.GPIndividual@1458578601{1862460090},3C_20_80-01.txt,4.194,0.250,1.049,3,0.844,80.46,0.281,14.359,0.000
34,ec.gp.GPIndividual@1458578601{1862460090},3C_20_66-02.txt,154.245,0.250,38.561,5,12.625,32.74,2.525,14.359,0.000
34,ec.gp.GPIndividual@1458578601{1862460090},3C_20_66-03.txt,118.340,0.250,29.585,2,7.797,26.35,3.898,14.359,0.000
34,ec.gp.GPIndividual@1382850397{-1763917711},3C_20_50-02.txt,61.404,0.250,15.351,4,6.984,45.50,1.746,3.703,0.313
34,ec.gp.GPIndividual@1382850397{-1763917711},3C_20_66-01.txt,7.322,0.250,1.831,2,2.688,146.81,1.344,3.703,0.313
34,ec.gp.GPIndividual@1382850397{-1763917711},3C_20_50-03.txt,30.993,0.250,7.748,3,3.000,38.72,1.000,3.703,0.313
34,ec.gp.GPIndividual@1382850397{-1763917711},3C_20_66-02.txt,154.245,0.250,38.561,14,49.688,128.85,3.549,13.875,0.313
34,ec.gp.GPIndividual@1382850397{-1763917711},3C_20_80-01.txt,4.194,0.250,1.049,1,1.266,120.69,1.266,13.875,0.313
34,ec.gp.GPIndividual@1382850397{-1763917711},3C_20_80-02.txt,35.738,0.250,8.935,3,4.219,47.22,1.406,13.875,0.313
34,ec.gp.GPIndividual@1382850397{-1763917711},3C_20_66-01.txt,7.322,0.250,1.831,2,1.984,108.40,0.992,13.875,0.313
34,ec.gp.GPIndividual@1382850397{-1763917711},3C_20_80-02.txt,35.738,0.250,8.935,2,2.047,22.91,1.023,13.875,0.313
34,ec.gp.GPIndividual@1382850397{-1763917711},3C_20_66-02.txt,154.245,0.250,38.561,2,6.234,16.17,3.117,13.875,0.313
34,ec.gp.GPIndividual@1382850397{-1763917711},3C_20_80-01.txt,4.194,0.250,1.049,3,9.469,902.97,3.156,13.875,0.313
34,ec.gp.GPIndividual@1382850397{-1763917711},3C_20_66-03.txt,118.340,0.250,29.585,5,10.047,33.96,2.009,13.875,0.313
34,ec.gp.GPIndividual@1382850397{-1763917711},3C_20_66-03.txt,118.340,0.250,29.585,3,4.063,13.73,1.354,13.875,0.313
34,ec.gp.GPIndividual@1382850397{-1763917711},3C_20_80-02.txt,35.738,0.250,8.935,6,9.391,105.10,1.565,13.875,0.313
34,ec.gp.GPIndividual@1382850397{-1763917711},3C_20_80-03.txt,169.439,0.250,42.360,2,2.656,6.27,1.328,13.875,0.313
34,ec.gp.GPIndividual@1382850397{-1763917711},3C_20_80-03.txt,169.439,0.250,42.360,1,1.375,3.25,1.375,13.875,0.313
34,ec.gp.GPIndividual@1382850397{-1763917711},3C_20_66-03.txt,118.340,0.250,29.585,6,31.313,105.84,5.219,13.875,0.313
34,ec.gp.GPIndividual@1319140691{-1716945301},3C_20_50-02.txt,61.404,0.250,15.351,3,8.766,57.10,2.922,6.422,0.516
34,ec.gp.GPIndividual@1319140691{-1716945301},3C_20_80-01.txt,4.194,0.250,1.049,2,2.328,222.02,1.164,6.422,0.516
34,ec.gp.GPIndividual@1319140691{-1716945301},3C_20_50-03.txt,30.993,0.250,7.748,2,3.547,45.78,1.773,6.422,0.328
34,ec.gp.GPIndividual@1071308769{1845674518},3C_20_50-02.txt,61.404,0.250,15.351,2,1.766,11.50,0.883,1.234,0.531
34,ec.gp.GPIndividual@1071308769{1845674518},3C_20_80-02.txt,35.738,0.250,8.935,3,9.094,101.78,3.031,5.578,0.172
34,ec.gp.GPIndividual@1071308769{1845674518},3C_20_80-01.txt,4.194,0.250,1.049,2,2.266,216.06,1.133,5.578,0.172
34,ec.gp.GPIndividual@1071308769{1845674518},3C_20_50-03.txt,30.993,0.250,7.748,1,0.344,4.44,0.344,5.578,0.172
34,ec.gp.GPIndividual@1071308769{1845674518},3C_20_80-02.txt,35.738,0.250,8.935,4,7.781,87.09,1.945,5.578,0.172
34,ec.gp.GPIndividual@1071308769{1845674518},3C_20_80-03.txt,169.439,0.250,42.360,4,7.094,16.75,1.773,5.578,0.000
34,ec.gp.GPIndividual@1071308769{1845674518},3C_20_80-01.txt,4.194,0.250,1.049,1,3.188,303.97,3.188,5.578,0.000
34,ec.gp.GPIndividual@1071308769{1845674518},3C_20_66-01.txt,7.322,0.250,1.831,2,1.578,86.21,0.789,5.578,0.000
34,ec.gp.GPIndividual@1071308769{1845674518},3C_20_80-03.txt,169.439,0.250,42.360,4,17.594,41.53,4.398,16.250,0.000
34,ec.gp.GPIndividual@1071308769{1845674518},3C_20_80-03.txt,169.439,0.250,42.360,13,42.109,99.41,3.239,16.250,0.000
34,ec.gp.GPIndividual@1071308769{1845674518},3C_20_66-01.txt,7.322,0.250,1.831,2,4.203,229.61,2.102,16.250,0.000
34,ec.gp.GPIndividual@1014651992{1358696616},3C_20_50-02.txt,61.404,0.250,15.351,5,22.313,145.35,4.463,10.781,0.375
34,ec.gp.GPIndividual@249710795{-1296981084},3C_20_50-02.txt,61.404,0.250,15.351,6,7.469,48.65,1.245,1.922,0.359
34,ec.gp.GPIndividual@249710795{-1296981084},3C_20_66-02.txt,154.245,0.250,38.561,16,39.094,101.38,2.443,9.266,0.359
34,ec.gp.GPIndividual@249710795{-1296981084},3C_20_66-03.txt,118.340,0.250,29.585,1,9.688,32.74,9.688,9.688,0.359
34,ec.gp.GPIndividual@249710795{-1296981084},3C_20_50-03.txt,30.993,0.250,7.748,1,6.656,85.91,6.656,9.688,0.359
34,ec.gp.GPIndividual@249710795{-1296981084},3C_20_66-03.txt,118.340,0.250,29.585,2,16.516,55.82,8.258,13.000,0.359
34,ec.gp.GPIndividual@249710795{-1296981084},3C_20_50-03.txt,30.993,0.250,7.748,2,8.422,108.70,4.211,13.000,0.359
34,ec.gp.GPIndividual@249710795{-1296981084},3C_20_80-01.txt,4.194,0.250,1.049,1,1.859,177.32,1.859,13.000,0.359
34,ec.gp.GPIndividual@249710795{-1296981084},3C_20_66-01.txt,7.322,0.250,1.831,2,5.422,296.19,2.711,13.000,0.359
34,ec.gp.GPIndividual@249710795{-1296981084},3C_20_80-01.txt,4.194,0.250,1.049,2,1.422,135.59,0.711,13.000,0.359
34,ec.gp.GPIndividual@249710795{-1296981084},3C_20_80-02.txt,35.738,0.250,8.935,6,12.406,138.86,2.068,13.000,0.109
34,ec.gp.GPIndividual@249710795{-1296981084},3C_20_80-03.txt,169.439,0.250,42.360,2,2.766,6.53,1.383,13.000,0.109
34,ec.gp.GPIndividual@249710795{-1296981084},3C_20_66-02.txt,154.245,0.250,38.561,9,16.344,42.38,1.816,13.000,0.109
34,ec.gp.GPIndividual@249710795{-1296981084},3C_20_66-01.txt,7.322,0.250,1.831,2,2.453,134.01,1.227,13.000,0.109
34,ec.gp.GPIndividual@249710795{-1296981084},3C_20_80-03.txt,169.439,0.250,42.360,3,6.156,14.53,2.052,13.000,0.109
34,ec.gp.GPIndividual@249710795{-1296981084},3C_20_66-03.txt,118.340,0.250,29.585,11,27.672,93.53,2.516,13.000,0.109
34,ec.gp.GPIndividual@689125691{1918273744},3C_20_50-02.txt,61.404,0.250,15.351,1,3.547,23.11,3.547,3.547,3.547
34,ec.gp.GPIndividual@689125691{1918273744},3C_20_80-01.txt,4.194,0.250,1.049,3,1.125,107.28,0.375,3.547,0.281
34,ec.gp.GPIndividual@689125691{1918273744},3C_20_80-02.txt,35.738,0.250,8.935,2,0.266,2.97,0.133,3.547,0.000
34,ec.gp.GPIndividual@689125691{1918273744},3C_20_50-03.txt,30.993,0.250,7.748,1,8.953,115.55,8.953,8.953,0.000
34,ec.gp.GPIndividual@689125691{1918273744},3C_20_80-02.txt,35.738,0.250,8.935,3,8.781,98.28,2.927,8.953,0.000
34,ec.gp.GPIndividual@689125691{1918273744},3C_20_66-02.txt,154.245,0.250,38.561,17,39.125,101.46,2.301,14.672,0.000
34,ec.gp.GPIndividual@689125691{1918273744},3C_20_80-03.txt,169.439,0.250,42.360,3,3.953,9.33,1.318,14.672,0.000
34,ec.gp.GPIndividual@689125691{1918273744},3C_20_80-03.txt,169.439,0.250,42.360,2,8.219,19.40,4.109,14.672,0.000
34,ec.gp.GPIndividual@1838528424{1590947380},3C_20_50-02.txt,61.404,0.250,15.351,5,12.469,81.22,2.494,5.766,0.281
34,ec.gp.GPIndividual@1838528424{1590947380},3C_20_50-03.txt,30.993,0.250,7.748,2,6.344,81.87,3.172,5.766,0.281
34,ec.gp.GPIndividual@1838528424{1590947380},3C_20_66-01.txt,7.322,0.250,1.831,1,1.188,64.87,1.188,5.766,0.281
34,ec.gp.GPIndividual@1694012670{-159641396},3C_20_50-02.txt,61.404,0.250,15.351,3,5.234,34.10,1.745,4.234,0.281
34,ec.gp.GPIndividual@152096166{1177983312},3C_20_50-02.txt,61.404,0.250,15.351,10,17.109,111.45,1.711,3.594,0.313
34,ec.gp.GPIndividual@152096166{1177983312},3C_20_66-01.txt,7.322,0.250,1.831,2,2.391,130.60,1.195,3.594,0.313
34,ec.gp.GPIndividual@152096166{1177983312},3C_20_50-03.txt,30.993,0.250,7.748,2,0.125,1.61,0.063,3.594,0.000
34,ec.gp.GPIndividual@152096166{1177983312},3C_20_50-03.txt,30.993,0.250,7.748,1,0.719,9.28,0.719,3.594,0.000
34,ec.gp.GPIndividual@152096166{1177983312},3C_20_66-02.txt,154.245,0.250,38.561,5,11.719,30.39,2.344,3.594,0.000
34,ec.gp.GPIndividual@152096166{1177983312},3C_20_66-03.txt,118.340,0.250,29.585,4,28.234,95.44,7.059,16.438,0.000
34,ec.gp.GPIndividual@152096166{1177983312},3C_20_80-01.txt,4.194,0.250,1.049,3,6.109,582.61,2.036,16.438,0.000
34,ec.gp.GPIndividual@152096166{1177983312},3C_20_66-03.txt,118.340,0.250,29.585,3,3.875,13.10,1.292,16.438,0.000
34,ec.gp.GPIndividual@152096166{1177983312},3C_20_80-02.txt,35.738,0.250,8.935,2,6.016,67.33,3.008,16.438,0.000
34,ec.gp.GPIndividual@152096166{1177983312},3C_20_80-03.txt,169.439,0.250,42.360,2,1.984,4.68,0.992,16.438,0.000
34,ec.gp.GPIndividual@152096166{1177983312},3C_20_66-01.txt,7.322,0.250,1.831,4,1.484,81.09,0.371,16.438,0.000
34,ec.gp.GPIndividual@152096166{1177983312},3C_20_66-02.txt,154.245,0.250,38.561,3,19.516,50.61,6.505,16.438,0.000
34,ec.gp.GPIndividual@152096166{1177983312},3C_20_66-02.txt,154.245,0.250,38.561,5,17.344,44.98,3.469,16.438,0.000
34,ec.gp.GPIndividual@1831028732{285492454},3C_20_50-02.txt,61.404,0.250,15.351,12,20.391,132.83,1.699,7.469,0.406
34,ec.gp.GPIndividual@1831028732{285492454},3C_20_66-01.txt,7.322,0.250,1.831,2,2.516,137.42,1.258,7.469,0.406
34,ec.gp.GPIndividual@1831028732{285492454},3C_20_66-03.txt,118.340,0.250,29.585,2,0.266,0.90,0.133,7.469,0.000
34,ec.gp.GPIndividual@1831028732{285492454},3C_20_50-03.txt,30.993,0.250,7.748,1,2.344,30.25,2.344,7.469,0.000
34,ec.gp.GPIndividual@1831028732{285492454},3C_20_66-03.txt,118.340,0.250,29.585,10,29.063,98.23,2.906,10.453,0.000
34,ec.gp.GPIndividual@1831028732{285492454},3C_20_80-01.txt,4.194,0.250,1.049,4,0.891,84.93,0.223,10.453,0.000
34,ec.gp.GPIndividual@1831028732{285492454},3C_20_80-02.txt,35.738,0.250,8.935,2,5.828,65.23,2.914,10.453,0.000
34,ec.gp.GPIndividual@1831028732{285492454},3C_20_80-01.txt,4.194,0.250,1.049,3,2.344,223.51,0.781,10.453,0.000
34,ec.gp.GPIndividual@1831028732{285492454},3C_20_80-03.txt,169.439,0.250,42.360,2,0.266,0.63,0.133,10.453,0.000
34,ec.gp.GPIndividual@1831028732{285492454},3C_20_80-02.txt,35.738,0.250,8.935,2,6.719,75.20,3.359,10.453,0.000
34,ec.gp.GPIndividual@1831028732{285492454},3C_20_80-01.txt,4.194,0.250,1.049,3,0.875,83.44,0.292,10.453,0.000
34,ec.gp.GPIndividual@1831028732{285492454},3C_20_80-02.txt,35.738,0.250,8.935,4,5.172,57.89,1.293,10.453,0.000
34,ec.gp.GPIndividual@1831028732{285492454},3C_20_66-01.txt,7.322,0.250,1.831,2,1.922,104.99,0.961,10.453,0.000
34,ec.gp.GPIndividual@1831028732{285492454},3C_20_80-03.txt,169.439,0.250,42.360,12,41.734,98.52,3.478,10.453,0.000
34,ec.gp.GPIndividual@1831028732{285492454},3C_20_80-03.txt,169.439,0.250,42.360,3,19.281,45.52,6.427,10.984,0.000
34,ec.gp.GPIndividual@1831028732{285492454},3C_20_66-02.txt,154.245,0.250,38.561,2,6.234,16.17,3.117,10.984,0.000
34,ec.gp.GPIndividual@531521315{-509625815},3C_20_50-02.txt,61.404,0.250,15.351,0,0.000,0.00,0.000,0.000,0.000
34,ec.gp.GPIndividual@531521315{-509625815},3C_20_50-03.txt,30.993,0.250,7.748,0,0.000,0.00,0.000,0.000,0.000
34,ec.gp.GPIndividual@531521315{-509625815},3C_20_66-01.txt,7.322,0.250,1.831,0,0.000,0.00,0.000,0.000,0.000
34,ec.gp.GPIndividual@531521315{-509625815},3C_20_66-02.txt,154.245,0.250,38.561,0,0.000,0.00,0.000,0.000,0.000
34,ec.gp.GPIndividual@531521315{-509625815},3C_20_66-03.txt,118.340,0.250,29.585,0,0.000,0.00,0.000,0.000,0.000
34,ec.gp.GPIndividual@531521315{-509625815},3C_20_80-01.txt,4.194,0.250,1.049,0,0.000,0.00,0.000,0.000,0.000
34,ec.gp.GPIndividual@531521315{-509625815},3C_20_80-02.txt,35.738,0.250,8.935,0,0.000,0.00,0.000,0.000,0.000
34,ec.gp.GPIndividual@531521315{-509625815},3C_20_80-03.txt,169.439,0.250,42.360,0,0.000,0.00,0.000,0.000,0.000
34,ec.gp.GPIndividual@133548357{328124729},3C_20_50-02.txt,61.404,0.250,15.351,1,14.500,94.46,14.500,14.500,14.500
34,ec.gp.GPIndividual@1411464250{-1688776831},3C_20_50-02.txt,61.404,0.250,15.351,0,0.000,0.00,0.000,0.000,0.000
34,ec.gp.GPIndividual@1411464250{-1688776831},3C_20_50-03.txt,30.993,0.250,7.748,0,0.000,0.00,0.000,0.000,0.000
34,ec.gp.GPIndividual@1411464250{-1688776831},3C_20_66-01.txt,7.322,0.250,1.831,0,0.000,0.00,0.000,0.000,0.000
34,ec.gp.GPIndividual@1411464250{-1688776831},3C_20_66-02.txt,154.245,0.250,38.561,0,0.000,0.00,0.000,0.000,0.000
34,ec.gp.GPIndividual@1411464250{-1688776831},3C_20_66-03.txt,118.340,0.250,29.585,0,0.000,0.00,0.000,0.000,0.000
34,ec.gp.GPIndividual@1411464250{-1688776831},3C_20_80-01.txt,4.194,0.250,1.049,0,0.000,0.00,0.000,0.000,0.000
34,ec.gp.GPIndividual@1411464250{-1688776831},3C_20_80-02.txt,35.738,0.250,8.935,0,0.000,0.00,0.000,0.000,0.000
34,ec.gp.GPIndividual@1411464250{-1688776831},3C_20_80-03.txt,169.439,0.250,42.360,0,0.000,0.00,0.000,0.000,0.000
34,ec.gp.GPIndividual@1180946412{845816761},3C_20_50-02.txt,61.404,0.250,15.351,2,13.297,86.62,6.648,13.141,0.156
34,ec.gp.GPIndividual@1180946412{845816761},3C_20_66-03.txt,118.340,0.250,29.585,6,17.531,59.26,2.922,13.141,0.156
34,ec.gp.GPIndividual@1180946412{845816761},3C_20_80-01.txt,4.194,0.250,1.049,4,0.891,84.93,0.223,13.141,0.000
34,ec.gp.GPIndividual@1180946412{845816761},3C_20_80-02.txt,35.738,0.250,8.935,6,5.609,62.78,0.935,13.141,0.000
34,ec.gp.GPIndividual@1180946412{845816761},3C_20_80-03.txt,169.439,0.250,42.360,1,8.969,21.17,8.969,13.141,0.000
34,ec.gp.GPIndividual@1180946412{845816761},3C_20_80-01.txt,4.194,0.250,1.049,1,10.656,1016.22,10.656,13.141,0.000
34,ec.gp.GPIndividual@1180946412{845816761},3C_20_50-03.txt,30.993,0.250,7.748,6,7.813,100.83,1.302,13.141,0.000
34,ec.gp.GPIndividual@1350004862{-688303936},3C_20_50-02.txt,61.404,0.250,15.351,8,14.531,94.66,1.816,9.047,0.125
34,ec.gp.GPIndividual@1350004862{-688303936},3C_20_66-03.txt,118.340,0.250,29.585,5,17.688,59.79,3.538,9.719,0.000
34,ec.gp.GPIndividual@1350004862{-688303936},3C_20_50-03.txt,30.993,0.250,7.748,2,9.875,127.45,4.938,9.719,0.000
34,ec.gp.GPIndividual@1350004862{-688303936},3C_20_80-01.txt,4.194,0.250,1.049,4,0.938,89.40,0.234,9.719,0.000
34,ec.gp.GPIndividual@1350004862{-688303936},3C_20_80-02.txt,35.738,0.250,8.935,10,9.719,108.78,0.972,9.719,0.000
34,ec.gp.GPIndividual@1350004862{-688303936},3C_20_66-01.txt,7.322,0.250,1.831,1,0.078,4.27,0.078,9.719,0.000
34,ec.gp.GPIndividual@1350004862{-688303936},3C_20_80-03.txt,169.439,0.250,42.360,10,44.922,106.05,4.492,15.766,0.000
34,ec.gp.GPIndividual@743127461{1146355187},3C_20_50-02.txt,61.404,0.250,15.351,4,2.406,15.67,0.602,1.047,0.094
34,ec.gp.GPIndividual@743127461{1146355187},3C_20_50-03.txt,30.993,0.250,7.748,3,5.063,65.34,1.688,1.984,0.094
34,ec.gp.GPIndividual@743127461{1146355187},3C_20_66-01.txt,7.322,0.250,1.831,1,5.484,299.60,5.484,5.484,0.094
34,ec.gp.GPIndividual@743127461{1146355187},3C_20_66-02.txt,154.245,0.250,38.561,1,0.266,0.69,0.266,5.484,0.094
34,ec.gp.GPIndividual@743127461{1146355187},3C_20_66-02.txt,154.245,0.250,38.561,6,2.766,7.17,0.461,5.484,0.094
34,ec.gp.GPIndividual@743127461{1146355187},3C_20_66-03.txt,118.340,0.250,29.585,3,2.500,8.45,0.833,5.484,0.094
34,ec.gp.GPIndividual@743127461{1146355187},3C_20_80-01.txt,4.194,0.250,1.049,1,0.406,38.74,0.406,5.484,0.094
34,ec.gp.GPIndividual@743127461{1146355187},3C_20_80-02.txt,35.738,0.250,8.935,1,0.563,6.30,0.563,5.484,0.094
34,ec.gp.GPIndividual@743127461{1146355187},3C_20_80-03.txt,169.439,0.250,42.360,1,1.656,3.91,1.656,5.484,0.094
35,ec.gp.GPIndividual@77873895{1802174499},3C_20_50-02.txt,61.404,0.250,15.351,0,0.000,0.00,0.000,0.000,0.000
35,ec.gp.GPIndividual@77873895{1802174499},3C_20_50-03.txt,30.993,0.250,7.748,0,0.000,0.00,0.000,0.000,0.000
35,ec.gp.GPIndividual@77873895{1802174499},3C_20_66-01.txt,7.322,0.250,1.831,0,0.000,0.00,0.000,0.000,0.000
35,ec.gp.GPIndividual@77873895{1802174499},3C_20_66-02.txt,154.245,0.250,38.561,0,0.000,0.00,0.000,0.000,0.000
35,ec.gp.GPIndividual@77873895{1802174499},3C_20_66-03.txt,118.340,0.250,29.585,0,0.000,0.00,0.000,0.000,0.000
35,ec.gp.GPIndividual@77873895{1802174499},3C_20_80-01.txt,4.194,0.250,1.049,0,0.000,0.00,0.000,0.000,0.000
35,ec.gp.GPIndividual@77873895{1802174499},3C_20_80-02.txt,35.738,0.250,8.935,0,0.000,0.00,0.000,0.000,0.000
35,ec.gp.GPIndividual@77873895{1802174499},3C_20_80-03.txt,169.439,0.250,42.360,0,0.000,0.00,0.000,0.000,0.000
35,ec.gp.GPIndividual@209182464{496647174},3C_20_50-02.txt,61.404,0.250,15.351,0,0.000,0.00,0.000,0.000,0.000
35,ec.gp.GPIndividual@209182464{496647174},3C_20_50-03.txt,30.993,0.250,7.748,0,0.000,0.00,0.000,0.000,0.000
35,ec.gp.GPIndividual@209182464{496647174},3C_20_66-01.txt,7.322,0.250,1.831,0,0.000,0.00,0.000,0.000,0.000
35,ec.gp.GPIndividual@209182464{496647174},3C_20_66-02.txt,154.245,0.250,38.561,0,0.000,0.00,0.000,0.000,0.000
35,ec.gp.GPIndividual@209182464{496647174},3C_20_66-03.txt,118.340,0.250,29.585,0,0.000,0.00,0.000,0.000,0.000
35,ec.gp.GPIndividual@209182464{496647174},3C_20_80-01.txt,4.194,0.250,1.049,0,0.000,0.00,0.000,0.000,0.000
35,ec.gp.GPIndividual@209182464{496647174},3C_20_80-02.txt,35.738,0.250,8.935,0,0.000,0.00,0.000,0.000,0.000
35,ec.gp.GPIndividual@209182464{496647174},3C_20_80-03.txt,169.439,0.250,42.360,0,0.000,0.00,0.000,0.000,0.000
35,ec.gp.GPIndividual@747169044{1143404300},3C_20_50-02.txt,61.404,0.250,15.351,0,0.000,0.00,0.000,0.000,0.000
35,ec.gp.GPIndividual@747169044{1143404300},3C_20_50-03.txt,30.993,0.250,7.748,0,0.000,0.00,0.000,0.000,0.000
35,ec.gp.GPIndividual@747169044{1143404300},3C_20_66-01.txt,7.322,0.250,1.831,0,0.000,0.00,0.000,0.000,0.000
35,ec.gp.GPIndividual@747169044{1143404300},3C_20_66-02.txt,154.245,0.250,38.561,0,0.000,0.00,0.000,0.000,0.000
35,ec.gp.GPIndividual@747169044{1143404300},3C_20_66-03.txt,118.340,0.250,29.585,0,0.000,0.00,0.000,0.000,0.000
35,ec.gp.GPIndividual@747169044{1143404300},3C_20_80-01.txt,4.194,0.250,1.049,0,0.000,0.00,0.000,0.000,0.000
35,ec.gp.GPIndividual@747169044{1143404300},3C_20_80-02.txt,35.738,0.250,8.935,0,0.000,0.00,0.000,0.000,0.000
35,ec.gp.GPIndividual@747169044{1143404300},3C_20_80-03.txt,169.439,0.250,42.360,0,0.000,0.00,0.000,0.000,0.000
35,ec.gp.GPIndividual@1897258067{1057675498},3C_20_50-02.txt,61.404,0.250,15.351,0,0.000,0.00,0.000,0.000,0.000
35,ec.gp.GPIndividual@1897258067{1057675498},3C_20_50-03.txt,30.993,0.250,7.748,0,0.000,0.00,0.000,0.000,0.000
35,ec.gp.GPIndividual@1897258067{1057675498},3C_20_66-01.txt,7.322,0.250,1.831,0,0.000,0.00,0.000,0.000,0.000
35,ec.gp.GPIndividual@1897258067{1057675498},3C_20_66-02.txt,154.245,0.250,38.561,0,0.000,0.00,0.000,0.000,0.000
35,ec.gp.GPIndividual@1897258067{1057675498},3C_20_66-03.txt,118.340,0.250,29.585,0,0.000,0.00,0.000,0.000,0.000
35,ec.gp.GPIndividual@1897258067{1057675498},3C_20_80-01.txt,4.194,0.250,1.049,0,0.000,0.00,0.000,0.000,0.000
35,ec.gp.GPIndividual@1897258067{1057675498},3C_20_80-02.txt,35.738,0.250,8.935,0,0.000,0.00,0.000,0.000,0.000
35,ec.gp.GPIndividual@1897258067{1057675498},3C_20_80-03.txt,169.439,0.250,42.360,0,0.000,0.00,0.000,0.000,0.000
35,ec.gp.GPIndividual@569755462{1910885985},3C_20_50-02.txt,61.404,0.250,15.351,9,7.078,46.11,0.786,1.953,0.203
35,ec.gp.GPIndividual@569755462{1910885985},3C_20_50-03.txt,30.993,0.250,7.748,6,7.391,95.39,1.232,1.953,0.203
35,ec.gp.GPIndividual@569755462{1910885985},3C_20_50-03.txt,30.993,0.250,7.748,4,8.750,112.93,2.188,2.391,0.203
35,ec.gp.GPIndividual@569755462{1910885985},3C_20_50-03.txt,30.993,0.250,7.748,2,0.703,9.07,0.352,2.391,0.000
35,ec.gp.GPIndividual@569755462{1910885985},3C_20_50-03.txt,30.993,0.250,7.748,2,4.859,62.72,2.430,3.266,0.000
35,ec.gp.GPIndividual@569755462{1910885985},3C_20_50-03.txt,30.993,0.250,7.748,2,2.469,31.86,1.234,3.266,0.000
35,ec.gp.GPIndividual@569755462{1910885985},3C_20_50-03.txt,30.993,0.250,7.748,2,5.141,66.35,2.570,3.266,0.000
35,ec.gp.GPIndividual@569755462{1910885985},3C_20_66-01.txt,7.322,0.250,1.831,1,3.219,175.84,3.219,3.266,0.000
35,ec.gp.GPIndividual@569755462{1910885985},3C_20_66-01.txt,7.322,0.250,1.831,2,4.031,220.22,2.016,3.266,0.000
35,ec.gp.GPIndividual@569755462{1910885985},3C_20_66-01.txt,7.322,0.250,1.831,1,0.484,26.46,0.484,3.266,0.000
35,ec.gp.GPIndividual@569755462{1910885985},3C_20_66-02.txt,154.245,0.250,38.561,11,18.766,48.66,1.706,3.266,0.000
35,ec.gp.GPIndividual@569755462{1910885985},3C_20_66-03.txt,118.340,0.250,29.585,10,34.469,116.51,3.447,6.391,0.000
35,ec.gp.GPIndividual@569755462{1910885985},3C_20_80-01.txt,4.194,0.250,1.049,2,6.000,572.18,3.000,6.391,0.000
35,ec.gp.GPIndividual@569755462{1910885985},3C_20_66-01.txt,7.322,0.250,1.831,2,0.656,35.85,0.328,6.391,0.000
35,ec.gp.GPIndividual@569755462{1910885985},3C_20_66-02.txt,154.245,0.250,38.561,1,0.313,0.81,0.313,6.391,0.000
35,ec.gp.GPIndividual@569755462{1910885985},3C_20_80-02.txt,35.738,0.250,8.935,2,7.813,87.44,3.906,7.016,0.000
35,ec.gp.GPIndividual@569755462{1910885985},3C_20_66-01.txt,7.322,0.250,1.831,1,7.344,401.18,7.344,7.344,0.000
35,ec.gp.GPIndividual@569755462{1910885985},3C_20_66-01.txt,7.322,0.250,1.831,2,3.531,192.91,1.766,7.344,0.000
35,ec.gp.GPIndividual@569755462{1910885985},3C_20_66-02.txt,154.245,0.250,38.561,2,1.328,3.44,0.664,7.344,0.000
35,ec.gp.GPIndividual@569755462{1910885985},3C_20_66-02.txt,154.245,0.250,38.561,6,8.578,22.25,1.430,7.344,0.000
35,ec.gp.GPIndividual@569755462{1910885985},3C_20_80-03.txt,169.439,0.250,42.360,22,39.000,92.07,1.773,7.344,0.000
35,ec.gp.GPIndividual@569755462{1910885985},3C_20_66-03.txt,118.340,0.250,29.585,1,3.688,12.46,3.688,7.344,0.000
35,ec.gp.GPIndividual@858857163{1522751494},3C_20_50-02.txt,61.404,0.250,15.351,0,0.000,0.00,0.000,0.000,0.000
35,ec.gp.GPIndividual@858857163{1522751494},3C_20_50-03.txt,30.993,0.250,7.748,0,0.000,0.00,0.000,0.000,0.000
35,ec.gp.GPIndividual@858857163{1522751494},3C_20_66-01.txt,7.322,0.250,1.831,0,0.000,0.00,0.000,0.000,0.000
35,ec.gp.GPIndividual@858857163{1522751494},3C_20_66-02.txt,154.245,0.250,38.561,0,0.000,0.00,0.000,0.000,0.000
35,ec.gp.GPIndividual@858857163{1522751494},3C_20_66-03.txt,118.340,0.250,29.585,0,0.000,0.00,0.000,0.000,0.000
35,ec.gp.GPIndividual@858857163{1522751494},3C_20_80-01.txt,4.194,0.250,1.049,0,0.000,0.00,0.000,0.000,0.000
35,ec.gp.GPIndividual@858857163{1522751494},3C_20_80-02.txt,35.738,0.250,8.935,0,0.000,0.00,0.000,0.000,0.000
35,ec.gp.GPIndividual@858857163{1522751494},3C_20_80-03.txt,169.439,0.250,42.360,0,0.000,0.00,0.000,0.000,0.000
35,ec.gp.GPIndividual@1935263730{1126089501},3C_20_50-02.txt,61.404,0.250,15.351,2,3.547,23.11,1.773,3.063,0.484
35,ec.gp.GPIndividual@1935263730{1126089501},3C_20_66-03.txt,118.340,0.250,29.585,2,9.109,30.79,4.555,7.266,0.484
35,ec.gp.GPIndividual@1935263730{1126089501},3C_20_66-03.txt,118.340,0.250,29.585,2,17.391,58.78,8.695,8.969,0.484
35,ec.gp.GPIndividual@1935263730{1126089501},3C_20_66-02.txt,154.245,0.250,38.561,11,39.391,102.15,3.581,8.969,0.484
35,ec.gp.GPIndividual@1935263730{1126089501},3C_20_80-01.txt,4.194,0.250,1.049,1,8.484,809.10,8.484,8.969,0.484
35,ec.gp.GPIndividual@1935263730{1126089501},3C_20_66-02.txt,154.245,0.250,38.561,2,1.703,4.42,0.852,8.969,0.484
35,ec.gp.GPIndividual@1935263730{1126089501},3C_20_66-03.txt,118.340,0.250,29.585,2,5.219,17.64,2.609,8.969,0.484
35,ec.gp.GPIndividual@1935263730{1126089501},3C_20_80-01.txt,4.194,0.250,1.049,1,1.203,114.73,1.203,8.969,0.484
35,ec.gp.GPIndividual@1935263730{1126089501},3C_20_80-02.txt,35.738,0.250,8.935,4,10.578,118.40,2.645,8.969,0.484
35,ec.gp.GPIndividual@1935263730{1126089501},3C_20_50-03.txt,30.993,0.250,7.748,5,7.906,102.04,1.581,8.969,0.484
35,ec.gp.GPIndividual@1935263730{1126089501},3C_20_80-02.txt,35.738,0.250,8.935,2,1.781,19.94,0.891,8.969,0.328
35,ec.gp.GPIndividual@1935263730{1126089501},3C_20_80-03.txt,169.439,0.250,42.360,10,35.453,83.70,3.545,10.703,0.328
35,ec.gp.GPIndividual@1935263730{1126089501},3C_20_80-01.txt,4.194,0.250,1.049,1,6.250,596.02,6.250,10.703,0.328
35,ec.gp.GPIndividual@491030674{-2142547368},3C_20_50-02.txt,61.404,0.250,15.351,9,14.422,93.95,1.602,2.781,0.500
35,ec.gp.GPIndividual@491030674{-2142547368},3C_20_80-02.txt,35.738,0.250,8.935,1,4.016,44.94,4.016,4.016,0.500
35,ec.gp.GPIndividual@491030674{-2142547368},3C_20_80-03.txt,169.439,0.250,42.360,3,18.266,43.12,6.089,9.500,0.500
35,ec.gp.GPIndividual@491030674{-2142547368},3C_20_80-01.txt,4.194,0.250,1.049,1,10.750,1025.16,10.750,10.750,0.500
35,ec.gp.GPIndividual@491030674{-2142547368},3C_20_66-03.txt,118.340,0.250,29.585,10,26.063,88.09,2.606,10.750,0.500
35,ec.gp.GPIndividual@491030674{-2142547368},3C_20_66-01.txt,7.322,0.250,1.831,1,2.156,117.79,2.156,10.750,0.500
35,ec.gp.GPIndividual@491030674{-2142547368},3C_20_80-03.txt,169.439,0.250,42.360,6,18.766,44.30,3.128,10.750,0.500
35,ec.gp.GPIndividual@1142351043{1845112925},3C_20_50-02.txt,61.404,0.250,15.351,0,0.000,0.00,0.000,0.000,0.000
35,ec.gp.GPIndividual@1142351043{1845112925},3C_20_50-03.txt,30.993,0.250,7.748,0,0.000,0.00,0.000,0.000,0.000
35,ec.gp.GPIndividual@1142351043{1845112925},3C_20_66-01.txt,7.322,0.250,1.831,0,0.000,0.00,0.000,0.000,0.000
35,ec.gp.GPIndividual@1142351043{1845112925},3C_20_66-02.txt,154.245,0.250,38.561,0,0.000,0.00,0.000,0.000,0.000
35,ec.gp.GPIndividual@1142351043{1845112925},3C_20_66-03.txt,118.340,0.250,29.585,0,0.000,0.00,0.000,0.000,0.000
35,ec.gp.GPIndividual@1142351043{1845112925},3C_20_80-01.txt,4.194,0.250,1.049,0,0.000,0.00,0.000,0.000,0.000
35,ec.gp.GPIndividual@1142351043{1845112925},3C_20_80-02.txt,35.738,0.250,8.935,0,0.000,0.00,0.000,0.000,0.000
35,ec.gp.GPIndividual@1142351043{1845112925},3C_20_80-03.txt,169.439,0.250,42.360,0,0.000,0.00,0.000,0.000,0.000
35,ec.gp.GPIndividual@152126455{-1745431650},3C_20_50-02.txt,61.404,0.250,15.351,7,17.859,116.34,2.551,8.734,0.156
35,ec.gp.GPIndividual@152126455{-1745431650},3C_20_80-02.txt,35.738,0.250,8.935,1,0.156,1.75,0.156,8.734,0.156
35,ec.gp.GPIndividual@152126455{-1745431650},3C_20_66-02.txt,154.245,0.250,38.561,17,36.609,94.94,2.153,8.734,0.156
35,ec.gp.GPIndividual@152126455{-1745431650},3C_20_66-03.txt,118.340,0.250,29.585,1,4.078,13.78,4.078,8.734,0.156
35,ec.gp.GPIndividual@152126455{-1745431650},3C_20_50-03.txt,30.993,0.250,7.748,1,2.141,27.63,2.141,8.734,0.156
35,ec.gp.GPIndividual@152126455{-1745431650},3C_20_80-03.txt,169.439,0.250,42.360,1,8.750,20.66,8.750,8.750,0.156
35,ec.gp.GPIndividual@152126455{-1745431650},3C_20_80-01.txt,4.194,0.250,1.049,3,1.063,101.32,0.354,8.750,0.156
35,ec.gp.GPIndividual@152126455{-1745431650},3C_20_80-02.txt,35.738,0.250,8.935,1,3.203,35.85,3.203,8.750,0.156
35,ec.gp.GPIndividual@152126455{-1745431650},3C_20_66-01.txt,7.322,0.250,1.831,1,12.344,674.32,12.344,12.344,0.156
35,ec.gp.GPIndividual@1287180564{-1290186040},3C_20_50-02.txt,61.404,0.250,15.351,0,0.000,0.00,0.000,0.000,0.000
35,ec.gp.GPIndividual@1287180564{-1290186040},3C_20_50-03.txt,30.993,0.250,7.748,0,0.000,0.00,0.000,0.000,0.000
35,ec.gp.GPIndividual@1287180564{-1290186040},3C_20_66-01.txt,7.322,0.250,1.831,0,0.000,0.00,0.000,0.000,0.000
35,ec.gp.GPIndividual@1287180564{-1290186040},3C_20_66-02.txt,154.245,0.250,38.561,0,0.000,0.00,0.000,0.000,0.000
35,ec.gp.GPIndividual@1287180564{-1290186040},3C_20_66-03.txt,118.340,0.250,29.585,0,0.000,0.00,0.000,0.000,0.000
35,ec.gp.GPIndividual@1287180564{-1290186040},3C_20_80-01.txt,4.194,0.250,1.049,0,0.000,0.00,0.000,0.000,0.000
35,ec.gp.GPIndividual@1287180564{-1290186040},3C_20_80-02.txt,35.738,0.250,8.935,0,0.000,0.00,0.000,0.000,0.000
35,ec.gp.GPIndividual@1287180564{-1290186040},3C_20_80-03.txt,169.439,0.250,42.360,0,0.000,0.00,0.000,0.000,0.000
35,ec.gp.GPIndividual@332127728{1158863467},3C_20_50-02.txt,61.404,0.250,15.351,0,0.000,0.00,0.000,0.000,0.000
35,ec.gp.GPIndividual@332127728{1158863467},3C_20_50-03.txt,30.993,0.250,7.748,0,0.000,0.00,0.000,0.000,0.000
35,ec.gp.GPIndividual@332127728{1158863467},3C_20_66-01.txt,7.322,0.250,1.831,0,0.000,0.00,0.000,0.000,0.000
35,ec.gp.GPIndividual@332127728{1158863467},3C_20_66-02.txt,154.245,0.250,38.561,0,0.000,0.00,0.000,0.000,0.000
35,ec.gp.GPIndividual@332127728{1158863467},3C_20_66-03.txt,118.340,0.250,29.585,0,0.000,0.00,0.000,0.000,0.000
35,ec.gp.GPIndividual@332127728{1158863467},3C_20_80-01.txt,4.194,0.250,1.049,0,0.000,0.00,0.000,0.000,0.000
35,ec.gp.GPIndividual@332127728{1158863467},3C_20_80-02.txt,35.738,0.250,8.935,0,0.000,0.00,0.000,0.000,0.000
35,ec.gp.GPIndividual@332127728{1158863467},3C_20_80-03.txt,169.439,0.250,42.360,0,0.000,0.00,0.000,0.000,0.000
35,ec.gp.GPIndividual@1249203953{-1235884982},3C_20_50-02.txt,61.404,0.250,15.351,2,1.250,8.14,0.625,0.813,0.438
35,ec.gp.GPIndividual@1249203953{-1235884982},3C_20_80-02.txt,35.738,0.250,8.935,2,4.500,50.37,2.250,3.172,0.438
35,ec.gp.GPIndividual@1249203953{-1235884982},3C_20_50-03.txt,30.993,0.250,7.748,4,8.609,111.12,2.152,3.516,0.438
35,ec.gp.GPIndividual@1249203953{-1235884982},3C_20_66-01.txt,7.322,0.250,1.831,1,0.734,40.12,0.734,3.516,0.438
35,ec.gp.GPIndividual@1249203953{-1235884982},3C_20_80-01.txt,4.194,0.250,1.049,1,4.375,417.21,4.375,4.375,0.438
35,ec.gp.GPIndividual@149134812{-1181504940},3C_20_50-02.txt,61.404,0.250,15.351,0,0.000,0.00,0.000,0.000,0.000
35,ec.gp.GPIndividual@149134812{-1181504940},3C_20_50-03.txt,30.993,0.250,7.748,0,0.000,0.00,0.000,0.000,0.000
35,ec.gp.GPIndividual@149134812{-1181504940},3C_20_66-01.txt,7.322,0.250,1.831,0,0.000,0.00,0.000,0.000,0.000
35,ec.gp.GPIndividual@149134812{-1181504940},3C_20_66-02.txt,154.245,0.250,38.561,0,0.000,0.00,0.000,0.000,0.000
35,ec.gp.GPIndividual@149134812{-1181504940},3C_20_66-03.txt,118.340,0.250,29.585,0,0.000,0.00,0.000,0.000,0.000
35,ec.gp.GPIndividual@149134812{-1181504940},3C_20_80-01.txt,4.194,0.250,1.049,0,0.000,0.00,0.000,0.000,0.000
35,ec.gp.GPIndividual@149134812{-1181504940},3C_20_80-02.txt,35.738,0.250,8.935,0,0.000,0.00,0.000,0.000,0.000
35,ec.gp.GPIndividual@149134812{-1181504940},3C_20_80-03.txt,169.439,0.250,42.360,0,0.000,0.00,0.000,0.000,0.000
35,ec.gp.GPIndividual@1677523006{-376727780},3C_20_50-02.txt,61.404,0.250,15.351,2,1.484,9.67,0.742,0.984,0.500
35,ec.gp.GPIndividual@1677523006{-376727780},3C_20_80-02.txt,35.738,0.250,8.935,4,4.266,47.74,1.066,3.250,0.000
35,ec.gp.GPIndividual@1677523006{-376727780},3C_20_66-01.txt,7.322,0.250,1.831,2,2.078,113.52,1.039,3.250,0.000
35,ec.gp.GPIndividual@1677523006{-376727780},3C_20_66-02.txt,154.245,0.250,38.561,1,0.438,1.13,0.438,3.250,0.000
35,ec.gp.GPIndividual@1677523006{-376727780},3C_20_80-03.txt,169.439,0.250,42.360,4,3.625,8.56,0.906,3.250,0.000
35,ec.gp.GPIndividual@1677523006{-376727780},3C_20_66-02.txt,154.245,0.250,38.561,8,11.094,28.77,1.387,3.250,0.000
35,ec.gp.GPIndividual@1677523006{-376727780},3C_20_66-03.txt,118.340,0.250,29.585,8,24.859,84.03,3.107,8.375,0.000
35,ec.gp.GPIndividual@1677523006{-376727780},3C_20_80-03.txt,169.439,0.250,42.360,1,8.797,20.77,8.797,8.797,0.000
35,ec.gp.GPIndividual@78803650{-1690840403},3C_20_50-02.txt,61.404,0.250,15.351,1,5.266,34.30,5.266,5.266,5.266
35,ec.gp.GPIndividual@78803650{-1690840403},3C_20_80-01.txt,4.194,0.250,1.049,2,7.531,718.20,3.766,7.234,0.297
35,ec.gp.GPIndividual@78803650{-1690840403},3C_20_66-03.txt,118.340,0.250,29.585,2,0.422,1.43,0.211,7.234,0.000
35,ec.gp.GPIndividual@78803650{-1690840403},3C_20_80-02.txt,35.738,0.250,8.935,1,0.422,4.72,0.422,7.234,0.000
35,ec.gp.GPIndividual@78803650{-1690840403},3C_20_50-03.txt,30.993,0.250,7.748,1,10.656,137.53,10.656,10.656,0.000
35,ec.gp.GPIndividual@78803650{-1690840403},3C_20_50-03.txt,30.993,0.250,7.748,2,2.734,35.29,1.367,10.656,0.000
35,ec.gp.GPIndividual@78803650{-1690840403},3C_20_80-03.txt,169.439,0.250,42.360,11,44.250,104.46,4.023,10.656,0.000
35,ec.gp.GPIndividual@78803650{-1690840403},3C_20_66-01.txt,7.322,0.250,1.831,1,5.797,316.67,5.797,10.656,0.000
35,ec.gp.GPIndividual@78803650{-1690840403},3C_20_66-01.txt,7.322,0.250,1.831,1,4.750,259.49,4.750,10.656,0.000
35,ec.gp.GPIndividual@313650428{-535511651},3C_20_50-02.txt,61.404,0.250,15.351,4,2.891,18.83,0.723,1.703,0.000
35,ec.gp.GPIndividual@964393231{-1718918861},3C_20_50-02.txt,61.404,0.250,15.351,10,14.734,95.98,1.473,6.688,0.234
35,ec.gp.GPIndividual@964393231{-1718918861},3C_20_66-02.txt,154.245,0.250,38.561,1,0.875,2.27,0.875,6.688,0.234
35,ec.gp.GPIndividual@964393231{-1718918861},3C_20_66-02.txt,154.245,0.250,38.561,3,6.594,17.10,2.198,6.688,0.234
35,ec.gp.GPIndividual@964393231{-1718918861},3C_20_80-01.txt,4.194,0.250,1.049,4,2.750,262.25,0.688,6.688,0.141
35,ec.gp.GPIndividual@964393231{-1718918861},3C_20_66-03.txt,118.340,0.250,29.585,2,2.000,6.76,1.000,6.688,0.109
35,ec.gp.GPIndividual@964393231{-1718918861},3C_20_80-02.txt,35.738,0.250,8.935,3,4.438,49.67,1.479,6.688,0.109
35,ec.gp.GPIndividual@964393231{-1718918861},3C_20_50-03.txt,30.993,0.250,7.748,4,5.813,75.02,1.453,6.688,0.109
35,ec.gp.GPIndividual@964393231{-1718918861},3C_20_50-03.txt,30.993,0.250,7.748,6,11.625,150.04,1.938,6.688,0.109
35,ec.gp.GPIndividual@964393231{-1718918861},3C_20_80-01.txt,4.194,0.250,1.049,1,1.172,111.75,1.172,6.688,0.109
35,ec.gp.GPIndividual@964393231{-1718918861},3C_20_66-03.txt,118.340,0.250,29.585,15,28.938,97.81,1.929,6.688,0.109
35,ec.gp.GPIndividual@964393231{-1718918861},3C_20_80-01.txt,4.194,0.250,1.049,1,4.688,447.02,4.688,6.688,0.109
35,ec.gp.GPIndividual@964393231{-1718918861},3C_20_66-01.txt,7.322,0.250,1.831,1,1.969,107.55,1.969,6.688,0.109
35,ec.gp.GPIndividual@964393231{-1718918861},3C_20_80-02.txt,35.738,0.250,8.935,4,7.531,84.29,1.883,6.688,0.109
35,ec.gp.GPIndividual@964393231{-1718918861},3C_20_66-01.txt,7.322,0.250,1.831,2,2.453,134.01,1.227,6.688,0.109
35,ec.gp.GPIndividual@964393231{-1718918861},3C_20_80-03.txt,169.439,0.250,42.360,1,0.531,1.25,0.531,6.688,0.109
35,ec.gp.GPIndividual@964393231{-1718918861},3C_20_66-02.txt,154.245,0.250,38.561,17,38.203,99.07,2.247,8.016,0.109
35,ec.gp.GPIndividual@1366579324{-815231829},3C_20_50-02.txt,61.404,0.250,15.351,2,4.078,26.57,2.039,3.797,0.281
35,ec.gp.GPIndividual@1366579324{-815231829},3C_20_66-03.txt,118.340,0.250,29.585,1,2.250,7.61,2.250,3.797,0.281
35,ec.gp.GPIndividual@1366579324{-815231829},3C_20_80-02.txt,35.738,0.250,8.935,2,13.859,155.12,6.930,12.359,0.281
35,ec.gp.GPIndividual@1366579324{-815231829},3C_20_80-03.txt,169.439,0.250,42.360,1,9.031,21.32,9.031,12.359,0.281
35,ec.gp.GPIndividual@1366579324{-815231829},3C_20_66-02.txt,154.245,0.250,38.561,16,34.328,89.02,2.146,12.359,0.281
35,ec.gp.GPIndividual@1366579324{-815231829},3C_20_80-01.txt,4.194,0.250,1.049,1,3.547,338.24,3.547,12.359,0.281
35,ec.gp.GPIndividual@1366579324{-815231829},3C_20_66-03.txt,118.340,0.250,29.585,3,12.563,42.46,4.188,12.359,0.281
35,ec.gp.GPIndividual@1366579324{-815231829},3C_20_80-03.txt,169.439,0.250,42.360,12,42.375,100.04,3.531,12.359,0.281
35,ec.gp.GPIndividual@796511205{-258342536},3C_20_50-02.txt,61.404,0.250,15.351,1,0.578,3.77,0.578,0.578,0.578
35,ec.gp.GPIndividual@796511205{-258342536},3C_20_80-02.txt,35.738,0.250,8.935,4,10.984,122.94,2.746,7.406,0.281
35,ec.gp.GPIndividual@1648761388{45628350},3C_20_50-02.txt,61.404,0.250,15.351,2,6.281,40.92,3.141,5.844,0.438
35,ec.gp.GPIndividual@1648761388{45628350},3C_20_80-01.txt,4.194,0.250,1.049,2,1.000,95.36,0.500,5.844,0.125
35,ec.gp.GPIndividual@1648761388{45628350},3C_20_80-03.txt,169.439,0.250,42.360,4,16.594,39.17,4.148,12.984,0.125
35,ec.gp.GPIndividual@1648761388{45628350},3C_20_50-03.txt,30.993,0.250,7.748,4,6.594,85.10,1.648,12.984,0.125
35,ec.gp.GPIndividual@1648761388{45628350},3C_20_50-03.txt,30.993,0.250,7.748,3,9.125,117.77,3.042,12.984,0.125
35,ec.gp.GPIndividual@1257276566{175641727},3C_20_50-02.txt,61.404,0.250,15.351,0,0.000,0.00,0.000,0.000,0.000
35,ec.gp.GPIndividual@1257276566{175641727},3C_20_50-03.txt,30.993,0.250,7.748,0,0.000,0.00,0.000,0.000,0.000
35,ec.gp.GPIndividual@1257276566{175641727},3C_20_66-01.txt,7.322,0.250,1.831,0,0.000,0.00,0.000,0.000,0.000
35,ec.gp.GPIndividual@1257276566{175641727},3C_20_66-02.txt,154.245,0.250,38.561,0,0.000,0.00,0.000,0.000,0.000
35,ec.gp.GPIndividual@1257276566{175641727},3C_20_66-03.txt,118.340,0.250,29.585,0,0.000,0.00,0.000,0.000,0.000
35,ec.gp.GPIndividual@1257276566{175641727},3C_20_80-01.txt,4.194,0.250,1.049,0,0.000,0.00,0.000,0.000,0.000
35,ec.gp.GPIndividual@1257276566{175641727},3C_20_80-02.txt,35.738,0.250,8.935,0,0.000,0.00,0.000,0.000,0.000
35,ec.gp.GPIndividual@1257276566{175641727},3C_20_80-03.txt,169.439,0.250,42.360,0,0.000,0.00,0.000,0.000,0.000
35,ec.gp.GPIndividual@959660535{1966310265},3C_20_50-02.txt,61.404,0.250,15.351,1,2.375,15.47,2.375,2.375,2.375
35,ec.gp.GPIndividual@959660535{1966310265},3C_20_80-02.txt,35.738,0.250,8.935,2,1.609,18.01,0.805,2.375,0.297
35,ec.gp.GPIndividual@959660535{1966310265},3C_20_50-03.txt,30.993,0.250,7.748,4,8.219,106.07,2.055,3.234,0.297
35,ec.gp.GPIndividual@959660535{1966310265},3C_20_80-03.txt,169.439,0.250,42.360,1,0.563,1.33,0.563,3.234,0.297
35,ec.gp.GPIndividual@959660535{1966310265},3C_20_66-01.txt,7.322,0.250,1.831,2,1.219,66.58,0.609,3.234,0.297
35,ec.gp.GPIndividual@959660535{1966310265},3C_20_66-02.txt,154.245,0.250,38.561,6,11.844,30.71,1.974,3.250,0.281
35,ec.gp.GPIndividual@959660535{1966310265},3C_20_50-03.txt,30.993,0.250,7.748,3,9.141,117.97,3.047,4.734,0.281
35,ec.gp.GPIndividual@959660535{1966310265},3C_20_66-01.txt,7.322,0.250,1.831,1,3.234,176.69,3.234,4.734,0.281
35,ec.gp.GPIndividual@959660535{1966310265},3C_20_66-01.txt,7.322,0.250,1.831,1,0.891,48.65,0.891,4.734,0.281
35,ec.gp.GPIndividual@1732405534{-586536300},3C_20_50-02.txt,61.404,0.250,15.351,6,4.922,32.06,0.820,1.266,0.391
35,ec.gp.GPIndividual@1732405534{-586536300},3C_20_66-03.txt,118.340,0.250,29.585,13,25.609,86.56,1.970,4.859,0.391
35,ec.gp.GPIndividual@1732405534{-586536300},3C_20_80-01.txt,4.194,0.250,1.049,2,0.719,68.54,0.359,4.859,0.281
35,ec.gp.GPIndividual@1732405534{-586536300},3C_20_80-02.txt,35.738,0.250,8.935,1,4.719,52.81,4.719,4.859,0.281
35,ec.gp.GPIndividual@1732405534{-586536300},3C_20_50-03.txt,30.993,0.250,7.748,3,19.859,256.31,6.620,7.266,0.281
35,ec.gp.GPIndividual@1732405534{-586536300},3C_20_66-02.txt,154.245,0.250,38.561,3,2.500,6.48,0.833,7.266,0.000
35,ec.gp.GPIndividual@1732405534{-586536300},3C_20_66-01.txt,7.322,0.250,1.831,2,1.891,103.28,0.945,7.266,0.000
35,ec.gp.GPIndividual@1732405534{-586536300},3C_20_80-03.txt,169.439,0.250,42.360,6,9.250,21.84,1.542,7.266,0.000
35,ec.gp.GPIndividual@1732405534{-586536300},3C_20_66-02.txt,154.245,0.250,38.561,12,40.453,104.91,3.371,15.469,0.000
35,ec.gp.GPIndividual@1732405534{-586536300},3C_20_66-02.txt,154.245,0.250,38.561,1,10.141,26.30,10.141,15.469,0.000
35,ec.gp.GPIndividual@985572317{-666544088},3C_20_50-02.txt,61.404,0.250,15.351,0,0.000,0.00,0.000,0.000,0.000
35,ec.gp.GPIndividual@985572317{-666544088},3C_20_50-03.txt,30.993,0.250,7.748,5,6.016,77.64,1.203,2.344,0.734
35,ec.gp.GPIndividual@985572317{-666544088},3C_20_66-01.txt,7.322,0.250,1.831,0,0.000,0.00,0.000,2.344,0.734
35,ec.gp.GPIndividual@985572317{-666544088},3C_20_66-02.txt,154.245,0.250,38.561,0,0.000,0.00,0.000,2.344,0.734
35,ec.gp.GPIndividual@985572317{-666544088},3C_20_66-03.txt,118.340,0.250,29.585,5,7.109,24.03,1.422,2.656,0.734
35,ec.gp.GPIndividual@985572317{-666544088},3C_20_80-01.txt,4.194,0.250,1.049,0,0.000,0.00,0.000,2.656,0.734
35,ec.gp.GPIndividual@985572317{-666544088},3C_20_80-02.txt,35.738,0.250,8.935,0,0.000,0.00,0.000,2.656,0.734
35,ec.gp.GPIndividual@985572317{-666544088},3C_20_80-03.txt,169.439,0.250,42.360,0,0.000,0.00,0.000,2.656,0.734
35,ec.gp.GPIndividual@474914034{87593028},3C_20_50-02.txt,61.404,0.250,15.351,4,15.313,99.75,3.828,15.078,0.078
35,ec.gp.GPIndividual@1580497635{1167837608},3C_20_50-02.txt,61.404,0.250,15.351,0,0.000,0.00,0.000,0.000,0.000
35,ec.gp.GPIndividual@1580497635{1167837608},3C_20_50-03.txt,30.993,0.250,7.748,0,0.000,0.00,0.000,0.000,0.000
35,ec.gp.GPIndividual@1580497635{1167837608},3C_20_66-01.txt,7.322,0.250,1.831,0,0.000,0.00,0.000,0.000,0.000
35,ec.gp.GPIndividual@1580497635{1167837608},3C_20_66-02.txt,154.245,0.250,38.561,0,0.000,0.00,0.000,0.000,0.000
35,ec.gp.GPIndividual@1580497635{1167837608},3C_20_66-03.txt,118.340,0.250,29.585,0,0.000,0.00,0.000,0.000,0.000
35,ec.gp.GPIndividual@1580497635{1167837608},3C_20_80-01.txt,4.194,0.250,1.049,0,0.000,0.00,0.000,0.000,0.000
35,ec.gp.GPIndividual@1580497635{1167837608},3C_20_80-02.txt,35.738,0.250,8.935,0,0.000,0.00,0.000,0.000,0.000
35,ec.gp.GPIndividual@1580497635{1167837608},3C_20_80-03.txt,169.439,0.250,42.360,0,0.000,0.00,0.000,0.000,0.000
35,ec.gp.GPIndividual@1252852100{-1296981084},3C_20_50-02.txt,61.404,0.250,15.351,0,0.000,0.00,0.000,0.000,0.000
35,ec.gp.GPIndividual@1252852100{-1296981084},3C_20_50-03.txt,30.993,0.250,7.748,0,0.000,0.00,0.000,0.000,0.000
35,ec.gp.GPIndividual@1252852100{-1296981084},3C_20_66-01.txt,7.322,0.250,1.831,0,0.000,0.00,0.000,0.000,0.000
35,ec.gp.GPIndividual@1252852100{-1296981084},3C_20_66-02.txt,154.245,0.250,38.561,0,0.000,0.00,0.000,0.000,0.000
35,ec.gp.GPIndividual@1252852100{-1296981084},3C_20_66-03.txt,118.340,0.250,29.585,0,0.000,0.00,0.000,0.000,0.000
35,ec.gp.GPIndividual@1252852100{-1296981084},3C_20_80-01.txt,4.194,0.250,1.049,0,0.000,0.00,0.000,0.000,0.000
35,ec.gp.GPIndividual@1252852100{-1296981084},3C_20_80-02.txt,35.738,0.250,8.935,0,0.000,0.00,0.000,0.000,0.000
35,ec.gp.GPIndividual@1252852100{-1296981084},3C_20_80-03.txt,169.439,0.250,42.360,0,0.000,0.00,0.000,0.000,0.000
35,ec.gp.GPIndividual@1309945319{-1296981084},3C_20_50-02.txt,61.404,0.250,15.351,3,16.891,110.03,5.630,16.109,0.078
35,ec.gp.GPIndividual@1309945319{-1296981084},3C_20_80-03.txt,169.439,0.250,42.360,9,51.438,121.43,5.715,16.109,0.078
35,ec.gp.GPIndividual@1309945319{-1296981084},3C_20_50-03.txt,30.993,0.250,7.748,2,4.391,56.67,2.195,16.109,0.078
35,ec.gp.GPIndividual@1497008105{-715137767},3C_20_50-02.txt,61.404,0.250,15.351,7,17.188,111.96,2.455,8.406,0.156
35,ec.gp.GPIndividual@1497008105{-715137767},3C_20_50-03.txt,30.993,0.250,7.748,1,3.891,50.21,3.891,8.406,0.156
35,ec.gp.GPIndividual@1497008105{-715137767},3C_20_50-03.txt,30.993,0.250,7.748,2,4.469,57.68,2.234,8.406,0.156
35,ec.gp.GPIndividual@1497008105{-715137767},3C_20_66-01.txt,7.322,0.250,1.831,3,2.703,147.67,0.901,8.406,0.156
35,ec.gp.GPIndividual@1497008105{-715137767},3C_20_66-01.txt,7.322,0.250,1.831,1,0.438,23.90,0.438,8.406,0.156
35,ec.gp.GPIndividual@1497008105{-715137767},3C_20_66-02.txt,154.245,0.250,38.561,10,10.500,27.23,1.050,8.406,0.156
35,ec.gp.GPIndividual@1497008105{-715137767},3C_20_66-01.txt,7.322,0.250,1.831,4,1.938,105.84,0.484,8.406,0.156
35,ec.gp.GPIndividual@1497008105{-715137767},3C_20_66-03.txt,118.340,0.250,29.585,1,0.234,0.79,0.234,8.406,0.156
35,ec.gp.GPIndividual@1497008105{-715137767},3C_20_66-02.txt,154.245,0.250,38.561,8,20.453,53.04,2.557,13.031,0.156
35,ec.gp.GPIndividual@1497008105{-715137767},3C_20_66-02.txt,154.245,0.250,38.561,9,36.500,94.65,4.056,13.063,0.156
35,ec.gp.GPIndividual@1497008105{-715137767},3C_20_66-03.txt,118.340,0.250,29.585,1,2.563,8.66,2.563,13.063,0.156
35,ec.gp.GPIndividual@1497008105{-715137767},3C_20_80-01.txt,4.194,0.250,1.049,4,0.859,81.95,0.215,13.063,0.000
35,ec.gp.GPIndividual@1497008105{-715137767},3C_20_80-02.txt,35.738,0.250,8.935,9,8.828,98.81,0.981,13.063,0.000
35,ec.gp.GPIndividual@1497008105{-715137767},3C_20_80-03.txt,169.439,0.250,42.360,1,0.406,0.96,0.406,13.063,0.000
35,ec.gp.GPIndividual@1497008105{-715137767},3C_20_80-01.txt,4.194,0.250,1.049,3,0.906,86.42,0.302,13.063,0.000
35,ec.gp.GPIndividual@1497008105{-715137767},3C_20_80-02.txt,35.738,0.250,8.935,1,14.094,157.74,14.094,14.094,0.000
35,ec.gp.GPIndividual@1497008105{-715137767},3C_20_66-03.txt,118.340,0.250,29.585,9,20.484,69.24,2.276,14.094,0.000
35,ec.gp.GPIndividual@2087486292{1159970138},3C_20_50-02.txt,61.404,0.250,15.351,0,0.000,0.00,0.000,0.000,0.000
35,ec.gp.GPIndividual@2087486292{1159970138},3C_20_50-03.txt,30.993,0.250,7.748,0,0.000,0.00,0.000,0.000,0.000
35,ec.gp.GPIndividual@2087486292{1159970138},3C_20_66-01.txt,7.322,0.250,1.831,0,0.000,0.00,0.000,0.000,0.000
35,ec.gp.GPIndividual@2087486292{1159970138},3C_20_66-02.txt,154.245,0.250,38.561,0,0.000,0.00,0.000,0.000,0.000
35,ec.gp.GPIndividual@2087486292{1159970138},3C_20_66-03.txt,118.340,0.250,29.585,0,0.000,0.00,0.000,0.000,0.000
35,ec.gp.GPIndividual@2087486292{1159970138},3C_20_80-01.txt,4.194,0.250,1.049,0,0.000,0.00,0.000,0.000,0.000
35,ec.gp.GPIndividual@2087486292{1159970138},3C_20_80-02.txt,35.738,0.250,8.935,0,0.000,0.00,0.000,0.000,0.000
35,ec.gp.GPIndividual@2087486292{1159970138},3C_20_80-03.txt,169.439,0.250,42.360,0,0.000,0.00,0.000,0.000,0.000
36,ec.gp.GPIndividual@1638352425{-938199441},3C_20_50-02.txt,61.404,0.250,15.351,0,0.000,0.00,0.000,0.000,0.000
36,ec.gp.GPIndividual@1692515691{1444494953},3C_20_50-02.txt,61.404,0.250,15.351,0,0.000,0.00,0.000,0.000,0.000
36,ec.gp.GPIndividual@1692515691{1444494953},3C_20_50-02.txt,61.404,0.250,15.351,0,0.000,0.00,0.000,0.000,0.000
36,ec.gp.GPIndividual@1692515691{1444494953},3C_20_66-01.txt,7.322,0.250,1.831,0,0.000,0.00,0.000,0.000,0.000
36,ec.gp.GPIndividual@1692515691{1444494953},3C_20_66-01.txt,7.322,0.250,1.831,0,0.000,0.00,0.000,0.000,0.000
36,ec.gp.GPIndividual@1692515691{1444494953},3C_20_66-02.txt,154.245,0.250,38.561,0,0.000,0.00,0.000,0.000,0.000
36,ec.gp.GPIndividual@1692515691{1444494953},3C_20_66-02.txt,154.245,0.250,38.561,0,0.000,0.00,0.000,0.000,0.000
36,ec.gp.GPIndividual@1692515691{1444494953},3C_20_66-02.txt,154.245,0.250,38.561,0,0.000,0.00,0.000,0.000,0.000
36,ec.gp.GPIndividual@1692515691{1444494953},3C_20_66-03.txt,118.340,0.250,29.585,0,0.000,0.00,0.000,0.000,0.000
36,ec.gp.GPIndividual@1692515691{1444494953},3C_20_66-03.txt,118.340,0.250,29.585,0,0.000,0.00,0.000,0.000,0.000
36,ec.gp.GPIndividual@1692515691{1444494953},3C_20_80-01.txt,4.194,0.250,1.049,0,0.000,0.00,0.000,0.000,0.000
36,ec.gp.GPIndividual@1692515691{1444494953},3C_20_80-02.txt,35.738,0.250,8.935,0,0.000,0.00,0.000,0.000,0.000
36,ec.gp.GPIndividual@1692515691{1444494953},3C_20_80-02.txt,35.738,0.250,8.935,0,0.000,0.00,0.000,0.000,0.000
36,ec.gp.GPIndividual@1692515691{1444494953},3C_20_80-03.txt,169.439,0.250,42.360,0,0.000,0.00,0.000,0.000,0.000
36,ec.gp.GPIndividual@1692515691{1444494953},3C_20_80-03.txt,169.439,0.250,42.360,0,0.000,0.00,0.000,0.000,0.000
36,ec.gp.GPIndividual@1087286746{-422816744},3C_20_50-02.txt,61.404,0.250,15.351,0,0.000,0.00,0.000,0.000,0.000
36,ec.gp.GPIndividual@1087286746{-422816744},3C_20_50-02.txt,61.404,0.250,15.351,0,0.000,0.00,0.000,0.000,0.000
36,ec.gp.GPIndividual@2782983{788194221},3C_20_50-02.txt,61.404,0.250,15.351,0,0.000,0.00,0.000,0.000,0.000
36,ec.gp.GPIndividual@2782983{788194221},3C_20_66-01.txt,7.322,0.250,1.831,0,0.000,0.00,0.000,0.000,0.000
36,ec.gp.GPIndividual@2782983{788194221},3C_20_66-02.txt,154.245,0.250,38.561,0,0.000,0.00,0.000,0.000,0.000
36,ec.gp.GPIndividual@2782983{788194221},3C_20_66-03.txt,118.340,0.250,29.585,0,0.000,0.00,0.000,0.000,0.000
36,ec.gp.GPIndividual@2782983{788194221},3C_20_80-01.txt,4.194,0.250,1.049,0,0.000,0.00,0.000,0.000,0.000
36,ec.gp.GPIndividual@2782983{788194221},3C_20_80-02.txt,35.738,0.250,8.935,0,0.000,0.00,0.000,0.000,0.000
36,ec.gp.GPIndividual@2782983{788194221},3C_20_80-03.txt,169.439,0.250,42.360,0,0.000,0.00,0.000,0.000,0.000
36,ec.gp.GPIndividual@1657615718{1544452920},3C_20_50-02.txt,61.404,0.250,15.351,11,11.766,76.64,1.070,1.938,0.375
36,ec.gp.GPIndividual@1657615718{1544452920},3C_20_50-03.txt,30.993,0.250,7.748,3,2.766,35.69,0.922,2.047,0.344
36,ec.gp.GPIndividual@1657615718{1544452920},3C_20_50-03.txt,30.993,0.250,7.748,4,9.688,125.03,2.422,2.547,0.344
36,ec.gp.GPIndividual@1657615718{1544452920},3C_20_50-03.txt,30.993,0.250,7.748,1,0.313,4.03,0.313,2.547,0.313
36,ec.gp.GPIndividual@1657615718{1544452920},3C_20_50-03.txt,30.993,0.250,7.748,2,4.375,56.47,2.188,3.234,0.313
36,ec.gp.GPIndividual@1657615718{1544452920},3C_20_50-03.txt,30.993,0.250,7.748,3,6.078,78.45,2.026,3.328,0.313
36,ec.gp.GPIndividual@1657615718{1544452920},3C_20_50-03.txt,30.993,0.250,7.748,1,1.953,25.21,1.953,3.328,0.313
36,ec.gp.GPIndividual@1657615718{1544452920},3C_20_66-01.txt,7.322,0.250,1.831,1,3.125,170.71,3.125,3.328,0.313
36,ec.gp.GPIndividual@1657615718{1544452920},3C_20_66-01.txt,7.322,0.250,1.831,2,5.078,277.41,2.539,3.328,0.313
36,ec.gp.GPIndividual@1657615718{1544452920},3C_20_66-01.txt,7.322,0.250,1.831,3,1.844,100.72,0.615,3.328,0.172
36,ec.gp.GPIndividual@1657615718{1544452920},3C_20_66-02.txt,154.245,0.250,38.561,1,0.516,1.34,0.516,3.328,0.172
36,ec.gp.GPIndividual@1657615718{1544452920},3C_20_66-02.txt,154.245,0.250,38.561,10,18.297,47.45,1.830,3.328,0.172
36,ec.gp.GPIndividual@1657615718{1544452920},3C_20_66-03.txt,118.340,0.250,29.585,10,31.781,107.42,3.178,6.375,0.172
36,ec.gp.GPIndividual@1657615718{1544452920},3C_20_66-01.txt,7.322,0.250,1.831,1,1.266,69.14,1.266,6.375,0.172
36,ec.gp.GPIndividual@1657615718{1544452920},3C_20_80-01.txt,4.194,0.250,1.049,1,6.578,627.31,6.578,6.578,0.172
36,ec.gp.GPIndividual@1657615718{1544452920},3C_20_66-02.txt,154.245,0.250,38.561,4,12.281,31.85,3.070,7.313,0.172
36,ec.gp.GPIndividual@1657615718{1544452920},3C_20_66-03.txt,118.340,0.250,29.585,2,2.000,6.76,1.000,7.313,0.172
36,ec.gp.GPIndividual@1657615718{1544452920},3C_20_80-02.txt,35.738,0.250,8.935,1,9.656,108.08,9.656,9.656,0.172
36,ec.gp.GPIndividual@1657615718{1544452920},3C_20_66-01.txt,7.322,0.250,1.831,2,3.953,215.95,1.977,9.656,0.172
36,ec.gp.GPIndividual@1657615718{1544452920},3C_20_66-03.txt,118.340,0.250,29.585,2,1.188,4.01,0.594,9.656,0.172
36,ec.gp.GPIndividual@1657615718{1544452920},3C_20_66-02.txt,154.245,0.250,38.561,3,4.578,11.87,1.526,9.656,0.172
36,ec.gp.GPIndividual@1657615718{1544452920},3C_20_80-03.txt,169.439,0.250,42.360,2,4.078,9.63,2.039,9.656,0.172
36,ec.gp.GPIndividual@1657615718{1544452920},3C_20_66-02.txt,154.245,0.250,38.561,10,38.969,101.06,3.897,9.656,0.172
36,ec.gp.GPIndividual@1943201623{-829455676},3C_20_50-02.txt,61.404,0.250,15.351,1,1.594,10.38,1.594,1.594,1.594
36,ec.gp.GPIndividual@1943201623{-829455676},3C_20_66-03.txt,118.340,0.250,29.585,3,4.516,15.26,1.505,2.453,0.484
36,ec.gp.GPIndividual@1943201623{-829455676},3C_20_80-01.txt,4.194,0.250,1.049,1,3.406,324.83,3.406,3.406,0.484
36,ec.gp.GPIndividual@1943201623{-829455676},3C_20_80-01.txt,4.194,0.250,1.049,2,0.859,81.95,0.430,3.406,0.359
36,ec.gp.GPIndividual@1943201623{-829455676},3C_20_80-02.txt,35.738,0.250,8.935,3,7.172,80.27,2.391,4.906,0.359
36,ec.gp.GPIndividual@1943201623{-829455676},3C_20_66-01.txt,7.322,0.250,1.831,2,1.578,86.21,0.789,4.906,0.359
36,ec.gp.GPIndividual@1943201623{-829455676},3C_20_80-02.txt,35.738,0.250,8.935,6,9.063,101.43,1.510,4.906,0.359
36,ec.gp.GPIndividual@1943201623{-829455676},3C_20_66-02.txt,154.245,0.250,38.561,1,0.344,0.89,0.344,4.906,0.344
36,ec.gp.GPIndividual@1943201623{-829455676},3C_20_80-03.txt,169.439,0.250,42.360,3,3.688,8.71,1.229,4.906,0.000
36,ec.gp.GPIndividual@1943201623{-829455676},3C_20_50-03.txt,30.993,0.250,7.748,2,6.828,88.13,3.414,5.938,0.000
36,ec.gp.GPIndividual@1943201623{-829455676},3C_20_80-01.txt,4.194,0.250,1.049,1,1.359,129.63,1.359,5.938,0.000
36,ec.gp.GPIndividual@1943201623{-829455676},3C_20_80-03.txt,169.439,0.250,42.360,6,9.625,22.72,1.604,5.938,0.000
36,ec.gp.GPIndividual@1943201623{-829455676},3C_20_80-02.txt,35.738,0.250,8.935,2,12.672,141.83,6.336,11.234,0.000
36,ec.gp.GPIndividual@1943201623{-829455676},3C_20_66-03.txt,118.340,0.250,29.585,6,21.109,71.35,3.518,11.234,0.000
36,ec.gp.GPIndividual@1943201623{-829455676},3C_20_80-03.txt,169.439,0.250,42.360,4,17.500,41.31,4.375,11.234,0.000
36,ec.gp.GPIndividual@168830567{1481862196},3C_20_50-02.txt,61.404,0.250,15.351,4,18.250,118.88,4.563,9.641,0.344
36,ec.gp.GPIndividual@223958989{369955620},3C_20_50-02.txt,61.404,0.250,15.351,5,11.766,76.64,2.353,3.625,0.344
36,ec.gp.GPIndividual@463110346{-1968870610},3C_20_50-02.txt,61.404,0.250,15.351,4,15.328,99.85,3.832,7.578,0.531
36,ec.gp.GPIndividual@463110346{-1968870610},3C_20_80-01.txt,4.194,0.250,1.049,1,1.813,172.85,1.813,7.578,0.531
36,ec.gp.GPIndividual@463110346{-1968870610},3C_20_50-03.txt,30.993,0.250,7.748,4,7.313,94.38,1.828,7.578,0.422
36,ec.gp.GPIndividual@463110346{-1968870610},3C_20_66-01.txt,7.322,0.250,1.831,1,2.031,110.96,2.031,7.578,0.422
36,ec.gp.GPIndividual@463110346{-1968870610},3C_20_50-03.txt,30.993,0.250,7.748,2,2.047,26.42,1.023,7.578,0.000
36,ec.gp.GPIndividual@463110346{-1968870610},3C_20_50-03.txt,30.993,0.250,7.748,2,2.219,28.64,1.109,7.578,0.000
36,ec.gp.GPIndividual@463110346{-1968870610},3C_20_80-02.txt,35.738,0.250,8.935,3,20.578,230.32,6.859,16.469,0.000
36,ec.gp.GPIndividual@463110346{-1968870610},3C_20_66-03.txt,118.340,0.250,29.585,6,12.594,42.57,2.099,16.469,0.000
36,ec.gp.GPIndividual@463110346{-1968870610},3C_20_66-01.txt,7.322,0.250,1.831,2,2.172,118.65,1.086,16.469,0.000
36,ec.gp.GPIndividual@463110346{-1968870610},3C_20_80-03.txt,169.439,0.250,42.360,3,2.094,4.94,0.698,16.469,0.000
36,ec.gp.GPIndividual@463110346{-1968870610},3C_20_66-02.txt,154.245,0.250,38.561,12,41.734,108.23,3.478,16.469,0.000
36,ec.gp.GPIndividual@463110346{-1968870610},3C_20_66-01.txt,7.322,0.250,1.831,1,7.469,408.01,7.469,16.469,0.000
36,ec.gp.GPIndividual@463110346{-1968870610},3C_20_66-01.txt,7.322,0.250,1.831,1,3.063,167.30,3.063,16.469,0.000
36,ec.gp.GPIndividual@463110346{-1968870610},3C_20_80-01.txt,4.194,0.250,1.049,2,1.016,96.85,0.508,16.469,0.000
36,ec.gp.GPIndividual@463110346{-1968870610},3C_20_66-02.txt,154.245,0.250,38.561,1,5.391,13.98,5.391,16.469,0.000
36,ec.gp.GPIndividual@358205850{320636893},3C_20_50-02.txt,61.404,0.250,15.351,4,3.188,20.76,0.797,1.828,0.000
36,ec.gp.GPIndividual@358205850{320636893},3C_20_66-03.txt,118.340,0.250,29.585,11,30.359,102.62,2.760,15.047,0.000
36,ec.gp.GPIndividual@358205850{320636893},3C_20_66-02.txt,154.245,0.250,38.561,16,36.953,95.83,2.310,15.047,0.000
36,ec.gp.GPIndividual@358205850{320636893},3C_20_80-02.txt,35.738,0.250,8.935,3,6.031,67.50,2.010,15.047,0.000
36,ec.gp.GPIndividual@358205850{320636893},3C_20_80-01.txt,4.194,0.250,1.049,2,6.828,651.15,3.414,15.047,0.000
36,ec.gp.GPIndividual@358205850{320636893},3C_20_66-03.txt,118.340,0.250,29.585,2,0.328,1.11,0.164,15.047,0.000
36,ec.gp.GPIndividual@358205850{320636893},3C_20_80-02.txt,35.738,0.250,8.935,1,8.438,94.44,8.438,15.047,0.000
36,ec.gp.GPIndividual@358205850{320636893},3C_20_50-03.txt,30.993,0.250,7.748,2,5.203,67.15,2.602,15.047,0.000
36,ec.gp.GPIndividual@358205850{320636893},3C_20_66-03.txt,118.340,0.250,29.585,9,32.094,108.48,3.566,15.047,0.000
36,ec.gp.GPIndividual@358205850{320636893},3C_20_80-01.txt,4.194,0.250,1.049,2,1.969,187.75,0.984,15.047,0.000
36,ec.gp.GPIndividual@358205850{320636893},3C_20_80-03.txt,169.439,0.250,42.360,1,0.328,0.77,0.328,15.047,0.000
36,ec.gp.GPIndividual@358205850{320636893},3C_20_80-02.txt,35.738,0.250,8.935,1,2.813,31.48,2.813,15.047,0.000
36,ec.gp.GPIndividual@358205850{320636893},3C_20_66-02.txt,154.245,0.250,38.561,1,1.563,4.05,1.563,15.047,0.000
36,ec.gp.GPIndividual@358205850{320636893},3C_20_80-03.txt,169.439,0.250,42.360,14,41.688,98.41,2.978,15.047,0.000
36,ec.gp.GPIndividual@358205850{320636893},3C_20_80-03.txt,169.439,0.250,42.360,1,1.094,2.58,1.094,15.047,0.000
36,ec.gp.GPIndividual@358205850{320636893},3C_20_66-03.txt,118.340,0.250,29.585,1,2.328,7.87,2.328,15.047,0.000
36,ec.gp.GPIndividual@376831275{-1863106216},3C_20_50-02.txt,61.404,0.250,15.351,4,12.391,80.71,3.098,7.188,0.000
36,ec.gp.GPIndividual@572754739{114211051},3C_20_50-02.txt,61.404,0.250,15.351,3,5.516,35.93,1.839,3.281,0.375
36,ec.gp.GPIndividual@572754739{114211051},3C_20_66-01.txt,7.322,0.250,1.831,1,7.734,422.52,7.734,7.734,0.375
36,ec.gp.GPIndividual@572754739{114211051},3C_20_80-01.txt,4.194,0.250,1.049,2,2.828,269.70,1.414,7.734,0.375
36,ec.gp.GPIndividual@572754739{114211051},3C_20_50-03.txt,30.993,0.250,7.748,1,0.141,1.81,0.141,7.734,0.141
36,ec.gp.GPIndividual@572754739{114211051},3C_20_66-02.txt,154.245,0.250,38.561,14,38.938,100.98,2.781,7.734,0.141
36,ec.gp.GPIndividual@572754739{114211051},3C_20_66-03.txt,118.340,0.250,29.585,1,2.906,9.82,2.906,7.734,0.141
36,ec.gp.GPIndividual@572754739{114211051},3C_20_80-01.txt,4.194,0.250,1.049,1,0.656,62.58,0.656,7.734,0.141
36,ec.gp.GPIndividual@572754739{114211051},3C_20_80-02.txt,35.738,0.250,8.935,3,9.906,110.88,3.302,7.734,0.141
36,ec.gp.GPIndividual@572754739{114211051},3C_20_50-03.txt,30.993,0.250,7.748,5,7.922,102.24,1.584,7.734,0.141
36,ec.gp.GPIndividual@572754739{114211051},3C_20_80-03.txt,169.439,0.250,42.360,1,0.531,1.25,0.531,7.734,0.141
36,ec.gp.GPIndividual@572754739{114211051},3C_20_80-02.txt,35.738,0.250,8.935,2,1.984,22.21,0.992,7.734,0.000
36,ec.gp.GPIndividual@572754739{114211051},3C_20_66-01.txt,7.322,0.250,1.831,1,3.203,174.98,3.203,7.734,0.000
36,ec.gp.GPIndividual@572754739{114211051},3C_20_66-01.txt,7.322,0.250,1.831,2,12.734,695.66,6.367,11.875,0.000
36,ec.gp.GPIndividual@829090468{1043449360},3C_20_50-02.txt,61.404,0.250,15.351,9,15.547,101.28,1.727,6.063,0.484
36,ec.gp.GPIndividual@829090468{1043449360},3C_20_80-03.txt,169.439,0.250,42.360,2,1.891,4.46,0.945,6.063,0.484
36,ec.gp.GPIndividual@829090468{1043449360},3C_20_66-02.txt,154.245,0.250,38.561,2,3.672,9.52,1.836,6.063,0.484
36,ec.gp.GPIndividual@829090468{1043449360},3C_20_80-01.txt,4.194,0.250,1.049,2,0.875,83.44,0.438,6.063,0.359
36,ec.gp.GPIndividual@829090468{1043449360},3C_20_80-02.txt,35.738,0.250,8.935,4,10.641,119.10,2.660,6.063,0.359
36,ec.gp.GPIndividual@829090468{1043449360},3C_20_50-03.txt,30.993,0.250,7.748,3,2.734,35.29,0.911,6.063,0.000
36,ec.gp.GPIndividual@829090468{1043449360},3C_20_66-02.txt,154.245,0.250,38.561,1,1.203,3.12,1.203,6.063,0.000
36,ec.gp.GPIndividual@563549307{45628350},3C_20_50-02.txt,61.404,0.250,15.351,8,16.672,108.60,2.084,5.859,0.469
36,ec.gp.GPIndividual@1207520904{1859001536},3C_20_50-02.txt,61.404,0.250,15.351,10,15.063,98.12,1.506,3.250,0.344
36,ec.gp.GPIndividual@1207520904{1859001536},3C_20_66-03.txt,118.340,0.250,29.585,2,2.313,7.82,1.156,3.250,0.344
36,ec.gp.GPIndividual@1207520904{1859001536},3C_20_50-03.txt,30.993,0.250,7.748,4,8.094,104.46,2.023,4.281,0.344
36,ec.gp.GPIndividual@1207520904{1859001536},3C_20_66-01.txt,7.322,0.250,1.831,2,2.547,139.13,1.273,4.281,0.344
36,ec.gp.GPIndividual@1207520904{1859001536},3C_20_50-03.txt,30.993,0.250,7.748,2,3.016,38.92,1.508,4.281,0.344
36,ec.gp.GPIndividual@1207520904{1859001536},3C_20_80-03.txt,169.439,0.250,42.360,12,48.484,114.46,4.040,11.313,0.344
36,ec.gp.GPIndividual@1207520904{1859001536},3C_20_66-03.txt,118.340,0.250,29.585,2,6.250,21.13,3.125,11.313,0.344
36,ec.gp.GPIndividual@1207520904{1859001536},3C_20_80-01.txt,4.194,0.250,1.049,3,1.063,101.32,0.354,11.313,0.172
36,ec.gp.GPIndividual@1207520904{1859001536},3C_20_80-02.txt,35.738,0.250,8.935,1,5.453,61.03,5.453,11.313,0.172
36,ec.gp.GPIndividual@2107141839{-1427959475},3C_20_50-02.txt,61.404,0.250,15.351,3,15.641,101.89,5.214,7.922,0.469
36,ec.gp.GPIndividual@2107141839{-1427959475},3C_20_66-02.txt,154.245,0.250,38.561,5,14.734,38.21,2.947,7.922,0.469
36,ec.gp.GPIndividual@2107141839{-1427959475},3C_20_66-01.txt,7.322,0.250,1.831,2,3.563,194.61,1.781,7.922,0.469
36,ec.gp.GPIndividual@2107141839{-1427959475},3C_20_66-03.txt,118.340,0.250,29.585,2,2.984,10.09,1.492,7.922,0.469
36,ec.gp.GPIndividual@2107141839{-1427959475},3C_20_66-02.txt,154.245,0.250,38.561,2,8.469,21.96,4.234,7.922,0.469
36,ec.gp.GPIndividual@2107141839{-1427959475},3C_20_66-01.txt,7.322,0.250,1.831,2,4.406,240.71,2.203,7.922,0.469
36,ec.gp.GPIndividual@2107141839{-1427959475},3C_20_80-01.txt,4.194,0.250,1.049,3,2.531,241.39,0.844,7.922,0.469
36,ec.gp.GPIndividual@2107141839{-1427959475},3C_20_80-03.txt,169.439,0.250,42.360,2,0.422,1.00,0.211,7.922,0.141
36,ec.gp.GPIndividual@2107141839{-1427959475},3C_20_66-02.txt,154.245,0.250,38.561,5,9.203,23.87,1.841,7.922,0.141
36,ec.gp.GPIndividual@2107141839{-1427959475},3C_20_80-02.txt,35.738,0.250,8.935,3,10.313,115.42,3.438,7.922,0.141
36,ec.gp.GPIndividual@2107141839{-1427959475},3C_20_80-01.txt,4.194,0.250,1.049,1,1.594,151.99,1.594,7.922,0.141
36,ec.gp.GPIndividual@2107141839{-1427959475},3C_20_66-03.txt,118.340,0.250,29.585,13,31.297,105.79,2.407,7.922,0.141
36,ec.gp.GPIndividual@2107141839{-1427959475},3C_20_80-02.txt,35.738,0.250,8.935,1,0.859,9.62,0.859,7.922,0.141
36,ec.gp.GPIndividual@2107141839{-1427959475},3C_20_80-03.txt,169.439,0.250,42.360,2,7.875,18.59,3.938,7.922,0.141
36,ec.gp.GPIndividual@2107141839{-1427959475},3C_20_66-03.txt,118.340,0.250,29.585,1,7.406,25.03,7.406,7.922,0.141
36,ec.gp.GPIndividual@896150251{-248666541},3C_20_50-02.txt,61.404,0.250,15.351,3,15.859,103.31,5.286,13.422,0.328
36,ec.gp.GPIndividual@896150251{-248666541},3C_20_50-03.txt,30.993,0.250,7.748,3,6.609,85.30,2.203,13.422,0.328
36,ec.gp.GPIndividual@896150251{-248666541},3C_20_80-01.txt,4.194,0.250,1.049,1,1.609,153.48,1.609,13.422,0.328
36,ec.gp.GPIndividual@896150251{-248666541},3C_20_80-03.txt,169.439,0.250,42.360,9,23.500,55.48,2.611,13.422,0.328
36,ec.gp.GPIndividual@896150251{-248666541},3C_20_50-03.txt,30.993,0.250,7.748,2,10.813,139.55,5.406,13.422,0.328
36,ec.gp.GPIndividual@896150251{-248666541},3C_20_66-01.txt,7.322,0.250,1.831,1,3.625,198.03,3.625,13.422,0.328
36,ec.gp.GPIndividual@896150251{-248666541},3C_20_80-01.txt,4.194,0.250,1.049,2,1.359,129.63,0.680,13.422,0.328
36,ec.gp.GPIndividual@75444526{745487139},3C_20_50-02.txt,61.404,0.250,15.351,2,1.141,7.43,0.570,0.828,0.313
36,ec.gp.GPIndividual@75444526{745487139},3C_20_80-02.txt,35.738,0.250,8.935,5,8.703,97.41,1.741,3.984,0.172
36,ec.gp.GPIndividual@75444526{745487139},3C_20_66-02.txt,154.245,0.250,38.561,13,26.109,67.71,2.008,4.828,0.172
36,ec.gp.GPIndividual@75444526{745487139},3C_20_50-03.txt,30.993,0.250,7.748,3,14.891,192.18,4.964,11.828,0.172
36,ec.gp.GPIndividual@1139034737{1510501899},3C_20_50-02.txt,61.404,0.250,15.351,7,12.719,82.85,1.817,3.234,0.531
36,ec.gp.GPIndividual@1139034737{1510501899},3C_20_66-03.txt,118.340,0.250,29.585,4,17.844,60.31,4.461,6.438,0.531
36,ec.gp.GPIndividual@1139034737{1510501899},3C_20_66-01.txt,7.322,0.250,1.831,1,4.484,244.97,4.484,6.438,0.531
36,ec.gp.GPIndividual@1139034737{1510501899},3C_20_80-03.txt,169.439,0.250,42.360,10,33.906,80.04,3.391,7.453,0.531
36,ec.gp.GPIndividual@1139034737{1510501899},3C_20_80-02.txt,35.738,0.250,8.935,4,13.578,151.97,3.395,7.453,0.531
36,ec.gp.GPIndividual@1139034737{1510501899},3C_20_66-01.txt,7.322,0.250,1.831,3,4.141,226.20,1.380,7.453,0.531
36,ec.gp.GPIndividual@1139034737{1510501899},3C_20_80-01.txt,4.194,0.250,1.049,2,0.625,59.60,0.313,7.453,0.141
36,ec.gp.GPIndividual@1139034737{1510501899},3C_20_80-03.txt,169.439,0.250,42.360,3,1.000,2.36,0.333,7.453,0.000
36,ec.gp.GPIndividual@1139034737{1510501899},3C_20_66-02.txt,154.245,0.250,38.561,2,7.484,19.41,3.742,7.453,0.000
36,ec.gp.GPIndividual@740285039{1251355862},3C_20_50-02.txt,61.404,0.250,15.351,5,9.906,64.53,1.981,4.875,0.297
36,ec.gp.GPIndividual@740285039{1251355862},3C_20_66-01.txt,7.322,0.250,1.831,3,8.969,489.95,2.990,7.766,0.297
36,ec.gp.GPIndividual@740285039{1251355862},3C_20_80-01.txt,4.194,0.250,1.049,1,9.375,894.03,9.375,9.375,0.297
36,ec.gp.GPIndividual@740285039{1251355862},3C_20_80-03.txt,169.439,0.250,42.360,1,5.766,13.61,5.766,9.375,0.297
36,ec.gp.GPIndividual@740285039{1251355862},3C_20_66-03.txt,118.340,0.250,29.585,3,2.547,8.61,0.849,9.375,0.000
36,ec.gp.GPIndividual@740285039{1251355862},3C_20_66-02.txt,154.245,0.250,38.561,16,39.484,102.39,2.468,11.063,0.000
36,ec.gp.GPIndividual@740285039{1251355862},3C_20_50-03.txt,30.993,0.250,7.748,1,5.531,71.39,5.531,11.063,0.000
36,ec.gp.GPIndividual@740285039{1251355862},3C_20_80-01.txt,4.194,0.250,1.049,1,6.563,625.82,6.563,11.063,0.000
36,ec.gp.GPIndividual@740285039{1251355862},3C_20_66-03.txt,118.340,0.250,29.585,2,4.500,15.21,2.250,11.063,0.000
36,ec.gp.GPIndividual@740285039{1251355862},3C_20_80-02.txt,35.738,0.250,8.935,3,15.047,168.41,5.016,11.063,0.000
36,ec.gp.GPIndividual@1702245387{600975936},3C_20_50-02.txt,61.404,0.250,15.351,9,16.313,106.26,1.813,4.844,0.281
36,ec.gp.GPIndividual@1702245387{600975936},3C_20_80-02.txt,35.738,0.250,8.935,2,2.734,30.60,1.367,4.844,0.281
36,ec.gp.GPIndividual@1702245387{600975936},3C_20_80-01.txt,4.194,0.250,1.049,3,1.578,150.50,0.526,4.844,0.141
36,ec.gp.GPIndividual@1702245387{600975936},3C_20_80-03.txt,169.439,0.250,42.360,6,10.328,24.38,1.721,4.844,0.141
36,ec.gp.GPIndividual@1702245387{600975936},3C_20_80-02.txt,35.738,0.250,8.935,5,9.031,101.08,1.806,4.844,0.141
36,ec.gp.GPIndividual@383371685{547119827},3C_20_50-02.txt,61.404,0.250,15.351,2,1.219,7.94,0.609,1.219,0.000
36,ec.gp.GPIndividual@383371685{547119827},3C_20_66-01.txt,7.322,0.250,1.831,3,17.219,940.63,5.740,16.484,0.000
36,ec.gp.GPIndividual@383371685{547119827},3C_20_80-03.txt,169.439,0.250,42.360,3,1.250,2.95,0.417,16.484,0.000
36,ec.gp.GPIndividual@383371685{547119827},3C_20_50-03.txt,30.993,0.250,7.748,10,7.813,100.83,0.781,16.484,0.000
36,ec.gp.GPIndividual@383371685{547119827},3C_20_66-02.txt,154.245,0.250,38.561,2,0.438,1.13,0.219,16.484,0.000
36,ec.gp.GPIndividual@383371685{547119827},3C_20_66-01.txt,7.322,0.250,1.831,1,3.328,181.81,3.328,16.484,0.000
36,ec.gp.GPIndividual@2047203280{1931878647},3C_20_50-02.txt,61.404,0.250,15.351,0,0.000,0.00,0.000,0.000,0.000
36,ec.gp.GPIndividual@2047203280{1931878647},3C_20_50-03.txt,30.993,0.250,7.748,0,0.000,0.00,0.000,0.000,0.000
36,ec.gp.GPIndividual@2047203280{1931878647},3C_20_66-01.txt,7.322,0.250,1.831,0,0.000,0.00,0.000,0.000,0.000
36,ec.gp.GPIndividual@2047203280{1931878647},3C_20_66-02.txt,154.245,0.250,38.561,0,0.000,0.00,0.000,0.000,0.000
36,ec.gp.GPIndividual@2047203280{1931878647},3C_20_66-03.txt,118.340,0.250,29.585,0,0.000,0.00,0.000,0.000,0.000
36,ec.gp.GPIndividual@2047203280{1931878647},3C_20_80-01.txt,4.194,0.250,1.049,0,0.000,0.00,0.000,0.000,0.000
36,ec.gp.GPIndividual@2047203280{1931878647},3C_20_80-02.txt,35.738,0.250,8.935,0,0.000,0.00,0.000,0.000,0.000
36,ec.gp.GPIndividual@2047203280{1931878647},3C_20_80-03.txt,169.439,0.250,42.360,0,0.000,0.00,0.000,0.000,0.000
36,ec.gp.GPIndividual@1526609186{1518823094},3C_20_50-02.txt,61.404,0.250,15.351,0,0.000,0.00,0.000,0.000,0.000
36,ec.gp.GPIndividual@1526609186{1518823094},3C_20_50-03.txt,30.993,0.250,7.748,0,0.000,0.00,0.000,0.000,0.000
36,ec.gp.GPIndividual@1526609186{1518823094},3C_20_66-01.txt,7.322,0.250,1.831,0,0.000,0.00,0.000,0.000,0.000
36,ec.gp.GPIndividual@1526609186{1518823094},3C_20_66-02.txt,154.245,0.250,38.561,0,0.000,0.00,0.000,0.000,0.000
36,ec.gp.GPIndividual@1526609186{1518823094},3C_20_66-03.txt,118.340,0.250,29.585,0,0.000,0.00,0.000,0.000,0.000
36,ec.gp.GPIndividual@1526609186{1518823094},3C_20_80-01.txt,4.194,0.250,1.049,0,0.000,0.00,0.000,0.000,0.000
36,ec.gp.GPIndividual@1526609186{1518823094},3C_20_80-02.txt,35.738,0.250,8.935,0,0.000,0.00,0.000,0.000,0.000
36,ec.gp.GPIndividual@1526609186{1518823094},3C_20_80-03.txt,169.439,0.250,42.360,0,0.000,0.00,0.000,0.000,0.000
36,ec.gp.GPIndividual@1666910195{-32512379},3C_20_50-02.txt,61.404,0.250,15.351,3,2.188,14.25,0.729,1.438,0.219
36,ec.gp.GPIndividual@1666910195{-32512379},3C_20_66-02.txt,154.245,0.250,38.561,8,8.469,21.96,1.059,1.531,0.219
36,ec.gp.GPIndividual@1666910195{-32512379},3C_20_66-03.txt,118.340,0.250,29.585,5,12.641,42.73,2.528,5.563,0.219
36,ec.gp.GPIndividual@1666910195{-32512379},3C_20_80-01.txt,4.194,0.250,1.049,3,0.813,77.48,0.271,5.563,0.000
36,ec.gp.GPIndividual@1666910195{-32512379},3C_20_80-02.txt,35.738,0.250,8.935,1,1.234,13.82,1.234,5.563,0.000
36,ec.gp.GPIndividual@1666910195{-32512379},3C_20_80-03.txt,169.439,0.250,42.360,1,3.719,8.78,3.719,5.563,0.000
36,ec.gp.GPIndividual@1044099202{-387846806},3C_20_50-02.txt,61.404,0.250,15.351,4,25.609,166.82,6.402,12.609,0.172
36,ec.gp.GPIndividual@1044099202{-387846806},3C_20_66-03.txt,118.340,0.250,29.585,4,3.000,10.14,0.750,12.609,0.156
36,ec.gp.GPIndividual@1044099202{-387846806},3C_20_50-03.txt,30.993,0.250,7.748,4,6.594,85.10,1.648,12.609,0.156
36,ec.gp.GPIndividual@1044099202{-387846806},3C_20_80-01.txt,4.194,0.250,1.049,1,1.438,137.08,1.438,12.609,0.156
36,ec.gp.GPIndividual@1044099202{-387846806},3C_20_66-01.txt,7.322,0.250,1.831,4,1.547,84.50,0.387,12.609,0.156
36,ec.gp.GPIndividual@1044099202{-387846806},3C_20_80-02.txt,35.738,0.250,8.935,1,0.438,4.90,0.438,12.609,0.156
36,ec.gp.GPIndividual@1044099202{-387846806},3C_20_66-02.txt,154.245,0.250,38.561,11,18.266,47.37,1.661,12.609,0.156
36,ec.gp.GPIndividual@1044099202{-387846806},3C_20_80-03.txt,169.439,0.250,42.360,2,15.359,36.26,7.680,12.750,0.156
36,ec.gp.GPIndividual@1044099202{-387846806},3C_20_66-03.txt,118.340,0.250,29.585,1,13.000,43.94,13.000,13.000,0.156
36,ec.gp.GPIndividual@1044099202{-387846806},3C_20_80-03.txt,169.439,0.250,42.360,6,43.859,103.54,7.310,15.906,0.156
36,ec.gp.GPIndividual@1044099202{-387846806},3C_20_80-01.txt,4.194,0.250,1.049,4,0.875,83.44,0.219,15.906,0.000
36,ec.gp.GPIndividual@1044099202{-387846806},3C_20_80-02.txt,35.738,0.250,8.935,1,16.000,179.08,16.000,16.000,0.000
36,ec.gp.GPIndividual@125977601{-134462564},3C_20_50-02.txt,61.404,0.250,15.351,6,7.734,50.38,1.289,4.781,0.172
36,ec.gp.GPIndividual@1174151266{2089910741},3C_20_50-02.txt,61.404,0.250,15.351,1,1.172,7.63,1.172,1.172,1.172
36,ec.gp.GPIndividual@1174151266{2089910741},3C_20_50-03.txt,30.993,0.250,7.748,9,7.672,99.02,0.852,1.734,0.000
36,ec.gp.GPIndividual@1174151266{2089910741},3C_20_66-01.txt,7.322,0.250,1.831,1,2.250,122.91,2.250,2.250,0.000
36,ec.gp.GPIndividual@1174151266{2089910741},3C_20_80-03.txt,169.439,0.250,42.360,1,0.406,0.96,0.406,2.250,0.000
36,ec.gp.GPIndividual@1174151266{2089910741},3C_20_66-02.txt,154.245,0.250,38.561,2,0.734,1.90,0.367,2.250,0.000
36,ec.gp.GPIndividual@1174151266{2089910741},3C_20_50-03.txt,30.993,0.250,7.748,5,6.531,84.29,1.306,2.469,0.000
36,ec.gp.GPIndividual@1174151266{2089910741},3C_20_66-03.txt,118.340,0.250,29.585,1,0.797,2.69,0.797,2.469,0.000
36,ec.gp.GPIndividual@1710603206{321809987},3C_20_50-02.txt,61.404,0.250,15.351,5,6.328,41.22,1.266,2.531,0.188
36,ec.gp.GPIndividual@1710603206{321809987},3C_20_80-01.txt,4.194,0.250,1.049,3,0.719,68.54,0.240,2.531,0.000
36,ec.gp.GPIndividual@1710603206{321809987},3C_20_80-02.txt,35.738,0.250,8.935,2,2.141,23.96,1.070,2.531,0.000
36,ec.gp.GPIndividual@1710603206{321809987},3C_20_80-03.txt,169.439,0.250,42.360,2,5.484,12.95,2.742,3.016,0.000
37,ec.gp.GPIndividual@252854978{963305414},3C_20_50-02.txt,61.404,0.250,15.351,0,0.000,0.00,0.000,0.000,0.000
37,ec.gp.GPIndividual@252854978{963305414},3C_20_50-03.txt,30.993,0.250,7.748,0,0.000,0.00,0.000,0.000,0.000
37,ec.gp.GPIndividual@252854978{963305414},3C_20_66-01.txt,7.322,0.250,1.831,0,0.000,0.00,0.000,0.000,0.000
37,ec.gp.GPIndividual@252854978{963305414},3C_20_66-02.txt,154.245,0.250,38.561,0,0.000,0.00,0.000,0.000,0.000
37,ec.gp.GPIndividual@252854978{963305414},3C_20_66-03.txt,118.340,0.250,29.585,0,0.000,0.00,0.000,0.000,0.000
37,ec.gp.GPIndividual@252854978{963305414},3C_20_80-01.txt,4.194,0.250,1.049,0,0.000,0.00,0.000,0.000,0.000
37,ec.gp.GPIndividual@252854978{963305414},3C_20_80-02.txt,35.738,0.250,8.935,0,0.000,0.00,0.000,0.000,0.000
37,ec.gp.GPIndividual@252854978{963305414},3C_20_80-03.txt,169.439,0.250,42.360,0,0.000,0.00,0.000,0.000,0.000
37,ec.gp.GPIndividual@1733223781{1335707364},3C_20_50-02.txt,61.404,0.250,15.351,0,0.000,0.00,0.000,0.000,0.000
37,ec.gp.GPIndividual@1733223781{1335707364},3C_20_50-03.txt,30.993,0.250,7.748,0,0.000,0.00,0.000,0.000,0.000
37,ec.gp.GPIndividual@1733223781{1335707364},3C_20_66-01.txt,7.322,0.250,1.831,0,0.000,0.00,0.000,0.000,0.000
37,ec.gp.GPIndividual@1733223781{1335707364},3C_20_66-02.txt,154.245,0.250,38.561,0,0.000,0.00,0.000,0.000,0.000
37,ec.gp.GPIndividual@1733223781{1335707364},3C_20_66-03.txt,118.340,0.250,29.585,0,0.000,0.00,0.000,0.000,0.000
37,ec.gp.GPIndividual@1733223781{1335707364},3C_20_80-01.txt,4.194,0.250,1.049,0,0.000,0.00,0.000,0.000,0.000
37,ec.gp.GPIndividual@1733223781{1335707364},3C_20_80-02.txt,35.738,0.250,8.935,0,0.000,0.00,0.000,0.000,0.000
37,ec.gp.GPIndividual@1733223781{1335707364},3C_20_80-03.txt,169.439,0.250,42.360,0,0.000,0.00,0.000,0.000,0.000
37,ec.gp.GPIndividual@954032972{1761013055},3C_20_50-02.txt,61.404,0.250,15.351,0,0.000,0.00,0.000,0.000,0.000
37,ec.gp.GPIndividual@954032972{1761013055},3C_20_50-03.txt,30.993,0.250,7.748,0,0.000,0.00,0.000,0.000,0.000
37,ec.gp.GPIndividual@954032972{1761013055},3C_20_66-01.txt,7.322,0.250,1.831,0,0.000,0.00,0.000,0.000,0.000
37,ec.gp.GPIndividual@954032972{1761013055},3C_20_66-02.txt,154.245,0.250,38.561,0,0.000,0.00,0.000,0.000,0.000
37,ec.gp.GPIndividual@954032972{1761013055},3C_20_66-03.txt,118.340,0.250,29.585,0,0.000,0.00,0.000,0.000,0.000
37,ec.gp.GPIndividual@954032972{1761013055},3C_20_80-01.txt,4.194,0.250,1.049,0,0.000,0.00,0.000,0.000,0.000
37,ec.gp.GPIndividual@954032972{1761013055},3C_20_80-02.txt,35.738,0.250,8.935,0,0.000,0.00,0.000,0.000,0.000
37,ec.gp.GPIndividual@954032972{1761013055},3C_20_80-03.txt,169.439,0.250,42.360,20,41.234,97.34,2.062,4.875,0.344
37,ec.gp.GPIndividual@954032972{1761013055},3C_20_50-03.txt,30.993,0.250,7.748,3,6.906,89.13,2.302,4.875,0.344
37,ec.gp.GPIndividual@954032972{1761013055},3C_20_50-03.txt,30.993,0.250,7.748,1,3.000,38.72,3.000,4.875,0.344
37,ec.gp.GPIndividual@954032972{1761013055},3C_20_50-03.txt,30.993,0.250,7.748,1,5.875,75.82,5.875,5.875,0.344
37,ec.gp.GPIndividual@1782782618{-1055314978},3C_20_50-02.txt,61.404,0.250,15.351,1,1.250,8.14,1.250,1.250,1.250
37,ec.gp.GPIndividual@1782782618{-1055314978},3C_20_50-03.txt,30.993,0.250,7.748,3,7.766,100.23,2.589,4.219,0.344
37,ec.gp.GPIndividual@1782782618{-1055314978},3C_20_50-03.txt,30.993,0.250,7.748,1,1.813,23.39,1.813,4.219,0.344
37,ec.gp.GPIndividual@1782782618{-1055314978},3C_20_66-01.txt,7.322,0.250,1.831,1,1.984,108.40,1.984,4.219,0.344
37,ec.gp.GPIndividual@1782782618{-1055314978},3C_20_50-03.txt,30.993,0.250,7.748,4,10.375,133.90,2.594,4.219,0.344
37,ec.gp.GPIndividual@1782782618{-1055314978},3C_20_66-01.txt,7.322,0.250,1.831,3,1.938,105.84,0.646,4.219,0.328
37,ec.gp.GPIndividual@1782782618{-1055314978},3C_20_66-01.txt,7.322,0.250,1.831,1,3.172,173.27,3.172,4.219,0.328
37,ec.gp.GPIndividual@1782782618{-1055314978},3C_20_66-01.txt,7.322,0.250,1.831,2,2.891,157.91,1.445,4.219,0.328
37,ec.gp.GPIndividual@1782782618{-1055314978},3C_20_66-01.txt,7.322,0.250,1.831,3,0.844,46.09,0.281,4.219,0.000
37,ec.gp.GPIndividual@1782782618{-1055314978},3C_20_66-02.txt,154.245,0.250,38.561,4,3.000,7.78,0.750,4.219,0.000
37,ec.gp.GPIndividual@1782782618{-1055314978},3C_20_66-02.txt,154.245,0.250,38.561,21,35.844,92.95,1.707,4.578,0.000
37,ec.gp.GPIndividual@1782782618{-1055314978},3C_20_66-03.txt,118.340,0.250,29.585,2,4.109,13.89,2.055,4.578,0.000
37,ec.gp.GPIndividual@1782782618{-1055314978},3C_20_66-02.txt,154.245,0.250,38.561,3,7.859,20.38,2.620,4.578,0.000
37,ec.gp.GPIndividual@1782782618{-1055314978},3C_20_66-03.txt,118.340,0.250,29.585,9,33.781,114.18,3.753,7.563,0.000
37,ec.gp.GPIndividual@1782782618{-1055314978},3C_20_66-01.txt,7.322,0.250,1.831,1,3.672,200.59,3.672,7.563,0.000
37,ec.gp.GPIndividual@1782782618{-1055314978},3C_20_80-01.txt,4.194,0.250,1.049,1,2.141,204.14,2.141,7.563,0.000
37,ec.gp.GPIndividual@1782782618{-1055314978},3C_20_80-01.txt,4.194,0.250,1.049,2,1.313,125.16,0.656,7.563,0.000
37,ec.gp.GPIndividual@1782782618{-1055314978},3C_20_66-02.txt,154.245,0.250,38.561,1,0.328,0.85,0.328,7.563,0.000
37,ec.gp.GPIndividual@1782782618{-1055314978},3C_20_80-02.txt,35.738,0.250,8.935,2,1.984,22.21,0.992,7.563,0.000
37,ec.gp.GPIndividual@1782782618{-1055314978},3C_20_66-03.txt,118.340,0.250,29.585,7,21.891,73.99,3.127,13.000,0.000
37,ec.gp.GPIndividual@1782782618{-1055314978},3C_20_66-02.txt,154.245,0.250,38.561,3,15.875,41.17,5.292,14.438,0.000
37,ec.gp.GPIndividual@1782782618{-1055314978},3C_20_66-02.txt,154.245,0.250,38.561,4,6.781,17.59,1.695,14.438,0.000
37,ec.gp.GPIndividual@1782782618{-1055314978},3C_20_80-03.txt,169.439,0.250,42.360,19,43.063,101.66,2.266,14.438,0.000
37,ec.gp.GPIndividual@1782782618{-1055314978},3C_20_66-03.txt,118.340,0.250,29.585,1,1.406,4.75,1.406,14.438,0.000
37,ec.gp.GPIndividual@1334720425{1853452327},3C_20_50-02.txt,61.404,0.250,15.351,1,0.484,3.16,0.484,0.484,0.484
37,ec.gp.GPIndividual@1334720425{1853452327},3C_20_80-02.txt,35.738,0.250,8.935,2,4.141,46.34,2.070,3.641,0.484
37,ec.gp.GPIndividual@1334720425{1853452327},3C_20_66-03.txt,118.340,0.250,29.585,3,11.359,38.40,3.786,7.375,0.484
37,ec.gp.GPIndividual@1334720425{1853452327},3C_20_80-01.txt,4.194,0.250,1.049,1,1.438,137.08,1.438,7.375,0.484
37,ec.gp.GPIndividual@1334720425{1853452327},3C_20_80-03.txt,169.439,0.250,42.360,12,45.688,107.86,3.807,9.688,0.484
37,ec.gp.GPIndividual@1334720425{1853452327},3C_20_80-02.txt,35.738,0.250,8.935,1,0.516,5.77,0.516,9.688,0.484
37,ec.gp.GPIndividual@102272063{1902876274},3C_20_50-02.txt,61.404,0.250,15.351,3,7.875,51.30,2.625,3.953,0.531
37,ec.gp.GPIndividual@102272063{1902876274},3C_20_80-01.txt,4.194,0.250,1.049,1,1.938,184.77,1.938,3.953,0.531
37,ec.gp.GPIndividual@102272063{1902876274},3C_20_80-03.txt,169.439,0.250,42.360,4,11.094,26.19,2.773,7.375,0.500
37,ec.gp.GPIndividual@102272063{1902876274},3C_20_50-03.txt,30.993,0.250,7.748,2,6.156,79.45,3.078,7.375,0.500
37,ec.gp.GPIndividual@102272063{1902876274},3C_20_80-01.txt,4.194,0.250,1.049,1,2.734,260.76,2.734,7.375,0.500
37,ec.gp.GPIndividual@102272063{1902876274},3C_20_50-03.txt,30.993,0.250,7.748,2,13.453,173.63,6.727,12.969,0.484
37,ec.gp.GPIndividual@102272063{1902876274},3C_20_66-03.txt,118.340,0.250,29.585,3,6.875,23.24,2.292,12.969,0.484
37,ec.gp.GPIndividual@102272063{1902876274},3C_20_80-02.txt,35.738,0.250,8.935,2,9.563,107.03,4.781,12.969,0.484
37,ec.gp.GPIndividual@102272063{1902876274},3C_20_66-01.txt,7.322,0.250,1.831,2,1.938,105.84,0.969,12.969,0.156
37,ec.gp.GPIndividual@102272063{1902876274},3C_20_80-02.txt,35.738,0.250,8.935,1,1.047,11.72,1.047,12.969,0.156
37,ec.gp.GPIndividual@2022821916{1231374979},3C_20_50-02.txt,61.404,0.250,15.351,10,20.641,134.46,2.064,5.969,0.344
37,ec.gp.GPIndividual@2022821916{1231374979},3C_20_80-01.txt,4.194,0.250,1.049,1,1.359,129.63,1.359,5.969,0.344
37,ec.gp.GPIndividual@2022821916{1231374979},3C_20_66-02.txt,154.245,0.250,38.561,2,0.313,0.81,0.156,5.969,0.000
37,ec.gp.GPIndividual@2022821916{1231374979},3C_20_50-03.txt,30.993,0.250,7.748,7,7.438,95.99,1.063,5.969,0.000
37,ec.gp.GPIndividual@2022821916{1231374979},3C_20_80-03.txt,169.439,0.250,42.360,2,1.453,3.43,0.727,5.969,0.000
37,ec.gp.GPIndividual@2022821916{1231374979},3C_20_66-01.txt,7.322,0.250,1.831,2,1.734,94.75,0.867,5.969,0.000
37,ec.gp.GPIndividual@2022821916{1231374979},3C_20_80-03.txt,169.439,0.250,42.360,7,11.453,27.04,1.636,5.969,0.000
37,ec.gp.GPIndividual@2022821916{1231374979},3C_20_80-02.txt,35.738,0.250,8.935,1,1.453,16.26,1.453,5.969,0.000
37,ec.gp.GPIndividual@2022821916{1231374979},3C_20_66-03.txt,118.340,0.250,29.585,11,29.656,100.24,2.696,6.016,0.000
37,ec.gp.GPIndividual@2022821916{1231374979},3C_20_66-02.txt,154.245,0.250,38.561,1,2.734,7.09,2.734,6.016,0.000
37,ec.gp.GPIndividual@1219660754{713843654},3C_20_50-02.txt,61.404,0.250,15.351,1,6.422,41.83,6.422,6.422,6.422
37,ec.gp.GPIndividual@1219660754{713843654},3C_20_80-01.txt,4.194,0.250,1.049,1,0.859,81.95,0.859,6.422,0.859
37,ec.gp.GPIndividual@1219660754{713843654},3C_20_80-03.txt,169.439,0.250,42.360,3,6.156,14.53,2.052,6.422,0.484
37,ec.gp.GPIndividual@254275250{-938199441},3C_20_50-02.txt,61.404,0.250,15.351,6,9.125,59.44,1.521,2.625,0.344
37,ec.gp.GPIndividual@254275250{-938199441},3C_20_80-02.txt,35.738,0.250,8.935,2,9.063,101.43,4.531,7.203,0.344
37,ec.gp.GPIndividual@254275250{-938199441},3C_20_50-03.txt,30.993,0.250,7.748,1,0.844,10.89,0.844,7.203,0.344
37,ec.gp.GPIndividual@254275250{-938199441},3C_20_66-01.txt,7.322,0.250,1.831,1,2.391,130.60,2.391,7.203,0.344
37,ec.gp.GPIndividual@254275250{-938199441},3C_20_50-03.txt,30.993,0.250,7.748,3,4.219,54.45,1.406,7.203,0.344
37,ec.gp.GPIndividual@254275250{-938199441},3C_20_80-03.txt,169.439,0.250,42.360,11,31.266,73.81,2.842,7.203,0.344
37,ec.gp.GPIndividual@1591015864{1043449360},3C_20_50-02.txt,61.404,0.250,15.351,7,15.031,97.92,2.147,4.438,0.359
37,ec.gp.GPIndividual@1591015864{1043449360},3C_20_50-03.txt,30.993,0.250,7.748,1,10.609,136.93,10.609,10.609,0.359
37,ec.gp.GPIndividual@1591015864{1043449360},3C_20_66-03.txt,118.340,0.250,29.585,2,1.828,6.18,0.914,10.609,0.000
37,ec.gp.GPIndividual@1591015864{1043449360},3C_20_66-01.txt,7.322,0.250,1.831,1,7.047,384.96,7.047,10.609,0.000
37,ec.gp.GPIndividual@1591015864{1043449360},3C_20_66-01.txt,7.322,0.250,1.831,5,11.234,613.72,2.247,10.609,0.000
37,ec.gp.GPIndividual@1591015864{1043449360},3C_20_66-02.txt,154.245,0.250,38.561,2,16.203,42.02,8.102,14.781,0.000
37,ec.gp.GPIndividual@1591015864{1043449360},3C_20_66-02.txt,154.245,0.250,38.561,15,44.719,115.97,2.981,14.781,0.000
37,ec.gp.GPIndividual@1310247040{-908343072},3C_20_50-02.txt,61.404,0.250,15.351,2,3.094,20.15,1.547,2.734,0.359
37,ec.gp.GPIndividual@1310247040{-908343072},3C_20_66-03.txt,118.340,0.250,29.585,2,4.875,16.48,2.438,3.422,0.359
37,ec.gp.GPIndividual@1310247040{-908343072},3C_20_80-01.txt,4.194,0.250,1.049,0,0.000,0.00,0.000,3.422,0.359
37,ec.gp.GPIndividual@1310247040{-908343072},3C_20_66-03.txt,118.340,0.250,29.585,8,29.297,99.03,3.662,15.500,0.000
37,ec.gp.GPIndividual@1310247040{-908343072},3C_20_66-02.txt,154.245,0.250,38.561,11,40.656,105.43,3.696,15.500,0.000
37,ec.gp.GPIndividual@1310247040{-908343072},3C_20_80-01.txt,4.194,0.250,1.049,1,0.703,67.05,0.703,15.500,0.000
37,ec.gp.GPIndividual@1310247040{-908343072},3C_20_80-01.txt,4.194,0.250,1.049,2,2.063,196.69,1.031,15.500,0.000
37,ec.gp.GPIndividual@1310247040{-908343072},3C_20_66-03.txt,118.340,0.250,29.585,4,7.125,24.08,1.781,15.500,0.000
37,ec.gp.GPIndividual@1310247040{-908343072},3C_20_66-01.txt,7.322,0.250,1.831,2,2.016,110.11,1.008,15.500,0.000
37,ec.gp.GPIndividual@1310247040{-908343072},3C_20_80-02.txt,35.738,0.250,8.935,1,1.156,12.94,1.156,15.500,0.000
37,ec.gp.GPIndividual@1310247040{-908343072},3C_20_80-02.txt,35.738,0.250,8.935,6,8.109,90.76,1.352,15.500,0.000
37,ec.gp.GPIndividual@1310247040{-908343072},3C_20_80-03.txt,169.439,0.250,42.360,2,4.109,9.70,2.055,15.500,0.000
37,ec.gp.GPIndividual@1310247040{-908343072},3C_20_80-02.txt,35.738,0.250,8.935,4,10.125,113.32,2.531,15.500,0.000
37,ec.gp.GPIndividual@1310247040{-908343072},3C_20_80-01.txt,4.194,0.250,1.049,1,10.703,1020.69,10.703,15.500,0.000
37,ec.gp.GPIndividual@1310247040{-908343072},3C_20_50-03.txt,30.993,0.250,7.748,7,7.766,100.23,1.109,15.500,0.000
37,ec.gp.GPIndividual@1310247040{-908343072},3C_20_80-03.txt,169.439,0.250,42.360,1,1.578,3.73,1.578,15.500,0.000
37,ec.gp.GPIndividual@1310247040{-908343072},3C_20_66-02.txt,154.245,0.250,38.561,1,1.047,2.71,1.047,15.500,0.000
37,ec.gp.GPIndividual@1310247040{-908343072},3C_20_80-03.txt,169.439,0.250,42.360,1,0.672,1.59,0.672,15.500,0.000
37,ec.gp.GPIndividual@1310247040{-908343072},3C_20_80-02.txt,35.738,0.250,8.935,2,9.203,103.01,4.602,15.500,0.000
37,ec.gp.GPIndividual@787179434{966103311},3C_20_50-02.txt,61.404,0.250,15.351,4,7.297,47.53,1.824,2.344,0.531
37,ec.gp.GPIndividual@787179434{966103311},3C_20_66-01.txt,7.322,0.250,1.831,2,2.719,148.52,1.359,2.344,0.531
37,ec.gp.GPIndividual@787179434{966103311},3C_20_66-03.txt,118.340,0.250,29.585,1,0.313,1.06,0.313,2.344,0.313
37,ec.gp.GPIndividual@787179434{966103311},3C_20_80-03.txt,169.439,0.250,42.360,13,40.094,94.65,3.084,6.469,0.313
37,ec.gp.GPIndividual@1129194594{-387846806},3C_20_50-02.txt,61.404,0.250,15.351,5,23.500,153.08,4.700,10.828,0.531
37,ec.gp.GPIndividual@1820061812{1918273744},3C_20_50-02.txt,61.404,0.250,15.351,1,7.359,47.94,7.359,7.359,7.359
37,ec.gp.GPIndividual@1820061812{1918273744},3C_20_50-03.txt,30.993,0.250,7.748,3,4.469,57.68,1.490,7.359,0.484
37,ec.gp.GPIndividual@1820061812{1918273744},3C_20_66-02.txt,154.245,0.250,38.561,2,18.375,47.65,9.188,13.828,0.484
37,ec.gp.GPIndividual@1151730465{-355743793},3C_20_50-02.txt,61.404,0.250,15.351,9,15.094,98.32,1.677,3.172,0.172
37,ec.gp.GPIndividual@1151730465{-355743793},3C_20_66-03.txt,118.340,0.250,29.585,1,0.703,2.38,0.703,3.172,0.172
37,ec.gp.GPIndividual@1151730465{-355743793},3C_20_50-03.txt,30.993,0.250,7.748,1,1.391,17.95,1.391,3.172,0.172
37,ec.gp.GPIndividual@1151730465{-355743793},3C_20_50-03.txt,30.993,0.250,7.748,4,6.891,88.93,1.723,3.172,0.000
37,ec.gp.GPIndividual@1151730465{-355743793},3C_20_66-01.txt,7.322,0.250,1.831,1,1.984,108.40,1.984,3.172,0.000
37,ec.gp.GPIndividual@1151730465{-355743793},3C_20_50-03.txt,30.993,0.250,7.748,6,7.688,99.22,1.281,3.234,0.000
37,ec.gp.GPIndividual@1151730465{-355743793},3C_20_66-01.txt,7.322,0.250,1.831,2,1.406,76.82,0.703,3.234,0.000
37,ec.gp.GPIndividual@1151730465{-355743793},3C_20_66-02.txt,154.245,0.250,38.561,2,2.453,6.36,1.227,3.234,0.000
37,ec.gp.GPIndividual@1151730465{-355743793},3C_20_66-01.txt,7.322,0.250,1.831,1,3.156,172.42,3.156,3.234,0.000
37,ec.gp.GPIndividual@1151730465{-355743793},3C_20_66-01.txt,7.322,0.250,1.831,2,1.875,102.43,0.938,3.234,0.000
37,ec.gp.GPIndividual@1151730465{-355743793},3C_20_66-02.txt,154.245,0.250,38.561,2,6.547,16.98,3.273,5.984,0.000
37,ec.gp.GPIndividual@1151730465{-355743793},3C_20_66-02.txt,154.245,0.250,38.561,13,34.344,89.06,2.642,13.656,0.000
37,ec.gp.GPIndividual@1151730465{-355743793},3C_20_80-01.txt,4.194,0.250,1.049,2,1.797,171.36,0.898,13.656,0.000
37,ec.gp.GPIndividual@1151730465{-355743793},3C_20_80-02.txt,35.738,0.250,8.935,0,0.000,0.00,0.000,13.656,0.000
37,ec.gp.GPIndividual@1151730465{-355743793},3C_20_66-03.txt,118.340,0.250,29.585,12,31.359,106.00,2.613,13.656,0.000
37,ec.gp.GPIndividual@1151730465{-355743793},3C_20_80-01.txt,4.194,0.250,1.049,2,0.922,87.91,0.461,13.656,0.000
37,ec.gp.GPIndividual@1151730465{-355743793},3C_20_80-02.txt,35.738,0.250,8.935,3,12.391,138.68,4.130,13.656,0.000
37,ec.gp.GPIndividual@1151730465{-355743793},3C_20_66-03.txt,118.340,0.250,29.585,1,8.734,29.52,8.734,13.656,0.000
37,ec.gp.GPIndividual@1151730465{-355743793},3C_20_66-03.txt,118.340,0.250,29.585,4,16.781,56.72,4.195,13.656,0.000
37,ec.gp.GPIndividual@1151730465{-355743793},3C_20_80-01.txt,4.194,0.250,1.049,2,1.844,175.83,0.922,13.656,0.000
37,ec.gp.GPIndividual@1151730465{-355743793},3C_20_80-03.txt,169.439,0.250,42.360,3,3.297,7.78,1.099,13.656,0.000
37,ec.gp.GPIndividual@1151730465{-355743793},3C_20_80-02.txt,35.738,0.250,8.935,2,12.500,139.91,6.250,13.656,0.000
37,ec.gp.GPIndividual@1151730465{-355743793},3C_20_80-01.txt,4.194,0.250,1.049,1,5.813,554.30,5.813,13.656,0.000
37,ec.gp.GPIndividual@1151730465{-355743793},3C_20_80-03.txt,169.439,0.250,42.360,3,9.766,23.05,3.255,13.656,0.000
37,ec.gp.GPIndividual@1151730465{-355743793},3C_20_66-02.txt,154.245,0.250,38.561,1,1.156,3.00,1.156,13.656,0.000
37,ec.gp.GPIndividual@1151730465{-355743793},3C_20_80-01.txt,4.194,0.250,1.049,1,6.266,597.51,6.266,13.656,0.000
37,ec.gp.GPIndividual@1798535329{-387846806},3C_20_50-02.txt,61.404,0.250,15.351,12,15.922,103.72,1.327,2.516,0.484
37,ec.gp.GPIndividual@1798535329{-387846806},3C_20_80-03.txt,169.439,0.250,42.360,1,0.344,0.81,0.344,2.516,0.344
37,ec.gp.GPIndividual@1798535329{-387846806},3C_20_66-03.txt,118.340,0.250,29.585,2,2.594,8.77,1.297,2.516,0.344
37,ec.gp.GPIndividual@1798535329{-387846806},3C_20_80-02.txt,35.738,0.250,8.935,2,9.609,107.55,4.805,5.594,0.344
37,ec.gp.GPIndividual@1798535329{-387846806},3C_20_80-02.txt,35.738,0.250,8.935,4,6.844,76.60,1.711,5.594,0.344
37,ec.gp.GPIndividual@1798535329{-387846806},3C_20_50-03.txt,30.993,0.250,7.748,3,6.375,82.28,2.125,5.594,0.344
37,ec.gp.GPIndividual@1407775921{1823154420},3C_20_50-02.txt,61.404,0.250,15.351,5,15.516,101.07,3.103,6.344,0.469
37,ec.gp.GPIndividual@1407775921{1823154420},3C_20_80-01.txt,4.194,0.250,1.049,1,3.156,300.99,3.156,6.344,0.469
37,ec.gp.GPIndividual@1407775921{1823154420},3C_20_66-01.txt,7.322,0.250,1.831,2,2.016,110.11,1.008,6.344,0.469
37,ec.gp.GPIndividual@1407775921{1823154420},3C_20_80-03.txt,169.439,0.250,42.360,7,9.609,22.69,1.373,6.344,0.469
37,ec.gp.GPIndividual@605572534{-1572043313},3C_20_50-02.txt,61.404,0.250,15.351,6,8.859,57.71,1.477,2.625,0.313
37,ec.gp.GPIndividual@605572534{-1572043313},3C_20_80-02.txt,35.738,0.250,8.935,5,12.641,141.48,2.528,5.984,0.313
37,ec.gp.GPIndividual@1235650611{-1308971517},3C_20_50-02.txt,61.404,0.250,15.351,4,14.516,94.56,3.629,12.125,0.297
37,ec.gp.GPIndividual@1235650611{-1308971517},3C_20_80-03.txt,169.439,0.250,42.360,2,16.203,38.25,8.102,16.203,0.000
37,ec.gp.GPIndividual@1235650611{-1308971517},3C_20_66-02.txt,154.245,0.250,38.561,3,3.297,8.55,1.099,16.203,0.000
37,ec.gp.GPIndividual@1235650611{-1308971517},3C_20_66-03.txt,118.340,0.250,29.585,7,18.438,62.32,2.634,16.203,0.000
37,ec.gp.GPIndividual@1235650611{-1308971517},3C_20_80-01.txt,4.194,0.250,1.049,2,1.625,154.97,0.813,16.203,0.000
37,ec.gp.GPIndividual@1235650611{-1308971517},3C_20_66-03.txt,118.340,0.250,29.585,2,0.266,0.90,0.133,16.203,0.000
37,ec.gp.GPIndividual@1235650611{-1308971517},3C_20_80-02.txt,35.738,0.250,8.935,1,1.547,17.31,1.547,16.203,0.000
37,ec.gp.GPIndividual@1235650611{-1308971517},3C_20_80-03.txt,169.439,0.250,42.360,1,6.422,15.16,6.422,16.203,0.000
37,ec.gp.GPIndividual@1235650611{-1308971517},3C_20_50-03.txt,30.993,0.250,7.748,2,6.422,82.88,3.211,16.203,0.000
37,ec.gp.GPIndividual@1235650611{-1308971517},3C_20_80-01.txt,4.194,0.250,1.049,1,7.922,755.46,7.922,16.203,0.000
37,ec.gp.GPIndividual@1450824262{928420699},3C_20_50-02.txt,61.404,0.250,15.351,1,4.750,30.94,4.750,4.750,4.750
37,ec.gp.GPIndividual@1429296835{736902032},3C_20_50-02.txt,61.404,0.250,15.351,9,24.094,156.95,2.677,15.094,0.250
37,ec.gp.GPIndividual@1429296835{736902032},3C_20_66-02.txt,154.245,0.250,38.561,3,6.406,16.61,2.135,15.094,0.250
37,ec.gp.GPIndividual@1429296835{736902032},3C_20_80-02.txt,35.738,0.250,8.935,2,4.984,55.79,2.492,15.094,0.250
37,ec.gp.GPIndividual@1429296835{736902032},3C_20_66-01.txt,7.322,0.250,1.831,2,3.063,167.30,1.531,15.094,0.250
37,ec.gp.GPIndividual@1429296835{736902032},3C_20_50-03.txt,30.993,0.250,7.748,3,3.656,47.19,1.219,15.094,0.250
37,ec.gp.GPIndividual@1429296835{736902032},3C_20_66-02.txt,154.245,0.250,38.561,4,6.047,15.68,1.512,15.094,0.250
37,ec.gp.GPIndividual@1429296835{736902032},3C_20_50-03.txt,30.993,0.250,7.748,6,7.875,101.64,1.313,15.094,0.141
37,ec.gp.GPIndividual@1429296835{736902032},3C_20_66-01.txt,7.322,0.250,1.831,2,2.031,110.96,1.016,15.094,0.141
37,ec.gp.GPIndividual@1429296835{736902032},3C_20_66-03.txt,118.340,0.250,29.585,1,0.422,1.43,0.422,15.094,0.141
37,ec.gp.GPIndividual@1429296835{736902032},3C_20_66-03.txt,118.340,0.250,29.585,11,26.094,88.20,2.372,15.094,0.141
37,ec.gp.GPIndividual@1429296835{736902032},3C_20_66-01.txt,7.322,0.250,1.831,1,2.766,151.08,2.766,15.094,0.141
37,ec.gp.GPIndividual@1429296835{736902032},3C_20_80-01.txt,4.194,0.250,1.049,1,3.016,287.58,3.016,15.094,0.141
37,ec.gp.GPIndividual@1429296835{736902032},3C_20_80-01.txt,4.194,0.250,1.049,2,1.172,111.75,0.586,15.094,0.141
37,ec.gp.GPIndividual@1429296835{736902032},3C_20_66-02.txt,154.245,0.250,38.561,1,0.281,0.73,0.281,15.094,0.141
37,ec.gp.GPIndividual@1429296835{736902032},3C_20_80-02.txt,35.738,0.250,8.935,8,8.578,96.01,1.072,15.094,0.141
37,ec.gp.GPIndividual@1429296835{736902032},3C_20_66-03.txt,118.340,0.250,29.585,1,10.125,34.22,10.125,15.094,0.141
37,ec.gp.GPIndividual@1429296835{736902032},3C_20_80-03.txt,169.439,0.250,42.360,2,8.938,21.10,4.469,15.094,0.141
37,ec.gp.GPIndividual@1429296835{736902032},3C_20_80-02.txt,35.738,0.250,8.935,1,0.766,8.57,0.766,15.094,0.141
37,ec.gp.GPIndividual@1429296835{736902032},3C_20_80-03.txt,169.439,0.250,42.360,10,37.516,88.56,3.752,15.094,0.141
37,ec.gp.GPIndividual@1429296835{736902032},3C_20_66-02.txt,154.245,0.250,38.561,1,9.281,24.07,9.281,15.094,0.141
37,ec.gp.GPIndividual@708947014{853265413},3C_20_50-02.txt,61.404,0.250,15.351,3,16.438,107.08,5.479,8.625,0.281
37,ec.gp.GPIndividual@708947014{853265413},3C_20_80-01.txt,4.194,0.250,1.049,0,0.000,0.00,0.000,8.625,0.281
37,ec.gp.GPIndividual@708947014{853265413},3C_20_80-03.txt,169.439,0.250,42.360,8,21.750,51.35,2.719,13.719,0.281
37,ec.gp.GPIndividual@950509960{1676261053},3C_20_50-02.txt,61.404,0.250,15.351,1,0.000,0.00,0.000,0.000,0.000
37,ec.gp.GPIndividual@950509960{1676261053},3C_20_50-03.txt,30.993,0.250,7.748,1,0.000,0.00,0.000,0.000,0.000
37,ec.gp.GPIndividual@950509960{1676261053},3C_20_66-01.txt,7.322,0.250,1.831,1,0.000,0.00,0.000,0.000,0.000
37,ec.gp.GPIndividual@950509960{1676261053},3C_20_66-02.txt,154.245,0.250,38.561,1,0.000,0.00,0.000,0.000,0.000
37,ec.gp.GPIndividual@950509960{1676261053},3C_20_66-03.txt,118.340,0.250,29.585,1,0.000,0.00,0.000,0.000,0.000
37,ec.gp.GPIndividual@950509960{1676261053},3C_20_80-01.txt,4.194,0.250,1.049,1,0.000,0.00,0.000,0.000,0.000
37,ec.gp.GPIndividual@950509960{1676261053},3C_20_80-02.txt,35.738,0.250,8.935,1,0.000,0.00,0.000,0.000,0.000
37,ec.gp.GPIndividual@950509960{1676261053},3C_20_80-03.txt,169.439,0.250,42.360,1,0.000,0.00,0.000,0.000,0.000
37,ec.gp.GPIndividual@1254288332{1089139693},3C_20_50-02.txt,61.404,0.250,15.351,8,16.281,106.06,2.035,4.734,0.406
37,ec.gp.GPIndividual@1254288332{1089139693},3C_20_80-02.txt,35.738,0.250,8.935,3,4.563,51.07,1.521,4.734,0.406
37,ec.gp.GPIndividual@1254288332{1089139693},3C_20_66-03.txt,118.340,0.250,29.585,2,4.578,15.47,2.289,4.734,0.406
37,ec.gp.GPIndividual@1125992036{-1690840403},3C_20_50-02.txt,61.404,0.250,15.351,9,16.750,109.11,1.861,4.578,0.313
37,ec.gp.GPIndividual@1125992036{-1690840403},3C_20_80-01.txt,4.194,0.250,1.049,1,1.297,123.67,1.297,4.578,0.313
37,ec.gp.GPIndividual@1125992036{-1690840403},3C_20_80-03.txt,169.439,0.250,42.360,1,2.484,5.86,2.484,4.578,0.313
37,ec.gp.GPIndividual@1125992036{-1690840403},3C_20_50-03.txt,30.993,0.250,7.748,2,1.703,21.98,0.852,4.578,0.313
37,ec.gp.GPIndividual@1125992036{-1690840403},3C_20_50-03.txt,30.993,0.250,7.748,2,5.672,73.20,2.836,4.828,0.313
37,ec.gp.GPIndividual@1125992036{-1690840403},3C_20_50-03.txt,30.993,0.250,7.748,4,7.797,100.63,1.949,4.828,0.141
37,ec.gp.GPIndividual@1125992036{-1690840403},3C_20_66-01.txt,7.322,0.250,1.831,2,2.094,114.38,1.047,4.828,0.141
37,ec.gp.GPIndividual@1125992036{-1690840403},3C_20_66-01.txt,7.322,0.250,1.831,1,4.859,265.46,4.859,4.859,0.141
37,ec.gp.GPIndividual@1699963049{474370097},3C_20_50-02.txt,61.404,0.250,15.351,1,2.656,17.30,2.656,2.656,2.656
37,ec.gp.GPIndividual@1699963049{474370097},3C_20_80-02.txt,35.738,0.250,8.935,1,0.516,5.77,0.516,2.656,0.516
37,ec.gp.GPIndividual@1699963049{474370097},3C_20_66-02.txt,154.245,0.250,38.561,23,39.469,102.35,1.716,5.688,0.359
37,ec.gp.GPIndividual@1699963049{474370097},3C_20_80-03.txt,169.439,0.250,42.360,1,3.563,8.41,3.563,5.688,0.359
37,ec.gp.GPIndividual@1699963049{474370097},3C_20_66-03.txt,118.340,0.250,29.585,1,4.563,15.42,4.563,5.688,0.359
37,ec.gp.GPIndividual@1699963049{474370097},3C_20_50-03.txt,30.993,0.250,7.748,1,1.328,17.14,1.328,5.688,0.359
37,ec.gp.GPIndividual@1699963049{474370097},3C_20_66-01.txt,7.322,0.250,1.831,1,6.453,352.52,6.453,6.453,0.359
37,ec.gp.GPIndividual@1699963049{474370097},3C_20_66-02.txt,154.245,0.250,38.561,17,37.625,97.57,2.213,6.453,0.359
37,ec.gp.GPIndividual@1699963049{474370097},3C_20_80-01.txt,4.194,0.250,1.049,2,5.172,493.21,2.586,6.453,0.359
37,ec.gp.GPIndividual@1699963049{474370097},3C_20_66-01.txt,7.322,0.250,1.831,1,0.266,14.51,0.266,6.453,0.266
37,ec.gp.GPIndividual@1699963049{474370097},3C_20_80-02.txt,35.738,0.250,8.935,3,14.891,166.66,4.964,7.516,0.266
37,ec.gp.GPIndividual@1751744247{-1083617739},3C_20_50-02.txt,61.404,0.250,15.351,1,0.000,0.00,0.000,0.000,0.000
37,ec.gp.GPIndividual@1751744247{-1083617739},3C_20_50-03.txt,30.993,0.250,7.748,1,0.000,0.00,0.000,0.000,0.000
37,ec.gp.GPIndividual@1751744247{-1083617739},3C_20_66-01.txt,7.322,0.250,1.831,1,0.000,0.00,0.000,0.000,0.000
37,ec.gp.GPIndividual@1751744247{-1083617739},3C_20_66-02.txt,154.245,0.250,38.561,1,0.000,0.00,0.000,0.000,0.000
37,ec.gp.GPIndividual@1751744247{-1083617739},3C_20_66-03.txt,118.340,0.250,29.585,1,0.000,0.00,0.000,0.000,0.000
37,ec.gp.GPIndividual@1751744247{-1083617739},3C_20_80-01.txt,4.194,0.250,1.049,1,0.000,0.00,0.000,0.000,0.000
37,ec.gp.GPIndividual@1751744247{-1083617739},3C_20_80-02.txt,35.738,0.250,8.935,1,0.000,0.00,0.000,0.000,0.000
37,ec.gp.GPIndividual@1751744247{-1083617739},3C_20_80-03.txt,169.439,0.250,42.360,1,0.000,0.00,0.000,0.000,0.000
37,ec.gp.GPIndividual@1452856359{781213232},3C_20_50-02.txt,61.404,0.250,15.351,6,13.688,89.16,2.281,10.453,0.094
37,ec.gp.GPIndividual@1452856359{781213232},3C_20_80-03.txt,169.439,0.250,42.360,1,5.328,12.58,5.328,10.453,0.094
37,ec.gp.GPIndividual@1452856359{781213232},3C_20_50-03.txt,30.993,0.250,7.748,5,7.500,96.80,1.500,10.453,0.094
37,ec.gp.GPIndividual@814433983{781213232},3C_20_50-02.txt,61.404,0.250,15.351,5,6.750,43.97,1.350,5.766,0.031
37,ec.gp.GPIndividual@814433983{781213232},3C_20_50-03.txt,30.993,0.250,7.748,4,4.781,61.71,1.195,5.766,0.031
37,ec.gp.GPIndividual@814433983{781213232},3C_20_66-01.txt,7.322,0.250,1.831,7,1.453,79.38,0.208,5.766,0.000
37,ec.gp.GPIndividual@814433983{781213232},3C_20_66-02.txt,154.245,0.250,38.561,9,28.281,73.34,3.142,10.797,0.000
37,ec.gp.GPIndividual@814433983{781213232},3C_20_66-03.txt,118.340,0.250,29.585,5,20.281,68.55,4.056,10.797,0.000
37,ec.gp.GPIndividual@814433983{781213232},3C_20_80-01.txt,4.194,0.250,1.049,3,0.641,61.09,0.214,10.797,0.000
37,ec.gp.GPIndividual@814433983{781213232},3C_20_80-02.txt,35.738,0.250,8.935,6,4.234,47.39,0.706,10.797,0.000
37,ec.gp.GPIndividual@814433983{781213232},3C_20_80-03.txt,169.439,0.250,42.360,2,17.422,41.13,8.711,16.641,0.000
38,ec.gp.GPIndividual@1108768476{-312392708},3C_20_50-02.txt,61.404,0.250,15.351,0,0.000,0.00,0.000,0.000,0.000
38,ec.gp.GPIndividual@1108768476{-312392708},3C_20_50-03.txt,30.993,0.250,7.748,0,0.000,0.00,0.000,0.000,0.000
38,ec.gp.GPIndividual@1108768476{-312392708},3C_20_66-01.txt,7.322,0.250,1.831,0,0.000,0.00,0.000,0.000,0.000
38,ec.gp.GPIndividual@1108768476{-312392708},3C_20_66-02.txt,154.245,0.250,38.561,0,0.000,0.00,0.000,0.000,0.000
38,ec.gp.GPIndividual@1108768476{-312392708},3C_20_66-03.txt,118.340,0.250,29.585,0,0.000,0.00,0.000,0.000,0.000
38,ec.gp.GPIndividual@1108768476{-312392708},3C_20_80-01.txt,4.194,0.250,1.049,0,0.000,0.00,0.000,0.000,0.000
38,ec.gp.GPIndividual@1108768476{-312392708},3C_20_80-02.txt,35.738,0.250,8.935,0,0.000,0.00,0.000,0.000,0.000
38,ec.gp.GPIndividual@1108768476{-312392708},3C_20_80-03.txt,169.439,0.250,42.360,0,0.000,0.00,0.000,0.000,0.000
38,ec.gp.GPIndividual@1619481467{-267102414},3C_20_50-02.txt,61.404,0.250,15.351,13,13.219,86.11,1.017,1.828,0.188
38,ec.gp.GPIndividual@1619481467{-267102414},3C_20_50-03.txt,30.993,0.250,7.748,4,10.047,129.67,2.512,2.578,0.188
38,ec.gp.GPIndividual@1619481467{-267102414},3C_20_50-03.txt,30.993,0.250,7.748,4,6.250,80.66,1.563,2.578,0.156
38,ec.gp.GPIndividual@1619481467{-267102414},3C_20_50-03.txt,30.993,0.250,7.748,4,7.547,97.40,1.887,3.203,0.000
38,ec.gp.GPIndividual@1619481467{-267102414},3C_20_50-03.txt,30.993,0.250,7.748,2,1.625,20.97,0.813,3.203,0.000
38,ec.gp.GPIndividual@1619481467{-267102414},3C_20_50-03.txt,30.993,0.250,7.748,2,1.078,13.91,0.539,3.203,0.000
38,ec.gp.GPIndividual@1619481467{-267102414},3C_20_66-01.txt,7.322,0.250,1.831,1,3.250,177.54,3.250,3.250,0.000
38,ec.gp.GPIndividual@1619481467{-267102414},3C_20_66-01.txt,7.322,0.250,1.831,3,1.906,104.14,0.635,3.250,0.000
38,ec.gp.GPIndividual@1619481467{-267102414},3C_20_66-02.txt,154.245,0.250,38.561,3,2.422,6.28,0.807,3.250,0.000
38,ec.gp.GPIndividual@1619481467{-267102414},3C_20_50-03.txt,30.993,0.250,7.748,4,7.859,101.44,1.965,3.250,0.000
38,ec.gp.GPIndividual@1619481467{-267102414},3C_20_66-02.txt,154.245,0.250,38.561,8,16.531,42.87,2.066,3.250,0.000
38,ec.gp.GPIndividual@1619481467{-267102414},3C_20_66-03.txt,118.340,0.250,29.585,5,15.828,53.50,3.166,4.313,0.000
38,ec.gp.GPIndividual@1619481467{-267102414},3C_20_66-01.txt,7.322,0.250,1.831,1,4.281,233.88,4.281,4.313,0.000
38,ec.gp.GPIndividual@1619481467{-267102414},3C_20_66-01.txt,7.322,0.250,1.831,3,2.297,125.47,0.766,4.313,0.000
38,ec.gp.GPIndividual@1619481467{-267102414},3C_20_66-02.txt,154.245,0.250,38.561,6,8.953,23.22,1.492,4.313,0.000
38,ec.gp.GPIndividual@1619481467{-267102414},3C_20_66-02.txt,154.245,0.250,38.561,1,6.266,16.25,6.266,6.266,0.000
38,ec.gp.GPIndividual@1619481467{-267102414},3C_20_80-01.txt,4.194,0.250,1.049,2,1.859,177.32,0.930,6.266,0.000
38,ec.gp.GPIndividual@1619481467{-267102414},3C_20_66-03.txt,118.340,0.250,29.585,2,0.344,1.16,0.172,6.266,0.000
38,ec.gp.GPIndividual@1619481467{-267102414},3C_20_80-02.txt,35.738,0.250,8.935,1,6.156,68.90,6.156,6.266,0.000
38,ec.gp.GPIndividual@1619481467{-267102414},3C_20_66-01.txt,7.322,0.250,1.831,1,7.031,384.11,7.031,7.031,0.000
38,ec.gp.GPIndividual@1619481467{-267102414},3C_20_66-01.txt,7.322,0.250,1.831,2,3.031,165.59,1.516,7.031,0.000
38,ec.gp.GPIndividual@1619481467{-267102414},3C_20_66-03.txt,118.340,0.250,29.585,3,3.328,11.25,1.109,7.031,0.000
38,ec.gp.GPIndividual@1619481467{-267102414},3C_20_80-03.txt,169.439,0.250,42.360,4,5.359,12.65,1.340,7.031,0.000
38,ec.gp.GPIndividual@1619481467{-267102414},3C_20_66-02.txt,154.245,0.250,38.561,6,22.922,59.44,3.820,7.031,0.000
38,ec.gp.GPIndividual@743512145{58760576},3C_20_50-02.txt,61.404,0.250,15.351,0,0.000,0.00,0.000,0.000,0.000
38,ec.gp.GPIndividual@743512145{58760576},3C_20_50-03.txt,30.993,0.250,7.748,0,0.000,0.00,0.000,0.000,0.000
38,ec.gp.GPIndividual@743512145{58760576},3C_20_66-01.txt,7.322,0.250,1.831,0,0.000,0.00,0.000,0.000,0.000
38,ec.gp.GPIndividual@743512145{58760576},3C_20_66-02.txt,154.245,0.250,38.561,0,0.000,0.00,0.000,0.000,0.000
38,ec.gp.GPIndividual@743512145{58760576},3C_20_66-03.txt,118.340,0.250,29.585,0,0.000,0.00,0.000,0.000,0.000
38,ec.gp.GPIndividual@743512145{58760576},3C_20_80-01.txt,4.194,0.250,1.049,0,0.000,0.00,0.000,0.000,0.000
38,ec.gp.GPIndividual@743512145{58760576},3C_20_80-02.txt,35.738,0.250,8.935,0,0.000,0.00,0.000,0.000,0.000
38,ec.gp.GPIndividual@743512145{58760576},3C_20_80-03.txt,169.439,0.250,42.360,0,0.000,0.00,0.000,0.000,0.000
38,ec.gp.GPIndividual@874644607{-943326633},3C_20_50-02.txt,61.404,0.250,15.351,8,27.375,178.33,3.422,13.578,0.344
38,ec.gp.GPIndividual@874644607{-943326633},3C_20_66-03.txt,118.340,0.250,29.585,1,0.719,2.43,0.719,13.578,0.344
38,ec.gp.GPIndividual@874644607{-943326633},3C_20_66-03.txt,118.340,0.250,29.585,1,1.234,4.17,1.234,13.578,0.344
38,ec.gp.GPIndividual@874644607{-943326633},3C_20_80-01.txt,4.194,0.250,1.049,3,3.516,335.26,1.172,13.578,0.344
38,ec.gp.GPIndividual@874644607{-943326633},3C_20_50-03.txt,30.993,0.250,7.748,3,6.969,89.94,2.323,13.578,0.344
38,ec.gp.GPIndividual@874644607{-943326633},3C_20_80-01.txt,4.194,0.250,1.049,1,1.078,102.81,1.078,13.578,0.344
38,ec.gp.GPIndividual@874644607{-943326633},3C_20_80-02.txt,35.738,0.250,8.935,4,11.047,123.64,2.762,13.578,0.344
38,ec.gp.GPIndividual@874644607{-943326633},3C_20_80-01.txt,4.194,0.250,1.049,1,2.328,222.02,2.328,13.578,0.344
38,ec.gp.GPIndividual@874644607{-943326633},3C_20_80-03.txt,169.439,0.250,42.360,5,10.578,24.97,2.116,13.578,0.000
38,ec.gp.GPIndividual@874644607{-943326633},3C_20_66-01.txt,7.322,0.250,1.831,1,12.031,657.25,12.031,13.578,0.000
38,ec.gp.GPIndividual@874644607{-943326633},3C_20_66-02.txt,154.245,0.250,38.561,3,3.578,9.28,1.193,13.578,0.000
38,ec.gp.GPIndividual@874644607{-943326633},3C_20_80-02.txt,35.738,0.250,8.935,5,9.672,108.25,1.934,13.578,0.000
38,ec.gp.GPIndividual@874644607{-943326633},3C_20_66-02.txt,154.245,0.250,38.561,2,2.500,6.48,1.250,13.578,0.000
38,ec.gp.GPIndividual@874644607{-943326633},3C_20_80-01.txt,4.194,0.250,1.049,1,1.594,151.99,1.594,13.578,0.000
38,ec.gp.GPIndividual@874644607{-943326633},3C_20_66-03.txt,118.340,0.250,29.585,2,2.969,10.03,1.484,13.578,0.000
38,ec.gp.GPIndividual@874644607{-943326633},3C_20_80-02.txt,35.738,0.250,8.935,5,9.000,100.73,1.800,13.578,0.000
38,ec.gp.GPIndividual@874644607{-943326633},3C_20_80-03.txt,169.439,0.250,42.360,1,0.516,1.22,0.516,13.578,0.000
38,ec.gp.GPIndividual@874644607{-943326633},3C_20_80-02.txt,35.738,0.250,8.935,2,3.906,43.72,1.953,13.578,0.000
38,ec.gp.GPIndividual@496871496{1786989065},3C_20_50-02.txt,61.404,0.250,15.351,1,0.000,0.00,0.000,0.000,0.000
38,ec.gp.GPIndividual@496871496{1786989065},3C_20_50-03.txt,30.993,0.250,7.748,1,0.000,0.00,0.000,0.000,0.000
38,ec.gp.GPIndividual@496871496{1786989065},3C_20_66-01.txt,7.322,0.250,1.831,1,0.000,0.00,0.000,0.000,0.000
38,ec.gp.GPIndividual@496871496{1786989065},3C_20_66-02.txt,154.245,0.250,38.561,1,0.000,0.00,0.000,0.000,0.000
38,ec.gp.GPIndividual@496871496{1786989065},3C_20_66-03.txt,118.340,0.250,29.585,1,0.000,0.00,0.000,0.000,0.000
38,ec.gp.GPIndividual@496871496{1786989065},3C_20_80-01.txt,4.194,0.250,1.049,1,0.000,0.00,0.000,0.000,0.000
38,ec.gp.GPIndividual@496871496{1786989065},3C_20_80-02.txt,35.738,0.250,8.935,1,0.000,0.00,0.000,0.000,0.000
38,ec.gp.GPIndividual@496871496{1786989065},3C_20_80-03.txt,169.439,0.250,42.360,1,0.000,0.00,0.000,0.000,0.000
38,ec.gp.GPIndividual@983106593{1420652578},3C_20_50-02.txt,61.404,0.250,15.351,0,0.000,0.00,0.000,0.000,0.000
38,ec.gp.GPIndividual@983106593{1420652578},3C_20_50-03.txt,30.993,0.250,7.748,0,0.000,0.00,0.000,0.000,0.000
38,ec.gp.GPIndividual@983106593{1420652578},3C_20_66-01.txt,7.322,0.250,1.831,0,0.000,0.00,0.000,0.000,0.000
38,ec.gp.GPIndividual@983106593{1420652578},3C_20_66-02.txt,154.245,0.250,38.561,0,0.000,0.00,0.000,0.000,0.000
38,ec.gp.GPIndividual@983106593{1420652578},3C_20_66-03.txt,118.340,0.250,29.585,0,0.000,0.00,0.000,0.000,0.000
38,ec.gp.GPIndividual@983106593{1420652578},3C_20_80-01.txt,4.194,0.250,1.049,0,0.000,0.00,0.000,0.000,0.000
38,ec.gp.GPIndividual@983106593{1420652578},3C_20_80-02.txt,35.738,0.250,8.935,0,0.000,0.00,0.000,0.000,0.000
38,ec.gp.GPIndividual@983106593{1420652578},3C_20_80-03.txt,169.439,0.250,42.360,0,0.000,0.00,0.000,0.000,0.000
38,ec.gp.GPIndividual@1233671311{915053722},3C_20_50-02.txt,61.404,0.250,15.351,7,10.141,66.06,1.449,2.078,0.531
38,ec.gp.GPIndividual@1233671311{915053722},3C_20_66-03.txt,118.340,0.250,29.585,12,29.719,100.45,2.477,5.938,0.172
38,ec.gp.GPIndividual@1233671311{915053722},3C_20_50-03.txt,30.993,0.250,7.748,2,3.203,41.34,1.602,5.938,0.172
38,ec.gp.GPIndividual@1233671311{915053722},3C_20_80-01.txt,4.194,0.250,1.049,1,5.906,563.24,5.906,5.938,0.172
38,ec.gp.GPIndividual@1233671311{915053722},3C_20_80-01.txt,4.194,0.250,1.049,2,1.078,102.81,0.539,5.938,0.172
38,ec.gp.GPIndividual@1233671311{915053722},3C_20_80-02.txt,35.738,0.250,8.935,2,2.984,33.40,1.492,5.938,0.172
38,ec.gp.GPIndividual@1233671311{915053722},3C_20_80-03.txt,169.439,0.250,42.360,3,7.438,17.56,2.479,5.938,0.172
38,ec.gp.GPIndividual@1233671311{915053722},3C_20_80-03.txt,169.439,0.250,42.360,2,5.406,12.76,2.703,5.938,0.172
38,ec.gp.GPIndividual@1233671311{915053722},3C_20_80-03.txt,169.439,0.250,42.360,1,1.422,3.36,1.422,5.938,0.172
38,ec.gp.GPIndividual@1233671311{915053722},3C_20_80-02.txt,35.738,0.250,8.935,4,13.188,147.60,3.297,5.938,0.172
38,ec.gp.GPIndividual@1233671311{915053722},3C_20_66-01.txt,7.322,0.250,1.831,0,0.000,0.00,0.000,5.938,0.172
38,ec.gp.GPIndividual@848357455{781213232},3C_20_50-02.txt,61.404,0.250,15.351,7,16.578,107.99,2.368,5.984,0.422
38,ec.gp.GPIndividual@387930826{188981006},3C_20_50-02.txt,61.404,0.250,15.351,5,8.297,54.05,1.659,2.969,0.500
38,ec.gp.GPIndividual@293337672{353231141},3C_20_50-02.txt,61.404,0.250,15.351,10,14.906,97.10,1.491,2.438,0.484
38,ec.gp.GPIndividual@293337672{353231141},3C_20_50-03.txt,30.993,0.250,7.748,3,7.281,93.97,2.427,3.047,0.484
38,ec.gp.GPIndividual@293337672{353231141},3C_20_66-02.txt,154.245,0.250,38.561,1,4.047,10.49,4.047,4.047,0.484
38,ec.gp.GPIndividual@293337672{353231141},3C_20_80-03.txt,169.439,0.250,42.360,1,15.391,36.33,15.391,15.391,0.484
38,ec.gp.GPIndividual@2017883129{1089139693},3C_20_50-02.txt,61.404,0.250,15.351,2,1.203,7.84,0.602,1.203,0.000
38,ec.gp.GPIndividual@2017883129{1089139693},3C_20_50-03.txt,30.993,0.250,7.748,3,2.938,37.91,0.979,2.438,0.000
38,ec.gp.GPIndividual@2017883129{1089139693},3C_20_50-03.txt,30.993,0.250,7.748,5,7.781,100.43,1.556,3.141,0.000
38,ec.gp.GPIndividual@2017883129{1089139693},3C_20_50-03.txt,30.993,0.250,7.748,5,9.594,123.82,1.919,3.219,0.000
38,ec.gp.GPIndividual@2017883129{1089139693},3C_20_66-01.txt,7.322,0.250,1.831,2,1.625,88.77,0.813,3.219,0.000
38,ec.gp.GPIndividual@2017883129{1089139693},3C_20_66-03.txt,118.340,0.250,29.585,2,0.672,2.27,0.336,3.219,0.000
38,ec.gp.GPIndividual@2017883129{1089139693},3C_20_66-01.txt,7.322,0.250,1.831,2,3.594,196.32,1.797,3.219,0.000
38,ec.gp.GPIndividual@2017883129{1089139693},3C_20_66-01.txt,7.322,0.250,1.831,1,5.781,315.82,5.781,5.781,0.000
38,ec.gp.GPIndividual@1316588004{1194068447},3C_20_50-02.txt,61.404,0.250,15.351,11,14.000,91.20,1.273,3.250,0.469
38,ec.gp.GPIndividual@1316588004{1194068447},3C_20_66-02.txt,154.245,0.250,38.561,2,2.656,6.89,1.328,3.250,0.469
38,ec.gp.GPIndividual@1316588004{1194068447},3C_20_66-02.txt,154.245,0.250,38.561,10,24.250,62.89,2.425,5.938,0.469
38,ec.gp.GPIndividual@1316588004{1194068447},3C_20_50-03.txt,30.993,0.250,7.748,4,11.141,143.78,2.785,5.938,0.469
38,ec.gp.GPIndividual@1316588004{1194068447},3C_20_66-01.txt,7.322,0.250,1.831,1,0.516,28.17,0.516,5.938,0.469
38,ec.gp.GPIndividual@1316588004{1194068447},3C_20_80-01.txt,4.194,0.250,1.049,1,1.609,153.48,1.609,5.938,0.469
38,ec.gp.GPIndividual@1316588004{1194068447},3C_20_66-03.txt,118.340,0.250,29.585,15,30.328,102.51,2.022,8.594,0.359
38,ec.gp.GPIndividual@1316588004{1194068447},3C_20_66-01.txt,7.322,0.250,1.831,2,0.141,7.68,0.070,8.594,0.000
38,ec.gp.GPIndividual@1316588004{1194068447},3C_20_66-02.txt,154.245,0.250,38.561,4,13.953,36.18,3.488,8.594,0.000
38,ec.gp.GPIndividual@1316588004{1194068447},3C_20_66-02.txt,154.245,0.250,38.561,5,14.266,36.99,2.853,8.594,0.000
38,ec.gp.GPIndividual@1316588004{1194068447},3C_20_66-03.txt,118.340,0.250,29.585,14,29.906,101.09,2.136,8.594,0.000
38,ec.gp.GPIndividual@1316588004{1194068447},3C_20_80-01.txt,4.194,0.250,1.049,3,2.500,238.41,0.833,8.594,0.000
38,ec.gp.GPIndividual@1316588004{1194068447},3C_20_66-03.txt,118.340,0.250,29.585,2,0.141,0.48,0.070,8.594,0.000
38,ec.gp.GPIndividual@1316588004{1194068447},3C_20_80-02.txt,35.738,0.250,8.935,1,2.281,25.53,2.281,8.594,0.000
38,ec.gp.GPIndividual@1316588004{1194068447},3C_20_66-03.txt,118.340,0.250,29.585,1,5.016,16.95,5.016,8.594,0.000
38,ec.gp.GPIndividual@1316588004{1194068447},3C_20_80-02.txt,35.738,0.250,8.935,3,8.359,93.56,2.786,8.594,0.000
38,ec.gp.GPIndividual@1316588004{1194068447},3C_20_80-03.txt,169.439,0.250,42.360,2,1.438,3.39,0.719,8.594,0.000
38,ec.gp.GPIndividual@1316588004{1194068447},3C_20_66-02.txt,154.245,0.250,38.561,2,12.563,32.58,6.281,10.594,0.000
38,ec.gp.GPIndividual@1316588004{1194068447},3C_20_80-01.txt,4.194,0.250,1.049,3,2.141,204.14,0.714,10.594,0.000
38,ec.gp.GPIndividual@1316588004{1194068447},3C_20_80-03.txt,169.439,0.250,42.360,2,0.156,0.37,0.078,10.594,0.000
38,ec.gp.GPIndividual@1316588004{1194068447},3C_20_80-02.txt,35.738,0.250,8.935,3,8.625,96.54,2.875,10.594,0.000
38,ec.gp.GPIndividual@1316588004{1194068447},3C_20_80-01.txt,4.194,0.250,1.049,1,1.281,122.18,1.281,10.594,0.000
38,ec.gp.GPIndividual@1316588004{1194068447},3C_20_66-03.txt,118.340,0.250,29.585,11,29.359,99.24,2.669,10.594,0.000
38,ec.gp.GPIndividual@22166956{-609755752},3C_20_50-02.txt,61.404,0.250,15.351,7,12.719,82.85,1.817,4.594,0.281
38,ec.gp.GPIndividual@22166956{-609755752},3C_20_80-02.txt,35.738,0.250,8.935,5,7.656,85.69,1.531,4.594,0.281
38,ec.gp.GPIndividual@935244916{-1461442108},3C_20_50-02.txt,61.404,0.250,15.351,1,0.000,0.00,0.000,0.000,0.000
38,ec.gp.GPIndividual@935244916{-1461442108},3C_20_50-03.txt,30.993,0.250,7.748,1,0.000,0.00,0.000,0.000,0.000
38,ec.gp.GPIndividual@935244916{-1461442108},3C_20_66-01.txt,7.322,0.250,1.831,1,0.000,0.00,0.000,0.000,0.000
38,ec.gp.GPIndividual@935244916{-1461442108},3C_20_66-02.txt,154.245,0.250,38.561,1,0.000,0.00,0.000,0.000,0.000
38,ec.gp.GPIndividual@935244916{-1461442108},3C_20_66-03.txt,118.340,0.250,29.585,1,0.000,0.00,0.000,0.000,0.000
38,ec.gp.GPIndividual@935244916{-1461442108},3C_20_80-01.txt,4.194,0.250,1.049,1,0.000,0.00,0.000,0.000,0.000
38,ec.gp.GPIndividual@935244916{-1461442108},3C_20_80-02.txt,35.738,0.250,8.935,1,0.000,0.00,0.000,0.000,0.000
38,ec.gp.GPIndividual@935244916{-1461442108},3C_20_80-03.txt,169.439,0.250,42.360,1,0.000,0.00,0.000,0.000,0.000
38,ec.gp.GPIndividual@1786750404{1977932921},3C_20_50-02.txt,61.404,0.250,15.351,4,6.875,44.79,1.719,4.578,0.281
38,ec.gp.GPIndividual@1786750404{1977932921},3C_20_80-01.txt,4.194,0.250,1.049,1,1.906,181.79,1.906,4.578,0.281
38,ec.gp.GPIndividual@1786750404{1977932921},3C_20_50-03.txt,30.993,0.250,7.748,7,7.953,102.65,1.136,4.578,0.281
38,ec.gp.GPIndividual@1786750404{1977932921},3C_20_80-03.txt,169.439,0.250,42.360,1,0.578,1.36,0.578,4.578,0.281
38,ec.gp.GPIndividual@1786750404{1977932921},3C_20_80-03.txt,169.439,0.250,42.360,2,3.188,7.52,1.594,4.578,0.281
38,ec.gp.GPIndividual@1786750404{1977932921},3C_20_80-02.txt,35.738,0.250,8.935,3,6.609,73.98,2.203,4.578,0.281
38,ec.gp.GPIndividual@1786750404{1977932921},3C_20_50-03.txt,30.993,0.250,7.748,4,9.344,120.59,2.336,4.781,0.281
38,ec.gp.GPIndividual@2079007245{-2117589242},3C_20_50-02.txt,61.404,0.250,15.351,3,6.563,42.75,2.188,4.500,0.359
38,ec.gp.GPIndividual@2079007245{-2117589242},3C_20_66-01.txt,7.322,0.250,1.831,1,3.203,174.98,3.203,4.500,0.359
38,ec.gp.GPIndividual@2079007245{-2117589242},3C_20_66-01.txt,7.322,0.250,1.831,3,2.109,115.23,0.703,4.500,0.359
38,ec.gp.GPIndividual@2079007245{-2117589242},3C_20_80-03.txt,169.439,0.250,42.360,1,0.156,0.37,0.156,4.500,0.156
38,ec.gp.GPIndividual@2079007245{-2117589242},3C_20_66-02.txt,154.245,0.250,38.561,7,12.047,31.24,1.721,4.500,0.156
38,ec.gp.GPIndividual@1822379324{781213232},3C_20_50-02.txt,61.404,0.250,15.351,12,15.250,99.34,1.271,4.438,0.000
38,ec.gp.GPIndividual@1822379324{781213232},3C_20_50-03.txt,30.993,0.250,7.748,1,0.594,7.66,0.594,4.438,0.000
38,ec.gp.GPIndividual@1822379324{781213232},3C_20_66-03.txt,118.340,0.250,29.585,1,1.766,5.97,1.766,4.438,0.000
38,ec.gp.GPIndividual@315189218{-378609562},3C_20_50-02.txt,61.404,0.250,15.351,2,3.813,24.84,1.906,3.547,0.266
38,ec.gp.GPIndividual@315189218{-378609562},3C_20_50-03.txt,30.993,0.250,7.748,3,9.016,116.36,3.005,4.391,0.266
38,ec.gp.GPIndividual@315189218{-378609562},3C_20_66-01.txt,7.322,0.250,1.831,1,0.906,49.51,0.906,4.391,0.266
38,ec.gp.GPIndividual@315189218{-378609562},3C_20_66-02.txt,154.245,0.250,38.561,18,40.156,104.14,2.231,5.734,0.266
38,ec.gp.GPIndividual@315189218{-378609562},3C_20_66-02.txt,154.245,0.250,38.561,2,10.250,26.58,5.125,6.719,0.266
38,ec.gp.GPIndividual@315189218{-378609562},3C_20_80-01.txt,4.194,0.250,1.049,1,1.781,169.87,1.781,6.719,0.266
38,ec.gp.GPIndividual@315189218{-378609562},3C_20_66-01.txt,7.322,0.250,1.831,2,9.203,502.75,4.602,8.641,0.266
38,ec.gp.GPIndividual@315189218{-378609562},3C_20_50-03.txt,30.993,0.250,7.748,5,4.813,62.11,0.963,8.641,0.266
38,ec.gp.GPIndividual@315189218{-378609562},3C_20_80-02.txt,35.738,0.250,8.935,6,9.328,104.41,1.555,8.641,0.266
38,ec.gp.GPIndividual@315189218{-378609562},3C_20_66-02.txt,154.245,0.250,38.561,1,0.391,1.01,0.391,8.641,0.266
38,ec.gp.GPIndividual@315189218{-378609562},3C_20_80-03.txt,169.439,0.250,42.360,11,23.266,54.92,2.115,8.641,0.266
38,ec.gp.GPIndividual@315189218{-378609562},3C_20_66-01.txt,7.322,0.250,1.831,1,14.109,770.77,14.109,14.109,0.266
38,ec.gp.GPIndividual@315189218{-378609562},3C_20_66-03.txt,118.340,0.250,29.585,7,20.453,69.13,2.922,14.109,0.266
38,ec.gp.GPIndividual@1795566983{1410047972},3C_20_50-02.txt,61.404,0.250,15.351,2,9.938,64.73,4.969,9.656,0.281
38,ec.gp.GPIndividual@1795566983{1410047972},3C_20_66-03.txt,118.340,0.250,29.585,3,19.688,66.55,6.563,15.625,0.281
38,ec.gp.GPIndividual@1795566983{1410047972},3C_20_66-03.txt,118.340,0.250,29.585,8,31.141,105.26,3.893,15.625,0.281
38,ec.gp.GPIndividual@1795566983{1410047972},3C_20_66-02.txt,154.245,0.250,38.561,1,0.578,1.50,0.578,15.625,0.281
38,ec.gp.GPIndividual@1795566983{1410047972},3C_20_80-01.txt,4.194,0.250,1.049,2,2.250,214.57,1.125,15.625,0.281
38,ec.gp.GPIndividual@1795566983{1410047972},3C_20_80-01.txt,4.194,0.250,1.049,4,1.266,120.69,0.316,15.625,0.141
38,ec.gp.GPIndividual@1795566983{1410047972},3C_20_80-02.txt,35.738,0.250,8.935,2,0.141,1.57,0.070,15.625,0.000
38,ec.gp.GPIndividual@1795566983{1410047972},3C_20_80-02.txt,35.738,0.250,8.935,2,12.719,142.35,6.359,15.625,0.000
38,ec.gp.GPIndividual@1795566983{1410047972},3C_20_80-01.txt,4.194,0.250,1.049,2,1.641,156.46,0.820,15.625,0.000
38,ec.gp.GPIndividual@1795566983{1410047972},3C_20_66-03.txt,118.340,0.250,29.585,5,5.328,18.01,1.066,15.625,0.000
38,ec.gp.GPIndividual@1795566983{1410047972},3C_20_80-02.txt,35.738,0.250,8.935,5,15.109,169.11,3.022,15.625,0.000
38,ec.gp.GPIndividual@1795566983{1410047972},3C_20_50-03.txt,30.993,0.250,7.748,5,9.672,124.83,1.934,15.625,0.000
38,ec.gp.GPIndividual@1795566983{1410047972},3C_20_80-01.txt,4.194,0.250,1.049,1,1.219,116.22,1.219,15.625,0.000
38,ec.gp.GPIndividual@1795566983{1410047972},3C_20_80-03.txt,169.439,0.250,42.360,3,3.313,7.82,1.104,15.625,0.000
38,ec.gp.GPIndividual@1795566983{1410047972},3C_20_80-03.txt,169.439,0.250,42.360,11,35.828,84.58,3.257,15.625,0.000
38,ec.gp.GPIndividual@1795566983{1410047972},3C_20_66-01.txt,7.322,0.250,1.831,4,1.500,81.94,0.375,15.625,0.000
38,ec.gp.GPIndividual@1795566983{1410047972},3C_20_66-02.txt,154.245,0.250,38.561,1,5.531,14.34,5.531,15.625,0.000
38,ec.gp.GPIndividual@1795566983{1410047972},3C_20_80-02.txt,35.738,0.250,8.935,1,16.359,183.10,16.359,16.359,0.000
38,ec.gp.GPIndividual@1795566983{1410047972},3C_20_80-03.txt,169.439,0.250,42.360,1,11.016,26.00,11.016,16.359,0.000
38,ec.gp.GPIndividual@1159207085{523751710},3C_20_50-02.txt,61.404,0.250,15.351,4,16.750,109.11,4.188,12.828,0.281
38,ec.gp.GPIndividual@1159207085{523751710},3C_20_80-03.txt,169.439,0.250,42.360,3,2.672,6.31,0.891,12.828,0.266
38,ec.gp.GPIndividual@1743426598{-1926815537},3C_20_50-02.txt,61.404,0.250,15.351,1,10.375,67.58,10.375,10.375,10.375
38,ec.gp.GPIndividual@1981255521{538189747},3C_20_50-02.txt,61.404,0.250,15.351,10,11.578,75.42,1.158,3.422,0.188
38,ec.gp.GPIndividual@1981255521{538189747},3C_20_66-03.txt,118.340,0.250,29.585,1,4.969,16.79,4.969,4.969,0.188
38,ec.gp.GPIndividual@418331461{-1526585467},3C_20_50-02.txt,61.404,0.250,15.351,2,3.078,20.05,1.539,2.922,0.156
38,ec.gp.GPIndividual@418331461{-1526585467},3C_20_50-03.txt,30.993,0.250,7.748,2,0.969,12.50,0.484,2.922,0.156
38,ec.gp.GPIndividual@418331461{-1526585467},3C_20_50-03.txt,30.993,0.250,7.748,4,6.906,89.13,1.727,2.922,0.156
38,ec.gp.GPIndividual@418331461{-1526585467},3C_20_66-01.txt,7.322,0.250,1.831,1,1.359,74.26,1.359,2.922,0.156
38,ec.gp.GPIndividual@418331461{-1526585467},3C_20_80-01.txt,4.194,0.250,1.049,1,0.422,40.23,0.422,2.922,0.156
38,ec.gp.GPIndividual@418331461{-1526585467},3C_20_66-02.txt,154.245,0.250,38.561,6,5.609,14.55,0.935,2.922,0.156
38,ec.gp.GPIndividual@418331461{-1526585467},3C_20_66-03.txt,118.340,0.250,29.585,4,7.609,25.72,1.902,2.938,0.156
38,ec.gp.GPIndividual@418331461{-1526585467},3C_20_80-01.txt,4.194,0.250,1.049,1,1.063,101.32,1.063,2.938,0.156
38,ec.gp.GPIndividual@418331461{-1526585467},3C_20_80-02.txt,35.738,0.250,8.935,2,0.859,9.62,0.430,2.938,0.156
38,ec.gp.GPIndividual@418331461{-1526585467},3C_20_80-02.txt,35.738,0.250,8.935,3,2.281,25.53,0.760,2.938,0.156
38,ec.gp.GPIndividual@418331461{-1526585467},3C_20_80-03.txt,169.439,0.250,42.360,5,8.297,19.59,1.659,3.703,0.156
38,ec.gp.GPIndividual@1443376042{1559896044},3C_20_50-02.txt,61.404,0.250,15.351,5,8.203,53.44,1.641,4.891,0.188
38,ec.gp.GPIndividual@1443376042{1559896044},3C_20_50-03.txt,30.993,0.250,7.748,1,10.297,132.89,10.297,10.297,0.188
38,ec.gp.GPIndividual@1443376042{1559896044},3C_20_66-01.txt,7.322,0.250,1.831,2,1.078,58.90,0.539,10.297,0.188
38,ec.gp.GPIndividual@1443376042{1559896044},3C_20_66-02.txt,154.245,0.250,38.561,8,22.750,59.00,2.844,14.688,0.188
38,ec.gp.GPIndividual@1443376042{1559896044},3C_20_80-03.txt,169.439,0.250,42.360,3,18.531,43.75,6.177,14.688,0.188
38,ec.gp.GPIndividual@1443376042{1559896044},3C_20_66-03.txt,118.340,0.250,29.585,4,30.031,101.51,7.508,15.984,0.188
38,ec.gp.GPIndividual@846714310{-1887777904},3C_20_50-02.txt,61.404,0.250,15.351,4,9.844,64.12,2.461,7.828,0.156
38,ec.gp.GPIndividual@846714310{-1887777904},3C_20_66-01.txt,7.322,0.250,1.831,2,1.078,58.90,0.539,7.828,0.156
38,ec.gp.GPIndividual@846714310{-1887777904},3C_20_66-02.txt,154.245,0.250,38.561,1,6.297,16.33,6.297,7.828,0.156
38,ec.gp.GPIndividual@846714310{-1887777904},3C_20_80-01.txt,4.194,0.250,1.049,1,1.250,119.20,1.250,7.828,0.156
38,ec.gp.GPIndividual@846714310{-1887777904},3C_20_50-03.txt,30.993,0.250,7.748,10,7.625,98.41,0.763,7.828,0.156
38,ec.gp.GPIndividual@846714310{-1887777904},3C_20_66-01.txt,7.322,0.250,1.831,2,1.719,93.89,0.859,7.828,0.141
38,ec.gp.GPIndividual@846714310{-1887777904},3C_20_80-02.txt,35.738,0.250,8.935,1,0.656,7.35,0.656,7.828,0.141
38,ec.gp.GPIndividual@846714310{-1887777904},3C_20_66-03.txt,118.340,0.250,29.585,12,17.578,59.42,1.465,8.031,0.141
38,ec.gp.GPIndividual@846714310{-1887777904},3C_20_80-01.txt,4.194,0.250,1.049,1,8.641,824.00,8.641,8.641,0.141
38,ec.gp.GPIndividual@846714310{-1887777904},3C_20_80-03.txt,169.439,0.250,42.360,10,31.188,73.63,3.119,12.969,0.141
38,ec.gp.GPIndividual@846714310{-1887777904},3C_20_66-02.txt,154.245,0.250,38.561,1,11.359,29.46,11.359,12.969,0.141
38,ec.gp.GPIndividual@1032188897{538189747},3C_20_50-02.txt,61.404,0.250,15.351,2,1.234,8.04,0.617,1.078,0.156
38,ec.gp.GPIndividual@1032188897{538189747},3C_20_66-03.txt,118.340,0.250,29.585,2,10.547,35.65,5.273,9.734,0.156
38,ec.gp.GPIndividual@1032188897{538189747},3C_20_80-02.txt,35.738,0.250,8.935,8,8.641,96.71,1.080,9.734,0.156
38,ec.gp.GPIndividual@1032188897{538189747},3C_20_50-03.txt,30.993,0.250,7.748,1,1.750,22.59,1.750,9.734,0.156
38,ec.gp.GPIndividual@1032188897{538189747},3C_20_80-01.txt,4.194,0.250,1.049,1,0.609,58.11,0.609,9.734,0.156
38,ec.gp.GPIndividual@1032188897{538189747},3C_20_80-03.txt,169.439,0.250,42.360,1,0.438,1.03,0.438,9.734,0.156
38,ec.gp.GPIndividual@1032188897{538189747},3C_20_80-02.txt,35.738,0.250,8.935,7,7.828,87.62,1.118,9.734,0.156
38,ec.gp.GPIndividual@1185399706{519780184},3C_20_50-02.txt,61.404,0.250,15.351,7,9.719,63.31,1.388,3.109,0.156
38,ec.gp.GPIndividual@1185399706{519780184},3C_20_66-01.txt,7.322,0.250,1.831,2,1.078,58.90,0.539,3.109,0.156
38,ec.gp.GPIndividual@1185399706{519780184},3C_20_66-02.txt,154.245,0.250,38.561,2,6.859,17.79,3.430,5.828,0.156
38,ec.gp.GPIndividual@1185399706{519780184},3C_20_80-03.txt,169.439,0.250,42.360,3,4.609,10.88,1.536,5.828,0.156
38,ec.gp.GPIndividual@1185399706{519780184},3C_20_50-03.txt,30.993,0.250,7.748,6,8.125,104.86,1.354,5.828,0.156
38,ec.gp.GPIndividual@809721029{-638367186},3C_20_50-02.txt,61.404,0.250,15.351,2,0.609,3.97,0.305,0.609,0.000
38,ec.gp.GPIndividual@809721029{-638367186},3C_20_66-01.txt,7.322,0.250,1.831,2,2.781,151.94,1.391,2.625,0.000
38,ec.gp.GPIndividual@809721029{-638367186},3C_20_66-03.txt,118.340,0.250,29.585,2,1.063,3.59,0.531,2.625,0.000
38,ec.gp.GPIndividual@809721029{-638367186},3C_20_50-03.txt,30.993,0.250,7.748,6,6.547,84.50,1.091,2.625,0.000
38,ec.gp.GPIndividual@809721029{-638367186},3C_20_80-01.txt,4.194,0.250,1.049,2,2.234,213.08,1.117,2.625,0.000
38,ec.gp.GPIndividual@809721029{-638367186},3C_20_66-01.txt,7.322,0.250,1.831,2,2.641,144.25,1.320,2.625,0.000
38,ec.gp.GPIndividual@809721029{-638367186},3C_20_66-02.txt,154.245,0.250,38.561,2,0.938,2.43,0.469,2.625,0.000
38,ec.gp.GPIndividual@809721029{-638367186},3C_20_80-02.txt,35.738,0.250,8.935,13,8.500,95.14,0.654,2.625,0.000
38,ec.gp.GPIndividual@809721029{-638367186},3C_20_80-03.txt,169.439,0.250,42.360,1,1.781,4.21,1.781,2.625,0.000
38,ec.gp.GPIndividual@809721029{-638367186},3C_20_66-02.txt,154.245,0.250,38.561,1,0.531,1.38,0.531,2.625,0.000
38,ec.gp.GPIndividual@809721029{-638367186},3C_20_66-03.txt,118.340,0.250,29.585,9,18.422,62.27,2.047,8.547,0.000
38,ec.gp.GPIndividual@809721029{-638367186},3C_20_66-03.txt,118.340,0.250,29.585,1,7.891,26.67,7.891,8.547,0.000
38,ec.gp.GPIndividual@809721029{-638367186},3C_20_80-01.txt,4.194,0.250,1.049,1,10.047,958.10,10.047,10.047,0.000
38,ec.gp.GPIndividual@728088512{1481862196},3C_20_50-02.txt,61.404,0.250,15.351,13,14.016,91.30,1.078,2.531,0.172
38,ec.gp.GPIndividual@728088512{1481862196},3C_20_80-01.txt,4.194,0.250,1.049,2,0.875,83.44,0.438,2.531,0.141
38,ec.gp.GPIndividual@728088512{1481862196},3C_20_80-02.txt,35.738,0.250,8.935,2,3.719,41.62,1.859,3.234,0.141
38,ec.gp.GPIndividual@728088512{1481862196},3C_20_50-03.txt,30.993,0.250,7.748,9,7.438,95.99,0.826,3.234,0.141
38,ec.gp.GPIndividual@728088512{1481862196},3C_20_80-02.txt,35.738,0.250,8.935,7,7.531,84.29,1.076,3.234,0.141
38,ec.gp.GPIndividual@728088512{1481862196},3C_20_80-03.txt,169.439,0.250,42.360,4,10.031,23.68,2.508,3.781,0.141
38,ec.gp.GPIndividual@728088512{1481862196},3C_20_66-01.txt,7.322,0.250,1.831,2,1.078,58.90,0.539,3.781,0.141
38,ec.gp.GPIndividual@728088512{1481862196},3C_20_66-02.txt,154.245,0.250,38.561,6,19.078,49.47,3.180,15.484,0.141
38,ec.gp.GPIndividual@728088512{1481862196},3C_20_80-03.txt,169.439,0.250,42.360,1,14.516,34.27,14.516,15.484,0.141
38,ec.gp.GPIndividual@775751537{-688796386},3C_20_50-02.txt,61.404,0.250,15.351,3,0.641,4.17,0.214,0.328,0.047
38,ec.gp.GPIndividual@775751537{-688796386},3C_20_50-03.txt,30.993,0.250,7.748,3,2.781,35.90,0.927,1.203,0.047
38,ec.gp.GPIndividual@775751537{-688796386},3C_20_66-01.txt,7.322,0.250,1.831,1,0.109,5.97,0.109,1.203,0.047
38,ec.gp.GPIndividual@775751537{-688796386},3C_20_66-02.txt,154.245,0.250,38.561,3,0.703,1.82,0.234,1.203,0.047
38,ec.gp.GPIndividual@775751537{-688796386},3C_20_66-03.txt,118.340,0.250,29.585,1,0.813,2.75,0.813,1.203,0.047
38,ec.gp.GPIndividual@775751537{-688796386},3C_20_80-01.txt,4.194,0.250,1.049,1,0.156,14.90,0.156,1.203,0.047
38,ec.gp.GPIndividual@775751537{-688796386},3C_20_80-02.txt,35.738,0.250,8.935,1,0.266,2.97,0.266,1.203,0.047
38,ec.gp.GPIndividual@775751537{-688796386},3C_20_80-03.txt,169.439,0.250,42.360,1,0.813,1.92,0.813,1.203,0.047
39,ec.gp.GPIndividual@1768737624{2021412172},3C_20_50-02.txt,61.404,0.250,15.351,1,0.375,2.44,0.375,0.375,0.375
39,ec.gp.GPIndividual@1768737624{2021412172},3C_20_50-03.txt,30.993,0.250,7.748,9,9.328,120.39,1.036,1.906,0.375
39,ec.gp.GPIndividual@1768737624{2021412172},3C_20_50-03.txt,30.993,0.250,7.748,4,6.391,82.48,1.598,3.250,0.250
39,ec.gp.GPIndividual@1768737624{2021412172},3C_20_66-01.txt,7.322,0.250,1.831,2,1.859,101.57,0.930,3.250,0.172
39,ec.gp.GPIndividual@1768737624{2021412172},3C_20_50-03.txt,30.993,0.250,7.748,1,0.859,11.09,0.859,3.250,0.172
39,ec.gp.GPIndividual@1768737624{2021412172},3C_20_66-02.txt,154.245,0.250,38.561,3,4.656,12.07,1.552,3.250,0.000
39,ec.gp.GPIndividual@1768737624{2021412172},3C_20_50-03.txt,30.993,0.250,7.748,2,1.891,24.40,0.945,3.250,0.000
39,ec.gp.GPIndividual@1768737624{2021412172},3C_20_50-03.txt,30.993,0.250,7.748,2,5.906,76.23,2.953,3.250,0.000
39,ec.gp.GPIndividual@1768737624{2021412172},3C_20_66-03.txt,118.340,0.250,29.585,4,8.219,27.78,2.055,3.250,0.000
39,ec.gp.GPIndividual@1768737624{2021412172},3C_20_50-03.txt,30.993,0.250,7.748,5,7.469,96.39,1.494,3.250,0.000
39,ec.gp.GPIndividual@1768737624{2021412172},3C_20_66-01.txt,7.322,0.250,1.831,1,1.969,107.55,1.969,3.250,0.000
39,ec.gp.GPIndividual@1768737624{2021412172},3C_20_66-01.txt,7.322,0.250,1.831,3,2.313,126.33,0.771,3.250,0.000
39,ec.gp.GPIndividual@1768737624{2021412172},3C_20_66-02.txt,154.245,0.250,38.561,3,3.500,9.08,1.167,3.250,0.000
39,ec.gp.GPIndividual@1768737624{2021412172},3C_20_66-02.txt,154.245,0.250,38.561,3,14.531,37.68,4.844,5.813,0.000
39,ec.gp.GPIndividual@1768737624{2021412172},3C_20_80-01.txt,4.194,0.250,1.049,1,2.469,235.43,2.469,5.813,0.000
39,ec.gp.GPIndividual@1768737624{2021412172},3C_20_66-03.txt,118.340,0.250,29.585,1,0.500,1.69,0.500,5.813,0.000
39,ec.gp.GPIndividual@1768737624{2021412172},3C_20_80-02.txt,35.738,0.250,8.935,4,10.281,115.07,2.570,5.813,0.000
39,ec.gp.GPIndividual@1768737624{2021412172},3C_20_80-03.txt,169.439,0.250,42.360,3,8.016,18.92,2.672,6.266,0.000
39,ec.gp.GPIndividual@1768737624{2021412172},3C_20_66-01.txt,7.322,0.250,1.831,2,1.797,98.16,0.898,6.266,0.000
39,ec.gp.GPIndividual@1768737624{2021412172},3C_20_66-03.txt,118.340,0.250,29.585,6,23.000,77.74,3.833,7.281,0.000
39,ec.gp.GPIndividual@1667366807{-1870846779},3C_20_50-02.txt,61.404,0.250,15.351,6,15.484,100.87,2.581,7.344,0.531
39,ec.gp.GPIndividual@1667366807{-1870846779},3C_20_66-02.txt,154.245,0.250,38.561,1,1.266,3.28,1.266,7.344,0.531
39,ec.gp.GPIndividual@1667366807{-1870846779},3C_20_66-01.txt,7.322,0.250,1.831,1,0.469,25.61,0.469,7.344,0.469
39,ec.gp.GPIndividual@1667366807{-1870846779},3C_20_50-03.txt,30.993,0.250,7.748,3,7.656,98.81,2.552,7.344,0.469
39,ec.gp.GPIndividual@1667366807{-1870846779},3C_20_80-01.txt,4.194,0.250,1.049,4,1.313,125.16,0.328,7.344,0.156
39,ec.gp.GPIndividual@1667366807{-1870846779},3C_20_66-02.txt,154.245,0.250,38.561,3,7.844,20.34,2.615,7.344,0.156
39,ec.gp.GPIndividual@1667366807{-1870846779},3C_20_80-01.txt,4.194,0.250,1.049,1,8.688,828.47,8.688,8.688,0.156
39,ec.gp.GPIndividual@1667366807{-1870846779},3C_20_66-01.txt,7.322,0.250,1.831,1,3.141,171.57,3.141,8.688,0.156
39,ec.gp.GPIndividual@1667366807{-1870846779},3C_20_66-01.txt,7.322,0.250,1.831,2,1.844,100.72,0.922,8.688,0.156
39,ec.gp.GPIndividual@1667366807{-1870846779},3C_20_66-03.txt,118.340,0.250,29.585,5,6.125,20.70,1.225,8.688,0.156
39,ec.gp.GPIndividual@1667366807{-1870846779},3C_20_80-02.txt,35.738,0.250,8.935,7,10.188,114.02,1.455,8.688,0.156
39,ec.gp.GPIndividual@1667366807{-1870846779},3C_20_80-02.txt,35.738,0.250,8.935,3,3.328,37.25,1.109,8.688,0.156
39,ec.gp.GPIndividual@1667366807{-1870846779},3C_20_66-02.txt,154.245,0.250,38.561,1,0.969,2.51,0.969,8.688,0.156
39,ec.gp.GPIndividual@1667366807{-1870846779},3C_20_80-03.txt,169.439,0.250,42.360,18,41.438,97.82,2.302,8.688,0.156
39,ec.gp.GPIndividual@776593259{1270362312},3C_20_50-02.txt,61.404,0.250,15.351,2,2.891,18.83,1.445,2.547,0.344
39,ec.gp.GPIndividual@776593259{1270362312},3C_20_80-03.txt,169.439,0.250,42.360,1,2.000,4.72,2.000,2.547,0.344
39,ec.gp.GPIndividual@776593259{1270362312},3C_20_66-03.txt,118.340,0.250,29.585,2,8.547,28.89,4.273,6.906,0.344
39,ec.gp.GPIndividual@776593259{1270362312},3C_20_80-01.txt,4.194,0.250,1.049,1,10.484,999.82,10.484,10.484,0.344
39,ec.gp.GPIndividual@776593259{1270362312},3C_20_66-03.txt,118.340,0.250,29.585,7,32.375,109.43,4.625,14.063,0.344
39,ec.gp.GPIndividual@776593259{1270362312},3C_20_80-01.txt,4.194,0.250,1.049,2,3.531,336.75,1.766,14.063,0.344
39,ec.gp.GPIndividual@776593259{1270362312},3C_20_50-03.txt,30.993,0.250,7.748,2,1.891,24.40,0.945,14.063,0.328
39,ec.gp.GPIndividual@1989346505{1626095112},3C_20_50-02.txt,61.404,0.250,15.351,4,11.469,74.71,2.867,6.016,0.344
39,ec.gp.GPIndividual@1989346505{1626095112},3C_20_66-02.txt,154.245,0.250,38.561,3,7.016,18.19,2.339,6.016,0.344
39,ec.gp.GPIndividual@1989346505{1626095112},3C_20_80-02.txt,35.738,0.250,8.935,3,7.500,83.94,2.500,6.016,0.344
39,ec.gp.GPIndividual@1989346505{1626095112},3C_20_80-01.txt,4.194,0.250,1.049,1,2.359,225.00,2.359,6.016,0.344
39,ec.gp.GPIndividual@1989346505{1626095112},3C_20_66-03.txt,118.340,0.250,29.585,5,9.625,32.53,1.925,6.016,0.344
39,ec.gp.GPIndividual@1989346505{1626095112},3C_20_80-02.txt,35.738,0.250,8.935,6,10.656,119.27,1.776,6.016,0.344
39,ec.gp.GPIndividual@1989346505{1626095112},3C_20_50-03.txt,30.993,0.250,7.748,1,0.516,6.65,0.516,6.016,0.344
39,ec.gp.GPIndividual@1989346505{1626095112},3C_20_80-02.txt,35.738,0.250,8.935,2,2.594,29.03,1.297,6.016,0.344
39,ec.gp.GPIndividual@1989346505{1626095112},3C_20_80-03.txt,169.439,0.250,42.360,14,46.484,109.74,3.320,6.359,0.344
39,ec.gp.GPIndividual@1989346505{1626095112},3C_20_66-01.txt,7.322,0.250,1.831,2,2.531,138.28,1.266,6.359,0.344
39,ec.gp.GPIndividual@1989346505{1626095112},3C_20_66-02.txt,154.245,0.250,38.561,2,1.031,2.67,0.516,6.359,0.141
39,ec.gp.GPIndividual@1989346505{1626095112},3C_20_80-03.txt,169.439,0.250,42.360,1,2.828,6.68,2.828,6.359,0.141
39,ec.gp.GPIndividual@1511270903{-2092402488},3C_20_50-02.txt,61.404,0.250,15.351,3,8.172,53.23,2.724,5.359,0.344
39,ec.gp.GPIndividual@1511270903{-2092402488},3C_20_80-01.txt,4.194,0.250,1.049,1,1.656,157.95,1.656,5.359,0.344
39,ec.gp.GPIndividual@1511270903{-2092402488},3C_20_50-03.txt,30.993,0.250,7.748,3,9.406,121.40,3.135,7.484,0.344
39,ec.gp.GPIndividual@1511270903{-2092402488},3C_20_80-03.txt,169.439,0.250,42.360,13,41.672,98.38,3.206,7.484,0.344
39,ec.gp.GPIndividual@1511270903{-2092402488},3C_20_66-01.txt,7.322,0.250,1.831,1,0.891,48.65,0.891,7.484,0.344
39,ec.gp.GPIndividual@1511270903{-2092402488},3C_20_80-02.txt,35.738,0.250,8.935,3,6.734,75.37,2.245,7.484,0.344
39,ec.gp.GPIndividual@2071582937{-585273462},3C_20_50-02.txt,61.404,0.250,15.351,4,18.047,117.56,4.512,7.875,0.500
39,ec.gp.GPIndividual@2071582937{-585273462},3C_20_66-03.txt,118.340,0.250,29.585,6,10.563,35.70,1.760,7.875,0.500
39,ec.gp.GPIndividual@2071582937{-585273462},3C_20_66-01.txt,7.322,0.250,1.831,2,1.656,90.48,0.828,7.875,0.266
39,ec.gp.GPIndividual@2071582937{-585273462},3C_20_66-02.txt,154.245,0.250,38.561,3,15.609,40.48,5.203,13.516,0.266
39,ec.gp.GPIndividual@2109968664{1194011730},3C_20_50-02.txt,61.404,0.250,15.351,7,16.188,105.45,2.313,5.922,0.516
39,ec.gp.GPIndividual@2109968664{1194011730},3C_20_66-02.txt,154.245,0.250,38.561,1,0.313,0.81,0.313,5.922,0.313
39,ec.gp.GPIndividual@2109968664{1194011730},3C_20_80-01.txt,4.194,0.250,1.049,1,1.922,183.28,1.922,5.922,0.313
39,ec.gp.GPIndividual@2109968664{1194011730},3C_20_50-03.txt,30.993,0.250,7.748,5,7.094,91.55,1.419,5.922,0.313
39,ec.gp.GPIndividual@2109968664{1194011730},3C_20_66-03.txt,118.340,0.250,29.585,2,3.297,11.14,1.648,5.922,0.313
39,ec.gp.GPIndividual@2109968664{1194011730},3C_20_80-02.txt,35.738,0.250,8.935,1,1.766,19.76,1.766,5.922,0.313
39,ec.gp.GPIndividual@2109968664{1194011730},3C_20_50-03.txt,30.993,0.250,7.748,1,3.797,49.00,3.797,5.922,0.313
39,ec.gp.GPIndividual@2109968664{1194011730},3C_20_80-03.txt,169.439,0.250,42.360,16,41.500,97.97,2.594,6.047,0.313
39,ec.gp.GPIndividual@2109968664{1194011730},3C_20_80-03.txt,169.439,0.250,42.360,3,8.484,20.03,2.828,6.047,0.313
39,ec.gp.GPIndividual@296441814{1521773487},3C_20_50-02.txt,61.404,0.250,15.351,4,18.125,118.07,4.531,8.719,0.531
39,ec.gp.GPIndividual@296441814{1521773487},3C_20_66-03.txt,118.340,0.250,29.585,2,5.703,19.28,2.852,8.719,0.531
39,ec.gp.GPIndividual@296441814{1521773487},3C_20_66-01.txt,7.322,0.250,1.831,1,6.328,345.70,6.328,8.719,0.531
39,ec.gp.GPIndividual@1821823938{-2078912240},3C_20_50-02.txt,61.404,0.250,15.351,0,0.000,0.00,0.000,0.000,0.000
39,ec.gp.GPIndividual@1821823938{-2078912240},3C_20_50-03.txt,30.993,0.250,7.748,0,0.000,0.00,0.000,0.000,0.000
39,ec.gp.GPIndividual@1821823938{-2078912240},3C_20_66-01.txt,7.322,0.250,1.831,0,0.000,0.00,0.000,0.000,0.000
39,ec.gp.GPIndividual@1821823938{-2078912240},3C_20_66-02.txt,154.245,0.250,38.561,0,0.000,0.00,0.000,0.000,0.000
39,ec.gp.GPIndividual@1821823938{-2078912240},3C_20_66-03.txt,118.340,0.250,29.585,0,0.000,0.00,0.000,0.000,0.000
39,ec.gp.GPIndividual@1821823938{-2078912240},3C_20_80-01.txt,4.194,0.250,1.049,0,0.000,0.00,0.000,0.000,0.000
39,ec.gp.GPIndividual@1821823938{-2078912240},3C_20_80-02.txt,35.738,0.250,8.935,0,0.000,0.00,0.000,0.000,0.000
39,ec.gp.GPIndividual@1821823938{-2078912240},3C_20_80-03.txt,169.439,0.250,42.360,0,0.000,0.00,0.000,0.000,0.000
39,ec.gp.GPIndividual@2068847121{-53709245},3C_20_50-02.txt,61.404,0.250,15.351,4,11.297,73.59,2.824,7.578,0.359
39,ec.gp.GPIndividual@2068847121{-53709245},3C_20_50-03.txt,30.993,0.250,7.748,4,6.750,87.12,1.688,7.578,0.359
39,ec.gp.GPIndividual@2068847121{-53709245},3C_20_66-01.txt,7.322,0.250,1.831,3,4.016,219.37,1.339,7.578,0.172
39,ec.gp.GPIndividual@2068847121{-53709245},3C_20_50-03.txt,30.993,0.250,7.748,3,3.297,42.55,1.099,7.578,0.000
39,ec.gp.GPIndividual@2068847121{-53709245},3C_20_66-02.txt,154.245,0.250,38.561,10,37.000,95.95,3.700,14.984,0.000
39,ec.gp.GPIndividual@2068847121{-53709245},3C_20_80-01.txt,4.194,0.250,1.049,1,1.422,135.59,1.422,14.984,0.000
39,ec.gp.GPIndividual@2068847121{-53709245},3C_20_66-02.txt,154.245,0.250,38.561,4,7.563,19.61,1.891,14.984,0.000
39,ec.gp.GPIndividual@2068847121{-53709245},3C_20_66-01.txt,7.322,0.250,1.831,2,4.141,226.20,2.070,14.984,0.000
39,ec.gp.GPIndividual@2068847121{-53709245},3C_20_66-03.txt,118.340,0.250,29.585,1,0.141,0.48,0.141,14.984,0.000
39,ec.gp.GPIndividual@2068847121{-53709245},3C_20_66-03.txt,118.340,0.250,29.585,6,16.156,54.61,2.693,14.984,0.000
39,ec.gp.GPIndividual@2068847121{-53709245},3C_20_80-01.txt,4.194,0.250,1.049,2,4.547,433.60,2.273,14.984,0.000
39,ec.gp.GPIndividual@2068847121{-53709245},3C_20_80-02.txt,35.738,0.250,8.935,5,10.500,117.52,2.100,14.984,0.000
39,ec.gp.GPIndividual@2068847121{-53709245},3C_20_80-01.txt,4.194,0.250,1.049,1,6.172,588.57,6.172,14.984,0.000
39,ec.gp.GPIndividual@2068847121{-53709245},3C_20_80-01.txt,4.194,0.250,1.049,1,2.031,193.71,2.031,14.984,0.000
39,ec.gp.GPIndividual@2068847121{-53709245},3C_20_80-03.txt,169.439,0.250,42.360,8,14.719,34.75,1.840,14.984,0.000
39,ec.gp.GPIndividual@2068847121{-53709245},3C_20_80-02.txt,35.738,0.250,8.935,4,6.875,76.95,1.719,14.984,0.000
39,ec.gp.GPIndividual@2068847121{-53709245},3C_20_80-03.txt,169.439,0.250,42.360,1,2.406,5.68,2.406,14.984,0.000
39,ec.gp.GPIndividual@2068847121{-53709245},3C_20_80-02.txt,35.738,0.250,8.935,2,8.891,99.51,4.445,14.984,0.000
39,ec.gp.GPIndividual@2068847121{-53709245},3C_20_80-02.txt,35.738,0.250,8.935,1,1.266,14.17,1.266,14.984,0.000
39,ec.gp.GPIndividual@1455496854{142466427},3C_20_50-02.txt,61.404,0.250,15.351,0,0.000,0.00,0.000,0.000,0.000
39,ec.gp.GPIndividual@1455496854{142466427},3C_20_50-03.txt,30.993,0.250,7.748,0,0.000,0.00,0.000,0.000,0.000
39,ec.gp.GPIndividual@1455496854{142466427},3C_20_66-01.txt,7.322,0.250,1.831,0,0.000,0.00,0.000,0.000,0.000
39,ec.gp.GPIndividual@1455496854{142466427},3C_20_66-02.txt,154.245,0.250,38.561,0,0.000,0.00,0.000,0.000,0.000
39,ec.gp.GPIndividual@1455496854{142466427},3C_20_66-03.txt,118.340,0.250,29.585,0,0.000,0.00,0.000,0.000,0.000
39,ec.gp.GPIndividual@1455496854{142466427},3C_20_80-01.txt,4.194,0.250,1.049,0,0.000,0.00,0.000,0.000,0.000
39,ec.gp.GPIndividual@1455496854{142466427},3C_20_80-02.txt,35.738,0.250,8.935,0,0.000,0.00,0.000,0.000,0.000
39,ec.gp.GPIndividual@1455496854{142466427},3C_20_80-03.txt,169.439,0.250,42.360,0,0.000,0.00,0.000,0.000,0.000
39,ec.gp.GPIndividual@2093925887{-753363715},3C_20_50-02.txt,61.404,0.250,15.351,7,18.484,120.41,2.641,9.500,0.531
39,ec.gp.GPIndividual@2093925887{-753363715},3C_20_66-01.txt,7.322,0.250,1.831,2,1.734,94.75,0.867,9.500,0.344
39,ec.gp.GPIndividual@2093925887{-753363715},3C_20_80-03.txt,169.439,0.250,42.360,8,27.406,64.70,3.426,12.563,0.344
39,ec.gp.GPIndividual@2093925887{-753363715},3C_20_66-02.txt,154.245,0.250,38.561,11,36.156,93.76,3.287,13.688,0.344
39,ec.gp.GPIndividual@1888370276{-1680037372},3C_20_50-02.txt,61.404,0.250,15.351,1,0.344,2.24,0.344,0.344,0.344
39,ec.gp.GPIndividual@1888370276{-1680037372},3C_20_50-03.txt,30.993,0.250,7.748,1,9.031,116.56,9.031,9.031,0.344
39,ec.gp.GPIndividual@1888370276{-1680037372},3C_20_66-02.txt,154.245,0.250,38.561,1,9.656,25.04,9.656,9.656,0.344
39,ec.gp.GPIndividual@383583350{1270362312},3C_20_50-02.txt,61.404,0.250,15.351,3,16.703,108.81,5.568,13.484,0.531
39,ec.gp.GPIndividual@383583350{1270362312},3C_20_66-03.txt,118.340,0.250,29.585,2,2.500,8.45,1.250,13.484,0.531
39,ec.gp.GPIndividual@383583350{1270362312},3C_20_50-03.txt,30.993,0.250,7.748,1,3.188,41.14,3.188,13.484,0.531
39,ec.gp.GPIndividual@383583350{1270362312},3C_20_66-01.txt,7.322,0.250,1.831,1,14.828,810.04,14.828,14.828,0.531
39,ec.gp.GPIndividual@383583350{1270362312},3C_20_80-03.txt,169.439,0.250,42.360,1,6.594,15.57,6.594,14.828,0.531
39,ec.gp.GPIndividual@383583350{1270362312},3C_20_66-03.txt,118.340,0.250,29.585,1,0.813,2.75,0.813,14.828,0.531
39,ec.gp.GPIndividual@383583350{1270362312},3C_20_66-02.txt,154.245,0.250,38.561,3,8.406,21.80,2.802,14.828,0.531
39,ec.gp.GPIndividual@383583350{1270362312},3C_20_66-03.txt,118.340,0.250,29.585,6,31.594,106.79,5.266,14.828,0.531
39,ec.gp.GPIndividual@383583350{1270362312},3C_20_80-01.txt,4.194,0.250,1.049,1,0.531,50.66,0.531,14.828,0.531
39,ec.gp.GPIndividual@383583350{1270362312},3C_20_80-02.txt,35.738,0.250,8.935,3,8.609,96.36,2.870,14.828,0.531
39,ec.gp.GPIndividual@383583350{1270362312},3C_20_80-01.txt,4.194,0.250,1.049,3,1.063,101.32,0.354,14.828,0.172
39,ec.gp.GPIndividual@383583350{1270362312},3C_20_80-02.txt,35.738,0.250,8.935,2,1.594,17.84,0.797,14.828,0.000
39,ec.gp.GPIndividual@383583350{1270362312},3C_20_80-01.txt,4.194,0.250,1.049,1,1.922,183.28,1.922,14.828,0.000
39,ec.gp.GPIndividual@383583350{1270362312},3C_20_80-03.txt,169.439,0.250,42.360,2,6.172,14.57,3.086,14.828,0.000
39,ec.gp.GPIndividual@1786884209{2048346128},3C_20_50-02.txt,61.404,0.250,15.351,0,0.000,0.00,0.000,0.000,0.000
39,ec.gp.GPIndividual@1786884209{2048346128},3C_20_50-03.txt,30.993,0.250,7.748,0,0.000,0.00,0.000,0.000,0.000
39,ec.gp.GPIndividual@1786884209{2048346128},3C_20_66-01.txt,7.322,0.250,1.831,0,0.000,0.00,0.000,0.000,0.000
39,ec.gp.GPIndividual@1786884209{2048346128},3C_20_66-02.txt,154.245,0.250,38.561,0,0.000,0.00,0.000,0.000,0.000
39,ec.gp.GPIndividual@1786884209{2048346128},3C_20_66-03.txt,118.340,0.250,29.585,0,0.000,0.00,0.000,0.000,0.000
39,ec.gp.GPIndividual@1786884209{2048346128},3C_20_80-01.txt,4.194,0.250,1.049,0,0.000,0.00,0.000,0.000,0.000
39,ec.gp.GPIndividual@1786884209{2048346128},3C_20_80-02.txt,35.738,0.250,8.935,0,0.000,0.00,0.000,0.000,0.000
39,ec.gp.GPIndividual@1786884209{2048346128},3C_20_80-03.txt,169.439,0.250,42.360,0,0.000,0.00,0.000,0.000,0.000
39,ec.gp.GPIndividual@306320808{-1430443761},3C_20_50-02.txt,61.404,0.250,15.351,1,0.000,0.00,0.000,0.000,0.000
39,ec.gp.GPIndividual@306320808{-1430443761},3C_20_50-03.txt,30.993,0.250,7.748,1,0.000,0.00,0.000,0.000,0.000
39,ec.gp.GPIndividual@306320808{-1430443761},3C_20_66-01.txt,7.322,0.250,1.831,1,0.000,0.00,0.000,0.000,0.000
39,ec.gp.GPIndividual@306320808{-1430443761},3C_20_66-02.txt,154.245,0.250,38.561,1,0.000,0.00,0.000,0.000,0.000
39,ec.gp.GPIndividual@306320808{-1430443761},3C_20_66-03.txt,118.340,0.250,29.585,1,0.000,0.00,0.000,0.000,0.000
39,ec.gp.GPIndividual@306320808{-1430443761},3C_20_80-01.txt,4.194,0.250,1.049,1,0.000,0.00,0.000,0.000,0.000
39,ec.gp.GPIndividual@306320808{-1430443761},3C_20_80-02.txt,35.738,0.250,8.935,1,0.000,0.00,0.000,0.000,0.000
39,ec.gp.GPIndividual@306320808{-1430443761},3C_20_80-03.txt,169.439,0.250,42.360,1,0.000,0.00,0.000,0.000,0.000
39,ec.gp.GPIndividual@869429864{-2011619160},3C_20_50-02.txt,61.404,0.250,15.351,1,3.156,20.56,3.156,3.156,3.156
39,ec.gp.GPIndividual@869429864{-2011619160},3C_20_66-01.txt,7.322,0.250,1.831,3,3.453,188.64,1.151,3.156,0.344
39,ec.gp.GPIndividual@869429864{-2011619160},3C_20_80-03.txt,169.439,0.250,42.360,2,0.328,0.77,0.164,3.156,0.000
39,ec.gp.GPIndividual@869429864{-2011619160},3C_20_80-02.txt,35.738,0.250,8.935,7,18.234,204.09,2.605,10.766,0.000
39,ec.gp.GPIndividual@869429864{-2011619160},3C_20_50-03.txt,30.993,0.250,7.748,3,1.984,25.61,0.661,10.766,0.000
39,ec.gp.GPIndividual@869429864{-2011619160},3C_20_80-03.txt,169.439,0.250,42.360,1,5.578,13.17,5.578,10.766,0.000
39,ec.gp.GPIndividual@911128971{-269554057},3C_20_50-02.txt,61.404,0.250,15.351,1,2.109,13.74,2.109,2.109,2.109
39,ec.gp.GPIndividual@911128971{-269554057},3C_20_50-03.txt,30.993,0.250,7.748,2,1.859,24.00,0.930,2.109,0.500
39,ec.gp.GPIndividual@911128971{-269554057},3C_20_66-02.txt,154.245,0.250,38.561,13,41.266,107.01,3.174,6.438,0.359
39,ec.gp.GPIndividual@911128971{-269554057},3C_20_50-03.txt,30.993,0.250,7.748,2,0.359,4.64,0.180,6.438,0.000
39,ec.gp.GPIndividual@911128971{-269554057},3C_20_66-01.txt,7.322,0.250,1.831,2,1.938,105.84,0.969,6.438,0.000
39,ec.gp.GPIndividual@911128971{-269554057},3C_20_66-03.txt,118.340,0.250,29.585,5,8.719,29.47,1.744,6.438,0.000
39,ec.gp.GPIndividual@342350636{-1425988423},3C_20_50-02.txt,61.404,0.250,15.351,0,0.000,0.00,0.000,0.000,0.000
39,ec.gp.GPIndividual@342350636{-1425988423},3C_20_50-03.txt,30.993,0.250,7.748,0,0.000,0.00,0.000,0.000,0.000
39,ec.gp.GPIndividual@342350636{-1425988423},3C_20_66-01.txt,7.322,0.250,1.831,0,0.000,0.00,0.000,0.000,0.000
39,ec.gp.GPIndividual@342350636{-1425988423},3C_20_66-02.txt,154.245,0.250,38.561,0,0.000,0.00,0.000,0.000,0.000
39,ec.gp.GPIndividual@342350636{-1425988423},3C_20_66-03.txt,118.340,0.250,29.585,0,0.000,0.00,0.000,0.000,0.000
39,ec.gp.GPIndividual@342350636{-1425988423},3C_20_80-01.txt,4.194,0.250,1.049,0,0.000,0.00,0.000,0.000,0.000
39,ec.gp.GPIndividual@342350636{-1425988423},3C_20_80-02.txt,35.738,0.250,8.935,0,0.000,0.00,0.000,0.000,0.000
39,ec.gp.GPIndividual@342350636{-1425988423},3C_20_80-03.txt,169.439,0.250,42.360,0,0.000,0.00,0.000,0.000,0.000
39,ec.gp.GPIndividual@437011776{-945237204},3C_20_50-02.txt,61.404,0.250,15.351,6,16.438,107.08,2.740,6.125,0.266
39,ec.gp.GPIndividual@437011776{-945237204},3C_20_66-01.txt,7.322,0.250,1.831,1,2.563,139.99,2.563,6.125,0.266
39,ec.gp.GPIndividual@437011776{-945237204},3C_20_80-01.txt,4.194,0.250,1.049,2,1.156,110.26,0.578,6.125,0.266
39,ec.gp.GPIndividual@437011776{-945237204},3C_20_66-02.txt,154.245,0.250,38.561,3,6.297,16.33,2.099,6.125,0.000
39,ec.gp.GPIndividual@437011776{-945237204},3C_20_50-03.txt,30.993,0.250,7.748,2,1.203,15.53,0.602,6.125,0.000
39,ec.gp.GPIndividual@437011776{-945237204},3C_20_80-02.txt,35.738,0.250,8.935,6,9.078,101.61,1.513,6.125,0.000
39,ec.gp.GPIndividual@437011776{-945237204},3C_20_66-01.txt,7.322,0.250,1.831,3,1.734,94.75,0.578,6.125,0.000
39,ec.gp.GPIndividual@437011776{-945237204},3C_20_80-03.txt,169.439,0.250,42.360,1,0.391,0.92,0.391,6.125,0.000
39,ec.gp.GPIndividual@437011776{-945237204},3C_20_66-03.txt,118.340,0.250,29.585,7,30.125,101.83,4.304,14.344,0.000
39,ec.gp.GPIndividual@1945626421{781213232},3C_20_50-02.txt,61.404,0.250,15.351,4,6.703,43.67,1.676,4.672,0.000
39,ec.gp.GPIndividual@1945626421{781213232},3C_20_66-02.txt,154.245,0.250,38.561,7,19.000,49.27,2.714,8.453,0.000
39,ec.gp.GPIndividual@1945626421{781213232},3C_20_66-01.txt,7.322,0.250,1.831,1,2.609,142.55,2.609,8.453,0.000
39,ec.gp.GPIndividual@1945626421{781213232},3C_20_50-03.txt,30.993,0.250,7.748,2,8.672,111.92,4.336,8.453,0.000
39,ec.gp.GPIndividual@1945626421{781213232},3C_20_66-03.txt,118.340,0.250,29.585,2,0.125,0.42,0.063,8.453,0.000
39,ec.gp.GPIndividual@1945626421{781213232},3C_20_66-02.txt,154.245,0.250,38.561,14,41.141,106.69,2.939,13.844,0.000
39,ec.gp.GPIndividual@1945626421{781213232},3C_20_80-01.txt,4.194,0.250,1.049,4,0.875,83.44,0.219,13.844,0.000
39,ec.gp.GPIndividual@1945626421{781213232},3C_20_80-02.txt,35.738,0.250,8.935,2,6.094,68.20,3.047,13.844,0.000
39,ec.gp.GPIndividual@1945626421{781213232},3C_20_66-01.txt,7.322,0.250,1.831,3,1.922,104.99,0.641,13.844,0.000
39,ec.gp.GPIndividual@1945626421{781213232},3C_20_66-02.txt,154.245,0.250,38.561,1,0.438,1.13,0.438,13.844,0.000
39,ec.gp.GPIndividual@1945626421{781213232},3C_20_80-03.txt,169.439,0.250,42.360,1,6.891,16.27,6.891,13.844,0.000
39,ec.gp.GPIndividual@1945626421{781213232},3C_20_80-01.txt,4.194,0.250,1.049,1,8.125,774.83,8.125,13.844,0.000
39,ec.gp.GPIndividual@1945626421{781213232},3C_20_66-03.txt,118.340,0.250,29.585,11,29.391,99.34,2.672,13.844,0.000
39,ec.gp.GPIndividual@1945626421{781213232},3C_20_80-01.txt,4.194,0.250,1.049,1,2.938,280.13,2.938,13.844,0.000
39,ec.gp.GPIndividual@1945626421{781213232},3C_20_80-02.txt,35.738,0.250,8.935,4,5.094,57.01,1.273,13.844,0.000
39,ec.gp.GPIndividual@881108970{1401370962},3C_20_50-02.txt,61.404,0.250,15.351,3,9.094,59.24,3.031,7.078,0.422
39,ec.gp.GPIndividual@881108970{1401370962},3C_20_66-02.txt,154.245,0.250,38.561,19,33.203,86.10,1.748,7.078,0.422
39,ec.gp.GPIndividual@881108970{1401370962},3C_20_66-03.txt,118.340,0.250,29.585,1,4.000,13.52,4.000,7.078,0.422
39,ec.gp.GPIndividual@881108970{1401370962},3C_20_80-02.txt,35.738,0.250,8.935,1,6.578,73.63,6.578,7.078,0.422
39,ec.gp.GPIndividual@881108970{1401370962},3C_20_50-03.txt,30.993,0.250,7.748,1,8.438,108.90,8.438,8.438,0.422
39,ec.gp.GPIndividual@881108970{1401370962},3C_20_80-03.txt,169.439,0.250,42.360,2,14.688,34.67,7.344,12.891,0.422
39,ec.gp.GPIndividual@881108970{1401370962},3C_20_66-03.txt,118.340,0.250,29.585,11,29.000,98.02,2.636,12.891,0.422
39,ec.gp.GPIndividual@881108970{1401370962},3C_20_80-01.txt,4.194,0.250,1.049,4,0.859,81.95,0.215,12.891,0.000
39,ec.gp.GPIndividual@881108970{1401370962},3C_20_80-02.txt,35.738,0.250,8.935,3,8.078,90.41,2.693,12.891,0.000
39,ec.gp.GPIndividual@881108970{1401370962},3C_20_80-01.txt,4.194,0.250,1.049,2,1.328,126.65,0.664,12.891,0.000
39,ec.gp.GPIndividual@881108970{1401370962},3C_20_80-03.txt,169.439,0.250,42.360,2,5.141,12.14,2.570,12.891,0.000
39,ec.gp.GPIndividual@881108970{1401370962},3C_20_80-03.txt,169.439,0.250,42.360,1,5.328,12.58,5.328,12.891,0.000
39,ec.gp.GPIndividual@1392016987{-105249731},3C_20_50-02.txt,61.404,0.250,15.351,3,2.953,19.24,0.984,2.578,0.000
39,ec.gp.GPIndividual@1392016987{-105249731},3C_20_66-01.txt,7.322,0.250,1.831,1,0.953,52.07,0.953,2.578,0.000
39,ec.gp.GPIndividual@1392016987{-105249731},3C_20_80-02.txt,35.738,0.250,8.935,8,8.813,98.63,1.102,2.578,0.000
39,ec.gp.GPIndividual@1392016987{-105249731},3C_20_50-03.txt,30.993,0.250,7.748,3,6.500,83.89,2.167,4.484,0.000
39,ec.gp.GPIndividual@1392016987{-105249731},3C_20_80-03.txt,169.439,0.250,42.360,3,7.250,17.12,2.417,4.781,0.000
39,ec.gp.GPIndividual@228890491{-221779167},3C_20_50-02.txt,61.404,0.250,15.351,0,0.000,0.00,0.000,0.000,0.000
39,ec.gp.GPIndividual@228890491{-221779167},3C_20_50-03.txt,30.993,0.250,7.748,0,0.000,0.00,0.000,0.000,0.000
39,ec.gp.GPIndividual@228890491{-221779167},3C_20_66-01.txt,7.322,0.250,1.831,0,0.000,0.00,0.000,0.000,0.000
39,ec.gp.GPIndividual@228890491{-221779167},3C_20_66-02.txt,154.245,0.250,38.561,0,0.000,0.00,0.000,0.000,0.000
39,ec.gp.GPIndividual@228890491{-221779167},3C_20_66-03.txt,118.340,0.250,29.585,0,0.000,0.00,0.000,0.000,0.000
39,ec.gp.GPIndividual@228890491{-221779167},3C_20_80-01.txt,4.194,0.250,1.049,0,0.000,0.00,0.000,0.000,0.000
39,ec.gp.GPIndividual@228890491{-221779167},3C_20_80-02.txt,35.738,0.250,8.935,0,0.000,0.00,0.000,0.000,0.000
39,ec.gp.GPIndividual@228890491{-221779167},3C_20_80-03.txt,169.439,0.250,42.360,0,0.000,0.00,0.000,0.000,0.000
39,ec.gp.GPIndividual@1669295946{-1480460271},3C_20_50-02.txt,61.404,0.250,15.351,1,15.109,98.43,15.109,15.109,15.109
39,ec.gp.GPIndividual@169066109{1560037623},3C_20_50-02.txt,61.404,0.250,15.351,6,9.313,60.66,1.552,5.391,0.094
40,ec.gp.GPIndividual@1958079564{884992462},3C_20_50-02.txt,61.404,0.250,15.351,0,0.000,0.00,0.000,0.000,0.000
40,ec.gp.GPIndividual@1958079564{884992462},3C_20_50-02.txt,61.404,0.250,15.351,0,0.000,0.00,0.000,0.000,0.000
40,ec.gp.GPIndividual@1958079564{884992462},3C_20_50-03.txt,30.993,0.250,7.748,0,0.000,0.00,0.000,0.000,0.000
40,ec.gp.GPIndividual@1958079564{884992462},3C_20_66-01.txt,7.322,0.250,1.831,0,0.000,0.00,0.000,0.000,0.000
40,ec.gp.GPIndividual@1958079564{884992462},3C_20_66-01.txt,7.322,0.250,1.831,0,0.000,0.00,0.000,0.000,0.000
40,ec.gp.GPIndividual@1958079564{884992462},3C_20_66-02.txt,154.245,0.250,38.561,0,0.000,0.00,0.000,0.000,0.000
40,ec.gp.GPIndividual@1958079564{884992462},3C_20_66-03.txt,118.340,0.250,29.585,0,0.000,0.00,0.000,0.000,0.000
40,ec.gp.GPIndividual@1958079564{884992462},3C_20_66-03.txt,118.340,0.250,29.585,0,0.000,0.00,0.000,0.000,0.000
40,ec.gp.GPIndividual@1958079564{884992462},3C_20_66-02.txt,154.245,0.250,38.561,0,0.000,0.00,0.000,0.000,0.000
40,ec.gp.GPIndividual@1958079564{884992462},3C_20_80-02.txt,35.738,0.250,8.935,0,0.000,0.00,0.000,0.000,0.000
40,ec.gp.GPIndividual@1958079564{884992462},3C_20_66-03.txt,118.340,0.250,29.585,0,0.000,0.00,0.000,0.000,0.000
40,ec.gp.GPIndividual@1958079564{884992462},3C_20_80-03.txt,169.439,0.250,42.360,0,0.000,0.00,0.000,0.000,0.000
40,ec.gp.GPIndividual@1958079564{884992462},3C_20_80-01.txt,4.194,0.250,1.049,0,0.000,0.00,0.000,0.000,0.000
40,ec.gp.GPIndividual@1092181447{1895182881},3C_20_50-02.txt,61.404,0.250,15.351,0,0.000,0.00,0.000,0.000,0.000
40,ec.gp.GPIndividual@1092181447{1895182881},3C_20_80-02.txt,35.738,0.250,8.935,0,0.000,0.00,0.000,0.000,0.000
40,ec.gp.GPIndividual@1092181447{1895182881},3C_20_80-03.txt,169.439,0.250,42.360,0,0.000,0.00,0.000,0.000,0.000
40,ec.gp.GPIndividual@930148867{534921140},3C_20_50-02.txt,61.404,0.250,15.351,15,14.797,96.39,0.986,1.922,0.000
40,ec.gp.GPIndividual@930148867{534921140},3C_20_50-03.txt,30.993,0.250,7.748,4,8.938,115.35,2.234,2.531,0.000
40,ec.gp.GPIndividual@930148867{534921140},3C_20_50-03.txt,30.993,0.250,7.748,3,4.766,61.51,1.589,2.531,0.000
40,ec.gp.GPIndividual@930148867{534921140},3C_20_50-03.txt,30.993,0.250,7.748,2,2.469,31.86,1.234,2.531,0.000
40,ec.gp.GPIndividual@930148867{534921140},3C_20_50-03.txt,30.993,0.250,7.748,2,5.328,68.77,2.664,3.172,0.000
40,ec.gp.GPIndividual@930148867{534921140},3C_20_50-03.txt,30.993,0.250,7.748,2,1.969,25.41,0.984,3.172,0.000
40,ec.gp.GPIndividual@930148867{534921140},3C_20_50-03.txt,30.993,0.250,7.748,3,8.375,108.09,2.792,3.234,0.000
40,ec.gp.GPIndividual@930148867{534921140},3C_20_66-01.txt,7.322,0.250,1.831,1,3.219,175.84,3.219,3.234,0.000
40,ec.gp.GPIndividual@930148867{534921140},3C_20_66-01.txt,7.322,0.250,1.831,2,1.047,57.19,0.523,3.234,0.000
40,ec.gp.GPIndividual@930148867{534921140},3C_20_66-01.txt,7.322,0.250,1.831,1,1.969,107.55,1.969,3.234,0.000
40,ec.gp.GPIndividual@930148867{534921140},3C_20_66-01.txt,7.322,0.250,1.831,2,4.031,220.22,2.016,3.234,0.000
40,ec.gp.GPIndividual@930148867{534921140},3C_20_66-01.txt,7.322,0.250,1.831,2,3.922,214.25,1.961,3.234,0.000
40,ec.gp.GPIndividual@930148867{534921140},3C_20_66-01.txt,7.322,0.250,1.831,3,2.047,111.82,0.682,3.234,0.000
40,ec.gp.GPIndividual@930148867{534921140},3C_20_66-02.txt,154.245,0.250,38.561,12,12.984,33.67,1.082,3.234,0.000
40,ec.gp.GPIndividual@930148867{534921140},3C_20_66-02.txt,154.245,0.250,38.561,2,3.109,8.06,1.555,3.234,0.000
40,ec.gp.GPIndividual@930148867{534921140},3C_20_66-02.txt,154.245,0.250,38.561,2,3.063,7.94,1.531,3.234,0.000
40,ec.gp.GPIndividual@930148867{534921140},3C_20_66-02.txt,154.245,0.250,38.561,24,38.109,98.83,1.588,3.234,0.000
40,ec.gp.GPIndividual@930148867{534921140},3C_20_66-03.txt,118.340,0.250,29.585,1,1.063,3.59,1.063,3.234,0.000
40,ec.gp.GPIndividual@930148867{534921140},3C_20_66-03.txt,118.340,0.250,29.585,2,6.438,21.76,3.219,4.672,0.000
40,ec.gp.GPIndividual@930148867{534921140},3C_20_66-03.txt,118.340,0.250,29.585,2,19.047,64.38,9.523,9.781,0.000
40,ec.gp.GPIndividual@930148867{534921140},3C_20_66-02.txt,154.245,0.250,38.561,10,41.844,108.51,4.184,9.781,0.000
40,ec.gp.GPIndividual@930148867{534921140},3C_20_66-02.txt,154.245,0.250,38.561,1,10.063,26.09,10.063,10.063,0.000
40,ec.gp.GPIndividual@930148867{534921140},3C_20_66-03.txt,118.340,0.250,29.585,3,7.688,25.98,2.563,10.063,0.000
40,ec.gp.GPIndividual@930148867{534921140},3C_20_80-01.txt,4.194,0.250,1.049,3,3.703,353.14,1.234,10.063,0.000
40,ec.gp.GPIndividual@930148867{534921140},3C_20_66-03.txt,118.340,0.250,29.585,2,0.156,0.53,0.078,10.063,0.000
40,ec.gp.GPIndividual@930148867{534921140},3C_20_80-02.txt,35.738,0.250,8.935,1,4.125,46.17,4.125,10.063,0.000
40,ec.gp.GPIndividual@930148867{534921140},3C_20_80-01.txt,4.194,0.250,1.049,4,1.047,99.83,0.262,10.063,0.000
40,ec.gp.GPIndividual@930148867{534921140},3C_20_80-02.txt,35.738,0.250,8.935,4,10.063,112.62,2.516,10.063,0.000
40,ec.gp.GPIndividual@930148867{534921140},3C_20_80-03.txt,169.439,0.250,42.360,1,0.156,0.37,0.156,10.063,0.000
40,ec.gp.GPIndividual@930148867{534921140},3C_20_80-01.txt,4.194,0.250,1.049,1,2.156,205.63,2.156,10.063,0.000
40,ec.gp.GPIndividual@930148867{534921140},3C_20_80-03.txt,169.439,0.250,42.360,5,19.828,46.81,3.966,10.438,0.000
40,ec.gp.GPIndividual@930148867{534921140},3C_20_80-01.txt,4.194,0.250,1.049,2,10.125,965.55,5.063,10.438,0.000
40,ec.gp.GPIndividual@930148867{534921140},3C_20_66-03.txt,118.340,0.250,29.585,7,23.313,78.80,3.330,10.438,0.000
40,ec.gp.GPIndividual@930148867{534921140},3C_20_80-02.txt,35.738,0.250,8.935,3,9.359,104.76,3.120,10.438,0.000
40,ec.gp.GPIndividual@930148867{534921140},3C_20_80-01.txt,4.194,0.250,1.049,1,1.422,135.59,1.422,10.438,0.000
40,ec.gp.GPIndividual@930148867{534921140},3C_20_80-03.txt,169.439,0.250,42.360,2,5.391,12.73,2.695,10.438,0.000
40,ec.gp.GPIndividual@786901467{350645581},3C_20_50-02.txt,61.404,0.250,15.351,2,3.281,21.37,1.641,2.813,0.469
40,ec.gp.GPIndividual@786901467{350645581},3C_20_50-03.txt,30.993,0.250,7.748,2,8.563,110.51,4.281,7.359,0.469
40,ec.gp.GPIndividual@1446816031{-1773075135},3C_20_50-02.txt,61.404,0.250,15.351,4,7.281,47.43,1.820,3.219,0.313
40,ec.gp.GPIndividual@1446816031{-1773075135},3C_20_66-01.txt,7.322,0.250,1.831,1,0.734,40.12,0.734,3.219,0.313
40,ec.gp.GPIndividual@1446816031{-1773075135},3C_20_66-02.txt,154.245,0.250,38.561,2,12.141,31.48,6.070,10.328,0.313
40,ec.gp.GPIndividual@1446816031{-1773075135},3C_20_80-01.txt,4.194,0.250,1.049,3,6.906,658.60,2.302,10.328,0.313
40,ec.gp.GPIndividual@387028919{-613624964},3C_20_50-02.txt,61.404,0.250,15.351,5,6.719,43.77,1.344,3.734,0.000
40,ec.gp.GPIndividual@387028919{-613624964},3C_20_66-03.txt,118.340,0.250,29.585,2,3.547,11.99,1.773,3.734,0.000
40,ec.gp.GPIndividual@387028919{-613624964},3C_20_80-02.txt,35.738,0.250,8.935,4,8.609,96.36,2.152,5.297,0.000
40,ec.gp.GPIndividual@387028919{-613624964},3C_20_50-03.txt,30.993,0.250,7.748,1,1.063,13.71,1.063,5.297,0.000
40,ec.gp.GPIndividual@387028919{-613624964},3C_20_80-02.txt,35.738,0.250,8.935,1,1.594,17.84,1.594,5.297,0.000
40,ec.gp.GPIndividual@387028919{-613624964},3C_20_80-02.txt,35.738,0.250,8.935,5,10.203,114.20,2.041,5.297,0.000
40,ec.gp.GPIndividual@387028919{-613624964},3C_20_80-03.txt,169.439,0.250,42.360,1,0.344,0.81,0.344,5.297,0.000
40,ec.gp.GPIndividual@387028919{-613624964},3C_20_80-03.txt,169.439,0.250,42.360,1,1.563,3.69,1.563,5.297,0.000
40,ec.gp.GPIndividual@387028919{-613624964},3C_20_50-03.txt,30.993,0.250,7.748,2,4.266,55.05,2.133,5.297,0.000
40,ec.gp.GPIndividual@387028919{-613624964},3C_20_80-03.txt,169.439,0.250,42.360,1,5.891,13.91,5.891,5.891,0.000
40,ec.gp.GPIndividual@387028919{-613624964},3C_20_80-01.txt,4.194,0.250,1.049,1,0.547,52.15,0.547,5.891,0.000
40,ec.gp.GPIndividual@387028919{-613624964},3C_20_80-02.txt,35.738,0.250,8.935,2,1.969,22.04,0.984,5.891,0.000
40,ec.gp.GPIndividual@387028919{-613624964},3C_20_66-01.txt,7.322,0.250,1.831,2,4.109,224.49,2.055,5.891,0.000
40,ec.gp.GPIndividual@387028919{-613624964},3C_20_66-01.txt,7.322,0.250,1.831,1,1.781,97.31,1.781,5.891,0.000
40,ec.gp.GPIndividual@387028919{-613624964},3C_20_80-03.txt,169.439,0.250,42.360,2,0.484,1.14,0.242,5.891,0.000
40,ec.gp.GPIndividual@387028919{-613624964},3C_20_66-02.txt,154.245,0.250,38.561,10,32.406,84.04,3.241,6.063,0.000
40,ec.gp.GPIndividual@1436302980{-849307420},3C_20_50-02.txt,61.404,0.250,15.351,0,0.000,0.00,0.000,0.000,0.000
40,ec.gp.GPIndividual@1436302980{-849307420},3C_20_50-03.txt,30.993,0.250,7.748,0,0.000,0.00,0.000,0.000,0.000
40,ec.gp.GPIndividual@1436302980{-849307420},3C_20_66-01.txt,7.322,0.250,1.831,0,0.000,0.00,0.000,0.000,0.000
40,ec.gp.GPIndividual@1436302980{-849307420},3C_20_66-02.txt,154.245,0.250,38.561,0,0.000,0.00,0.000,0.000,0.000
40,ec.gp.GPIndividual@1436302980{-849307420},3C_20_66-03.txt,118.340,0.250,29.585,0,0.000,0.00,0.000,0.000,0.000
40,ec.gp.GPIndividual@1436302980{-849307420},3C_20_80-01.txt,4.194,0.250,1.049,0,0.000,0.00,0.000,0.000,0.000
40,ec.gp.GPIndividual@1436302980{-849307420},3C_20_80-02.txt,35.738,0.250,8.935,0,0.000,0.00,0.000,0.000,0.000
40,ec.gp.GPIndividual@1436302980{-849307420},3C_20_80-03.txt,169.439,0.250,42.360,0,0.000,0.00,0.000,0.000,0.000
40,ec.gp.GPIndividual@2131239328{1502745092},3C_20_50-02.txt,61.404,0.250,15.351,1,1.266,8.24,1.266,1.266,1.266
40,ec.gp.GPIndividual@2131239328{1502745092},3C_20_66-03.txt,118.340,0.250,29.585,4,10.094,34.12,2.523,6.719,0.313
40,ec.gp.GPIndividual@327431627{-382075802},3C_20_50-02.txt,61.404,0.250,15.351,3,9.078,59.14,3.026,6.156,0.531
40,ec.gp.GPIndividual@327431627{-382075802},3C_20_80-01.txt,4.194,0.250,1.049,2,2.500,238.41,1.250,6.156,0.531
40,ec.gp.GPIndividual@327431627{-382075802},3C_20_50-03.txt,30.993,0.250,7.748,1,10.063,129.87,10.063,10.063,0.531
40,ec.gp.GPIndividual@1353914873{1664694352},3C_20_50-02.txt,61.404,0.250,15.351,2,0.313,2.04,0.156,0.313,0.000
40,ec.gp.GPIndividual@1353914873{1664694352},3C_20_80-02.txt,35.738,0.250,8.935,3,15.734,176.11,5.245,12.328,0.000
40,ec.gp.GPIndividual@558002037{-2093213600},3C_20_50-02.txt,61.404,0.250,15.351,0,0.000,0.00,0.000,0.000,0.000
40,ec.gp.GPIndividual@558002037{-2093213600},3C_20_50-03.txt,30.993,0.250,7.748,0,0.000,0.00,0.000,0.000,0.000
40,ec.gp.GPIndividual@558002037{-2093213600},3C_20_66-01.txt,7.322,0.250,1.831,0,0.000,0.00,0.000,0.000,0.000
40,ec.gp.GPIndividual@558002037{-2093213600},3C_20_66-02.txt,154.245,0.250,38.561,0,0.000,0.00,0.000,0.000,0.000
40,ec.gp.GPIndividual@558002037{-2093213600},3C_20_66-03.txt,118.340,0.250,29.585,0,0.000,0.00,0.000,0.000,0.000
40,ec.gp.GPIndividual@558002037{-2093213600},3C_20_80-01.txt,4.194,0.250,1.049,0,0.000,0.00,0.000,0.000,0.000
40,ec.gp.GPIndividual@558002037{-2093213600},3C_20_80-02.txt,35.738,0.250,8.935,0,0.000,0.00,0.000,0.000,0.000
40,ec.gp.GPIndividual@558002037{-2093213600},3C_20_80-03.txt,169.439,0.250,42.360,0,0.000,0.00,0.000,0.000,0.000
40,ec.gp.GPIndividual@141831017{-1697257639},3C_20_50-02.txt,61.404,0.250,15.351,0,0.000,0.00,0.000,0.000,0.000
40,ec.gp.GPIndividual@141831017{-1697257639},3C_20_50-03.txt,30.993,0.250,7.748,0,0.000,0.00,0.000,0.000,0.000
40,ec.gp.GPIndividual@141831017{-1697257639},3C_20_66-01.txt,7.322,0.250,1.831,0,0.000,0.00,0.000,0.000,0.000
40,ec.gp.GPIndividual@141831017{-1697257639},3C_20_66-02.txt,154.245,0.250,38.561,0,0.000,0.00,0.000,0.000,0.000
40,ec.gp.GPIndividual@141831017{-1697257639},3C_20_66-03.txt,118.340,0.250,29.585,0,0.000,0.00,0.000,0.000,0.000
40,ec.gp.GPIndividual@141831017{-1697257639},3C_20_80-01.txt,4.194,0.250,1.049,0,0.000,0.00,0.000,0.000,0.000
40,ec.gp.GPIndividual@141831017{-1697257639},3C_20_80-02.txt,35.738,0.250,8.935,0,0.000,0.00,0.000,0.000,0.000
40,ec.gp.GPIndividual@141831017{-1697257639},3C_20_80-03.txt,169.439,0.250,42.360,0,0.000,0.00,0.000,0.000,0.000
40,ec.gp.GPIndividual@283705362{-554006178},3C_20_50-02.txt,61.404,0.250,15.351,1,2.109,13.74,2.109,2.109,2.109
40,ec.gp.GPIndividual@283705362{-554006178},3C_20_80-03.txt,169.439,0.250,42.360,4,8.047,19.00,2.012,3.281,0.484
40,ec.gp.GPIndividual@283705362{-554006178},3C_20_50-03.txt,30.993,0.250,7.748,3,15.594,201.26,5.198,11.266,0.484
40,ec.gp.GPIndividual@283705362{-554006178},3C_20_66-02.txt,154.245,0.250,38.561,4,7.016,18.19,1.754,11.266,0.000
40,ec.gp.GPIndividual@283705362{-554006178},3C_20_50-03.txt,30.993,0.250,7.748,4,13.406,173.03,3.352,11.266,0.000
40,ec.gp.GPIndividual@101329320{-98926552},3C_20_50-02.txt,61.404,0.250,15.351,1,0.156,1.02,0.156,0.156,0.156
40,ec.gp.GPIndividual@101329320{-98926552},3C_20_66-03.txt,118.340,0.250,29.585,10,28.375,95.91,2.838,6.313,0.156
40,ec.gp.GPIndividual@101329320{-98926552},3C_20_80-01.txt,4.194,0.250,1.049,1,3.063,292.05,3.063,6.313,0.156
40,ec.gp.GPIndividual@101329320{-98926552},3C_20_50-03.txt,30.993,0.250,7.748,2,8.297,107.08,4.148,7.781,0.156
40,ec.gp.GPIndividual@101329320{-98926552},3C_20_66-01.txt,7.322,0.250,1.831,2,7.172,391.79,3.586,7.781,0.156
40,ec.gp.GPIndividual@101329320{-98926552},3C_20_66-01.txt,7.322,0.250,1.831,2,1.172,64.02,0.586,7.781,0.156
40,ec.gp.GPIndividual@101329320{-98926552},3C_20_80-02.txt,35.738,0.250,8.935,3,3.781,42.32,1.260,7.781,0.000
40,ec.gp.GPIndividual@101329320{-98926552},3C_20_66-01.txt,7.322,0.250,1.831,3,2.203,120.35,0.734,7.781,0.000
40,ec.gp.GPIndividual@101329320{-98926552},3C_20_66-02.txt,154.245,0.250,38.561,2,0.344,0.89,0.172,7.781,0.000
40,ec.gp.GPIndividual@101329320{-98926552},3C_20_66-02.txt,154.245,0.250,38.561,1,1.031,2.67,1.031,7.781,0.000
40,ec.gp.GPIndividual@101329320{-98926552},3C_20_66-02.txt,154.245,0.250,38.561,15,39.266,101.83,2.618,9.953,0.000
40,ec.gp.GPIndividual@101329320{-98926552},3C_20_66-03.txt,118.340,0.250,29.585,2,2.047,6.92,1.023,9.953,0.000
40,ec.gp.GPIndividual@101329320{-98926552},3C_20_80-03.txt,169.439,0.250,42.360,2,2.938,6.93,1.469,9.953,0.000
40,ec.gp.GPIndividual@101329320{-98926552},3C_20_66-03.txt,118.340,0.250,29.585,3,14.531,49.12,4.844,11.469,0.000
40,ec.gp.GPIndividual@101329320{-98926552},3C_20_50-03.txt,30.993,0.250,7.748,2,12.359,159.51,6.180,11.469,0.000
40,ec.gp.GPIndividual@1549238042{328666956},3C_20_50-02.txt,61.404,0.250,15.351,2,0.688,4.48,0.344,0.688,0.000
40,ec.gp.GPIndividual@1549238042{328666956},3C_20_80-01.txt,4.194,0.250,1.049,3,1.375,131.12,0.458,0.688,0.000
40,ec.gp.GPIndividual@1549238042{328666956},3C_20_80-02.txt,35.738,0.250,8.935,2,7.375,82.54,3.688,6.328,0.000
40,ec.gp.GPIndividual@1549238042{328666956},3C_20_80-01.txt,4.194,0.250,1.049,1,7.891,752.48,7.891,7.891,0.000
40,ec.gp.GPIndividual@1549238042{328666956},3C_20_66-01.txt,7.322,0.250,1.831,2,3.766,205.71,1.883,7.891,0.000
40,ec.gp.GPIndividual@1549238042{328666956},3C_20_66-01.txt,7.322,0.250,1.831,2,2.953,161.32,1.477,7.891,0.000
40,ec.gp.GPIndividual@1549238042{328666956},3C_20_50-03.txt,30.993,0.250,7.748,7,8.188,105.67,1.170,7.891,0.000
40,ec.gp.GPIndividual@1549238042{328666956},3C_20_66-02.txt,154.245,0.250,38.561,3,1.563,4.05,0.521,7.891,0.000
40,ec.gp.GPIndividual@1549238042{328666956},3C_20_80-03.txt,169.439,0.250,42.360,1,1.016,2.40,1.016,7.891,0.000
40,ec.gp.GPIndividual@1549238042{328666956},3C_20_80-02.txt,35.738,0.250,8.935,3,15.469,173.13,5.156,10.609,0.000
40,ec.gp.GPIndividual@1549238042{328666956},3C_20_66-03.txt,118.340,0.250,29.585,14,29.422,99.45,2.102,10.609,0.000
40,ec.gp.GPIndividual@1549238042{328666956},3C_20_66-01.txt,7.322,0.250,1.831,2,7.828,427.64,3.914,10.609,0.000
40,ec.gp.GPIndividual@1549238042{328666956},3C_20_80-01.txt,4.194,0.250,1.049,1,0.188,17.88,0.188,10.609,0.000
40,ec.gp.GPIndividual@1549238042{328666956},3C_20_66-03.txt,118.340,0.250,29.585,5,6.469,21.87,1.294,10.609,0.000
40,ec.gp.GPIndividual@1788017576{-1773075135},3C_20_50-02.txt,61.404,0.250,15.351,9,15.266,99.44,1.696,7.125,0.359
40,ec.gp.GPIndividual@1788017576{-1773075135},3C_20_80-02.txt,35.738,0.250,8.935,5,4.813,53.86,0.963,7.125,0.000
40,ec.gp.GPIndividual@1788017576{-1773075135},3C_20_66-02.txt,154.245,0.250,38.561,4,12.063,31.28,3.016,7.125,0.000
40,ec.gp.GPIndividual@1788017576{-1773075135},3C_20_50-03.txt,30.993,0.250,7.748,6,10.484,135.31,1.747,7.125,0.000
40,ec.gp.GPIndividual@1788017576{-1773075135},3C_20_66-01.txt,7.322,0.250,1.831,1,3.625,198.03,3.625,7.125,0.000
40,ec.gp.GPIndividual@1788017576{-1773075135},3C_20_80-01.txt,4.194,0.250,1.049,1,1.234,117.71,1.234,7.125,0.000
40,ec.gp.GPIndividual@1788017576{-1773075135},3C_20_66-03.txt,118.340,0.250,29.585,1,0.328,1.11,0.328,7.125,0.000
40,ec.gp.GPIndividual@1788017576{-1773075135},3C_20_80-03.txt,169.439,0.250,42.360,4,13.578,32.05,3.395,11.281,0.000
40,ec.gp.GPIndividual@1788017576{-1773075135},3C_20_80-03.txt,169.439,0.250,42.360,12,49.734,117.41,4.145,14.953,0.000
40,ec.gp.GPIndividual@1788017576{-1773075135},3C_20_66-02.txt,154.245,0.250,38.561,2,7.875,20.42,3.938,14.953,0.000
40,ec.gp.GPIndividual@1482343818{1911217244},3C_20_50-02.txt,61.404,0.250,15.351,0,0.000,0.00,0.000,0.000,0.000
40,ec.gp.GPIndividual@1482343818{1911217244},3C_20_50-03.txt,30.993,0.250,7.748,0,0.000,0.00,0.000,0.000,0.000
40,ec.gp.GPIndividual@1482343818{1911217244},3C_20_66-01.txt,7.322,0.250,1.831,0,0.000,0.00,0.000,0.000,0.000
40,ec.gp.GPIndividual@1482343818{1911217244},3C_20_66-02.txt,154.245,0.250,38.561,0,0.000,0.00,0.000,0.000,0.000
40,ec.gp.GPIndividual@1482343818{1911217244},3C_20_66-03.txt,118.340,0.250,29.585,0,0.000,0.00,0.000,0.000,0.000
40,ec.gp.GPIndividual@1482343818{1911217244},3C_20_80-01.txt,4.194,0.250,1.049,0,0.000,0.00,0.000,0.000,0.000
40,ec.gp.GPIndividual@1482343818{1911217244},3C_20_80-02.txt,35.738,0.250,8.935,0,0.000,0.00,0.000,0.000,0.000
40,ec.gp.GPIndividual@1482343818{1911217244},3C_20_80-03.txt,169.439,0.250,42.360,0,0.000,0.00,0.000,0.000,0.000
40,ec.gp.GPIndividual@537181572{-340004251},3C_20_50-02.txt,61.404,0.250,15.351,0,0.000,0.00,0.000,0.000,0.000
40,ec.gp.GPIndividual@537181572{-340004251},3C_20_50-03.txt,30.993,0.250,7.748,5,7.000,90.34,1.400,3.203,0.000
40,ec.gp.GPIndividual@537181572{-340004251},3C_20_66-01.txt,7.322,0.250,1.831,0,0.000,0.00,0.000,3.203,0.000
40,ec.gp.GPIndividual@537181572{-340004251},3C_20_66-02.txt,154.245,0.250,38.561,0,0.000,0.00,0.000,3.203,0.000
40,ec.gp.GPIndividual@537181572{-340004251},3C_20_66-03.txt,118.340,0.250,29.585,1,1.656,5.60,1.656,3.203,0.000
40,ec.gp.GPIndividual@537181572{-340004251},3C_20_66-03.txt,118.340,0.250,29.585,2,11.297,38.18,5.648,8.391,0.000
40,ec.gp.GPIndividual@537181572{-340004251},3C_20_80-01.txt,4.194,0.250,1.049,1,10.063,959.59,10.063,10.063,0.000
40,ec.gp.GPIndividual@537181572{-340004251},3C_20_80-03.txt,169.439,0.250,42.360,3,19.047,44.96,6.349,13.781,0.000
40,ec.gp.GPIndividual@1496997906{-1357815859},3C_20_50-02.txt,61.404,0.250,15.351,8,15.906,103.62,1.988,4.641,0.281
40,ec.gp.GPIndividual@1496997906{-1357815859},3C_20_80-02.txt,35.738,0.250,8.935,2,2.828,31.65,1.414,4.641,0.281
40,ec.gp.GPIndividual@1204069828{-2130833496},3C_20_50-02.txt,61.404,0.250,15.351,2,3.859,25.14,1.930,3.578,0.281
40,ec.gp.GPIndividual@1204069828{-2130833496},3C_20_80-01.txt,4.194,0.250,1.049,1,1.766,168.38,1.766,3.578,0.281
40,ec.gp.GPIndividual@1204069828{-2130833496},3C_20_80-03.txt,169.439,0.250,42.360,5,5.500,12.98,1.100,3.578,0.250
40,ec.gp.GPIndividual@1204069828{-2130833496},3C_20_50-03.txt,30.993,0.250,7.748,1,10.688,137.94,10.688,10.688,0.250
40,ec.gp.GPIndividual@1204069828{-2130833496},3C_20_80-01.txt,4.194,0.250,1.049,0,0.000,0.00,0.000,10.688,0.250
40,ec.gp.GPIndividual@1204069828{-2130833496},3C_20_80-02.txt,35.738,0.250,8.935,0,0.000,0.00,0.000,10.688,0.250
40,ec.gp.GPIndividual@1204069828{-2130833496},3C_20_80-03.txt,169.439,0.250,42.360,0,0.000,0.00,0.000,10.688,0.250
40,ec.gp.GPIndividual@1881539513{793831690},3C_20_50-02.txt,61.404,0.250,15.351,7,16.188,105.45,2.313,4.688,0.281
40,ec.gp.GPIndividual@1881539513{793831690},3C_20_80-02.txt,35.738,0.250,8.935,2,3.000,33.58,1.500,4.688,0.281
40,ec.gp.GPIndividual@282453482{-961882671},3C_20_50-02.txt,61.404,0.250,15.351,8,13.297,86.62,1.662,3.578,0.281
40,ec.gp.GPIndividual@282453482{-961882671},3C_20_50-03.txt,30.993,0.250,7.748,1,2.109,27.22,2.109,3.578,0.281
40,ec.gp.GPIndividual@282453482{-961882671},3C_20_50-03.txt,30.993,0.250,7.748,2,5.063,65.34,2.531,3.891,0.281
40,ec.gp.GPIndividual@282453482{-961882671},3C_20_66-01.txt,7.322,0.250,1.831,2,1.641,89.62,0.820,3.891,0.141
40,ec.gp.GPIndividual@282453482{-961882671},3C_20_80-03.txt,169.439,0.250,42.360,1,0.719,1.70,0.719,3.891,0.141
40,ec.gp.GPIndividual@282453482{-961882671},3C_20_66-02.txt,154.245,0.250,38.561,4,9.516,24.68,2.379,3.891,0.141
40,ec.gp.GPIndividual@282453482{-961882671},3C_20_66-03.txt,118.340,0.250,29.585,1,15.313,51.76,15.313,15.313,0.141
40,ec.gp.GPIndividual@282453482{-961882671},3C_20_50-03.txt,30.993,0.250,7.748,2,8.422,108.70,4.211,15.313,0.141
40,ec.gp.GPIndividual@808256362{165024574},3C_20_50-02.txt,61.404,0.250,15.351,2,3.859,25.14,1.930,3.516,0.344
40,ec.gp.GPIndividual@808256362{165024574},3C_20_80-01.txt,4.194,0.250,1.049,2,1.500,143.04,0.750,3.516,0.344
40,ec.gp.GPIndividual@808256362{165024574},3C_20_50-03.txt,30.993,0.250,7.748,2,0.328,4.23,0.164,3.516,0.000
40,ec.gp.GPIndividual@808256362{165024574},3C_20_80-02.txt,35.738,0.250,8.935,1,1.188,13.29,1.188,3.516,0.000
40,ec.gp.GPIndividual@808256362{165024574},3C_20_80-03.txt,169.439,0.250,42.360,2,5.984,14.13,2.992,3.516,0.000
40,ec.gp.GPIndividual@564814470{713843654},3C_20_50-02.txt,61.404,0.250,15.351,5,16.547,107.79,3.309,9.797,0.234
40,ec.gp.GPIndividual@564814470{713843654},3C_20_66-03.txt,118.340,0.250,29.585,1,10.203,34.49,10.203,10.203,0.234
40,ec.gp.GPIndividual@564814470{713843654},3C_20_66-03.txt,118.340,0.250,29.585,2,5.641,19.07,2.820,10.203,0.234
40,ec.gp.GPIndividual@564814470{713843654},3C_20_66-01.txt,7.322,0.250,1.831,1,3.594,196.32,3.594,10.203,0.234
40,ec.gp.GPIndividual@564814470{713843654},3C_20_80-01.txt,4.194,0.250,1.049,2,4.172,397.84,2.086,10.203,0.234
40,ec.gp.GPIndividual@564814470{713843654},3C_20_80-01.txt,4.194,0.250,1.049,2,0.734,70.03,0.367,10.203,0.234
40,ec.gp.GPIndividual@564814470{713843654},3C_20_66-02.txt,154.245,0.250,38.561,6,4.313,11.18,0.719,10.203,0.234
40,ec.gp.GPIndividual@564814470{713843654},3C_20_80-02.txt,35.738,0.250,8.935,10,8.875,99.33,0.888,10.203,0.109
40,ec.gp.GPIndividual@564814470{713843654},3C_20_80-02.txt,35.738,0.250,8.935,1,0.688,7.69,0.688,10.203,0.109
40,ec.gp.GPIndividual@564814470{713843654},3C_20_66-03.txt,118.340,0.250,29.585,1,0.453,1.53,0.453,10.203,0.109
40,ec.gp.GPIndividual@564814470{713843654},3C_20_80-03.txt,169.439,0.250,42.360,7,21.906,51.71,3.129,11.281,0.109
40,ec.gp.GPIndividual@564814470{713843654},3C_20_50-03.txt,30.993,0.250,7.748,5,9.234,119.18,1.847,11.281,0.109
40,ec.gp.GPIndividual@564814470{713843654},3C_20_80-03.txt,169.439,0.250,42.360,1,1.891,4.46,1.891,11.281,0.109
40,ec.gp.GPIndividual@564814470{713843654},3C_20_80-01.txt,4.194,0.250,1.049,2,0.563,53.64,0.281,11.281,0.000
40,ec.gp.GPIndividual@564814470{713843654},3C_20_66-01.txt,7.322,0.250,1.831,5,2.031,110.96,0.406,11.281,0.000
40,ec.gp.GPIndividual@564814470{713843654},3C_20_66-02.txt,154.245,0.250,38.561,14,13.969,36.22,0.998,11.281,0.000
40,ec.gp.GPIndividual@564814470{713843654},3C_20_80-02.txt,35.738,0.250,8.935,4,17.391,194.64,4.348,14.453,0.000
40,ec.gp.GPIndividual@1111382555{1255001141},3C_20_50-02.txt,61.404,0.250,15.351,7,19.281,125.60,2.754,13.000,0.219
40,ec.gp.GPIndividual@995203021{1863421634},3C_20_50-02.txt,61.404,0.250,15.351,0,0.000,0.00,0.000,0.000,0.000
40,ec.gp.GPIndividual@995203021{1863421634},3C_20_50-03.txt,30.993,0.250,7.748,0,0.000,0.00,0.000,0.000,0.000
40,ec.gp.GPIndividual@995203021{1863421634},3C_20_66-01.txt,7.322,0.250,1.831,0,0.000,0.00,0.000,0.000,0.000
40,ec.gp.GPIndividual@995203021{1863421634},3C_20_66-02.txt,154.245,0.250,38.561,0,0.000,0.00,0.000,0.000,0.000
40,ec.gp.GPIndividual@995203021{1863421634},3C_20_66-03.txt,118.340,0.250,29.585,0,0.000,0.00,0.000,0.000,0.000
40,ec.gp.GPIndividual@995203021{1863421634},3C_20_80-01.txt,4.194,0.250,1.049,0,0.000,0.00,0.000,0.000,0.000
40,ec.gp.GPIndividual@995203021{1863421634},3C_20_80-02.txt,35.738,0.250,8.935,0,0.000,0.00,0.000,0.000,0.000
40,ec.gp.GPIndividual@995203021{1863421634},3C_20_80-03.txt,169.439,0.250,42.360,0,0.000,0.00,0.000,0.000,0.000
40,ec.gp.GPIndividual@309150717{-685677487},3C_20_50-02.txt,61.404,0.250,15.351,6,12.875,83.87,2.146,9.078,0.063
40,ec.gp.GPIndividual@309150717{-685677487},3C_20_66-03.txt,118.340,0.250,29.585,2,7.063,23.87,3.531,9.078,0.063
40,ec.gp.GPIndividual@309150717{-685677487},3C_20_50-03.txt,30.993,0.250,7.748,4,6.797,87.72,1.699,9.078,0.063
40,ec.gp.GPIndividual@309150717{-685677487},3C_20_80-01.txt,4.194,0.250,1.049,2,0.656,62.58,0.328,9.078,0.063
40,ec.gp.GPIndividual@309150717{-685677487},3C_20_80-02.txt,35.738,0.250,8.935,1,1.516,16.96,1.516,9.078,0.063
40,ec.gp.GPIndividual@309150717{-685677487},3C_20_66-01.txt,7.322,0.250,1.831,5,1.859,101.57,0.372,9.078,0.063
40,ec.gp.GPIndividual@309150717{-685677487},3C_20_80-03.txt,169.439,0.250,42.360,1,0.172,0.41,0.172,9.078,0.063
40,ec.gp.GPIndividual@309150717{-685677487},3C_20_66-02.txt,154.245,0.250,38.561,8,29.266,75.89,3.658,14.234,0.063
40,ec.gp.GPIndividual@1973768453{1136498803},3C_20_50-02.txt,61.404,0.250,15.351,6,10.219,66.57,1.703,5.766,0.031
40,ec.gp.GPIndividual@1973768453{1136498803},3C_20_50-03.txt,30.993,0.250,7.748,8,7.375,95.18,0.922,5.766,0.031
40,ec.gp.GPIndividual@1973768453{1136498803},3C_20_66-01.txt,7.322,0.250,1.831,8,1.594,87.06,0.199,5.766,0.000
40,ec.gp.GPIndividual@1973768453{1136498803},3C_20_66-02.txt,154.245,0.250,38.561,10,32.438,84.12,3.244,10.719,0.000
40,ec.gp.GPIndividual@1973768453{1136498803},3C_20_66-03.txt,118.340,0.250,29.585,6,23.953,80.96,3.992,10.719,0.000
40,ec.gp.GPIndividual@1973768453{1136498803},3C_20_80-01.txt,4.194,0.250,1.049,4,0.813,77.48,0.203,10.719,0.000
40,ec.gp.GPIndividual@1973768453{1136498803},3C_20_80-02.txt,35.738,0.250,8.935,8,7.266,81.32,0.908,10.719,0.000
40,ec.gp.GPIndividual@1973768453{1136498803},3C_20_80-03.txt,169.439,0.250,42.360,4,33.391,78.83,8.348,16.641,0.000
41,ec.gp.GPIndividual@1247805678{1807451110},3C_20_50-02.txt,61.404,0.250,15.351,0,0.000,0.00,0.000,0.000,0.000
41,ec.gp.GPIndividual@1247805678{1807451110},3C_20_50-03.txt,30.993,0.250,7.748,0,0.000,0.00,0.000,0.000,0.000
41,ec.gp.GPIndividual@1247805678{1807451110},3C_20_66-01.txt,7.322,0.250,1.831,0,0.000,0.00,0.000,0.000,0.000
41,ec.gp.GPIndividual@1247805678{1807451110},3C_20_66-02.txt,154.245,0.250,38.561,0,0.000,0.00,0.000,0.000,0.000
41,ec.gp.GPIndividual@1247805678{1807451110},3C_20_66-03.txt,118.340,0.250,29.585,0,0.000,0.00,0.000,0.000,0.000
41,ec.gp.GPIndividual@1247805678{1807451110},3C_20_80-01.txt,4.194,0.250,1.049,0,0.000,0.00,0.000,0.000,0.000
41,ec.gp.GPIndividual@1247805678{1807451110},3C_20_80-02.txt,35.738,0.250,8.935,0,0.000,0.00,0.000,0.000,0.000
41,ec.gp.GPIndividual@1247805678{1807451110},3C_20_80-03.txt,169.439,0.250,42.360,12,11.688,27.59,0.974,1.875,0.281
41,ec.gp.GPIndividual@1247805678{1807451110},3C_20_50-03.txt,30.993,0.250,7.748,3,9.641,124.42,3.214,4.719,0.281
41,ec.gp.GPIndividual@867842347{1386858584},3C_20_50-02.txt,61.404,0.250,15.351,4,6.672,43.46,1.668,2.594,0.281
41,ec.gp.GPIndividual@867842347{1386858584},3C_20_50-03.txt,30.993,0.250,7.748,6,7.609,98.21,1.268,3.188,0.000
41,ec.gp.GPIndividual@867842347{1386858584},3C_20_50-03.txt,30.993,0.250,7.748,5,9.156,118.17,1.831,3.188,0.000
41,ec.gp.GPIndividual@867842347{1386858584},3C_20_50-03.txt,30.993,0.250,7.748,0,0.000,0.00,0.000,3.188,0.000
41,ec.gp.GPIndividual@867842347{1386858584},3C_20_66-01.txt,7.322,0.250,1.831,1,0.859,46.95,0.859,3.188,0.000
41,ec.gp.GPIndividual@867842347{1386858584},3C_20_50-03.txt,30.993,0.250,7.748,3,6.094,78.65,2.031,3.188,0.000
41,ec.gp.GPIndividual@867842347{1386858584},3C_20_50-03.txt,30.993,0.250,7.748,3,6.406,82.68,2.135,3.188,0.000
41,ec.gp.GPIndividual@867842347{1386858584},3C_20_66-01.txt,7.322,0.250,1.831,1,3.188,174.13,3.188,3.188,0.000
41,ec.gp.GPIndividual@867842347{1386858584},3C_20_66-01.txt,7.322,0.250,1.831,1,3.188,174.13,3.188,3.188,0.000
41,ec.gp.GPIndividual@867842347{1386858584},3C_20_66-01.txt,7.322,0.250,1.831,2,2.250,122.91,1.125,3.188,0.000
41,ec.gp.GPIndividual@867842347{1386858584},3C_20_66-02.txt,154.245,0.250,38.561,1,0.500,1.30,0.500,3.188,0.000
41,ec.gp.GPIndividual@867842347{1386858584},3C_20_66-02.txt,154.245,0.250,38.561,22,39.109,101.42,1.778,4.797,0.000
41,ec.gp.GPIndividual@867842347{1386858584},3C_20_66-01.txt,7.322,0.250,1.831,2,1.875,102.43,0.938,4.797,0.000
41,ec.gp.GPIndividual@867842347{1386858584},3C_20_66-03.txt,118.340,0.250,29.585,2,0.281,0.95,0.141,4.797,0.000
41,ec.gp.GPIndividual@867842347{1386858584},3C_20_66-02.txt,154.245,0.250,38.561,7,16.547,42.91,2.364,5.422,0.000
41,ec.gp.GPIndividual@867842347{1386858584},3C_20_66-01.txt,7.322,0.250,1.831,2,1.609,87.92,0.805,5.422,0.000
41,ec.gp.GPIndividual@867842347{1386858584},3C_20_66-02.txt,154.245,0.250,38.561,17,42.469,110.13,2.498,11.984,0.000
41,ec.gp.GPIndividual@867842347{1386858584},3C_20_66-02.txt,154.245,0.250,38.561,1,4.641,12.03,4.641,11.984,0.000
41,ec.gp.GPIndividual@867842347{1386858584},3C_20_80-01.txt,4.194,0.250,1.049,5,4.453,424.66,0.891,11.984,0.000
41,ec.gp.GPIndividual@867842347{1386858584},3C_20_66-03.txt,118.340,0.250,29.585,2,12.734,43.04,6.367,11.984,0.000
41,ec.gp.GPIndividual@867842347{1386858584},3C_20_66-03.txt,118.340,0.250,29.585,1,13.891,46.95,13.891,13.891,0.000
41,ec.gp.GPIndividual@867842347{1386858584},3C_20_66-03.txt,118.340,0.250,29.585,10,29.203,98.71,2.920,13.891,0.000
41,ec.gp.GPIndividual@867842347{1386858584},3C_20_80-01.txt,4.194,0.250,1.049,1,3.844,366.55,3.844,13.891,0.000
41,ec.gp.GPIndividual@867842347{1386858584},3C_20_80-02.txt,35.738,0.250,8.935,4,5.984,66.98,1.496,13.891,0.000
41,ec.gp.GPIndividual@867842347{1386858584},3C_20_80-01.txt,4.194,0.250,1.049,1,2.313,220.53,2.313,13.891,0.000
41,ec.gp.GPIndividual@867842347{1386858584},3C_20_80-03.txt,169.439,0.250,42.360,3,9.969,23.53,3.323,13.891,0.000
41,ec.gp.GPIndividual@867842347{1386858584},3C_20_66-02.txt,154.245,0.250,38.561,17,39.453,102.31,2.321,13.891,0.000
41,ec.gp.GPIndividual@867842347{1386858584},3C_20_66-03.txt,118.340,0.250,29.585,0,0.000,0.00,0.000,13.891,0.000
41,ec.gp.GPIndividual@867842347{1386858584},3C_20_80-02.txt,35.738,0.250,8.935,1,1.766,19.76,1.766,13.891,0.000
41,ec.gp.GPIndividual@867842347{1386858584},3C_20_80-02.txt,35.738,0.250,8.935,1,4.656,52.12,4.656,13.891,0.000
41,ec.gp.GPIndividual@1918758777{852369206},3C_20_50-02.txt,61.404,0.250,15.351,7,21.219,138.22,3.031,12.453,0.531
41,ec.gp.GPIndividual@1918758777{852369206},3C_20_66-03.txt,118.340,0.250,29.585,2,15.563,52.60,7.781,14.172,0.531
41,ec.gp.GPIndividual@1918758777{852369206},3C_20_80-01.txt,4.194,0.250,1.049,1,1.406,134.10,1.406,14.172,0.531
41,ec.gp.GPIndividual@1918758777{852369206},3C_20_80-03.txt,169.439,0.250,42.360,14,42.719,100.85,3.051,14.172,0.484
41,ec.gp.GPIndividual@1918758777{852369206},3C_20_80-01.txt,4.194,0.250,1.049,3,1.125,107.28,0.375,14.172,0.172
41,ec.gp.GPIndividual@1918758777{852369206},3C_20_80-02.txt,35.738,0.250,8.935,1,3.500,39.17,3.500,14.172,0.172
41,ec.gp.GPIndividual@1897881409{1700168246},3C_20_50-02.txt,61.404,0.250,15.351,0,0.000,0.00,0.000,0.000,0.000
41,ec.gp.GPIndividual@1897881409{1700168246},3C_20_50-03.txt,30.993,0.250,7.748,0,0.000,0.00,0.000,0.000,0.000
41,ec.gp.GPIndividual@1897881409{1700168246},3C_20_66-01.txt,7.322,0.250,1.831,0,0.000,0.00,0.000,0.000,0.000
41,ec.gp.GPIndividual@1897881409{1700168246},3C_20_66-02.txt,154.245,0.250,38.561,0,0.000,0.00,0.000,0.000,0.000
41,ec.gp.GPIndividual@1897881409{1700168246},3C_20_66-03.txt,118.340,0.250,29.585,0,0.000,0.00,0.000,0.000,0.000
41,ec.gp.GPIndividual@1897881409{1700168246},3C_20_80-01.txt,4.194,0.250,1.049,0,0.000,0.00,0.000,0.000,0.000
41,ec.gp.GPIndividual@1897881409{1700168246},3C_20_80-02.txt,35.738,0.250,8.935,0,0.000,0.00,0.000,0.000,0.000
41,ec.gp.GPIndividual@1897881409{1700168246},3C_20_80-03.txt,169.439,0.250,42.360,0,0.000,0.00,0.000,0.000,0.000
41,ec.gp.GPIndividual@699283680{-2071436622},3C_20_50-02.txt,61.404,0.250,15.351,1,1.469,9.57,1.469,1.469,1.469
41,ec.gp.GPIndividual@699283680{-2071436622},3C_20_80-02.txt,35.738,0.250,8.935,6,16.000,179.08,2.667,8.375,0.516
41,ec.gp.GPIndividual@699283680{-2071436622},3C_20_80-01.txt,4.194,0.250,1.049,1,1.234,117.71,1.234,8.375,0.516
41,ec.gp.GPIndividual@699283680{-2071436622},3C_20_80-03.txt,169.439,0.250,42.360,4,11.844,27.96,2.961,9.719,0.453
41,ec.gp.GPIndividual@699283680{-2071436622},3C_20_50-03.txt,30.993,0.250,7.748,3,14.500,187.14,4.833,11.688,0.453
41,ec.gp.GPIndividual@699283680{-2071436622},3C_20_80-03.txt,169.439,0.250,42.360,5,6.313,14.90,1.263,11.688,0.453
41,ec.gp.GPIndividual@699283680{-2071436622},3C_20_50-03.txt,30.993,0.250,7.748,3,10.500,135.52,3.500,11.688,0.453
41,ec.gp.GPIndividual@950859126{-357035876},3C_20_50-02.txt,61.404,0.250,15.351,1,0.000,0.00,0.000,0.000,0.000
41,ec.gp.GPIndividual@950859126{-357035876},3C_20_50-03.txt,30.993,0.250,7.748,1,0.000,0.00,0.000,0.000,0.000
41,ec.gp.GPIndividual@950859126{-357035876},3C_20_66-01.txt,7.322,0.250,1.831,1,0.000,0.00,0.000,0.000,0.000
41,ec.gp.GPIndividual@950859126{-357035876},3C_20_66-02.txt,154.245,0.250,38.561,1,0.000,0.00,0.000,0.000,0.000
41,ec.gp.GPIndividual@950859126{-357035876},3C_20_66-03.txt,118.340,0.250,29.585,1,0.000,0.00,0.000,0.000,0.000
41,ec.gp.GPIndividual@950859126{-357035876},3C_20_80-01.txt,4.194,0.250,1.049,1,0.000,0.00,0.000,0.000,0.000
41,ec.gp.GPIndividual@950859126{-357035876},3C_20_80-02.txt,35.738,0.250,8.935,1,0.000,0.00,0.000,0.000,0.000
41,ec.gp.GPIndividual@950859126{-357035876},3C_20_80-03.txt,169.439,0.250,42.360,1,0.000,0.00,0.000,0.000,0.000
41,ec.gp.GPIndividual@1076247349{-328212576},3C_20_50-02.txt,61.404,0.250,15.351,1,1.969,12.82,1.969,1.969,1.969
41,ec.gp.GPIndividual@1076247349{-328212576},3C_20_66-01.txt,7.322,0.250,1.831,1,1.234,67.43,1.234,1.969,1.234
41,ec.gp.GPIndividual@1076247349{-328212576},3C_20_80-03.txt,169.439,0.250,42.360,10,22.328,52.71,2.233,5.766,0.328
41,ec.gp.GPIndividual@1076247349{-328212576},3C_20_50-03.txt,30.993,0.250,7.748,3,8.797,113.54,2.932,5.766,0.328
41,ec.gp.GPIndividual@1076247349{-328212576},3C_20_66-01.txt,7.322,0.250,1.831,2,2.156,117.79,1.078,5.766,0.328
41,ec.gp.GPIndividual@1076247349{-328212576},3C_20_66-02.txt,154.245,0.250,38.561,2,6.938,17.99,3.469,6.438,0.328
41,ec.gp.GPIndividual@1076247349{-328212576},3C_20_66-02.txt,154.245,0.250,38.561,1,1.406,3.65,1.406,6.438,0.328
41,ec.gp.GPIndividual@1076247349{-328212576},3C_20_80-02.txt,35.738,0.250,8.935,4,10.516,117.70,2.629,6.438,0.328
41,ec.gp.GPIndividual@1076247349{-328212576},3C_20_66-03.txt,118.340,0.250,29.585,1,0.516,1.74,0.516,6.438,0.328
41,ec.gp.GPIndividual@1076247349{-328212576},3C_20_66-03.txt,118.340,0.250,29.585,3,3.875,13.10,1.292,6.438,0.000
41,ec.gp.GPIndividual@1076247349{-328212576},3C_20_66-01.txt,7.322,0.250,1.831,2,2.344,128.04,1.172,6.438,0.000
41,ec.gp.GPIndividual@1076247349{-328212576},3C_20_80-03.txt,169.439,0.250,42.360,2,0.516,1.22,0.258,6.438,0.000
41,ec.gp.GPIndividual@1076247349{-328212576},3C_20_66-02.txt,154.245,0.250,38.561,1,11.500,29.82,11.500,11.500,0.000
41,ec.gp.GPIndividual@1227607506{1483885523},3C_20_50-02.txt,61.404,0.250,15.351,5,16.938,110.33,3.388,6.172,0.344
41,ec.gp.GPIndividual@1227607506{1483885523},3C_20_80-01.txt,4.194,0.250,1.049,1,1.281,122.18,1.281,6.172,0.344
41,ec.gp.GPIndividual@1227607506{1483885523},3C_20_66-03.txt,118.340,0.250,29.585,2,2.453,8.29,1.227,6.172,0.344
41,ec.gp.GPIndividual@1227607506{1483885523},3C_20_50-03.txt,30.993,0.250,7.748,3,7.391,95.39,2.464,6.172,0.328
41,ec.gp.GPIndividual@132532678{-82372170},3C_20_50-02.txt,61.404,0.250,15.351,1,2.656,17.30,2.656,2.656,2.656
41,ec.gp.GPIndividual@132532678{-82372170},3C_20_80-01.txt,4.194,0.250,1.049,3,0.672,64.07,0.224,2.656,0.000
41,ec.gp.GPIndividual@132532678{-82372170},3C_20_50-03.txt,30.993,0.250,7.748,3,14.844,191.58,4.948,13.016,0.000
41,ec.gp.GPIndividual@300764338{-1258916312},3C_20_50-02.txt,61.404,0.250,15.351,4,7.219,47.02,1.805,3.109,0.516
41,ec.gp.GPIndividual@300764338{-1258916312},3C_20_80-02.txt,35.738,0.250,8.935,1,1.797,20.11,1.797,3.109,0.516
41,ec.gp.GPIndividual@300764338{-1258916312},3C_20_80-02.txt,35.738,0.250,8.935,3,10.578,118.40,3.526,5.813,0.516
41,ec.gp.GPIndividual@300764338{-1258916312},3C_20_80-01.txt,4.194,0.250,1.049,3,0.891,84.93,0.297,5.813,0.000
41,ec.gp.GPIndividual@300764338{-1258916312},3C_20_80-02.txt,35.738,0.250,8.935,5,7.922,88.67,1.584,5.813,0.000
41,ec.gp.GPIndividual@300764338{-1258916312},3C_20_66-01.txt,7.322,0.250,1.831,2,5.547,303.02,2.773,5.813,0.000
41,ec.gp.GPIndividual@300764338{-1258916312},3C_20_66-01.txt,7.322,0.250,1.831,2,2.141,116.94,1.070,5.813,0.000
41,ec.gp.GPIndividual@300764338{-1258916312},3C_20_66-02.txt,154.245,0.250,38.561,2,1.344,3.48,0.672,5.813,0.000
41,ec.gp.GPIndividual@300764338{-1258916312},3C_20_50-03.txt,30.993,0.250,7.748,1,2.016,26.01,2.016,5.813,0.000
41,ec.gp.GPIndividual@300764338{-1258916312},3C_20_80-03.txt,169.439,0.250,42.360,2,0.688,1.62,0.344,5.813,0.000
41,ec.gp.GPIndividual@300764338{-1258916312},3C_20_80-03.txt,169.439,0.250,42.360,0,0.000,0.00,0.000,5.813,0.000
41,ec.gp.GPIndividual@300764338{-1258916312},3C_20_80-03.txt,169.439,0.250,42.360,8,13.219,31.21,1.652,5.813,0.000
41,ec.gp.GPIndividual@300764338{-1258916312},3C_20_66-03.txt,118.340,0.250,29.585,2,7.109,24.03,3.555,5.875,0.000
41,ec.gp.GPIndividual@634249203{1644155474},3C_20_50-02.txt,61.404,0.250,15.351,0,0.000,0.00,0.000,0.000,0.000
41,ec.gp.GPIndividual@634249203{1644155474},3C_20_50-03.txt,30.993,0.250,7.748,0,0.000,0.00,0.000,0.000,0.000
41,ec.gp.GPIndividual@634249203{1644155474},3C_20_66-01.txt,7.322,0.250,1.831,0,0.000,0.00,0.000,0.000,0.000
41,ec.gp.GPIndividual@634249203{1644155474},3C_20_66-02.txt,154.245,0.250,38.561,0,0.000,0.00,0.000,0.000,0.000
41,ec.gp.GPIndividual@634249203{1644155474},3C_20_66-03.txt,118.340,0.250,29.585,0,0.000,0.00,0.000,0.000,0.000
41,ec.gp.GPIndividual@634249203{1644155474},3C_20_80-01.txt,4.194,0.250,1.049,0,0.000,0.00,0.000,0.000,0.000
41,ec.gp.GPIndividual@634249203{1644155474},3C_20_80-02.txt,35.738,0.250,8.935,0,0.000,0.00,0.000,0.000,0.000
41,ec.gp.GPIndividual@634249203{1644155474},3C_20_80-03.txt,169.439,0.250,42.360,0,0.000,0.00,0.000,0.000,0.000
41,ec.gp.GPIndividual@805114280{1136498803},3C_20_50-02.txt,61.404,0.250,15.351,4,2.438,15.88,0.609,1.594,0.000
41,ec.gp.GPIndividual@805114280{1136498803},3C_20_66-01.txt,7.322,0.250,1.831,3,2.813,153.64,0.938,1.594,0.000
41,ec.gp.GPIndividual@805114280{1136498803},3C_20_80-02.txt,35.738,0.250,8.935,2,7.484,83.77,3.742,6.641,0.000
41,ec.gp.GPIndividual@1411176902{-2078912240},3C_20_50-02.txt,61.404,0.250,15.351,0,0.000,0.00,0.000,0.000,0.000
41,ec.gp.GPIndividual@1411176902{-2078912240},3C_20_50-03.txt,30.993,0.250,7.748,0,0.000,0.00,0.000,0.000,0.000
41,ec.gp.GPIndividual@1411176902{-2078912240},3C_20_66-01.txt,7.322,0.250,1.831,0,0.000,0.00,0.000,0.000,0.000
41,ec.gp.GPIndividual@1411176902{-2078912240},3C_20_66-02.txt,154.245,0.250,38.561,0,0.000,0.00,0.000,0.000,0.000
41,ec.gp.GPIndividual@1411176902{-2078912240},3C_20_66-03.txt,118.340,0.250,29.585,0,0.000,0.00,0.000,0.000,0.000
41,ec.gp.GPIndividual@1411176902{-2078912240},3C_20_80-01.txt,4.194,0.250,1.049,0,0.000,0.00,0.000,0.000,0.000
41,ec.gp.GPIndividual@1411176902{-2078912240},3C_20_80-02.txt,35.738,0.250,8.935,0,0.000,0.00,0.000,0.000,0.000
41,ec.gp.GPIndividual@1411176902{-2078912240},3C_20_80-03.txt,169.439,0.250,42.360,0,0.000,0.00,0.000,0.000,0.000
41,ec.gp.GPIndividual@1146601541{1335707364},3C_20_50-02.txt,61.404,0.250,15.351,3,2.656,17.30,0.885,1.672,0.281
41,ec.gp.GPIndividual@1146601541{1335707364},3C_20_80-03.txt,169.439,0.250,42.360,3,3.344,7.89,1.115,1.813,0.281
41,ec.gp.GPIndividual@1146601541{1335707364},3C_20_50-03.txt,30.993,0.250,7.748,5,16.531,213.36,3.306,11.375,0.281
41,ec.gp.GPIndividual@1146601541{1335707364},3C_20_66-02.txt,154.245,0.250,38.561,4,11.250,29.17,2.813,11.375,0.281
41,ec.gp.GPIndividual@962424251{-1982228590},3C_20_50-02.txt,61.404,0.250,15.351,3,4.438,28.91,1.479,2.250,0.281
41,ec.gp.GPIndividual@962424251{-1982228590},3C_20_50-03.txt,30.993,0.250,7.748,5,7.766,100.23,1.553,3.266,0.281
41,ec.gp.GPIndividual@962424251{-1982228590},3C_20_66-01.txt,7.322,0.250,1.831,1,0.438,23.90,0.438,3.266,0.281
41,ec.gp.GPIndividual@962424251{-1982228590},3C_20_66-03.txt,118.340,0.250,29.585,11,35.344,119.47,3.213,12.984,0.281
41,ec.gp.GPIndividual@962424251{-1982228590},3C_20_66-02.txt,154.245,0.250,38.561,2,8.938,23.18,4.469,12.984,0.281
41,ec.gp.GPIndividual@962424251{-1982228590},3C_20_80-01.txt,4.194,0.250,1.049,2,8.672,826.98,4.336,12.984,0.281
41,ec.gp.GPIndividual@962424251{-1982228590},3C_20_50-03.txt,30.993,0.250,7.748,2,2.172,28.03,1.086,12.984,0.250
41,ec.gp.GPIndividual@962424251{-1982228590},3C_20_80-02.txt,35.738,0.250,8.935,3,9.047,101.26,3.016,12.984,0.250
41,ec.gp.GPIndividual@962424251{-1982228590},3C_20_66-03.txt,118.340,0.250,29.585,2,0.422,1.43,0.211,12.984,0.000
41,ec.gp.GPIndividual@962424251{-1982228590},3C_20_66-02.txt,154.245,0.250,38.561,7,15.438,40.03,2.205,12.984,0.000
41,ec.gp.GPIndividual@962424251{-1982228590},3C_20_66-01.txt,7.322,0.250,1.831,2,1.453,79.38,0.727,12.984,0.000
41,ec.gp.GPIndividual@962424251{-1982228590},3C_20_80-03.txt,169.439,0.250,42.360,13,33.797,79.79,2.600,12.984,0.000
41,ec.gp.GPIndividual@962424251{-1982228590},3C_20_66-01.txt,7.322,0.250,1.831,1,8.047,439.59,8.047,12.984,0.000
41,ec.gp.GPIndividual@164639877{-1663034309},3C_20_50-02.txt,61.404,0.250,15.351,3,11.297,73.59,3.766,10.141,0.297
41,ec.gp.GPIndividual@164639877{-1663034309},3C_20_80-01.txt,4.194,0.250,1.049,1,9.828,937.24,9.828,10.141,0.297
41,ec.gp.GPIndividual@164639877{-1663034309},3C_20_66-02.txt,154.245,0.250,38.561,21,38.422,99.64,1.830,11.281,0.125
41,ec.gp.GPIndividual@164639877{-1663034309},3C_20_80-02.txt,35.738,0.250,8.935,1,4.375,48.97,4.375,11.281,0.125
41,ec.gp.GPIndividual@164639877{-1663034309},3C_20_50-03.txt,30.993,0.250,7.748,2,6.719,86.71,3.359,11.281,0.125
41,ec.gp.GPIndividual@164639877{-1663034309},3C_20_66-03.txt,118.340,0.250,29.585,2,0.875,2.96,0.438,11.281,0.000
41,ec.gp.GPIndividual@164639877{-1663034309},3C_20_66-02.txt,154.245,0.250,38.561,17,38.531,99.92,2.267,11.281,0.000
41,ec.gp.GPIndividual@164639877{-1663034309},3C_20_80-01.txt,4.194,0.250,1.049,1,1.797,171.36,1.797,11.281,0.000
41,ec.gp.GPIndividual@164639877{-1663034309},3C_20_66-01.txt,7.322,0.250,1.831,2,2.000,109.26,1.000,11.281,0.000
41,ec.gp.GPIndividual@164639877{-1663034309},3C_20_66-03.txt,118.340,0.250,29.585,3,5.094,17.22,1.698,11.281,0.000
41,ec.gp.GPIndividual@164639877{-1663034309},3C_20_80-03.txt,169.439,0.250,42.360,2,1.906,4.50,0.953,11.281,0.000
41,ec.gp.GPIndividual@164639877{-1663034309},3C_20_80-02.txt,35.738,0.250,8.935,3,13.234,148.13,4.411,11.281,0.000
41,ec.gp.GPIndividual@164639877{-1663034309},3C_20_66-03.txt,118.340,0.250,29.585,12,34.625,117.04,2.885,11.281,0.000
41,ec.gp.GPIndividual@1233337270{1089139693},3C_20_50-02.txt,61.404,0.250,15.351,3,10.359,67.48,3.453,5.344,0.406
41,ec.gp.GPIndividual@1233337270{1089139693},3C_20_80-01.txt,4.194,0.250,1.049,1,1.016,96.85,1.016,5.344,0.406
41,ec.gp.GPIndividual@1233337270{1089139693},3C_20_80-01.txt,4.194,0.250,1.049,2,1.078,102.81,0.539,5.344,0.406
41,ec.gp.GPIndividual@1233337270{1089139693},3C_20_80-02.txt,35.738,0.250,8.935,3,12.766,142.88,4.255,11.125,0.281
41,ec.gp.GPIndividual@1233337270{1089139693},3C_20_66-02.txt,154.245,0.250,38.561,3,3.344,8.67,1.115,11.125,0.281
41,ec.gp.GPIndividual@1233337270{1089139693},3C_20_80-02.txt,35.738,0.250,8.935,4,9.500,106.33,2.375,11.125,0.281
41,ec.gp.GPIndividual@1233337270{1089139693},3C_20_80-03.txt,169.439,0.250,42.360,16,38.922,91.88,2.433,11.125,0.281
41,ec.gp.GPIndividual@1233337270{1089139693},3C_20_80-03.txt,169.439,0.250,42.360,2,22.719,53.63,11.359,11.891,0.281
41,ec.gp.GPIndividual@1233337270{1089139693},3C_20_66-03.txt,118.340,0.250,29.585,1,14.547,49.17,14.547,14.547,0.281
41,ec.gp.GPIndividual@1233337270{1089139693},3C_20_50-03.txt,30.993,0.250,7.748,1,4.875,62.92,4.875,14.547,0.281
41,ec.gp.GPIndividual@1337555673{1335707364},3C_20_50-02.txt,61.404,0.250,15.351,0,0.000,0.00,0.000,0.000,0.000
41,ec.gp.GPIndividual@1337555673{1335707364},3C_20_50-03.txt,30.993,0.250,7.748,0,0.000,0.00,0.000,0.000,0.000
41,ec.gp.GPIndividual@1337555673{1335707364},3C_20_66-01.txt,7.322,0.250,1.831,0,0.000,0.00,0.000,0.000,0.000
41,ec.gp.GPIndividual@1337555673{1335707364},3C_20_66-02.txt,154.245,0.250,38.561,0,0.000,0.00,0.000,0.000,0.000
41,ec.gp.GPIndividual@1337555673{1335707364},3C_20_66-03.txt,118.340,0.250,29.585,0,0.000,0.00,0.000,0.000,0.000
41,ec.gp.GPIndividual@1337555673{1335707364},3C_20_80-01.txt,4.194,0.250,1.049,0,0.000,0.00,0.000,0.000,0.000
41,ec.gp.GPIndividual@1337555673{1335707364},3C_20_80-02.txt,35.738,0.250,8.935,0,0.000,0.00,0.000,0.000,0.000
41,ec.gp.GPIndividual@1337555673{1335707364},3C_20_80-03.txt,169.439,0.250,42.360,0,0.000,0.00,0.000,0.000,0.000
41,ec.gp.GPIndividual@386409206{-1011638549},3C_20_50-02.txt,61.404,0.250,15.351,0,0.000,0.00,0.000,0.000,0.000
41,ec.gp.GPIndividual@386409206{-1011638549},3C_20_50-03.txt,30.993,0.250,7.748,0,0.000,0.00,0.000,0.000,0.000
41,ec.gp.GPIndividual@386409206{-1011638549},3C_20_66-01.txt,7.322,0.250,1.831,0,0.000,0.00,0.000,0.000,0.000
41,ec.gp.GPIndividual@386409206{-1011638549},3C_20_66-02.txt,154.245,0.250,38.561,0,0.000,0.00,0.000,0.000,0.000
41,ec.gp.GPIndividual@386409206{-1011638549},3C_20_66-03.txt,118.340,0.250,29.585,0,0.000,0.00,0.000,0.000,0.000
41,ec.gp.GPIndividual@386409206{-1011638549},3C_20_80-01.txt,4.194,0.250,1.049,0,0.000,0.00,0.000,0.000,0.000
41,ec.gp.GPIndividual@386409206{-1011638549},3C_20_80-02.txt,35.738,0.250,8.935,0,0.000,0.00,0.000,0.000,0.000
41,ec.gp.GPIndividual@386409206{-1011638549},3C_20_80-03.txt,169.439,0.250,42.360,0,0.000,0.00,0.000,0.000,0.000
41,ec.gp.GPIndividual@1047674748{-755745033},3C_20_50-02.txt,61.404,0.250,15.351,11,17.281,112.57,1.571,4.781,0.234
41,ec.gp.GPIndividual@354672922{1885992968},3C_20_50-02.txt,61.404,0.250,15.351,2,1.391,9.06,0.695,1.172,0.219
41,ec.gp.GPIndividual@354672922{1885992968},3C_20_80-03.txt,169.439,0.250,42.360,1,1.656,3.91,1.656,1.656,0.219
41,ec.gp.GPIndividual@354672922{1885992968},3C_20_50-03.txt,30.993,0.250,7.748,2,1.203,15.53,0.602,1.656,0.219
41,ec.gp.GPIndividual@354672922{1885992968},3C_20_50-03.txt,30.993,0.250,7.748,3,8.250,106.48,2.750,3.344,0.219
41,ec.gp.GPIndividual@354672922{1885992968},3C_20_66-01.txt,7.322,0.250,1.831,2,1.391,75.97,0.695,3.344,0.219
41,ec.gp.GPIndividual@957237542{1642429721},3C_20_50-02.txt,61.404,0.250,15.351,0,0.000,0.00,0.000,0.000,0.000
41,ec.gp.GPIndividual@957237542{1642429721},3C_20_50-03.txt,30.993,0.250,7.748,0,0.000,0.00,0.000,0.000,0.000
41,ec.gp.GPIndividual@957237542{1642429721},3C_20_66-01.txt,7.322,0.250,1.831,0,0.000,0.00,0.000,0.000,0.000
41,ec.gp.GPIndividual@957237542{1642429721},3C_20_66-02.txt,154.245,0.250,38.561,0,0.000,0.00,0.000,0.000,0.000
41,ec.gp.GPIndividual@957237542{1642429721},3C_20_66-03.txt,118.340,0.250,29.585,0,0.000,0.00,0.000,0.000,0.000
41,ec.gp.GPIndividual@957237542{1642429721},3C_20_80-01.txt,4.194,0.250,1.049,0,0.000,0.00,0.000,0.000,0.000
41,ec.gp.GPIndividual@957237542{1642429721},3C_20_80-02.txt,35.738,0.250,8.935,0,0.000,0.00,0.000,0.000,0.000
41,ec.gp.GPIndividual@957237542{1642429721},3C_20_80-03.txt,169.439,0.250,42.360,0,0.000,0.00,0.000,0.000,0.000
41,ec.gp.GPIndividual@1086041085{-1841672223},3C_20_50-02.txt,61.404,0.250,15.351,2,0.813,5.29,0.406,0.578,0.234
41,ec.gp.GPIndividual@1086041085{-1841672223},3C_20_66-02.txt,154.245,0.250,38.561,12,33.469,86.79,2.789,13.969,0.234
41,ec.gp.GPIndividual@1086041085{-1841672223},3C_20_66-01.txt,7.322,0.250,1.831,1,3.734,204.00,3.734,13.969,0.234
41,ec.gp.GPIndividual@1086041085{-1841672223},3C_20_66-03.txt,118.340,0.250,29.585,2,9.625,32.53,4.813,13.969,0.234
41,ec.gp.GPIndividual@1086041085{-1841672223},3C_20_66-01.txt,7.322,0.250,1.831,2,6.922,378.13,3.461,13.969,0.234
41,ec.gp.GPIndividual@1086041085{-1841672223},3C_20_50-03.txt,30.993,0.250,7.748,1,0.484,6.25,0.484,13.969,0.234
41,ec.gp.GPIndividual@1086041085{-1841672223},3C_20_66-02.txt,154.245,0.250,38.561,16,45.547,118.12,2.847,13.969,0.234
41,ec.gp.GPIndividual@1086041085{-1841672223},3C_20_80-01.txt,4.194,0.250,1.049,1,9.359,892.54,9.359,13.969,0.234
41,ec.gp.GPIndividual@1086041085{-1841672223},3C_20_66-03.txt,118.340,0.250,29.585,3,1.578,5.33,0.526,13.969,0.000
41,ec.gp.GPIndividual@1086041085{-1841672223},3C_20_66-02.txt,154.245,0.250,38.561,5,10.266,26.62,2.053,13.969,0.000
41,ec.gp.GPIndividual@1086041085{-1841672223},3C_20_66-01.txt,7.322,0.250,1.831,1,3.453,188.64,3.453,13.969,0.000
41,ec.gp.GPIndividual@1086041085{-1841672223},3C_20_80-01.txt,4.194,0.250,1.049,2,0.953,90.89,0.477,13.969,0.000
41,ec.gp.GPIndividual@1086041085{-1841672223},3C_20_66-03.txt,118.340,0.250,29.585,15,28.500,96.33,1.900,13.969,0.000
41,ec.gp.GPIndividual@1086041085{-1841672223},3C_20_80-02.txt,35.738,0.250,8.935,1,9.422,105.45,9.422,13.969,0.000
41,ec.gp.GPIndividual@1086041085{-1841672223},3C_20_66-02.txt,154.245,0.250,38.561,1,6.000,15.56,6.000,13.969,0.000
41,ec.gp.GPIndividual@1086041085{-1841672223},3C_20_80-01.txt,4.194,0.250,1.049,3,5.719,545.36,1.906,13.969,0.000
41,ec.gp.GPIndividual@1086041085{-1841672223},3C_20_80-02.txt,35.738,0.250,8.935,3,1.406,15.74,0.469,13.969,0.000
41,ec.gp.GPIndividual@1086041085{-1841672223},3C_20_80-02.txt,35.738,0.250,8.935,10,8.672,97.06,0.867,13.969,0.000
41,ec.gp.GPIndividual@1086041085{-1841672223},3C_20_66-03.txt,118.340,0.250,29.585,2,1.359,4.59,0.680,13.969,0.000
41,ec.gp.GPIndividual@1086041085{-1841672223},3C_20_80-03.txt,169.439,0.250,42.360,8,25.609,60.46,3.201,13.969,0.000
41,ec.gp.GPIndividual@2119905972{545511632},3C_20_50-02.txt,61.404,0.250,15.351,2,16.453,107.18,8.227,16.234,0.219
41,ec.gp.GPIndividual@2119905972{545511632},3C_20_80-03.txt,169.439,0.250,42.360,1,11.813,27.89,11.813,16.234,0.219
41,ec.gp.GPIndividual@2119905972{545511632},3C_20_80-01.txt,4.194,0.250,1.049,1,15.469,1475.15,15.469,16.234,0.219
41,ec.gp.GPIndividual@2119905972{545511632},3C_20_80-03.txt,169.439,0.250,42.360,14,33.625,79.38,2.402,16.234,0.219
41,ec.gp.GPIndividual@1558395640{2133558160},3C_20_50-02.txt,61.404,0.250,15.351,3,17.828,116.14,5.943,9.328,0.203
41,ec.gp.GPIndividual@1558395640{2133558160},3C_20_80-02.txt,35.738,0.250,8.935,1,13.313,149.00,13.313,13.313,0.203
41,ec.gp.GPIndividual@1558395640{2133558160},3C_20_50-03.txt,30.993,0.250,7.748,4,5.563,71.79,1.391,13.313,0.203
41,ec.gp.GPIndividual@135852768{-80331007},3C_20_50-02.txt,61.404,0.250,15.351,11,15.219,99.14,1.384,2.891,0.219
41,ec.gp.GPIndividual@135852768{-80331007},3C_20_50-03.txt,30.993,0.250,7.748,2,6.609,85.30,3.305,4.094,0.219
41,ec.gp.GPIndividual@135852768{-80331007},3C_20_80-03.txt,169.439,0.250,42.360,1,1.219,2.88,1.219,4.094,0.219
41,ec.gp.GPIndividual@135852768{-80331007},3C_20_50-03.txt,30.993,0.250,7.748,1,1.563,20.17,1.563,4.094,0.219
41,ec.gp.GPIndividual@135852768{-80331007},3C_20_66-01.txt,7.322,0.250,1.831,1,2.531,138.28,2.531,4.094,0.219
41,ec.gp.GPIndividual@135852768{-80331007},3C_20_66-01.txt,7.322,0.250,1.831,2,1.172,64.02,0.586,4.094,0.219
41,ec.gp.GPIndividual@135852768{-80331007},3C_20_66-02.txt,154.245,0.250,38.561,14,31.453,81.57,2.247,8.469,0.219
41,ec.gp.GPIndividual@135852768{-80331007},3C_20_66-03.txt,118.340,0.250,29.585,2,24.000,81.12,12.000,12.891,0.219
41,ec.gp.GPIndividual@612954533{56549990},3C_20_50-02.txt,61.404,0.250,15.351,3,2.188,14.25,0.729,1.266,0.188
41,ec.gp.GPIndividual@612954533{56549990},3C_20_80-03.txt,169.439,0.250,42.360,4,21.359,50.42,5.340,16.656,0.188
41,ec.gp.GPIndividual@612954533{56549990},3C_20_80-03.txt,169.439,0.250,42.360,2,17.969,42.42,8.984,16.656,0.188
41,ec.gp.GPIndividual@1769922779{1035398931},3C_20_50-02.txt,61.404,0.250,15.351,2,16.250,105.86,8.125,16.078,0.172
41,ec.gp.GPIndividual@1769922779{1035398931},3C_20_50-03.txt,30.993,0.250,7.748,6,6.625,85.50,1.104,16.078,0.000
41,ec.gp.GPIndividual@1769922779{1035398931},3C_20_66-01.txt,7.322,0.250,1.831,1,1.188,64.87,1.188,16.078,0.000
41,ec.gp.GPIndividual@1769922779{1035398931},3C_20_50-03.txt,30.993,0.250,7.748,7,5.516,71.19,0.788,16.078,0.000
41,ec.gp.GPIndividual@1769922779{1035398931},3C_20_66-02.txt,154.245,0.250,38.561,1,1.734,4.50,1.734,16.078,0.000
41,ec.gp.GPIndividual@1769922779{1035398931},3C_20_66-01.txt,7.322,0.250,1.831,4,1.641,89.62,0.410,16.078,0.000
41,ec.gp.GPIndividual@1769922779{1035398931},3C_20_66-03.txt,118.340,0.250,29.585,1,0.625,2.11,0.625,16.078,0.000
41,ec.gp.GPIndividual@1769922779{1035398931},3C_20_66-02.txt,154.245,0.250,38.561,6,21.484,55.71,3.581,16.078,0.000
41,ec.gp.GPIndividual@991717626{1937673191},3C_20_50-02.txt,61.404,0.250,15.351,5,0.406,2.65,0.081,0.250,0.031
41,ec.gp.GPIndividual@991717626{1937673191},3C_20_50-03.txt,30.993,0.250,7.748,5,5.984,77.24,1.197,2.016,0.031
41,ec.gp.GPIndividual@991717626{1937673191},3C_20_66-01.txt,7.322,0.250,1.831,6,1.438,78.53,0.240,2.016,0.031
41,ec.gp.GPIndividual@991717626{1937673191},3C_20_66-02.txt,154.245,0.250,38.561,10,32.453,84.16,3.245,10.797,0.031
41,ec.gp.GPIndividual@991717626{1937673191},3C_20_66-03.txt,118.340,0.250,29.585,6,24.031,81.23,4.005,10.797,0.031
41,ec.gp.GPIndividual@991717626{1937673191},3C_20_80-01.txt,4.194,0.250,1.049,4,0.844,80.46,0.211,10.797,0.031
41,ec.gp.GPIndividual@991717626{1937673191},3C_20_80-02.txt,35.738,0.250,8.935,7,6.109,68.38,0.873,10.797,0.031
41,ec.gp.GPIndividual@991717626{1937673191},3C_20_80-03.txt,169.439,0.250,42.360,3,27.422,64.74,9.141,16.641,0.031
42,ec.gp.GPIndividual@1474935653{-218220490},3C_20_50-02.txt,61.404,0.250,15.351,0,0.000,0.00,0.000,0.000,0.000
42,ec.gp.GPIndividual@1474935653{-218220490},3C_20_50-03.txt,30.993,0.250,7.748,0,0.000,0.00,0.000,0.000,0.000
42,ec.gp.GPIndividual@1474935653{-218220490},3C_20_66-01.txt,7.322,0.250,1.831,0,0.000,0.00,0.000,0.000,0.000
42,ec.gp.GPIndividual@1474935653{-218220490},3C_20_66-02.txt,154.245,0.250,38.561,0,0.000,0.00,0.000,0.000,0.000
42,ec.gp.GPIndividual@1474935653{-218220490},3C_20_66-03.txt,118.340,0.250,29.585,0,0.000,0.00,0.000,0.000,0.000
42,ec.gp.GPIndividual@1474935653{-218220490},3C_20_80-01.txt,4.194,0.250,1.049,0,0.000,0.00,0.000,0.000,0.000
42,ec.gp.GPIndividual@1474935653{-218220490},3C_20_80-02.txt,35.738,0.250,8.935,0,0.000,0.00,0.000,0.000,0.000
42,ec.gp.GPIndividual@1474935653{-218220490},3C_20_80-03.txt,169.439,0.250,42.360,0,0.000,0.00,0.000,0.000,0.000
42,ec.gp.GPIndividual@259354520{1810654850},3C_20_50-02.txt,61.404,0.250,15.351,0,0.000,0.00,0.000,0.000,0.000
42,ec.gp.GPIndividual@259354520{1810654850},3C_20_50-03.txt,30.993,0.250,7.748,0,0.000,0.00,0.000,0.000,0.000
42,ec.gp.GPIndividual@259354520{1810654850},3C_20_66-01.txt,7.322,0.250,1.831,0,0.000,0.00,0.000,0.000,0.000
42,ec.gp.GPIndividual@259354520{1810654850},3C_20_66-02.txt,154.245,0.250,38.561,0,0.000,0.00,0.000,0.000,0.000
42,ec.gp.GPIndividual@259354520{1810654850},3C_20_66-03.txt,118.340,0.250,29.585,0,0.000,0.00,0.000,0.000,0.000
42,ec.gp.GPIndividual@259354520{1810654850},3C_20_80-01.txt,4.194,0.250,1.049,0,0.000,0.00,0.000,0.000,0.000
42,ec.gp.GPIndividual@259354520{1810654850},3C_20_80-02.txt,35.738,0.250,8.935,0,0.000,0.00,0.000,0.000,0.000
42,ec.gp.GPIndividual@259354520{1810654850},3C_20_80-03.txt,169.439,0.250,42.360,0,0.000,0.00,0.000,0.000,0.000
42,ec.gp.GPIndividual@681321040{-585273462},3C_20_50-02.txt,61.404,0.250,15.351,3,0.750,4.89,0.250,0.250,0.250
42,ec.gp.GPIndividual@681321040{-585273462},3C_20_50-03.txt,30.993,0.250,7.748,8,7.781,100.43,0.973,1.844,0.000
42,ec.gp.GPIndividual@681321040{-585273462},3C_20_50-03.txt,30.993,0.250,7.748,4,7.516,97.00,1.879,3.250,0.000
42,ec.gp.GPIndividual@681321040{-585273462},3C_20_66-01.txt,7.322,0.250,1.831,2,2.234,122.06,1.117,3.250,0.000
42,ec.gp.GPIndividual@681321040{-585273462},3C_20_50-03.txt,30.993,0.250,7.748,1,0.875,11.29,0.875,3.250,0.000
42,ec.gp.GPIndividual@681321040{-585273462},3C_20_66-02.txt,154.245,0.250,38.561,4,4.016,10.41,1.004,3.250,0.000
42,ec.gp.GPIndividual@681321040{-585273462},3C_20_50-03.txt,30.993,0.250,7.748,3,6.672,86.11,2.224,3.250,0.000
42,ec.gp.GPIndividual@681321040{-585273462},3C_20_66-03.txt,118.340,0.250,29.585,3,3.609,12.20,1.203,3.250,0.000
42,ec.gp.GPIndividual@681321040{-585273462},3C_20_50-03.txt,30.993,0.250,7.748,1,2.313,29.85,2.313,3.250,0.000
42,ec.gp.GPIndividual@681321040{-585273462},3C_20_50-03.txt,30.993,0.250,7.748,5,7.328,94.58,1.466,3.250,0.000
42,ec.gp.GPIndividual@681321040{-585273462},3C_20_66-01.txt,7.322,0.250,1.831,1,1.984,108.40,1.984,3.250,0.000
42,ec.gp.GPIndividual@681321040{-585273462},3C_20_66-01.txt,7.322,0.250,1.831,3,4.813,262.90,1.604,3.250,0.000
42,ec.gp.GPIndividual@681321040{-585273462},3C_20_66-01.txt,7.322,0.250,1.831,2,3.328,181.81,1.664,3.250,0.000
42,ec.gp.GPIndividual@681321040{-585273462},3C_20_66-01.txt,7.322,0.250,1.831,1,0.469,25.61,0.469,3.250,0.000
42,ec.gp.GPIndividual@681321040{-585273462},3C_20_66-02.txt,154.245,0.250,38.561,4,6.063,15.72,1.516,4.406,0.000
42,ec.gp.GPIndividual@681321040{-585273462},3C_20_66-02.txt,154.245,0.250,38.561,6,8.891,23.06,1.482,4.406,0.000
42,ec.gp.GPIndividual@681321040{-585273462},3C_20_66-02.txt,154.245,0.250,38.561,4,13.219,34.28,3.305,9.109,0.000
42,ec.gp.GPIndividual@681321040{-585273462},3C_20_80-01.txt,4.194,0.250,1.049,2,1.563,149.01,0.781,9.109,0.000
42,ec.gp.GPIndividual@681321040{-585273462},3C_20_66-02.txt,154.245,0.250,38.561,1,0.500,1.30,0.500,9.109,0.000
42,ec.gp.GPIndividual@681321040{-585273462},3C_20_80-02.txt,35.738,0.250,8.935,5,11.484,128.54,2.297,9.109,0.000
42,ec.gp.GPIndividual@681321040{-585273462},3C_20_66-01.txt,7.322,0.250,1.831,2,3.031,165.59,1.516,9.109,0.000
42,ec.gp.GPIndividual@681321040{-585273462},3C_20_80-03.txt,169.439,0.250,42.360,3,2.984,7.05,0.995,9.109,0.000
42,ec.gp.GPIndividual@681321040{-585273462},3C_20_66-03.txt,118.340,0.250,29.585,6,8.813,29.79,1.469,9.109,0.000
42,ec.gp.GPIndividual@681321040{-585273462},3C_20_66-03.txt,118.340,0.250,29.585,2,3.141,10.62,1.570,9.109,0.000
42,ec.gp.GPIndividual@681321040{-585273462},3C_20_66-02.txt,154.245,0.250,38.561,3,8.938,23.18,2.979,9.109,0.000
42,ec.gp.GPIndividual@1434018601{-657612758},3C_20_50-02.txt,61.404,0.250,15.351,6,18.109,117.97,3.018,6.188,0.328
42,ec.gp.GPIndividual@1434018601{-657612758},3C_20_80-01.txt,4.194,0.250,1.049,1,1.969,187.75,1.969,6.188,0.328
42,ec.gp.GPIndividual@1434018601{-657612758},3C_20_50-03.txt,30.993,0.250,7.748,2,1.906,24.60,0.953,6.188,0.328
42,ec.gp.GPIndividual@1434018601{-657612758},3C_20_66-03.txt,118.340,0.250,29.585,1,1.922,6.50,1.922,6.188,0.328
42,ec.gp.GPIndividual@1434018601{-657612758},3C_20_66-03.txt,118.340,0.250,29.585,1,2.609,8.82,2.609,6.188,0.328
42,ec.gp.GPIndividual@1434018601{-657612758},3C_20_80-01.txt,4.194,0.250,1.049,2,1.516,144.53,0.758,6.188,0.328
42,ec.gp.GPIndividual@1434018601{-657612758},3C_20_80-02.txt,35.738,0.250,8.935,1,0.156,1.75,0.156,6.188,0.156
42,ec.gp.GPIndividual@1434018601{-657612758},3C_20_80-02.txt,35.738,0.250,8.935,1,9.016,100.91,9.016,9.016,0.156
42,ec.gp.GPIndividual@1434018601{-657612758},3C_20_66-03.txt,118.340,0.250,29.585,9,24.750,83.66,2.750,9.016,0.156
42,ec.gp.GPIndividual@1434018601{-657612758},3C_20_80-03.txt,169.439,0.250,42.360,4,14.516,34.27,3.629,9.016,0.156
42,ec.gp.GPIndividual@1434018601{-657612758},3C_20_80-01.txt,4.194,0.250,1.049,1,1.828,174.34,1.828,9.016,0.156
42,ec.gp.GPIndividual@1434018601{-657612758},3C_20_80-03.txt,169.439,0.250,42.360,11,39.375,92.95,3.580,9.109,0.156
42,ec.gp.GPIndividual@1434018601{-657612758},3C_20_80-02.txt,35.738,0.250,8.935,4,8.672,97.06,2.168,9.109,0.156
42,ec.gp.GPIndividual@1434018601{-657612758},3C_20_80-03.txt,169.439,0.250,42.360,1,11.250,26.56,11.250,11.250,0.156
42,ec.gp.GPIndividual@1434018601{-657612758},3C_20_80-01.txt,4.194,0.250,1.049,1,1.250,119.20,1.250,11.250,0.156
42,ec.gp.GPIndividual@1434018601{-657612758},3C_20_66-01.txt,7.322,0.250,1.831,1,7.922,432.76,7.922,11.250,0.156
42,ec.gp.GPIndividual@1266346815{-1292250137},3C_20_50-02.txt,61.404,0.250,15.351,4,14.500,94.46,3.625,12.766,0.469
42,ec.gp.GPIndividual@1603655937{1003724516},3C_20_50-02.txt,61.404,0.250,15.351,1,15.688,102.19,15.688,15.688,15.688
42,ec.gp.GPIndividual@1603655937{1003724516},3C_20_80-01.txt,4.194,0.250,1.049,2,1.188,113.24,0.594,15.688,0.141
42,ec.gp.GPIndividual@1603655937{1003724516},3C_20_80-02.txt,35.738,0.250,8.935,8,10.016,112.10,1.252,15.688,0.141
42,ec.gp.GPIndividual@1603655937{1003724516},3C_20_80-03.txt,169.439,0.250,42.360,9,17.313,40.87,1.924,15.688,0.141
42,ec.gp.GPIndividual@1603655937{1003724516},3C_20_50-03.txt,30.993,0.250,7.748,1,0.313,4.03,0.313,15.688,0.141
42,ec.gp.GPIndividual@1603655937{1003724516},3C_20_50-03.txt,30.993,0.250,7.748,3,11.250,145.20,3.750,15.688,0.141
42,ec.gp.GPIndividual@1606922808{600872335},3C_20_50-02.txt,61.404,0.250,15.351,1,0.531,3.46,0.531,0.531,0.531
42,ec.gp.GPIndividual@1606922808{600872335},3C_20_50-03.txt,30.993,0.250,7.748,2,4.250,54.85,2.125,3.219,0.531
42,ec.gp.GPIndividual@1606922808{600872335},3C_20_80-02.txt,35.738,0.250,8.935,4,9.703,108.60,2.426,3.234,0.531
42,ec.gp.GPIndividual@1606922808{600872335},3C_20_66-01.txt,7.322,0.250,1.831,1,3.188,174.13,3.188,3.234,0.531
42,ec.gp.GPIndividual@1606922808{600872335},3C_20_66-01.txt,7.322,0.250,1.831,1,0.688,37.56,0.688,3.234,0.531
42,ec.gp.GPIndividual@1606922808{600872335},3C_20_80-03.txt,169.439,0.250,42.360,3,2.438,5.75,0.813,3.234,0.000
42,ec.gp.GPIndividual@1606922808{600872335},3C_20_66-01.txt,7.322,0.250,1.831,1,0.813,44.39,0.813,3.234,0.000
42,ec.gp.GPIndividual@1606922808{600872335},3C_20_66-02.txt,154.245,0.250,38.561,5,6.984,18.11,1.397,3.234,0.000
42,ec.gp.GPIndividual@1606922808{600872335},3C_20_66-03.txt,118.340,0.250,29.585,3,26.578,89.84,8.859,12.734,0.000
42,ec.gp.GPIndividual@1372321199{-1362500531},3C_20_50-02.txt,61.404,0.250,15.351,10,14.906,97.10,1.491,6.156,0.000
42,ec.gp.GPIndividual@1372321199{-1362500531},3C_20_66-02.txt,154.245,0.250,38.561,2,2.953,7.66,1.477,6.156,0.000
42,ec.gp.GPIndividual@81178562{1410047972},3C_20_50-02.txt,61.404,0.250,15.351,3,11.219,73.08,3.740,6.297,0.531
42,ec.gp.GPIndividual@81178562{1410047972},3C_20_80-01.txt,4.194,0.250,1.049,1,2.688,256.29,2.688,6.297,0.531
42,ec.gp.GPIndividual@81178562{1410047972},3C_20_66-03.txt,118.340,0.250,29.585,1,0.516,1.74,0.516,6.297,0.516
42,ec.gp.GPIndividual@81178562{1410047972},3C_20_80-02.txt,35.738,0.250,8.935,1,6.313,70.65,6.313,6.313,0.516
42,ec.gp.GPIndividual@81178562{1410047972},3C_20_66-02.txt,154.245,0.250,38.561,3,6.703,17.38,2.234,6.313,0.516
42,ec.gp.GPIndividual@81178562{1410047972},3C_20_80-03.txt,169.439,0.250,42.360,5,12.188,28.77,2.438,6.313,0.000
42,ec.gp.GPIndividual@81178562{1410047972},3C_20_66-02.txt,154.245,0.250,38.561,8,24.797,64.31,3.100,6.313,0.000
42,ec.gp.GPIndividual@1529640107{1740601290},3C_20_50-02.txt,61.404,0.250,15.351,8,15.906,103.62,1.988,3.719,0.516
42,ec.gp.GPIndividual@1529640107{1740601290},3C_20_80-01.txt,4.194,0.250,1.049,1,2.500,238.41,2.500,3.719,0.516
42,ec.gp.GPIndividual@1529640107{1740601290},3C_20_50-03.txt,30.993,0.250,7.748,2,1.750,22.59,0.875,3.719,0.516
42,ec.gp.GPIndividual@1529640107{1740601290},3C_20_66-03.txt,118.340,0.250,29.585,5,22.078,74.63,4.416,10.578,0.516
42,ec.gp.GPIndividual@1529640107{1740601290},3C_20_50-03.txt,30.993,0.250,7.748,1,14.922,192.59,14.922,14.922,0.516
42,ec.gp.GPIndividual@1529640107{1740601290},3C_20_50-03.txt,30.993,0.250,7.748,3,12.391,159.92,4.130,14.922,0.516
42,ec.gp.GPIndividual@1529640107{1740601290},3C_20_80-01.txt,4.194,0.250,1.049,2,0.688,65.56,0.344,14.922,0.000
42,ec.gp.GPIndividual@1529640107{1740601290},3C_20_66-01.txt,7.322,0.250,1.831,1,3.969,216.81,3.969,14.922,0.000
42,ec.gp.GPIndividual@1529640107{1740601290},3C_20_80-02.txt,35.738,0.250,8.935,6,8.156,91.29,1.359,14.922,0.000
42,ec.gp.GPIndividual@1529640107{1740601290},3C_20_80-02.txt,35.738,0.250,8.935,4,4.172,46.69,1.043,14.922,0.000
42,ec.gp.GPIndividual@1529640107{1740601290},3C_20_66-01.txt,7.322,0.250,1.831,1,2.078,113.52,2.078,14.922,0.000
42,ec.gp.GPIndividual@1529640107{1740601290},3C_20_66-01.txt,7.322,0.250,1.831,2,2.078,113.52,1.039,14.922,0.000
42,ec.gp.GPIndividual@1529640107{1740601290},3C_20_80-03.txt,169.439,0.250,42.360,4,12.656,29.88,3.164,14.922,0.000
42,ec.gp.GPIndividual@1529640107{1740601290},3C_20_66-03.txt,118.340,0.250,29.585,8,11.297,38.18,1.412,14.922,0.000
42,ec.gp.GPIndividual@1529640107{1740601290},3C_20_66-02.txt,154.245,0.250,38.561,15,38.500,99.84,2.567,14.922,0.000
42,ec.gp.GPIndividual@1529640107{1740601290},3C_20_66-02.txt,154.245,0.250,38.561,2,7.781,20.18,3.891,14.922,0.000
42,ec.gp.GPIndividual@1529640107{1740601290},3C_20_80-03.txt,169.439,0.250,42.360,4,17.219,40.65,4.305,14.922,0.000
42,ec.gp.GPIndividual@1233777259{1324971277},3C_20_50-02.txt,61.404,0.250,15.351,4,16.188,105.45,4.047,12.359,0.359
42,ec.gp.GPIndividual@1233777259{1324971277},3C_20_50-03.txt,30.993,0.250,7.748,3,8.859,114.34,2.953,12.359,0.359
42,ec.gp.GPIndividual@337243308{-60492984},3C_20_50-02.txt,61.404,0.250,15.351,4,4.859,31.65,1.215,2.906,0.000
42,ec.gp.GPIndividual@337243308{-60492984},3C_20_66-02.txt,154.245,0.250,38.561,6,17.266,44.77,2.878,5.578,0.000
42,ec.gp.GPIndividual@337243308{-60492984},3C_20_66-03.txt,118.340,0.250,29.585,2,19.109,64.59,9.555,14.828,0.000
42,ec.gp.GPIndividual@337243308{-60492984},3C_20_66-03.txt,118.340,0.250,29.585,3,19.141,64.70,6.380,14.828,0.000
42,ec.gp.GPIndividual@337243308{-60492984},3C_20_80-01.txt,4.194,0.250,1.049,1,1.672,159.44,1.672,14.828,0.000
42,ec.gp.GPIndividual@337243308{-60492984},3C_20_66-03.txt,118.340,0.250,29.585,8,31.125,105.21,3.891,14.828,0.000
42,ec.gp.GPIndividual@337243308{-60492984},3C_20_80-01.txt,4.194,0.250,1.049,1,3.781,360.59,3.781,14.828,0.000
42,ec.gp.GPIndividual@337243308{-60492984},3C_20_80-01.txt,4.194,0.250,1.049,2,2.703,257.78,1.352,14.828,0.000
42,ec.gp.GPIndividual@337243308{-60492984},3C_20_80-02.txt,35.738,0.250,8.935,1,2.672,29.91,2.672,14.828,0.000
42,ec.gp.GPIndividual@337243308{-60492984},3C_20_80-01.txt,4.194,0.250,1.049,4,1.078,102.81,0.270,14.828,0.000
42,ec.gp.GPIndividual@337243308{-60492984},3C_20_80-02.txt,35.738,0.250,8.935,5,13.484,150.92,2.697,14.828,0.000
42,ec.gp.GPIndividual@337243308{-60492984},3C_20_50-03.txt,30.993,0.250,7.748,1,5.266,67.96,5.266,14.828,0.000
42,ec.gp.GPIndividual@337243308{-60492984},3C_20_66-01.txt,7.322,0.250,1.831,1,2.203,120.35,2.203,14.828,0.000
42,ec.gp.GPIndividual@337243308{-60492984},3C_20_80-03.txt,169.439,0.250,42.360,3,4.281,10.11,1.427,14.828,0.000
42,ec.gp.GPIndividual@337243308{-60492984},3C_20_80-02.txt,35.738,0.250,8.935,6,10.328,115.60,1.721,14.828,0.000
42,ec.gp.GPIndividual@337243308{-60492984},3C_20_80-03.txt,169.439,0.250,42.360,2,1.922,4.54,0.961,14.828,0.000
42,ec.gp.GPIndividual@337243308{-60492984},3C_20_66-02.txt,154.245,0.250,38.561,2,4.203,10.90,2.102,14.828,0.000
42,ec.gp.GPIndividual@337243308{-60492984},3C_20_80-02.txt,35.738,0.250,8.935,3,9.672,108.25,3.224,14.828,0.000
42,ec.gp.GPIndividual@337243308{-60492984},3C_20_66-03.txt,118.340,0.250,29.585,11,29.969,101.30,2.724,14.828,0.000
42,ec.gp.GPIndividual@337243308{-60492984},3C_20_80-01.txt,4.194,0.250,1.049,1,0.516,49.17,0.516,14.828,0.000
42,ec.gp.GPIndividual@337243308{-60492984},3C_20_80-03.txt,169.439,0.250,42.360,2,5.609,13.24,2.805,14.828,0.000
42,ec.gp.GPIndividual@233173674{-328212576},3C_20_50-02.txt,61.404,0.250,15.351,3,8.297,54.05,2.766,6.703,0.531
42,ec.gp.GPIndividual@233173674{-328212576},3C_20_66-01.txt,7.322,0.250,1.831,3,11.406,623.11,3.802,9.969,0.531
42,ec.gp.GPIndividual@233173674{-328212576},3C_20_80-03.txt,169.439,0.250,42.360,4,16.484,38.92,4.121,11.563,0.531
42,ec.gp.GPIndividual@178334645{1149015235},3C_20_50-02.txt,61.404,0.250,15.351,2,1.922,12.52,0.961,1.422,0.500
42,ec.gp.GPIndividual@178334645{1149015235},3C_20_66-02.txt,154.245,0.250,38.561,1,2.531,6.56,2.531,2.531,0.500
42,ec.gp.GPIndividual@178334645{1149015235},3C_20_50-03.txt,30.993,0.250,7.748,2,7.953,102.65,3.977,6.172,0.500
42,ec.gp.GPIndividual@178334645{1149015235},3C_20_50-03.txt,30.993,0.250,7.748,1,0.719,9.28,0.719,6.172,0.500
42,ec.gp.GPIndividual@242726259{63817539},3C_20_50-02.txt,61.404,0.250,15.351,6,17.313,112.78,2.885,5.766,0.500
42,ec.gp.GPIndividual@242726259{63817539},3C_20_66-01.txt,7.322,0.250,1.831,3,1.875,102.43,0.625,5.766,0.156
42,ec.gp.GPIndividual@242726259{63817539},3C_20_50-03.txt,30.993,0.250,7.748,6,9.453,122.01,1.576,5.766,0.156
42,ec.gp.GPIndividual@242726259{63817539},3C_20_80-02.txt,35.738,0.250,8.935,2,0.516,5.77,0.258,5.766,0.000
42,ec.gp.GPIndividual@242726259{63817539},3C_20_66-01.txt,7.322,0.250,1.831,2,2.625,143.40,1.313,5.766,0.000
42,ec.gp.GPIndividual@242726259{63817539},3C_20_66-03.txt,118.340,0.250,29.585,1,0.313,1.06,0.313,5.766,0.000
42,ec.gp.GPIndividual@242726259{63817539},3C_20_66-02.txt,154.245,0.250,38.561,2,3.734,9.68,1.867,5.766,0.000
42,ec.gp.GPIndividual@1328398197{-723511113},3C_20_50-02.txt,61.404,0.250,15.351,9,15.656,101.99,1.740,3.250,0.516
42,ec.gp.GPIndividual@1328398197{-723511113},3C_20_66-03.txt,118.340,0.250,29.585,2,1.922,6.50,0.961,3.250,0.516
42,ec.gp.GPIndividual@1328398197{-723511113},3C_20_66-02.txt,154.245,0.250,38.561,6,16.078,41.70,2.680,5.922,0.344
42,ec.gp.GPIndividual@1328398197{-723511113},3C_20_50-03.txt,30.993,0.250,7.748,4,7.188,92.76,1.797,5.922,0.344
42,ec.gp.GPIndividual@1328398197{-723511113},3C_20_80-03.txt,169.439,0.250,42.360,1,0.922,2.18,0.922,5.922,0.344
42,ec.gp.GPIndividual@1328398197{-723511113},3C_20_66-03.txt,118.340,0.250,29.585,2,10.000,33.80,5.000,6.219,0.344
42,ec.gp.GPIndividual@1328398197{-723511113},3C_20_80-01.txt,4.194,0.250,1.049,1,3.250,309.93,3.250,6.219,0.344
42,ec.gp.GPIndividual@1328398197{-723511113},3C_20_66-01.txt,7.322,0.250,1.831,4,2.438,133.16,0.609,6.219,0.344
42,ec.gp.GPIndividual@1328398197{-723511113},3C_20_80-02.txt,35.738,0.250,8.935,3,8.734,97.76,2.911,7.109,0.344
42,ec.gp.GPIndividual@1328398197{-723511113},3C_20_66-01.txt,7.322,0.250,1.831,1,2.313,126.33,2.313,7.109,0.344
42,ec.gp.GPIndividual@1328398197{-723511113},3C_20_80-03.txt,169.439,0.250,42.360,2,2.266,5.35,1.133,7.109,0.344
42,ec.gp.GPIndividual@1328398197{-723511113},3C_20_66-02.txt,154.245,0.250,38.561,11,37.063,96.11,3.369,10.328,0.344
42,ec.gp.GPIndividual@1328398197{-723511113},3C_20_80-01.txt,4.194,0.250,1.049,1,6.281,599.00,6.281,10.328,0.344
42,ec.gp.GPIndividual@1756436965{564654406},3C_20_50-02.txt,61.404,0.250,15.351,10,14.766,96.19,1.477,4.828,0.000
42,ec.gp.GPIndividual@1756436965{564654406},3C_20_66-02.txt,154.245,0.250,38.561,1,5.906,15.32,5.906,5.906,0.000
42,ec.gp.GPIndividual@1756436965{564654406},3C_20_80-01.txt,4.194,0.250,1.049,1,2.547,242.88,2.547,5.906,0.000
42,ec.gp.GPIndividual@1756436965{564654406},3C_20_50-03.txt,30.993,0.250,7.748,2,3.828,49.41,1.914,5.906,0.000
42,ec.gp.GPIndividual@1756436965{564654406},3C_20_66-03.txt,118.340,0.250,29.585,1,2.563,8.66,2.563,5.906,0.000
42,ec.gp.GPIndividual@1756436965{564654406},3C_20_80-02.txt,35.738,0.250,8.935,3,16.156,180.83,5.385,12.781,0.000
42,ec.gp.GPIndividual@1839484269{1810654850},3C_20_50-02.txt,61.404,0.250,15.351,0,0.000,0.00,0.000,0.000,0.000
42,ec.gp.GPIndividual@1839484269{1810654850},3C_20_50-03.txt,30.993,0.250,7.748,0,0.000,0.00,0.000,0.000,0.000
42,ec.gp.GPIndividual@1839484269{1810654850},3C_20_66-01.txt,7.322,0.250,1.831,0,0.000,0.00,0.000,0.000,0.000
42,ec.gp.GPIndividual@1839484269{1810654850},3C_20_66-02.txt,154.245,0.250,38.561,0,0.000,0.00,0.000,0.000,0.000
42,ec.gp.GPIndividual@1839484269{1810654850},3C_20_66-03.txt,118.340,0.250,29.585,0,0.000,0.00,0.000,0.000,0.000
42,ec.gp.GPIndividual@1839484269{1810654850},3C_20_80-01.txt,4.194,0.250,1.049,0,0.000,0.00,0.000,0.000,0.000
42,ec.gp.GPIndividual@1839484269{1810654850},3C_20_80-02.txt,35.738,0.250,8.935,0,0.000,0.00,0.000,0.000,0.000
42,ec.gp.GPIndividual@1839484269{1810654850},3C_20_80-03.txt,169.439,0.250,42.360,0,0.000,0.00,0.000,0.000,0.000
42,ec.gp.GPIndividual@157309329{318671717},3C_20_50-02.txt,61.404,0.250,15.351,1,5.094,33.18,5.094,5.094,5.094
42,ec.gp.GPIndividual@168108217{-76414543},3C_20_50-02.txt,61.404,0.250,15.351,0,0.000,0.00,0.000,0.000,0.000
42,ec.gp.GPIndividual@168108217{-76414543},3C_20_50-03.txt,30.993,0.250,7.748,0,0.000,0.00,0.000,0.000,0.000
42,ec.gp.GPIndividual@168108217{-76414543},3C_20_66-01.txt,7.322,0.250,1.831,0,0.000,0.00,0.000,0.000,0.000
42,ec.gp.GPIndividual@168108217{-76414543},3C_20_66-02.txt,154.245,0.250,38.561,0,0.000,0.00,0.000,0.000,0.000
42,ec.gp.GPIndividual@168108217{-76414543},3C_20_66-03.txt,118.340,0.250,29.585,0,0.000,0.00,0.000,0.000,0.000
42,ec.gp.GPIndividual@168108217{-76414543},3C_20_80-01.txt,4.194,0.250,1.049,0,0.000,0.00,0.000,0.000,0.000
42,ec.gp.GPIndividual@168108217{-76414543},3C_20_80-02.txt,35.738,0.250,8.935,0,0.000,0.00,0.000,0.000,0.000
42,ec.gp.GPIndividual@168108217{-76414543},3C_20_80-03.txt,169.439,0.250,42.360,0,0.000,0.00,0.000,0.000,0.000
42,ec.gp.GPIndividual@2066699847{1626970361},3C_20_50-02.txt,61.404,0.250,15.351,0,0.000,0.00,0.000,0.000,0.000
42,ec.gp.GPIndividual@2066699847{1626970361},3C_20_50-03.txt,30.993,0.250,7.748,0,0.000,0.00,0.000,0.000,0.000
42,ec.gp.GPIndividual@2066699847{1626970361},3C_20_66-01.txt,7.322,0.250,1.831,0,0.000,0.00,0.000,0.000,0.000
42,ec.gp.GPIndividual@2066699847{1626970361},3C_20_66-02.txt,154.245,0.250,38.561,0,0.000,0.00,0.000,0.000,0.000
42,ec.gp.GPIndividual@2066699847{1626970361},3C_20_66-03.txt,118.340,0.250,29.585,0,0.000,0.00,0.000,0.000,0.000
42,ec.gp.GPIndividual@2066699847{1626970361},3C_20_80-01.txt,4.194,0.250,1.049,0,0.000,0.00,0.000,0.000,0.000
42,ec.gp.GPIndividual@2066699847{1626970361},3C_20_80-02.txt,35.738,0.250,8.935,0,0.000,0.00,0.000,0.000,0.000
42,ec.gp.GPIndividual@2066699847{1626970361},3C_20_80-03.txt,169.439,0.250,42.360,0,0.000,0.00,0.000,0.000,0.000
42,ec.gp.GPIndividual@1207806048{-159641396},3C_20_50-02.txt,61.404,0.250,15.351,3,0.797,5.19,0.266,0.453,0.000
42,ec.gp.GPIndividual@1207806048{-159641396},3C_20_66-01.txt,7.322,0.250,1.831,2,1.438,78.53,0.719,1.094,0.000
42,ec.gp.GPIndividual@1207806048{-159641396},3C_20_80-03.txt,169.439,0.250,42.360,9,25.172,59.42,2.797,15.078,0.000
42,ec.gp.GPIndividual@397297106{781213232},3C_20_50-02.txt,61.404,0.250,15.351,5,8.906,58.02,1.781,4.484,0.234
42,ec.gp.GPIndividual@397297106{781213232},3C_20_50-03.txt,30.993,0.250,7.748,2,15.469,199.64,7.734,13.000,0.234
42,ec.gp.GPIndividual@397297106{781213232},3C_20_50-03.txt,30.993,0.250,7.748,1,13.672,176.45,13.672,13.672,0.234
42,ec.gp.GPIndividual@1102567855{753425794},3C_20_50-02.txt,61.404,0.250,15.351,0,0.000,0.00,0.000,0.000,0.000
42,ec.gp.GPIndividual@1102567855{753425794},3C_20_50-03.txt,30.993,0.250,7.748,0,0.000,0.00,0.000,0.000,0.000
42,ec.gp.GPIndividual@1102567855{753425794},3C_20_66-01.txt,7.322,0.250,1.831,0,0.000,0.00,0.000,0.000,0.000
42,ec.gp.GPIndividual@1102567855{753425794},3C_20_66-02.txt,154.245,0.250,38.561,0,0.000,0.00,0.000,0.000,0.000
42,ec.gp.GPIndividual@1102567855{753425794},3C_20_66-03.txt,118.340,0.250,29.585,0,0.000,0.00,0.000,0.000,0.000
42,ec.gp.GPIndividual@1102567855{753425794},3C_20_80-01.txt,4.194,0.250,1.049,0,0.000,0.00,0.000,0.000,0.000
42,ec.gp.GPIndividual@1102567855{753425794},3C_20_80-02.txt,35.738,0.250,8.935,0,0.000,0.00,0.000,0.000,0.000
42,ec.gp.GPIndividual@1102567855{753425794},3C_20_80-03.txt,169.439,0.250,42.360,0,0.000,0.00,0.000,0.000,0.000
42,ec.gp.GPIndividual@1377361396{781213232},3C_20_50-02.txt,61.404,0.250,15.351,2,9.047,58.93,4.523,8.875,0.172
42,ec.gp.GPIndividual@1377361396{781213232},3C_20_80-03.txt,169.439,0.250,42.360,2,8.984,21.21,4.492,8.875,0.172
42,ec.gp.GPIndividual@1377361396{781213232},3C_20_80-01.txt,4.194,0.250,1.049,3,1.797,171.36,0.599,8.875,0.172
42,ec.gp.GPIndividual@1377361396{781213232},3C_20_50-03.txt,30.993,0.250,7.748,3,3.609,46.58,1.203,8.875,0.172
42,ec.gp.GPIndividual@1377361396{781213232},3C_20_80-02.txt,35.738,0.250,8.935,4,5.266,58.94,1.316,8.875,0.172
42,ec.gp.GPIndividual@323549515{56267740},3C_20_50-02.txt,61.404,0.250,15.351,10,14.172,92.32,1.417,3.109,0.172
42,ec.gp.GPIndividual@323549515{56267740},3C_20_50-03.txt,30.993,0.250,7.748,1,1.672,21.58,1.672,3.109,0.172
42,ec.gp.GPIndividual@323549515{56267740},3C_20_66-01.txt,7.322,0.250,1.831,1,5.047,275.70,5.047,5.047,0.172
42,ec.gp.GPIndividual@323549515{56267740},3C_20_80-03.txt,169.439,0.250,42.360,9,27.797,65.62,3.089,14.422,0.172
42,ec.gp.GPIndividual@1493433245{-159641396},3C_20_50-02.txt,61.404,0.250,15.351,0,0.000,0.00,0.000,0.000,0.000
42,ec.gp.GPIndividual@1493433245{-159641396},3C_20_50-03.txt,30.993,0.250,7.748,0,0.000,0.00,0.000,0.000,0.000
42,ec.gp.GPIndividual@1493433245{-159641396},3C_20_66-01.txt,7.322,0.250,1.831,0,0.000,0.00,0.000,0.000,0.000
42,ec.gp.GPIndividual@1493433245{-159641396},3C_20_66-02.txt,154.245,0.250,38.561,0,0.000,0.00,0.000,0.000,0.000
42,ec.gp.GPIndividual@1493433245{-159641396},3C_20_66-03.txt,118.340,0.250,29.585,0,0.000,0.00,0.000,0.000,0.000
42,ec.gp.GPIndividual@1493433245{-159641396},3C_20_80-01.txt,4.194,0.250,1.049,0,0.000,0.00,0.000,0.000,0.000
42,ec.gp.GPIndividual@1493433245{-159641396},3C_20_80-02.txt,35.738,0.250,8.935,0,0.000,0.00,0.000,0.000,0.000
42,ec.gp.GPIndividual@1493433245{-159641396},3C_20_80-03.txt,169.439,0.250,42.360,0,0.000,0.00,0.000,0.000,0.000
42,ec.gp.GPIndividual@1518112651{687402659},3C_20_50-02.txt,61.404,0.250,15.351,2,15.609,101.68,7.805,15.375,0.234
42,ec.gp.GPIndividual@1518112651{687402659},3C_20_66-02.txt,154.245,0.250,38.561,3,1.031,2.67,0.344,15.375,0.156
42,ec.gp.GPIndividual@1518112651{687402659},3C_20_50-03.txt,30.993,0.250,7.748,1,10.359,133.70,10.359,15.375,0.156
42,ec.gp.GPIndividual@1518112651{687402659},3C_20_66-01.txt,7.322,0.250,1.831,4,1.828,99.87,0.457,15.375,0.063
42,ec.gp.GPIndividual@1518112651{687402659},3C_20_66-02.txt,154.245,0.250,38.561,2,0.234,0.61,0.117,15.375,0.000
42,ec.gp.GPIndividual@1518112651{687402659},3C_20_66-03.txt,118.340,0.250,29.585,10,16.281,55.03,1.628,15.375,0.000
42,ec.gp.GPIndividual@1518112651{687402659},3C_20_66-01.txt,7.322,0.250,1.831,2,1.078,58.90,0.539,15.375,0.000
42,ec.gp.GPIndividual@1518112651{687402659},3C_20_66-02.txt,154.245,0.250,38.561,3,8.625,22.37,2.875,15.375,0.000
42,ec.gp.GPIndividual@1518112651{687402659},3C_20_80-01.txt,4.194,0.250,1.049,1,0.609,58.11,0.609,15.375,0.000
42,ec.gp.GPIndividual@1518112651{687402659},3C_20_66-03.txt,118.340,0.250,29.585,3,9.547,32.27,3.182,15.375,0.000
42,ec.gp.GPIndividual@1518112651{687402659},3C_20_66-03.txt,118.340,0.250,29.585,6,9.469,32.01,1.578,15.375,0.000
42,ec.gp.GPIndividual@1518112651{687402659},3C_20_80-01.txt,4.194,0.250,1.049,2,1.484,141.55,0.742,15.375,0.000
42,ec.gp.GPIndividual@1518112651{687402659},3C_20_80-02.txt,35.738,0.250,8.935,6,4.141,46.34,0.690,15.375,0.000
42,ec.gp.GPIndividual@1518112651{687402659},3C_20_80-02.txt,35.738,0.250,8.935,4,2.500,27.98,0.625,15.375,0.000
42,ec.gp.GPIndividual@1518112651{687402659},3C_20_80-03.txt,169.439,0.250,42.360,1,2.969,7.01,2.969,15.375,0.000
42,ec.gp.GPIndividual@1518112651{687402659},3C_20_80-01.txt,4.194,0.250,1.049,2,0.969,92.38,0.484,15.375,0.000
42,ec.gp.GPIndividual@1518112651{687402659},3C_20_80-03.txt,169.439,0.250,42.360,10,25.016,59.06,2.502,15.375,0.000
42,ec.gp.GPIndividual@1550855317{2134427631},3C_20_50-02.txt,61.404,0.250,15.351,2,15.547,101.28,7.773,15.359,0.188
42,ec.gp.GPIndividual@1659140082{-313630352},3C_20_50-02.txt,61.404,0.250,15.351,6,13.469,87.74,2.245,10.109,0.094
42,ec.gp.GPIndividual@1659140082{-313630352},3C_20_66-02.txt,154.245,0.250,38.561,4,6.828,17.71,1.707,10.109,0.094
42,ec.gp.GPIndividual@1659140082{-313630352},3C_20_50-03.txt,30.993,0.250,7.748,5,6.750,87.12,1.350,10.109,0.094
42,ec.gp.GPIndividual@1659140082{-313630352},3C_20_66-03.txt,118.340,0.250,29.585,1,1.594,5.39,1.594,10.109,0.094
42,ec.gp.GPIndividual@1659140082{-313630352},3C_20_66-01.txt,7.322,0.250,1.831,2,1.938,105.84,0.969,10.109,0.094
42,ec.gp.GPIndividual@1659140082{-313630352},3C_20_80-01.txt,4.194,0.250,1.049,3,1.016,96.85,0.339,10.109,0.094
42,ec.gp.GPIndividual@1659140082{-313630352},3C_20_66-02.txt,154.245,0.250,38.561,1,0.156,0.41,0.156,10.109,0.094
42,ec.gp.GPIndividual@1659140082{-313630352},3C_20_80-02.txt,35.738,0.250,8.935,11,6.313,70.65,0.574,10.109,0.094
42,ec.gp.GPIndividual@1659140082{-313630352},3C_20_80-03.txt,169.439,0.250,42.360,1,2.000,4.72,2.000,10.109,0.094
42,ec.gp.GPIndividual@1659140082{-313630352},3C_20_66-03.txt,118.340,0.250,29.585,4,15.484,52.34,3.871,11.203,0.094
42,ec.gp.GPIndividual@969120654{1194068447},3C_20_50-02.txt,61.404,0.250,15.351,5,6.734,43.87,1.347,5.766,0.031
42,ec.gp.GPIndividual@969120654{1194068447},3C_20_50-03.txt,30.993,0.250,7.748,4,4.750,61.31,1.188,5.766,0.031
42,ec.gp.GPIndividual@969120654{1194068447},3C_20_66-01.txt,7.322,0.250,1.831,7,1.438,78.53,0.205,5.766,0.000
42,ec.gp.GPIndividual@969120654{1194068447},3C_20_66-02.txt,154.245,0.250,38.561,9,28.313,73.42,3.146,10.703,0.000
42,ec.gp.GPIndividual@969120654{1194068447},3C_20_66-03.txt,118.340,0.250,29.585,5,20.250,68.45,4.050,10.703,0.000
42,ec.gp.GPIndividual@969120654{1194068447},3C_20_80-01.txt,4.194,0.250,1.049,3,0.656,62.58,0.219,10.703,0.000
42,ec.gp.GPIndividual@969120654{1194068447},3C_20_80-02.txt,35.738,0.250,8.935,6,4.250,47.57,0.708,10.703,0.000
42,ec.gp.GPIndividual@969120654{1194068447},3C_20_80-03.txt,169.439,0.250,42.360,2,17.406,41.09,8.703,16.641,0.000
42,ec.gp.GPIndividual@845476342{538189747},3C_20_50-02.txt,61.404,0.250,15.351,5,6.750,43.97,1.350,5.766,0.031
42,ec.gp.GPIndividual@845476342{538189747},3C_20_50-03.txt,30.993,0.250,7.748,6,6.656,85.91,1.109,5.766,0.031
42,ec.gp.GPIndividual@845476342{538189747},3C_20_66-01.txt,7.322,0.250,1.831,7,1.453,79.38,0.208,5.766,0.000
42,ec.gp.GPIndividual@845476342{538189747},3C_20_66-02.txt,154.245,0.250,38.561,9,28.313,73.42,3.146,10.781,0.000
42,ec.gp.GPIndividual@845476342{538189747},3C_20_66-03.txt,118.340,0.250,29.585,5,20.172,68.18,4.034,10.781,0.000
42,ec.gp.GPIndividual@845476342{538189747},3C_20_80-01.txt,4.194,0.250,1.049,3,0.656,62.58,0.219,10.781,0.000
42,ec.gp.GPIndividual@845476342{538189747},3C_20_80-02.txt,35.738,0.250,8.935,6,4.250,47.57,0.708,10.781,0.000
42,ec.gp.GPIndividual@845476342{538189747},3C_20_80-03.txt,169.439,0.250,42.360,3,27.422,64.74,9.141,16.656,0.000
43,ec.gp.GPIndividual@1533044717{1778549770},3C_20_50-02.txt,61.404,0.250,15.351,0,0.000,0.00,0.000,0.000,0.000
43,ec.gp.GPIndividual@1533044717{1778549770},3C_20_50-03.txt,30.993,0.250,7.748,0,0.000,0.00,0.000,0.000,0.000
43,ec.gp.GPIndividual@1533044717{1778549770},3C_20_66-01.txt,7.322,0.250,1.831,0,0.000,0.00,0.000,0.000,0.000
43,ec.gp.GPIndividual@1533044717{1778549770},3C_20_66-02.txt,154.245,0.250,38.561,0,0.000,0.00,0.000,0.000,0.000
43,ec.gp.GPIndividual@1533044717{1778549770},3C_20_66-03.txt,118.340,0.250,29.585,0,0.000,0.00,0.000,0.000,0.000
43,ec.gp.GPIndividual@1533044717{1778549770},3C_20_80-01.txt,4.194,0.250,1.049,0,0.000,0.00,0.000,0.000,0.000
43,ec.gp.GPIndividual@1533044717{1778549770},3C_20_80-02.txt,35.738,0.250,8.935,0,0.000,0.00,0.000,0.000,0.000
43,ec.gp.GPIndividual@1533044717{1778549770},3C_20_80-03.txt,169.439,0.250,42.360,0,0.000,0.00,0.000,0.000,0.000
43,ec.gp.GPIndividual@953964683{625857030},3C_20_50-02.txt,61.404,0.250,15.351,0,0.000,0.00,0.000,0.000,0.000
43,ec.gp.GPIndividual@953964683{625857030},3C_20_50-03.txt,30.993,0.250,7.748,0,0.000,0.00,0.000,0.000,0.000
43,ec.gp.GPIndividual@953964683{625857030},3C_20_66-01.txt,7.322,0.250,1.831,0,0.000,0.00,0.000,0.000,0.000
43,ec.gp.GPIndividual@953964683{625857030},3C_20_66-02.txt,154.245,0.250,38.561,0,0.000,0.00,0.000,0.000,0.000
43,ec.gp.GPIndividual@953964683{625857030},3C_20_66-03.txt,118.340,0.250,29.585,0,0.000,0.00,0.000,0.000,0.000
43,ec.gp.GPIndividual@953964683{625857030},3C_20_80-01.txt,4.194,0.250,1.049,0,0.000,0.00,0.000,0.000,0.000
43,ec.gp.GPIndividual@953964683{625857030},3C_20_80-02.txt,35.738,0.250,8.935,0,0.000,0.00,0.000,0.000,0.000
43,ec.gp.GPIndividual@953964683{625857030},3C_20_80-03.txt,169.439,0.250,42.360,0,0.000,0.00,0.000,0.000,0.000
43,ec.gp.GPIndividual@656958611{-1697257639},3C_20_50-02.txt,61.404,0.250,15.351,0,0.000,0.00,0.000,0.000,0.000
43,ec.gp.GPIndividual@656958611{-1697257639},3C_20_50-03.txt,30.993,0.250,7.748,0,0.000,0.00,0.000,0.000,0.000
43,ec.gp.GPIndividual@656958611{-1697257639},3C_20_66-01.txt,7.322,0.250,1.831,0,0.000,0.00,0.000,0.000,0.000
43,ec.gp.GPIndividual@656958611{-1697257639},3C_20_66-02.txt,154.245,0.250,38.561,0,0.000,0.00,0.000,0.000,0.000
43,ec.gp.GPIndividual@656958611{-1697257639},3C_20_66-03.txt,118.340,0.250,29.585,0,0.000,0.00,0.000,0.000,0.000
43,ec.gp.GPIndividual@656958611{-1697257639},3C_20_80-01.txt,4.194,0.250,1.049,0,0.000,0.00,0.000,0.000,0.000
43,ec.gp.GPIndividual@656958611{-1697257639},3C_20_80-02.txt,35.738,0.250,8.935,0,0.000,0.00,0.000,0.000,0.000
43,ec.gp.GPIndividual@656958611{-1697257639},3C_20_80-03.txt,169.439,0.250,42.360,0,0.000,0.00,0.000,0.000,0.000
43,ec.gp.GPIndividual@43160595{785670272},3C_20_50-02.txt,61.404,0.250,15.351,0,0.000,0.00,0.000,0.000,0.000
43,ec.gp.GPIndividual@43160595{785670272},3C_20_50-03.txt,30.993,0.250,7.748,0,0.000,0.00,0.000,0.000,0.000
43,ec.gp.GPIndividual@43160595{785670272},3C_20_66-01.txt,7.322,0.250,1.831,0,0.000,0.00,0.000,0.000,0.000
43,ec.gp.GPIndividual@43160595{785670272},3C_20_66-02.txt,154.245,0.250,38.561,0,0.000,0.00,0.000,0.000,0.000
43,ec.gp.GPIndividual@43160595{785670272},3C_20_66-03.txt,118.340,0.250,29.585,0,0.000,0.00,0.000,0.000,0.000
43,ec.gp.GPIndividual@43160595{785670272},3C_20_80-01.txt,4.194,0.250,1.049,0,0.000,0.00,0.000,0.000,0.000
43,ec.gp.GPIndividual@43160595{785670272},3C_20_80-02.txt,35.738,0.250,8.935,0,0.000,0.00,0.000,0.000,0.000
43,ec.gp.GPIndividual@43160595{785670272},3C_20_80-03.txt,169.439,0.250,42.360,0,0.000,0.00,0.000,0.000,0.000
43,ec.gp.GPIndividual@401354486{1147046811},3C_20_50-02.txt,61.404,0.250,15.351,1,0.391,2.54,0.391,0.391,0.391
43,ec.gp.GPIndividual@401354486{1147046811},3C_20_50-03.txt,30.993,0.250,7.748,10,11.234,144.99,1.123,1.938,0.297
43,ec.gp.GPIndividual@401354486{1147046811},3C_20_50-03.txt,30.993,0.250,7.748,2,1.328,17.14,0.664,1.938,0.297
43,ec.gp.GPIndividual@401354486{1147046811},3C_20_50-03.txt,30.993,0.250,7.748,1,3.141,40.53,3.141,3.141,0.297
43,ec.gp.GPIndividual@401354486{1147046811},3C_20_66-01.txt,7.322,0.250,1.831,2,1.891,103.28,0.945,3.141,0.172
43,ec.gp.GPIndividual@401354486{1147046811},3C_20_50-03.txt,30.993,0.250,7.748,1,0.875,11.29,0.875,3.141,0.172
43,ec.gp.GPIndividual@401354486{1147046811},3C_20_66-02.txt,154.245,0.250,38.561,4,5.391,13.98,1.348,3.141,0.172
43,ec.gp.GPIndividual@401354486{1147046811},3C_20_50-03.txt,30.993,0.250,7.748,2,3.734,48.20,1.867,3.250,0.172
43,ec.gp.GPIndividual@401354486{1147046811},3C_20_50-03.txt,30.993,0.250,7.748,1,1.500,19.36,1.500,3.250,0.172
43,ec.gp.GPIndividual@401354486{1147046811},3C_20_66-03.txt,118.340,0.250,29.585,6,19.281,65.17,3.214,4.500,0.172
43,ec.gp.GPIndividual@401354486{1147046811},3C_20_80-01.txt,4.194,0.250,1.049,1,4.344,414.23,4.344,4.500,0.172
43,ec.gp.GPIndividual@401354486{1147046811},3C_20_66-01.txt,7.322,0.250,1.831,1,0.516,28.17,0.516,4.500,0.172
43,ec.gp.GPIndividual@401354486{1147046811},3C_20_80-02.txt,35.738,0.250,8.935,3,6.297,70.48,2.099,4.500,0.172
43,ec.gp.GPIndividual@401354486{1147046811},3C_20_80-03.txt,169.439,0.250,42.360,1,4.688,11.07,4.688,4.688,0.172
43,ec.gp.GPIndividual@401354486{1147046811},3C_20_66-01.txt,7.322,0.250,1.831,2,4.984,272.29,2.492,4.688,0.172
43,ec.gp.GPIndividual@401354486{1147046811},3C_20_66-01.txt,7.322,0.250,1.831,1,0.500,27.31,0.500,4.688,0.172
43,ec.gp.GPIndividual@401354486{1147046811},3C_20_66-02.txt,154.245,0.250,38.561,13,24.906,64.59,1.916,5.609,0.172
43,ec.gp.GPIndividual@467774654{1760551323},3C_20_50-02.txt,61.404,0.250,15.351,7,15.578,101.48,2.225,7.281,0.531
43,ec.gp.GPIndividual@467774654{1760551323},3C_20_66-01.txt,7.322,0.250,1.831,1,7.125,389.23,7.125,7.281,0.531
43,ec.gp.GPIndividual@467774654{1760551323},3C_20_66-01.txt,7.322,0.250,1.831,4,1.984,108.40,0.496,7.281,0.172
43,ec.gp.GPIndividual@467774654{1760551323},3C_20_66-02.txt,154.245,0.250,38.561,8,19.563,50.73,2.445,7.281,0.172
43,ec.gp.GPIndividual@467774654{1760551323},3C_20_66-02.txt,154.245,0.250,38.561,10,25.656,66.53,2.566,9.313,0.172
43,ec.gp.GPIndividual@467774654{1760551323},3C_20_66-02.txt,154.245,0.250,38.561,3,13.141,34.08,4.380,11.484,0.000
43,ec.gp.GPIndividual@467774654{1760551323},3C_20_66-02.txt,154.245,0.250,38.561,2,17.453,45.26,8.727,14.719,0.000
43,ec.gp.GPIndividual@467774654{1760551323},3C_20_66-03.txt,118.340,0.250,29.585,5,21.406,72.36,4.281,14.719,0.000
43,ec.gp.GPIndividual@467774654{1760551323},3C_20_50-03.txt,30.993,0.250,7.748,2,10.922,140.96,5.461,14.719,0.000
43,ec.gp.GPIndividual@467774654{1760551323},3C_20_66-03.txt,118.340,0.250,29.585,9,29.625,100.14,3.292,14.719,0.000
43,ec.gp.GPIndividual@467774654{1760551323},3C_20_66-01.txt,7.322,0.250,1.831,2,15.828,864.67,7.914,14.922,0.000
43,ec.gp.GPIndividual@467774654{1760551323},3C_20_66-03.txt,118.340,0.250,29.585,1,1.969,6.65,1.969,14.922,0.000
43,ec.gp.GPIndividual@467774654{1760551323},3C_20_80-01.txt,4.194,0.250,1.049,3,6.984,666.05,2.328,14.922,0.000
43,ec.gp.GPIndividual@467774654{1760551323},3C_20_66-03.txt,118.340,0.250,29.585,2,0.328,1.11,0.164,14.922,0.000
43,ec.gp.GPIndividual@467774654{1760551323},3C_20_66-02.txt,154.245,0.250,38.561,3,5.828,15.11,1.943,14.922,0.000
43,ec.gp.GPIndividual@467774654{1760551323},3C_20_80-01.txt,4.194,0.250,1.049,2,3.000,286.09,1.500,14.922,0.000
43,ec.gp.GPIndividual@467774654{1760551323},3C_20_66-03.txt,118.340,0.250,29.585,1,0.297,1.00,0.297,14.922,0.000
43,ec.gp.GPIndividual@467774654{1760551323},3C_20_80-02.txt,35.738,0.250,8.935,2,11.547,129.24,5.773,14.922,0.000
43,ec.gp.GPIndividual@467774654{1760551323},3C_20_66-03.txt,118.340,0.250,29.585,1,1.250,4.23,1.250,14.922,0.000
43,ec.gp.GPIndividual@467774654{1760551323},3C_20_80-02.txt,35.738,0.250,8.935,3,8.656,96.89,2.885,14.922,0.000
43,ec.gp.GPIndividual@467774654{1760551323},3C_20_80-01.txt,4.194,0.250,1.049,1,1.250,119.20,1.250,14.922,0.000
43,ec.gp.GPIndividual@467774654{1760551323},3C_20_80-03.txt,169.439,0.250,42.360,14,43.063,101.66,3.076,14.922,0.000
43,ec.gp.GPIndividual@467774654{1760551323},3C_20_80-03.txt,169.439,0.250,42.360,1,0.531,1.25,0.531,14.922,0.000
43,ec.gp.GPIndividual@467774654{1760551323},3C_20_80-01.txt,4.194,0.250,1.049,1,3.609,344.20,3.609,14.922,0.000
43,ec.gp.GPIndividual@467774654{1760551323},3C_20_80-01.txt,4.194,0.250,1.049,1,3.906,372.51,3.906,14.922,0.000
43,ec.gp.GPIndividual@467774654{1760551323},3C_20_80-02.txt,35.738,0.250,8.935,3,2.984,33.40,0.995,14.922,0.000
43,ec.gp.GPIndividual@275140640{845986487},3C_20_50-02.txt,61.404,0.250,15.351,4,7.656,49.87,1.914,5.094,0.344
43,ec.gp.GPIndividual@275140640{845986487},3C_20_80-01.txt,4.194,0.250,1.049,3,3.109,296.52,1.036,5.094,0.344
43,ec.gp.GPIndividual@275140640{845986487},3C_20_80-03.txt,169.439,0.250,42.360,5,7.469,17.63,1.494,5.094,0.344
43,ec.gp.GPIndividual@275140640{845986487},3C_20_80-02.txt,35.738,0.250,8.935,3,8.719,97.58,2.906,6.047,0.156
43,ec.gp.GPIndividual@1728903199{-1207464749},3C_20_50-02.txt,61.404,0.250,15.351,7,15.891,103.51,2.270,4.063,0.516
43,ec.gp.GPIndividual@1728903199{-1207464749},3C_20_50-03.txt,30.993,0.250,7.748,3,8.547,110.31,2.849,6.234,0.516
43,ec.gp.GPIndividual@1728903199{-1207464749},3C_20_80-03.txt,169.439,0.250,42.360,1,0.156,0.37,0.156,6.234,0.156
43,ec.gp.GPIndividual@1044442961{-208480553},3C_20_50-02.txt,61.404,0.250,15.351,1,0.969,6.31,0.969,0.969,0.969
43,ec.gp.GPIndividual@1044442961{-208480553},3C_20_50-03.txt,30.993,0.250,7.748,2,1.922,24.80,0.961,1.609,0.313
43,ec.gp.GPIndividual@1044442961{-208480553},3C_20_80-02.txt,35.738,0.250,8.935,1,2.734,30.60,2.734,2.734,0.313
43,ec.gp.GPIndividual@1044442961{-208480553},3C_20_80-02.txt,35.738,0.250,8.935,4,10.281,115.07,2.570,3.234,0.313
43,ec.gp.GPIndividual@1044442961{-208480553},3C_20_66-01.txt,7.322,0.250,1.831,1,0.719,39.26,0.719,3.234,0.313
43,ec.gp.GPIndividual@1044442961{-208480553},3C_20_80-03.txt,169.439,0.250,42.360,17,39.891,94.17,2.347,6.281,0.313
43,ec.gp.GPIndividual@1044442961{-208480553},3C_20_80-03.txt,169.439,0.250,42.360,1,2.578,6.09,2.578,6.281,0.313
43,ec.gp.GPIndividual@251798859{-1304167657},3C_20_50-02.txt,61.404,0.250,15.351,2,5.984,38.98,2.992,5.656,0.328
43,ec.gp.GPIndividual@251798859{-1304167657},3C_20_66-01.txt,7.322,0.250,1.831,1,5.078,277.41,5.078,5.656,0.328
43,ec.gp.GPIndividual@251798859{-1304167657},3C_20_66-02.txt,154.245,0.250,38.561,2,2.313,6.00,1.156,5.656,0.313
43,ec.gp.GPIndividual@251798859{-1304167657},3C_20_50-03.txt,30.993,0.250,7.748,3,10.344,133.50,3.448,8.625,0.313
43,ec.gp.GPIndividual@251798859{-1304167657},3C_20_50-03.txt,30.993,0.250,7.748,1,10.984,141.77,10.984,10.984,0.313
43,ec.gp.GPIndividual@1911847497{-1594063079},3C_20_50-02.txt,61.404,0.250,15.351,0,0.000,0.00,0.000,0.000,0.000
43,ec.gp.GPIndividual@1911847497{-1594063079},3C_20_50-03.txt,30.993,0.250,7.748,0,0.000,0.00,0.000,0.000,0.000
43,ec.gp.GPIndividual@1911847497{-1594063079},3C_20_66-01.txt,7.322,0.250,1.831,0,0.000,0.00,0.000,0.000,0.000
43,ec.gp.GPIndividual@1911847497{-1594063079},3C_20_66-02.txt,154.245,0.250,38.561,0,0.000,0.00,0.000,0.000,0.000
43,ec.gp.GPIndividual@1911847497{-1594063079},3C_20_66-03.txt,118.340,0.250,29.585,0,0.000,0.00,0.000,0.000,0.000
43,ec.gp.GPIndividual@1911847497{-1594063079},3C_20_80-01.txt,4.194,0.250,1.049,0,0.000,0.00,0.000,0.000,0.000
43,ec.gp.GPIndividual@1911847497{-1594063079},3C_20_80-02.txt,35.738,0.250,8.935,0,0.000,0.00,0.000,0.000,0.000
43,ec.gp.GPIndividual@1911847497{-1594063079},3C_20_80-03.txt,169.439,0.250,42.360,0,0.000,0.00,0.000,0.000,0.000
43,ec.gp.GPIndividual@929937657{-2008470268},3C_20_50-02.txt,61.404,0.250,15.351,7,14.922,97.20,2.132,5.641,0.359
43,ec.gp.GPIndividual@929937657{-2008470268},3C_20_66-03.txt,118.340,0.250,29.585,5,9.766,33.01,1.953,5.641,0.359
43,ec.gp.GPIndividual@1068640840{-618074676},3C_20_50-02.txt,61.404,0.250,15.351,0,0.000,0.00,0.000,0.000,0.000
43,ec.gp.GPIndividual@1068640840{-618074676},3C_20_50-03.txt,30.993,0.250,7.748,0,0.000,0.00,0.000,0.000,0.000
43,ec.gp.GPIndividual@1068640840{-618074676},3C_20_66-01.txt,7.322,0.250,1.831,0,0.000,0.00,0.000,0.000,0.000
43,ec.gp.GPIndividual@1068640840{-618074676},3C_20_66-02.txt,154.245,0.250,38.561,0,0.000,0.00,0.000,0.000,0.000
43,ec.gp.GPIndividual@1068640840{-618074676},3C_20_66-03.txt,118.340,0.250,29.585,0,0.000,0.00,0.000,0.000,0.000
43,ec.gp.GPIndividual@1068640840{-618074676},3C_20_80-01.txt,4.194,0.250,1.049,0,0.000,0.00,0.000,0.000,0.000
43,ec.gp.GPIndividual@1068640840{-618074676},3C_20_80-02.txt,35.738,0.250,8.935,0,0.000,0.00,0.000,0.000,0.000
43,ec.gp.GPIndividual@1068640840{-618074676},3C_20_80-03.txt,169.439,0.250,42.360,0,0.000,0.00,0.000,0.000,0.000
43,ec.gp.GPIndividual@207473888{-1097407895},3C_20_50-02.txt,61.404,0.250,15.351,5,6.828,44.48,1.366,2.719,0.516
43,ec.gp.GPIndividual@207473888{-1097407895},3C_20_50-03.txt,30.993,0.250,7.748,2,8.625,111.32,4.313,4.328,0.516
43,ec.gp.GPIndividual@207473888{-1097407895},3C_20_66-01.txt,7.322,0.250,1.831,2,2.172,118.65,1.086,4.328,0.516
43,ec.gp.GPIndividual@207473888{-1097407895},3C_20_66-01.txt,7.322,0.250,1.831,1,6.234,340.57,6.234,6.234,0.516
43,ec.gp.GPIndividual@207473888{-1097407895},3C_20_80-01.txt,4.194,0.250,1.049,1,3.016,287.58,3.016,6.234,0.516
43,ec.gp.GPIndividual@207473888{-1097407895},3C_20_50-03.txt,30.993,0.250,7.748,6,10.625,137.13,1.771,6.234,0.156
43,ec.gp.GPIndividual@207473888{-1097407895},3C_20_66-02.txt,154.245,0.250,38.561,1,1.156,3.00,1.156,6.234,0.156
43,ec.gp.GPIndividual@207473888{-1097407895},3C_20_66-02.txt,154.245,0.250,38.561,2,2.172,5.63,1.086,6.234,0.156
43,ec.gp.GPIndividual@207473888{-1097407895},3C_20_66-02.txt,154.245,0.250,38.561,9,20.328,52.72,2.259,6.234,0.156
43,ec.gp.GPIndividual@207473888{-1097407895},3C_20_66-03.txt,118.340,0.250,29.585,11,27.500,92.95,2.500,6.500,0.156
43,ec.gp.GPIndividual@207473888{-1097407895},3C_20_80-01.txt,4.194,0.250,1.049,2,8.469,807.61,4.234,7.938,0.156
43,ec.gp.GPIndividual@207473888{-1097407895},3C_20_66-01.txt,7.322,0.250,1.831,1,1.969,107.55,1.969,7.938,0.156
43,ec.gp.GPIndividual@207473888{-1097407895},3C_20_80-02.txt,35.738,0.250,8.935,3,6.375,71.35,2.125,7.938,0.156
43,ec.gp.GPIndividual@207473888{-1097407895},3C_20_66-03.txt,118.340,0.250,29.585,1,5.359,18.12,5.359,7.938,0.156
43,ec.gp.GPIndividual@207473888{-1097407895},3C_20_66-03.txt,118.340,0.250,29.585,2,8.750,29.58,4.375,7.938,0.156
43,ec.gp.GPIndividual@207473888{-1097407895},3C_20_66-02.txt,154.245,0.250,38.561,1,1.203,3.12,1.203,7.938,0.156
43,ec.gp.GPIndividual@207473888{-1097407895},3C_20_80-02.txt,35.738,0.250,8.935,3,5.797,64.88,1.932,7.938,0.156
43,ec.gp.GPIndividual@207473888{-1097407895},3C_20_80-03.txt,169.439,0.250,42.360,3,5.234,12.36,1.745,7.938,0.156
43,ec.gp.GPIndividual@207473888{-1097407895},3C_20_66-03.txt,118.340,0.250,29.585,5,21.625,73.09,4.325,7.938,0.156
43,ec.gp.GPIndividual@1380693178{-586536300},3C_20_50-02.txt,61.404,0.250,15.351,1,8.875,57.81,8.875,8.875,8.875
43,ec.gp.GPIndividual@1380693178{-586536300},3C_20_66-01.txt,7.322,0.250,1.831,1,3.625,198.03,3.625,8.875,3.625
43,ec.gp.GPIndividual@1380693178{-586536300},3C_20_80-01.txt,4.194,0.250,1.049,3,1.328,126.65,0.443,8.875,0.344
43,ec.gp.GPIndividual@1380693178{-586536300},3C_20_50-03.txt,30.993,0.250,7.748,4,10.563,136.32,2.641,8.875,0.156
43,ec.gp.GPIndividual@1380693178{-586536300},3C_20_80-01.txt,4.194,0.250,1.049,3,1.703,162.42,0.568,8.875,0.156
43,ec.gp.GPIndividual@1380693178{-586536300},3C_20_66-02.txt,154.245,0.250,38.561,1,1.188,3.08,1.188,8.875,0.156
43,ec.gp.GPIndividual@1380693178{-586536300},3C_20_80-02.txt,35.738,0.250,8.935,1,1.484,16.61,1.484,8.875,0.156
43,ec.gp.GPIndividual@1380693178{-586536300},3C_20_80-01.txt,4.194,0.250,1.049,3,2.047,195.20,0.682,8.875,0.156
43,ec.gp.GPIndividual@1380693178{-586536300},3C_20_80-02.txt,35.738,0.250,8.935,1,5.703,63.83,5.703,8.875,0.156
43,ec.gp.GPIndividual@1380693178{-586536300},3C_20_80-03.txt,169.439,0.250,42.360,5,10.594,25.01,2.119,8.875,0.156
43,ec.gp.GPIndividual@1380693178{-586536300},3C_20_80-03.txt,169.439,0.250,42.360,2,2.656,6.27,1.328,8.875,0.156
43,ec.gp.GPIndividual@1380693178{-586536300},3C_20_80-02.txt,35.738,0.250,8.935,5,10.797,120.84,2.159,8.875,0.156
43,ec.gp.GPIndividual@1380693178{-586536300},3C_20_66-01.txt,7.322,0.250,1.831,2,1.609,87.92,0.805,8.875,0.156
43,ec.gp.GPIndividual@1380693178{-586536300},3C_20_80-03.txt,169.439,0.250,42.360,1,1.016,2.40,1.016,8.875,0.156
43,ec.gp.GPIndividual@1380693178{-586536300},3C_20_80-03.txt,169.439,0.250,42.360,7,18.984,44.82,2.712,8.875,0.156
43,ec.gp.GPIndividual@1935148645{783169767},3C_20_50-02.txt,61.404,0.250,15.351,6,17.656,115.02,2.943,6.281,0.344
43,ec.gp.GPIndividual@1886916088{833360864},3C_20_50-02.txt,61.404,0.250,15.351,3,4.766,31.04,1.589,2.656,0.344
43,ec.gp.GPIndividual@1900024529{2048346128},3C_20_50-02.txt,61.404,0.250,15.351,0,0.000,0.00,0.000,0.000,0.000
43,ec.gp.GPIndividual@1900024529{2048346128},3C_20_50-03.txt,30.993,0.250,7.748,0,0.000,0.00,0.000,0.000,0.000
43,ec.gp.GPIndividual@1900024529{2048346128},3C_20_66-01.txt,7.322,0.250,1.831,0,0.000,0.00,0.000,0.000,0.000
43,ec.gp.GPIndividual@1900024529{2048346128},3C_20_66-02.txt,154.245,0.250,38.561,0,0.000,0.00,0.000,0.000,0.000
43,ec.gp.GPIndividual@1900024529{2048346128},3C_20_66-03.txt,118.340,0.250,29.585,0,0.000,0.00,0.000,0.000,0.000
43,ec.gp.GPIndividual@1900024529{2048346128},3C_20_80-01.txt,4.194,0.250,1.049,0,0.000,0.00,0.000,0.000,0.000
43,ec.gp.GPIndividual@1900024529{2048346128},3C_20_80-02.txt,35.738,0.250,8.935,0,0.000,0.00,0.000,0.000,0.000
43,ec.gp.GPIndividual@1900024529{2048346128},3C_20_80-03.txt,169.439,0.250,42.360,0,0.000,0.00,0.000,0.000,0.000
43,ec.gp.GPIndividual@1316862710{-824017799},3C_20_50-02.txt,61.404,0.250,15.351,7,14.578,94.96,2.083,4.281,0.516
43,ec.gp.GPIndividual@1316862710{-824017799},3C_20_50-03.txt,30.993,0.250,7.748,1,1.625,20.97,1.625,4.281,0.516
43,ec.gp.GPIndividual@1316862710{-824017799},3C_20_50-03.txt,30.993,0.250,7.748,1,2.313,29.85,2.313,4.281,0.516
43,ec.gp.GPIndividual@1316862710{-824017799},3C_20_50-03.txt,30.993,0.250,7.748,2,3.578,46.18,1.789,4.281,0.000
43,ec.gp.GPIndividual@1316862710{-824017799},3C_20_66-02.txt,154.245,0.250,38.561,1,13.484,34.97,13.484,13.484,0.000
43,ec.gp.GPIndividual@156461384{-435071813},3C_20_50-02.txt,61.404,0.250,15.351,3,16.531,107.69,5.510,9.781,0.313
43,ec.gp.GPIndividual@156461384{-435071813},3C_20_66-03.txt,118.340,0.250,29.585,1,10.047,33.96,10.047,10.047,0.313
43,ec.gp.GPIndividual@156461384{-435071813},3C_20_80-01.txt,4.194,0.250,1.049,2,1.766,168.38,0.883,10.047,0.313
43,ec.gp.GPIndividual@156461384{-435071813},3C_20_50-03.txt,30.993,0.250,7.748,2,5.094,65.74,2.547,10.047,0.266
43,ec.gp.GPIndividual@348109746{847913350},3C_20_50-02.txt,61.404,0.250,15.351,3,3.484,22.70,1.161,2.156,0.297
43,ec.gp.GPIndividual@348109746{847913350},3C_20_66-02.txt,154.245,0.250,38.561,2,2.703,7.01,1.352,2.156,0.297
43,ec.gp.GPIndividual@348109746{847913350},3C_20_80-02.txt,35.738,0.250,8.935,5,13.344,149.35,2.669,4.859,0.297
43,ec.gp.GPIndividual@348109746{847913350},3C_20_80-01.txt,4.194,0.250,1.049,1,1.078,102.81,1.078,4.859,0.297
43,ec.gp.GPIndividual@348109746{847913350},3C_20_66-03.txt,118.340,0.250,29.585,7,8.141,27.52,1.163,4.859,0.234
43,ec.gp.GPIndividual@348109746{847913350},3C_20_50-03.txt,30.993,0.250,7.748,4,8.438,108.90,2.109,4.859,0.234
43,ec.gp.GPIndividual@348109746{847913350},3C_20_80-01.txt,4.194,0.250,1.049,2,3.094,295.03,1.547,4.859,0.234
43,ec.gp.GPIndividual@348109746{847913350},3C_20_80-02.txt,35.738,0.250,8.935,3,5.188,58.06,1.729,4.859,0.234
43,ec.gp.GPIndividual@348109746{847913350},3C_20_80-03.txt,169.439,0.250,42.360,1,1.047,2.47,1.047,4.859,0.234
43,ec.gp.GPIndividual@348109746{847913350},3C_20_80-02.txt,35.738,0.250,8.935,1,5.531,61.91,5.531,5.531,0.234
43,ec.gp.GPIndividual@348109746{847913350},3C_20_66-01.txt,7.322,0.250,1.831,2,1.875,102.43,0.938,5.531,0.156
43,ec.gp.GPIndividual@348109746{847913350},3C_20_80-03.txt,169.439,0.250,42.360,10,17.828,42.09,1.783,5.531,0.156
43,ec.gp.GPIndividual@348109746{847913350},3C_20_66-01.txt,7.322,0.250,1.831,2,2.125,116.09,1.063,5.531,0.156
43,ec.gp.GPIndividual@348109746{847913350},3C_20_66-02.txt,154.245,0.250,38.561,1,0.281,0.73,0.281,5.531,0.156
43,ec.gp.GPIndividual@348109746{847913350},3C_20_80-03.txt,169.439,0.250,42.360,13,32.938,77.76,2.534,11.188,0.156
43,ec.gp.GPIndividual@195377076{314226133},3C_20_50-02.txt,61.404,0.250,15.351,0,0.000,0.00,0.000,0.000,0.000
43,ec.gp.GPIndividual@195377076{314226133},3C_20_50-03.txt,30.993,0.250,7.748,0,0.000,0.00,0.000,0.000,0.000
43,ec.gp.GPIndividual@195377076{314226133},3C_20_66-01.txt,7.322,0.250,1.831,0,0.000,0.00,0.000,0.000,0.000
43,ec.gp.GPIndividual@195377076{314226133},3C_20_66-02.txt,154.245,0.250,38.561,0,0.000,0.00,0.000,0.000,0.000
43,ec.gp.GPIndividual@195377076{314226133},3C_20_66-03.txt,118.340,0.250,29.585,0,0.000,0.00,0.000,0.000,0.000
43,ec.gp.GPIndividual@195377076{314226133},3C_20_80-01.txt,4.194,0.250,1.049,0,0.000,0.00,0.000,0.000,0.000
43,ec.gp.GPIndividual@195377076{314226133},3C_20_80-02.txt,35.738,0.250,8.935,0,0.000,0.00,0.000,0.000,0.000
43,ec.gp.GPIndividual@195377076{314226133},3C_20_80-03.txt,169.439,0.250,42.360,0,0.000,0.00,0.000,0.000,0.000
43,ec.gp.GPIndividual@490204706{-341140997},3C_20_50-02.txt,61.404,0.250,15.351,0,0.000,0.00,0.000,0.000,0.000
43,ec.gp.GPIndividual@490204706{-341140997},3C_20_50-03.txt,30.993,0.250,7.748,0,0.000,0.00,0.000,0.000,0.000
43,ec.gp.GPIndividual@490204706{-341140997},3C_20_66-01.txt,7.322,0.250,1.831,0,0.000,0.00,0.000,0.000,0.000
43,ec.gp.GPIndividual@490204706{-341140997},3C_20_66-02.txt,154.245,0.250,38.561,0,0.000,0.00,0.000,0.000,0.000
43,ec.gp.GPIndividual@490204706{-341140997},3C_20_66-03.txt,118.340,0.250,29.585,0,0.000,0.00,0.000,0.000,0.000
43,ec.gp.GPIndividual@490204706{-341140997},3C_20_80-01.txt,4.194,0.250,1.049,0,0.000,0.00,0.000,0.000,0.000
43,ec.gp.GPIndividual@490204706{-341140997},3C_20_80-02.txt,35.738,0.250,8.935,0,0.000,0.00,0.000,0.000,0.000
43,ec.gp.GPIndividual@490204706{-341140997},3C_20_80-03.txt,169.439,0.250,42.360,0,0.000,0.00,0.000,0.000,0.000
43,ec.gp.GPIndividual@50444466{33193330},3C_20_50-02.txt,61.404,0.250,15.351,3,11.375,74.10,3.792,9.391,0.438
43,ec.gp.GPIndividual@608397522{480158035},3C_20_50-02.txt,61.404,0.250,15.351,1,2.141,13.94,2.141,2.141,2.141
43,ec.gp.GPIndividual@608397522{480158035},3C_20_50-03.txt,30.993,0.250,7.748,1,0.406,5.24,0.406,2.141,0.406
43,ec.gp.GPIndividual@608397522{480158035},3C_20_50-03.txt,30.993,0.250,7.748,2,23.047,297.45,11.523,14.766,0.406
43,ec.gp.GPIndividual@1398537126{-360844874},3C_20_50-02.txt,61.404,0.250,15.351,0,0.000,0.00,0.000,0.000,0.000
43,ec.gp.GPIndividual@1398537126{-360844874},3C_20_66-03.txt,118.340,0.250,29.585,3,12.891,43.57,4.297,11.266,0.281
43,ec.gp.GPIndividual@1398537126{-360844874},3C_20_50-03.txt,30.993,0.250,7.748,2,6.250,80.66,3.125,11.266,0.281
43,ec.gp.GPIndividual@1398537126{-360844874},3C_20_66-01.txt,7.322,0.250,1.831,1,0.750,40.97,0.750,11.266,0.281
43,ec.gp.GPIndividual@1398537126{-360844874},3C_20_66-02.txt,154.245,0.250,38.561,2,1.953,5.06,0.977,11.266,0.000
43,ec.gp.GPIndividual@1398537126{-360844874},3C_20_66-01.txt,7.322,0.250,1.831,1,4.781,261.19,4.781,11.266,0.000
43,ec.gp.GPIndividual@1398537126{-360844874},3C_20_80-01.txt,4.194,0.250,1.049,1,3.156,300.99,3.156,11.266,0.000
43,ec.gp.GPIndividual@1398537126{-360844874},3C_20_66-01.txt,7.322,0.250,1.831,2,1.266,69.14,0.633,11.266,0.000
43,ec.gp.GPIndividual@1398537126{-360844874},3C_20_66-02.txt,154.245,0.250,38.561,1,1.734,4.50,1.734,11.266,0.000
43,ec.gp.GPIndividual@1398537126{-360844874},3C_20_66-03.txt,118.340,0.250,29.585,1,0.703,2.38,0.703,11.266,0.000
43,ec.gp.GPIndividual@1398537126{-360844874},3C_20_66-02.txt,154.245,0.250,38.561,2,1.438,3.73,0.719,11.266,0.000
43,ec.gp.GPIndividual@1398537126{-360844874},3C_20_80-02.txt,35.738,0.250,8.935,3,11.156,124.87,3.719,11.266,0.000
43,ec.gp.GPIndividual@1398537126{-360844874},3C_20_66-02.txt,154.245,0.250,38.561,3,3.969,10.29,1.323,11.266,0.000
43,ec.gp.GPIndividual@1398537126{-360844874},3C_20_66-03.txt,118.340,0.250,29.585,1,1.125,3.80,1.125,11.266,0.000
43,ec.gp.GPIndividual@1398537126{-360844874},3C_20_66-03.txt,118.340,0.250,29.585,3,7.453,25.19,2.484,11.266,0.000
43,ec.gp.GPIndividual@1398537126{-360844874},3C_20_80-01.txt,4.194,0.250,1.049,1,0.438,41.72,0.438,11.266,0.000
43,ec.gp.GPIndividual@1398537126{-360844874},3C_20_80-02.txt,35.738,0.250,8.935,4,5.172,57.89,1.293,11.266,0.000
43,ec.gp.GPIndividual@1398537126{-360844874},3C_20_80-03.txt,169.439,0.250,42.360,3,7.500,17.71,2.500,11.266,0.000
43,ec.gp.GPIndividual@1398537126{-360844874},3C_20_80-01.txt,4.194,0.250,1.049,1,1.313,125.16,1.313,11.266,0.000
43,ec.gp.GPIndividual@1398537126{-360844874},3C_20_66-03.txt,118.340,0.250,29.585,2,5.219,17.64,2.609,11.266,0.000
43,ec.gp.GPIndividual@1398537126{-360844874},3C_20_80-01.txt,4.194,0.250,1.049,2,1.313,125.16,0.656,11.266,0.000
43,ec.gp.GPIndividual@1398537126{-360844874},3C_20_80-02.txt,35.738,0.250,8.935,2,0.281,3.15,0.141,11.266,0.000
43,ec.gp.GPIndividual@1398537126{-360844874},3C_20_80-02.txt,35.738,0.250,8.935,1,1.828,20.46,1.828,11.266,0.000
43,ec.gp.GPIndividual@1398537126{-360844874},3C_20_80-03.txt,169.439,0.250,42.360,1,1.688,3.98,1.688,11.266,0.000
43,ec.gp.GPIndividual@1398537126{-360844874},3C_20_80-03.txt,169.439,0.250,42.360,1,4.547,10.73,4.547,11.266,0.000
43,ec.gp.GPIndividual@177075832{-117361038},3C_20_50-02.txt,61.404,0.250,15.351,0,0.000,0.00,0.000,0.000,0.000
43,ec.gp.GPIndividual@177075832{-117361038},3C_20_50-03.txt,30.993,0.250,7.748,0,0.000,0.00,0.000,0.000,0.000
43,ec.gp.GPIndividual@177075832{-117361038},3C_20_66-01.txt,7.322,0.250,1.831,0,0.000,0.00,0.000,0.000,0.000
43,ec.gp.GPIndividual@177075832{-117361038},3C_20_66-02.txt,154.245,0.250,38.561,0,0.000,0.00,0.000,0.000,0.000
43,ec.gp.GPIndividual@177075832{-117361038},3C_20_66-03.txt,118.340,0.250,29.585,0,0.000,0.00,0.000,0.000,0.000
43,ec.gp.GPIndividual@177075832{-117361038},3C_20_80-01.txt,4.194,0.250,1.049,0,0.000,0.00,0.000,0.000,0.000
43,ec.gp.GPIndividual@177075832{-117361038},3C_20_80-02.txt,35.738,0.250,8.935,0,0.000,0.00,0.000,0.000,0.000
43,ec.gp.GPIndividual@177075832{-117361038},3C_20_80-03.txt,169.439,0.250,42.360,0,0.000,0.00,0.000,0.000,0.000
43,ec.gp.GPIndividual@1163526855{1760551323},3C_20_50-02.txt,61.404,0.250,15.351,2,5.625,36.64,2.813,3.625,2.000
43,ec.gp.GPIndividual@216019468{-1685236876},3C_20_50-02.txt,61.404,0.250,15.351,10,14.766,96.19,1.477,5.406,0.297
43,ec.gp.GPIndividual@216019468{-1685236876},3C_20_80-01.txt,4.194,0.250,1.049,3,0.953,90.89,0.318,5.406,0.234
43,ec.gp.GPIndividual@216019468{-1685236876},3C_20_80-02.txt,35.738,0.250,8.935,1,2.625,29.38,2.625,5.406,0.234
43,ec.gp.GPIndividual@216019468{-1685236876},3C_20_50-03.txt,30.993,0.250,7.748,1,3.344,43.16,3.344,5.406,0.234
43,ec.gp.GPIndividual@216019468{-1685236876},3C_20_50-03.txt,30.993,0.250,7.748,3,18.031,232.72,6.010,15.984,0.234
43,ec.gp.GPIndividual@216019468{-1685236876},3C_20_80-03.txt,169.439,0.250,42.360,11,34.734,82.00,3.158,15.984,0.234
43,ec.gp.GPIndividual@216019468{-1685236876},3C_20_66-01.txt,7.322,0.250,1.831,1,12.625,689.68,12.625,15.984,0.234
43,ec.gp.GPIndividual@1730133276{-296548808},3C_20_50-02.txt,61.404,0.250,15.351,0,0.000,0.00,0.000,0.000,0.000
43,ec.gp.GPIndividual@1730133276{-296548808},3C_20_50-03.txt,30.993,0.250,7.748,0,0.000,0.00,0.000,0.000,0.000
43,ec.gp.GPIndividual@1730133276{-296548808},3C_20_66-01.txt,7.322,0.250,1.831,0,0.000,0.00,0.000,0.000,0.000
43,ec.gp.GPIndividual@1730133276{-296548808},3C_20_66-02.txt,154.245,0.250,38.561,0,0.000,0.00,0.000,0.000,0.000
43,ec.gp.GPIndividual@1730133276{-296548808},3C_20_66-03.txt,118.340,0.250,29.585,0,0.000,0.00,0.000,0.000,0.000
43,ec.gp.GPIndividual@1730133276{-296548808},3C_20_80-01.txt,4.194,0.250,1.049,0,0.000,0.00,0.000,0.000,0.000
43,ec.gp.GPIndividual@1730133276{-296548808},3C_20_80-02.txt,35.738,0.250,8.935,0,0.000,0.00,0.000,0.000,0.000
43,ec.gp.GPIndividual@1730133276{-296548808},3C_20_80-03.txt,169.439,0.250,42.360,0,0.000,0.00,0.000,0.000,0.000
44,ec.gp.GPIndividual@786087091{1977509499},3C_20_50-02.txt,61.404,0.250,15.351,0,0.000,0.00,0.000,0.000,0.000
44,ec.gp.GPIndividual@786087091{1977509499},3C_20_50-03.txt,30.993,0.250,7.748,0,0.000,0.00,0.000,0.000,0.000
44,ec.gp.GPIndividual@786087091{1977509499},3C_20_66-01.txt,7.322,0.250,1.831,0,0.000,0.00,0.000,0.000,0.000
44,ec.gp.GPIndividual@786087091{1977509499},3C_20_66-02.txt,154.245,0.250,38.561,0,0.000,0.00,0.000,0.000,0.000
44,ec.gp.GPIndividual@786087091{1977509499},3C_20_66-03.txt,118.340,0.250,29.585,0,0.000,0.00,0.000,0.000,0.000
44,ec.gp.GPIndividual@786087091{1977509499},3C_20_80-01.txt,4.194,0.250,1.049,0,0.000,0.00,0.000,0.000,0.000
44,ec.gp.GPIndividual@786087091{1977509499},3C_20_80-02.txt,35.738,0.250,8.935,0,0.000,0.00,0.000,0.000,0.000
44,ec.gp.GPIndividual@786087091{1977509499},3C_20_80-03.txt,169.439,0.250,42.360,0,0.000,0.00,0.000,0.000,0.000
44,ec.gp.GPIndividual@1553710591{2020865990},3C_20_50-02.txt,61.404,0.250,15.351,12,13.609,88.65,1.134,2.000,0.359
44,ec.gp.GPIndividual@1553710591{2020865990},3C_20_50-03.txt,30.993,0.250,7.748,4,8.922,115.15,2.230,2.469,0.359
44,ec.gp.GPIndividual@1553710591{2020865990},3C_20_50-03.txt,30.993,0.250,7.748,4,7.016,90.55,1.754,3.188,0.359
44,ec.gp.GPIndividual@1553710591{2020865990},3C_20_66-01.txt,7.322,0.250,1.831,1,1.563,85.36,1.563,3.188,0.359
44,ec.gp.GPIndividual@1553710591{2020865990},3C_20_50-03.txt,30.993,0.250,7.748,1,2.453,31.66,2.453,3.188,0.359
44,ec.gp.GPIndividual@1553710591{2020865990},3C_20_50-03.txt,30.993,0.250,7.748,2,2.063,26.62,1.031,3.188,0.000
44,ec.gp.GPIndividual@1553710591{2020865990},3C_20_50-03.txt,30.993,0.250,7.748,3,2.688,34.69,0.896,3.188,0.000
44,ec.gp.GPIndividual@1553710591{2020865990},3C_20_50-03.txt,30.993,0.250,7.748,2,4.500,58.08,2.250,3.281,0.000
44,ec.gp.GPIndividual@1553710591{2020865990},3C_20_66-02.txt,154.245,0.250,38.561,7,18.281,47.41,2.612,3.281,0.000
44,ec.gp.GPIndividual@1553710591{2020865990},3C_20_66-03.txt,118.340,0.250,29.585,3,13.672,46.21,4.557,4.859,0.000
44,ec.gp.GPIndividual@1553710591{2020865990},3C_20_66-01.txt,7.322,0.250,1.831,1,4.375,239.00,4.375,4.859,0.000
44,ec.gp.GPIndividual@1553710591{2020865990},3C_20_66-01.txt,7.322,0.250,1.831,1,4.172,227.90,4.172,4.859,0.000
44,ec.gp.GPIndividual@1553710591{2020865990},3C_20_66-01.txt,7.322,0.250,1.831,3,1.922,104.99,0.641,4.859,0.000
44,ec.gp.GPIndividual@1553710591{2020865990},3C_20_66-02.txt,154.245,0.250,38.561,3,1.359,3.53,0.453,4.859,0.000
44,ec.gp.GPIndividual@1553710591{2020865990},3C_20_66-02.txt,154.245,0.250,38.561,5,13.766,35.70,2.753,6.031,0.000
44,ec.gp.GPIndividual@1553710591{2020865990},3C_20_80-01.txt,4.194,0.250,1.049,2,0.875,83.44,0.438,6.031,0.000
44,ec.gp.GPIndividual@1553710591{2020865990},3C_20_80-02.txt,35.738,0.250,8.935,4,10.984,122.94,2.746,6.891,0.000
44,ec.gp.GPIndividual@1553710591{2020865990},3C_20_66-01.txt,7.322,0.250,1.831,3,3.375,184.37,1.125,6.891,0.000
44,ec.gp.GPIndividual@1553710591{2020865990},3C_20_66-03.txt,118.340,0.250,29.585,2,1.375,4.65,0.688,6.891,0.000
44,ec.gp.GPIndividual@1553710591{2020865990},3C_20_66-03.txt,118.340,0.250,29.585,2,8.984,30.37,4.492,6.891,0.000
44,ec.gp.GPIndividual@1553710591{2020865990},3C_20_80-03.txt,169.439,0.250,42.360,7,18.813,44.41,2.688,6.891,0.000
44,ec.gp.GPIndividual@356530914{1051911184},3C_20_50-02.txt,61.404,0.250,15.351,4,17.969,117.05,4.492,9.281,0.469
44,ec.gp.GPIndividual@356530914{1051911184},3C_20_66-01.txt,7.322,0.250,1.831,1,3.391,185.22,3.391,9.281,0.469
44,ec.gp.GPIndividual@356530914{1051911184},3C_20_80-01.txt,4.194,0.250,1.049,1,3.438,327.81,3.438,9.281,0.469
44,ec.gp.GPIndividual@356530914{1051911184},3C_20_80-01.txt,4.194,0.250,1.049,3,1.484,141.55,0.495,9.281,0.172
44,ec.gp.GPIndividual@356530914{1051911184},3C_20_80-02.txt,35.738,0.250,8.935,2,0.625,7.00,0.313,9.281,0.141
44,ec.gp.GPIndividual@356530914{1051911184},3C_20_66-02.txt,154.245,0.250,38.561,15,37.828,98.10,2.522,11.484,0.141
44,ec.gp.GPIndividual@356530914{1051911184},3C_20_66-03.txt,118.340,0.250,29.585,3,8.063,27.25,2.688,11.484,0.141
44,ec.gp.GPIndividual@356530914{1051911184},3C_20_50-03.txt,30.993,0.250,7.748,1,13.938,179.88,13.938,13.938,0.141
44,ec.gp.GPIndividual@356530914{1051911184},3C_20_66-02.txt,154.245,0.250,38.561,12,40.156,104.14,3.346,13.938,0.141
44,ec.gp.GPIndividual@356530914{1051911184},3C_20_66-02.txt,154.245,0.250,38.561,12,40.156,104.14,3.346,13.938,0.141
44,ec.gp.GPIndividual@356530914{1051911184},3C_20_80-01.txt,4.194,0.250,1.049,3,1.156,110.26,0.385,13.938,0.141
44,ec.gp.GPIndividual@356530914{1051911184},3C_20_80-02.txt,35.738,0.250,8.935,3,12.875,144.10,4.292,13.938,0.141
44,ec.gp.GPIndividual@356530914{1051911184},3C_20_80-03.txt,169.439,0.250,42.360,3,19.734,46.59,6.578,13.938,0.141
44,ec.gp.GPIndividual@356530914{1051911184},3C_20_66-02.txt,154.245,0.250,38.561,2,2.922,7.58,1.461,13.938,0.000
44,ec.gp.GPIndividual@356530914{1051911184},3C_20_66-01.txt,7.322,0.250,1.831,2,4.844,264.61,2.422,13.938,0.000
44,ec.gp.GPIndividual@356530914{1051911184},3C_20_80-01.txt,4.194,0.250,1.049,1,0.297,28.31,0.297,13.938,0.000
44,ec.gp.GPIndividual@356530914{1051911184},3C_20_80-03.txt,169.439,0.250,42.360,19,41.469,97.90,2.183,13.938,0.000
44,ec.gp.GPIndividual@356530914{1051911184},3C_20_66-03.txt,118.340,0.250,29.585,1,14.188,47.96,14.188,14.188,0.000
44,ec.gp.GPIndividual@356530914{1051911184},3C_20_80-02.txt,35.738,0.250,8.935,1,6.391,71.53,6.391,14.188,0.000
44,ec.gp.GPIndividual@60827345{100959829},3C_20_50-02.txt,61.404,0.250,15.351,2,2.281,14.86,1.141,1.766,0.516
44,ec.gp.GPIndividual@60827345{100959829},3C_20_80-02.txt,35.738,0.250,8.935,1,10.516,117.70,10.516,10.516,0.516
44,ec.gp.GPIndividual@2131887760{711540362},3C_20_50-02.txt,61.404,0.250,15.351,6,15.406,100.36,2.568,8.656,0.172
44,ec.gp.GPIndividual@2131887760{711540362},3C_20_80-03.txt,169.439,0.250,42.360,1,1.063,2.51,1.063,8.656,0.172
44,ec.gp.GPIndividual@2131887760{711540362},3C_20_50-03.txt,30.993,0.250,7.748,4,5.688,73.40,1.422,8.656,0.000
44,ec.gp.GPIndividual@2131887760{711540362},3C_20_66-02.txt,154.245,0.250,38.561,3,9.406,24.39,3.135,8.656,0.000
44,ec.gp.GPIndividual@2131887760{711540362},3C_20_50-03.txt,30.993,0.250,7.748,6,7.531,97.20,1.255,8.656,0.000
44,ec.gp.GPIndividual@2131887760{711540362},3C_20_66-03.txt,118.340,0.250,29.585,1,1.422,4.81,1.422,8.656,0.000
44,ec.gp.GPIndividual@2131887760{711540362},3C_20_66-01.txt,7.322,0.250,1.831,2,1.906,104.14,0.953,8.656,0.000
44,ec.gp.GPIndividual@2131887760{711540362},3C_20_80-03.txt,169.439,0.250,42.360,12,37.922,89.52,3.160,8.656,0.000
44,ec.gp.GPIndividual@2131887760{711540362},3C_20_66-02.txt,154.245,0.250,38.561,6,32.375,83.96,5.396,13.516,0.000
44,ec.gp.GPIndividual@2131887760{711540362},3C_20_80-01.txt,4.194,0.250,1.049,3,2.328,222.02,0.776,13.516,0.000
44,ec.gp.GPIndividual@2131887760{711540362},3C_20_66-03.txt,118.340,0.250,29.585,5,17.781,60.10,3.556,14.891,0.000
44,ec.gp.GPIndividual@2131887760{711540362},3C_20_80-02.txt,35.738,0.250,8.935,2,8.266,92.51,4.133,14.891,0.000
44,ec.gp.GPIndividual@1538403392{781213232},3C_20_50-02.txt,61.404,0.250,15.351,2,14.844,96.70,7.422,8.469,6.375
44,ec.gp.GPIndividual@1538403392{781213232},3C_20_66-01.txt,7.322,0.250,1.831,3,1.875,102.43,0.625,8.469,0.141
44,ec.gp.GPIndividual@1538403392{781213232},3C_20_80-03.txt,169.439,0.250,42.360,2,13.313,31.43,6.656,12.641,0.141
44,ec.gp.GPIndividual@1535986004{-435071813},3C_20_50-02.txt,61.404,0.250,15.351,4,16.250,105.86,4.063,14.016,0.516
44,ec.gp.GPIndividual@1535986004{-435071813},3C_20_80-01.txt,4.194,0.250,1.049,2,2.281,217.55,1.141,14.016,0.516
44,ec.gp.GPIndividual@1535986004{-435071813},3C_20_50-03.txt,30.993,0.250,7.748,5,7.234,93.37,1.447,14.016,0.328
44,ec.gp.GPIndividual@1535986004{-435071813},3C_20_80-01.txt,4.194,0.250,1.049,1,1.203,114.73,1.203,14.016,0.328
44,ec.gp.GPIndividual@1535986004{-435071813},3C_20_80-02.txt,35.738,0.250,8.935,7,14.516,162.47,2.074,14.016,0.125
44,ec.gp.GPIndividual@1535986004{-435071813},3C_20_80-02.txt,35.738,0.250,8.935,0,0.000,0.00,0.000,14.016,0.125
44,ec.gp.GPIndividual@205390260{-562851571},3C_20_50-02.txt,61.404,0.250,15.351,5,6.125,39.90,1.225,2.172,0.266
44,ec.gp.GPIndividual@205390260{-562851571},3C_20_50-03.txt,30.993,0.250,7.748,5,7.984,103.05,1.597,2.172,0.266
44,ec.gp.GPIndividual@205390260{-562851571},3C_20_80-03.txt,169.439,0.250,42.360,1,1.266,2.99,1.266,2.172,0.266
44,ec.gp.GPIndividual@205390260{-562851571},3C_20_50-03.txt,30.993,0.250,7.748,1,0.531,6.86,0.531,2.172,0.266
44,ec.gp.GPIndividual@205390260{-562851571},3C_20_80-03.txt,169.439,0.250,42.360,3,13.516,31.91,4.505,5.750,0.266
44,ec.gp.GPIndividual@205390260{-562851571},3C_20_66-02.txt,154.245,0.250,38.561,7,29.969,77.72,4.281,6.219,0.266
44,ec.gp.GPIndividual@205390260{-562851571},3C_20_66-01.txt,7.322,0.250,1.831,2,1.609,87.92,0.805,6.219,0.156
44,ec.gp.GPIndividual@205390260{-562851571},3C_20_66-03.txt,118.340,0.250,29.585,5,14.672,49.59,2.934,6.516,0.156
44,ec.gp.GPIndividual@1498475564{-154972505},3C_20_50-02.txt,61.404,0.250,15.351,4,15.469,100.77,3.867,7.063,0.469
44,ec.gp.GPIndividual@1498475564{-154972505},3C_20_80-01.txt,4.194,0.250,1.049,1,1.281,122.18,1.281,7.063,0.469
44,ec.gp.GPIndividual@1498475564{-154972505},3C_20_66-02.txt,154.245,0.250,38.561,2,9.422,24.43,4.711,8.938,0.469
44,ec.gp.GPIndividual@1672297762{1544833491},3C_20_50-02.txt,61.404,0.250,15.351,0,0.000,0.00,0.000,0.000,0.000
44,ec.gp.GPIndividual@1672297762{1544833491},3C_20_50-03.txt,30.993,0.250,7.748,0,0.000,0.00,0.000,0.000,0.000
44,ec.gp.GPIndividual@1672297762{1544833491},3C_20_66-01.txt,7.322,0.250,1.831,0,0.000,0.00,0.000,0.000,0.000
44,ec.gp.GPIndividual@1672297762{1544833491},3C_20_66-02.txt,154.245,0.250,38.561,0,0.000,0.00,0.000,0.000,0.000
44,ec.gp.GPIndividual@1672297762{1544833491},3C_20_66-03.txt,118.340,0.250,29.585,0,0.000,0.00,0.000,0.000,0.000
44,ec.gp.GPIndividual@1672297762{1544833491},3C_20_80-01.txt,4.194,0.250,1.049,0,0.000,0.00,0.000,0.000,0.000
44,ec.gp.GPIndividual@1672297762{1544833491},3C_20_80-02.txt,35.738,0.250,8.935,0,0.000,0.00,0.000,0.000,0.000
44,ec.gp.GPIndividual@1672297762{1544833491},3C_20_80-03.txt,169.439,0.250,42.360,0,0.000,0.00,0.000,0.000,0.000
44,ec.gp.GPIndividual@1667366216{-1292250137},3C_20_50-02.txt,61.404,0.250,15.351,5,14.234,92.73,2.847,7.172,0.469
44,ec.gp.GPIndividual@1667366216{-1292250137},3C_20_66-01.txt,7.322,0.250,1.831,1,2.406,131.45,2.406,7.172,0.469
44,ec.gp.GPIndividual@1667366216{-1292250137},3C_20_66-03.txt,118.340,0.250,29.585,5,9.641,32.59,1.928,7.172,0.469
44,ec.gp.GPIndividual@1667366216{-1292250137},3C_20_66-01.txt,7.322,0.250,1.831,2,1.375,75.11,0.688,7.172,0.469
44,ec.gp.GPIndividual@1667366216{-1292250137},3C_20_66-02.txt,154.245,0.250,38.561,17,37.500,97.25,2.206,7.172,0.469
44,ec.gp.GPIndividual@1667366216{-1292250137},3C_20_66-03.txt,118.340,0.250,29.585,1,3.797,12.83,3.797,7.172,0.469
44,ec.gp.GPIndividual@1667366216{-1292250137},3C_20_80-01.txt,4.194,0.250,1.049,1,2.703,257.78,2.703,7.172,0.469
44,ec.gp.GPIndividual@1667366216{-1292250137},3C_20_66-02.txt,154.245,0.250,38.561,1,1.578,4.09,1.578,7.172,0.469
44,ec.gp.GPIndividual@1667366216{-1292250137},3C_20_80-02.txt,35.738,0.250,8.935,5,13.813,154.60,2.763,7.328,0.469
44,ec.gp.GPIndividual@1667366216{-1292250137},3C_20_50-03.txt,30.993,0.250,7.748,2,2.844,36.70,1.422,7.328,0.469
44,ec.gp.GPIndividual@1667366216{-1292250137},3C_20_66-03.txt,118.340,0.250,29.585,4,11.453,38.71,2.863,7.328,0.469
44,ec.gp.GPIndividual@1667366216{-1292250137},3C_20_80-02.txt,35.738,0.250,8.935,1,12.625,141.31,12.625,12.625,0.469
44,ec.gp.GPIndividual@1667366216{-1292250137},3C_20_50-03.txt,30.993,0.250,7.748,3,5.891,76.03,1.964,12.625,0.469
44,ec.gp.GPIndividual@1667366216{-1292250137},3C_20_80-03.txt,169.439,0.250,42.360,13,42.453,100.22,3.266,12.625,0.469
44,ec.gp.GPIndividual@379146475{1080364969},3C_20_50-02.txt,61.404,0.250,15.351,0,0.000,0.00,0.000,0.000,0.000
44,ec.gp.GPIndividual@379146475{1080364969},3C_20_50-03.txt,30.993,0.250,7.748,0,0.000,0.00,0.000,0.000,0.000
44,ec.gp.GPIndividual@379146475{1080364969},3C_20_66-01.txt,7.322,0.250,1.831,0,0.000,0.00,0.000,0.000,0.000
44,ec.gp.GPIndividual@379146475{1080364969},3C_20_66-02.txt,154.245,0.250,38.561,0,0.000,0.00,0.000,0.000,0.000
44,ec.gp.GPIndividual@379146475{1080364969},3C_20_66-03.txt,118.340,0.250,29.585,0,0.000,0.00,0.000,0.000,0.000
44,ec.gp.GPIndividual@379146475{1080364969},3C_20_80-01.txt,4.194,0.250,1.049,0,0.000,0.00,0.000,0.000,0.000
44,ec.gp.GPIndividual@379146475{1080364969},3C_20_80-02.txt,35.738,0.250,8.935,0,0.000,0.00,0.000,0.000,0.000
44,ec.gp.GPIndividual@379146475{1080364969},3C_20_80-03.txt,169.439,0.250,42.360,0,0.000,0.00,0.000,0.000,0.000
44,ec.gp.GPIndividual@1557082711{-81166495},3C_20_50-02.txt,61.404,0.250,15.351,2,3.063,19.95,1.531,2.547,0.516
44,ec.gp.GPIndividual@1557082711{-81166495},3C_20_80-03.txt,169.439,0.250,42.360,2,5.078,11.99,2.539,3.219,0.516
44,ec.gp.GPIndividual@1557082711{-81166495},3C_20_66-01.txt,7.322,0.250,1.831,2,5.938,324.36,2.969,5.031,0.516
44,ec.gp.GPIndividual@1557082711{-81166495},3C_20_80-01.txt,4.194,0.250,1.049,1,0.516,49.17,0.516,5.031,0.516
44,ec.gp.GPIndividual@1557082711{-81166495},3C_20_66-02.txt,154.245,0.250,38.561,3,9.609,24.92,3.203,6.625,0.516
44,ec.gp.GPIndividual@1557082711{-81166495},3C_20_66-01.txt,7.322,0.250,1.831,2,1.406,76.82,0.703,6.625,0.344
44,ec.gp.GPIndividual@1557082711{-81166495},3C_20_80-02.txt,35.738,0.250,8.935,1,10.953,122.59,10.953,10.953,0.344
44,ec.gp.GPIndividual@1557082711{-81166495},3C_20_80-01.txt,4.194,0.250,1.049,3,1.188,113.24,0.396,10.953,0.156
44,ec.gp.GPIndividual@1557082711{-81166495},3C_20_66-02.txt,154.245,0.250,38.561,20,37.891,98.26,1.895,10.953,0.156
44,ec.gp.GPIndividual@1557082711{-81166495},3C_20_80-02.txt,35.738,0.250,8.935,3,6.281,70.30,2.094,10.953,0.156
44,ec.gp.GPIndividual@1557082711{-81166495},3C_20_66-03.txt,118.340,0.250,29.585,2,5.047,17.06,2.523,10.953,0.156
44,ec.gp.GPIndividual@1557082711{-81166495},3C_20_80-03.txt,169.439,0.250,42.360,1,2.328,5.50,2.328,10.953,0.156
44,ec.gp.GPIndividual@1557082711{-81166495},3C_20_66-03.txt,118.340,0.250,29.585,1,9.109,30.79,9.109,10.953,0.156
44,ec.gp.GPIndividual@1315652043{1760551323},3C_20_50-02.txt,61.404,0.250,15.351,6,19.578,127.54,3.263,13.344,0.297
44,ec.gp.GPIndividual@1315652043{1760551323},3C_20_50-03.txt,30.993,0.250,7.748,2,8.516,109.91,4.258,13.344,0.297
44,ec.gp.GPIndividual@1315652043{1760551323},3C_20_50-03.txt,30.993,0.250,7.748,2,2.797,36.10,1.398,13.344,0.297
44,ec.gp.GPIndividual@1315652043{1760551323},3C_20_80-01.txt,4.194,0.250,1.049,2,6.484,618.37,3.242,13.344,0.297
44,ec.gp.GPIndividual@49609897{-1773075135},3C_20_50-02.txt,61.404,0.250,15.351,1,0.328,2.14,0.328,0.328,0.328
44,ec.gp.GPIndividual@49609897{-1773075135},3C_20_80-02.txt,35.738,0.250,8.935,3,9.891,110.70,3.297,6.125,0.328
44,ec.gp.GPIndividual@49609897{-1773075135},3C_20_66-01.txt,7.322,0.250,1.831,1,2.391,130.60,2.391,6.125,0.328
44,ec.gp.GPIndividual@49609897{-1773075135},3C_20_80-03.txt,169.439,0.250,42.360,1,1.078,2.55,1.078,6.125,0.328
44,ec.gp.GPIndividual@49609897{-1773075135},3C_20_80-01.txt,4.194,0.250,1.049,3,1.484,141.55,0.495,6.125,0.172
44,ec.gp.GPIndividual@49609897{-1773075135},3C_20_66-02.txt,154.245,0.250,38.561,7,13.109,34.00,1.873,6.125,0.172
44,ec.gp.GPIndividual@49609897{-1773075135},3C_20_80-02.txt,35.738,0.250,8.935,5,11.297,126.44,2.259,6.125,0.172
44,ec.gp.GPIndividual@49609897{-1773075135},3C_20_66-01.txt,7.322,0.250,1.831,1,2.156,117.79,2.156,6.125,0.172
44,ec.gp.GPIndividual@49609897{-1773075135},3C_20_80-03.txt,169.439,0.250,42.360,1,1.000,2.36,1.000,6.125,0.172
44,ec.gp.GPIndividual@49609897{-1773075135},3C_20_80-03.txt,169.439,0.250,42.360,8,17.656,41.68,2.207,6.125,0.172
44,ec.gp.GPIndividual@49609897{-1773075135},3C_20_50-03.txt,30.993,0.250,7.748,4,7.063,91.15,1.766,6.125,0.172
44,ec.gp.GPIndividual@49609897{-1773075135},3C_20_66-03.txt,118.340,0.250,29.585,7,27.016,91.32,3.859,6.438,0.000
44,ec.gp.GPIndividual@49609897{-1773075135},3C_20_66-02.txt,154.245,0.250,38.561,2,13.500,35.01,6.750,6.938,0.000
44,ec.gp.GPIndividual@1272694631{-1967765481},3C_20_50-02.txt,61.404,0.250,15.351,1,13.031,84.89,13.031,13.031,13.031
44,ec.gp.GPIndividual@1681370895{965612762},3C_20_50-02.txt,61.404,0.250,15.351,0,0.000,0.00,0.000,0.000,0.000
44,ec.gp.GPIndividual@1681370895{965612762},3C_20_50-03.txt,30.993,0.250,7.748,0,0.000,0.00,0.000,0.000,0.000
44,ec.gp.GPIndividual@1681370895{965612762},3C_20_66-01.txt,7.322,0.250,1.831,0,0.000,0.00,0.000,0.000,0.000
44,ec.gp.GPIndividual@1681370895{965612762},3C_20_66-02.txt,154.245,0.250,38.561,0,0.000,0.00,0.000,0.000,0.000
44,ec.gp.GPIndividual@1681370895{965612762},3C_20_66-03.txt,118.340,0.250,29.585,1,0.344,1.16,0.344,0.344,0.344
44,ec.gp.GPIndividual@1681370895{965612762},3C_20_80-01.txt,4.194,0.250,1.049,0,0.000,0.00,0.000,0.344,0.344
44,ec.gp.GPIndividual@1681370895{965612762},3C_20_80-02.txt,35.738,0.250,8.935,0,0.000,0.00,0.000,0.344,0.344
44,ec.gp.GPIndividual@1681370895{965612762},3C_20_80-03.txt,169.439,0.250,42.360,4,16.813,39.69,4.203,9.375,0.344
44,ec.gp.GPIndividual@1073888569{1639415387},3C_20_50-02.txt,61.404,0.250,15.351,8,18.859,122.85,2.357,6.063,0.359
44,ec.gp.GPIndividual@32287687{-725280365},3C_20_50-02.txt,61.404,0.250,15.351,0,0.000,0.00,0.000,0.000,0.000
44,ec.gp.GPIndividual@32287687{-725280365},3C_20_50-03.txt,30.993,0.250,7.748,0,0.000,0.00,0.000,0.000,0.000
44,ec.gp.GPIndividual@32287687{-725280365},3C_20_66-01.txt,7.322,0.250,1.831,0,0.000,0.00,0.000,0.000,0.000
44,ec.gp.GPIndividual@32287687{-725280365},3C_20_66-02.txt,154.245,0.250,38.561,0,0.000,0.00,0.000,0.000,0.000
44,ec.gp.GPIndividual@32287687{-725280365},3C_20_66-03.txt,118.340,0.250,29.585,0,0.000,0.00,0.000,0.000,0.000
44,ec.gp.GPIndividual@32287687{-725280365},3C_20_80-01.txt,4.194,0.250,1.049,0,0.000,0.00,0.000,0.000,0.000
44,ec.gp.GPIndividual@32287687{-725280365},3C_20_80-02.txt,35.738,0.250,8.935,0,0.000,0.00,0.000,0.000,0.000
44,ec.gp.GPIndividual@32287687{-725280365},3C_20_80-03.txt,169.439,0.250,42.360,0,0.000,0.00,0.000,0.000,0.000
44,ec.gp.GPIndividual@1106370502{1974695802},3C_20_50-02.txt,61.404,0.250,15.351,0,0.000,0.00,0.000,0.000,0.000
44,ec.gp.GPIndividual@1106370502{1974695802},3C_20_50-03.txt,30.993,0.250,7.748,0,0.000,0.00,0.000,0.000,0.000
44,ec.gp.GPIndividual@1106370502{1974695802},3C_20_66-01.txt,7.322,0.250,1.831,0,0.000,0.00,0.000,0.000,0.000
44,ec.gp.GPIndividual@1106370502{1974695802},3C_20_66-02.txt,154.245,0.250,38.561,0,0.000,0.00,0.000,0.000,0.000
44,ec.gp.GPIndividual@1106370502{1974695802},3C_20_66-03.txt,118.340,0.250,29.585,0,0.000,0.00,0.000,0.000,0.000
44,ec.gp.GPIndividual@1106370502{1974695802},3C_20_80-01.txt,4.194,0.250,1.049,0,0.000,0.00,0.000,0.000,0.000
44,ec.gp.GPIndividual@1106370502{1974695802},3C_20_80-02.txt,35.738,0.250,8.935,0,0.000,0.00,0.000,0.000,0.000
44,ec.gp.GPIndividual@1106370502{1974695802},3C_20_80-03.txt,169.439,0.250,42.360,0,0.000,0.00,0.000,0.000,0.000
44,ec.gp.GPIndividual@1887955269{-228260470},3C_20_50-02.txt,61.404,0.250,15.351,2,5.922,38.58,2.961,4.109,1.813
44,ec.gp.GPIndividual@1887955269{-228260470},3C_20_80-01.txt,4.194,0.250,1.049,2,3.000,286.09,1.500,4.109,0.516
44,ec.gp.GPIndividual@1887955269{-228260470},3C_20_50-03.txt,30.993,0.250,7.748,2,1.484,19.16,0.742,4.109,0.313
44,ec.gp.GPIndividual@1887955269{-228260470},3C_20_66-03.txt,118.340,0.250,29.585,2,7.547,25.51,3.773,7.063,0.313
44,ec.gp.GPIndividual@1887955269{-228260470},3C_20_66-01.txt,7.322,0.250,1.831,2,1.422,77.67,0.711,7.063,0.313
44,ec.gp.GPIndividual@1887955269{-228260470},3C_20_80-02.txt,35.738,0.250,8.935,5,9.750,109.13,1.950,7.063,0.313
44,ec.gp.GPIndividual@1887955269{-228260470},3C_20_66-01.txt,7.322,0.250,1.831,1,1.406,76.82,1.406,7.063,0.313
44,ec.gp.GPIndividual@1887955269{-228260470},3C_20_50-03.txt,30.993,0.250,7.748,3,3.906,50.42,1.302,7.063,0.313
44,ec.gp.GPIndividual@1887955269{-228260470},3C_20_66-02.txt,154.245,0.250,38.561,1,2.563,6.65,2.563,7.063,0.313
44,ec.gp.GPIndividual@1887955269{-228260470},3C_20_50-03.txt,30.993,0.250,7.748,3,8.203,105.87,2.734,7.063,0.313
44,ec.gp.GPIndividual@1887955269{-228260470},3C_20_80-01.txt,4.194,0.250,1.049,1,1.422,135.59,1.422,7.063,0.313
44,ec.gp.GPIndividual@1887955269{-228260470},3C_20_66-02.txt,154.245,0.250,38.561,19,40.000,103.73,2.105,7.063,0.313
44,ec.gp.GPIndividual@1887955269{-228260470},3C_20_80-02.txt,35.738,0.250,8.935,3,4.422,49.49,1.474,7.063,0.313
44,ec.gp.GPIndividual@1887955269{-228260470},3C_20_66-03.txt,118.340,0.250,29.585,5,10.875,36.76,2.175,7.063,0.000
44,ec.gp.GPIndividual@1887955269{-228260470},3C_20_66-01.txt,7.322,0.250,1.831,1,6.922,378.13,6.922,7.063,0.000
44,ec.gp.GPIndividual@1887955269{-228260470},3C_20_80-03.txt,169.439,0.250,42.360,14,38.578,91.07,2.756,7.203,0.000
44,ec.gp.GPIndividual@1887955269{-228260470},3C_20_80-01.txt,4.194,0.250,1.049,1,11.359,1083.27,11.359,11.359,0.000
44,ec.gp.GPIndividual@1887955269{-228260470},3C_20_66-03.txt,118.340,0.250,29.585,3,9.234,31.21,3.078,11.359,0.000
44,ec.gp.GPIndividual@1418125895{-1694533366},3C_20_50-02.txt,61.404,0.250,15.351,3,16.469,107.28,5.490,14.656,0.281
44,ec.gp.GPIndividual@1418125895{-1694533366},3C_20_80-01.txt,4.194,0.250,1.049,1,12.359,1178.63,12.359,14.656,0.281
44,ec.gp.GPIndividual@1418125895{-1694533366},3C_20_80-02.txt,35.738,0.250,8.935,7,8.078,90.41,1.154,14.656,0.281
44,ec.gp.GPIndividual@1418125895{-1694533366},3C_20_80-03.txt,169.439,0.250,42.360,1,1.016,2.40,1.016,14.656,0.281
44,ec.gp.GPIndividual@1418125895{-1694533366},3C_20_80-02.txt,35.738,0.250,8.935,2,17.266,193.25,8.633,15.047,0.281
44,ec.gp.GPIndividual@1418125895{-1694533366},3C_20_66-03.txt,118.340,0.250,29.585,2,4.063,13.73,2.031,15.047,0.281
44,ec.gp.GPIndividual@1418125895{-1694533366},3C_20_50-03.txt,30.993,0.250,7.748,2,13.266,171.21,6.633,15.047,0.281
44,ec.gp.GPIndividual@1418125895{-1694533366},3C_20_66-03.txt,118.340,0.250,29.585,11,28.969,97.92,2.634,15.047,0.281
44,ec.gp.GPIndividual@1418125895{-1694533366},3C_20_66-01.txt,7.322,0.250,1.831,1,2.281,124.62,2.281,15.047,0.281
44,ec.gp.GPIndividual@1418125895{-1694533366},3C_20_80-01.txt,4.194,0.250,1.049,2,1.406,134.10,0.703,15.047,0.281
44,ec.gp.GPIndividual@1418125895{-1694533366},3C_20_66-02.txt,154.245,0.250,38.561,2,5.672,14.71,2.836,15.047,0.281
44,ec.gp.GPIndividual@1418125895{-1694533366},3C_20_80-03.txt,169.439,0.250,42.360,1,4.125,9.74,4.125,15.047,0.281
44,ec.gp.GPIndividual@1418125895{-1694533366},3C_20_80-01.txt,4.194,0.250,1.049,2,1.125,107.28,0.563,15.047,0.141
44,ec.gp.GPIndividual@1418125895{-1694533366},3C_20_80-02.txt,35.738,0.250,8.935,4,13.031,145.85,3.258,15.047,0.141
44,ec.gp.GPIndividual@260689577{-1448611596},3C_20_50-02.txt,61.404,0.250,15.351,11,15.547,101.28,1.413,4.547,0.313
44,ec.gp.GPIndividual@1417775345{1310366335},3C_20_50-02.txt,61.404,0.250,15.351,0,0.000,0.00,0.000,0.000,0.000
44,ec.gp.GPIndividual@1417775345{1310366335},3C_20_50-03.txt,30.993,0.250,7.748,0,0.000,0.00,0.000,0.000,0.000
44,ec.gp.GPIndividual@1417775345{1310366335},3C_20_66-01.txt,7.322,0.250,1.831,0,0.000,0.00,0.000,0.000,0.000
44,ec.gp.GPIndividual@1417775345{1310366335},3C_20_66-02.txt,154.245,0.250,38.561,0,0.000,0.00,0.000,0.000,0.000
44,ec.gp.GPIndividual@1417775345{1310366335},3C_20_66-03.txt,118.340,0.250,29.585,0,0.000,0.00,0.000,0.000,0.000
44,ec.gp.GPIndividual@1417775345{1310366335},3C_20_80-01.txt,4.194,0.250,1.049,0,0.000,0.00,0.000,0.000,0.000
44,ec.gp.GPIndividual@1417775345{1310366335},3C_20_80-02.txt,35.738,0.250,8.935,0,0.000,0.00,0.000,0.000,0.000
44,ec.gp.GPIndividual@1417775345{1310366335},3C_20_80-03.txt,169.439,0.250,42.360,0,0.000,0.00,0.000,0.000,0.000
44,ec.gp.GPIndividual@1590684526{-248666541},3C_20_50-02.txt,61.404,0.250,15.351,3,4.266,27.79,1.422,2.828,0.391
44,ec.gp.GPIndividual@1590684526{-248666541},3C_20_66-03.txt,118.340,0.250,29.585,13,28.078,94.91,2.160,5.078,0.359
44,ec.gp.GPIndividual@1590684526{-248666541},3C_20_50-03.txt,30.993,0.250,7.748,1,1.984,25.61,1.984,5.078,0.359
44,ec.gp.GPIndividual@1590684526{-248666541},3C_20_80-01.txt,4.194,0.250,1.049,3,6.844,652.64,2.281,6.109,0.297
44,ec.gp.GPIndividual@1590684526{-248666541},3C_20_80-02.txt,35.738,0.250,8.935,1,8.500,95.14,8.500,8.500,0.297
44,ec.gp.GPIndividual@1590684526{-248666541},3C_20_50-03.txt,30.993,0.250,7.748,1,10.000,129.06,10.000,10.000,0.297
44,ec.gp.GPIndividual@1590684526{-248666541},3C_20_80-03.txt,169.439,0.250,42.360,1,0.984,2.32,0.984,10.000,0.297
44,ec.gp.GPIndividual@1590684526{-248666541},3C_20_80-02.txt,35.738,0.250,8.935,5,8.547,95.66,1.709,10.000,0.297
44,ec.gp.GPIndividual@1590684526{-248666541},3C_20_80-03.txt,169.439,0.250,42.360,2,3.969,9.37,1.984,10.000,0.297
44,ec.gp.GPIndividual@1590684526{-248666541},3C_20_80-03.txt,169.439,0.250,42.360,8,36.422,85.98,4.553,10.000,0.297
44,ec.gp.GPIndividual@1590684526{-248666541},3C_20_66-01.txt,7.322,0.250,1.831,4,1.609,87.92,0.402,10.000,0.000
44,ec.gp.GPIndividual@1590684526{-248666541},3C_20_66-02.txt,154.245,0.250,38.561,1,7.188,18.64,7.188,10.000,0.000
44,ec.gp.GPIndividual@1081353526{1830723682},3C_20_50-02.txt,61.404,0.250,15.351,3,11.656,75.93,3.885,9.281,0.422
44,ec.gp.GPIndividual@1002137252{-1261892721},3C_20_50-02.txt,61.404,0.250,15.351,1,0.000,0.00,0.000,0.000,0.000
44,ec.gp.GPIndividual@1002137252{-1261892721},3C_20_50-03.txt,30.993,0.250,7.748,1,0.000,0.00,0.000,0.000,0.000
44,ec.gp.GPIndividual@1002137252{-1261892721},3C_20_66-01.txt,7.322,0.250,1.831,1,0.000,0.00,0.000,0.000,0.000
44,ec.gp.GPIndividual@1002137252{-1261892721},3C_20_66-02.txt,154.245,0.250,38.561,1,0.000,0.00,0.000,0.000,0.000
44,ec.gp.GPIndividual@1002137252{-1261892721},3C_20_66-03.txt,118.340,0.250,29.585,1,0.000,0.00,0.000,0.000,0.000
44,ec.gp.GPIndividual@1002137252{-1261892721},3C_20_80-01.txt,4.194,0.250,1.049,1,0.000,0.00,0.000,0.000,0.000
44,ec.gp.GPIndividual@1002137252{-1261892721},3C_20_80-02.txt,35.738,0.250,8.935,1,0.000,0.00,0.000,0.000,0.000
44,ec.gp.GPIndividual@1002137252{-1261892721},3C_20_80-03.txt,169.439,0.250,42.360,1,0.000,0.00,0.000,0.000,0.000
44,ec.gp.GPIndividual@689012621{-432832295},3C_20_50-02.txt,61.404,0.250,15.351,10,14.578,94.96,1.458,3.531,0.219
44,ec.gp.GPIndividual@689012621{-432832295},3C_20_50-03.txt,30.993,0.250,7.748,1,4.313,55.66,4.313,4.313,0.219
44,ec.gp.GPIndividual@689012621{-432832295},3C_20_50-03.txt,30.993,0.250,7.748,1,1.375,17.75,1.375,4.313,0.219
44,ec.gp.GPIndividual@689012621{-432832295},3C_20_80-01.txt,4.194,0.250,1.049,4,0.922,87.91,0.230,4.313,0.000
44,ec.gp.GPIndividual@689012621{-432832295},3C_20_80-02.txt,35.738,0.250,8.935,1,5.453,61.03,5.453,5.453,0.000
44,ec.gp.GPIndividual@689012621{-432832295},3C_20_66-02.txt,154.245,0.250,38.561,17,35.844,92.95,2.108,5.484,0.000
44,ec.gp.GPIndividual@689012621{-432832295},3C_20_66-01.txt,7.322,0.250,1.831,2,1.203,65.72,0.602,5.484,0.000
44,ec.gp.GPIndividual@689012621{-432832295},3C_20_66-02.txt,154.245,0.250,38.561,2,13.438,34.85,6.719,9.344,0.000
44,ec.gp.GPIndividual@689012621{-432832295},3C_20_66-01.txt,7.322,0.250,1.831,1,9.813,536.04,9.813,9.813,0.000
44,ec.gp.GPIndividual@689012621{-432832295},3C_20_80-03.txt,169.439,0.250,42.360,11,23.219,54.81,2.111,11.703,0.000
44,ec.gp.GPIndividual@689012621{-432832295},3C_20_66-03.txt,118.340,0.250,29.585,2,16.578,56.04,8.289,12.734,0.000
44,ec.gp.GPIndividual@1951253711{1096608486},3C_20_50-02.txt,61.404,0.250,15.351,0,0.000,0.00,0.000,0.000,0.000
44,ec.gp.GPIndividual@1951253711{1096608486},3C_20_50-03.txt,30.993,0.250,7.748,0,0.000,0.00,0.000,0.000,0.000
44,ec.gp.GPIndividual@1951253711{1096608486},3C_20_66-01.txt,7.322,0.250,1.831,0,0.000,0.00,0.000,0.000,0.000
44,ec.gp.GPIndividual@1951253711{1096608486},3C_20_66-02.txt,154.245,0.250,38.561,0,0.000,0.00,0.000,0.000,0.000
44,ec.gp.GPIndividual@1951253711{1096608486},3C_20_66-03.txt,118.340,0.250,29.585,0,0.000,0.00,0.000,0.000,0.000
44,ec.gp.GPIndividual@1951253711{1096608486},3C_20_80-01.txt,4.194,0.250,1.049,0,0.000,0.00,0.000,0.000,0.000
44,ec.gp.GPIndividual@1951253711{1096608486},3C_20_80-02.txt,35.738,0.250,8.935,0,0.000,0.00,0.000,0.000,0.000
44,ec.gp.GPIndividual@1951253711{1096608486},3C_20_80-03.txt,169.439,0.250,42.360,0,0.000,0.00,0.000,0.000,0.000
45,ec.gp.GPIndividual@967788972{1357816700},3C_20_50-02.txt,61.404,0.250,15.351,0,0.000,0.00,0.000,0.000,0.000
45,ec.gp.GPIndividual@967788972{1357816700},3C_20_50-02.txt,61.404,0.250,15.351,0,0.000,0.00,0.000,0.000,0.000
45,ec.gp.GPIndividual@967788972{1357816700},3C_20_50-03.txt,30.993,0.250,7.748,0,0.000,0.00,0.000,0.000,0.000
45,ec.gp.GPIndividual@967788972{1357816700},3C_20_66-01.txt,7.322,0.250,1.831,0,0.000,0.00,0.000,0.000,0.000
45,ec.gp.GPIndividual@967788972{1357816700},3C_20_66-01.txt,7.322,0.250,1.831,0,0.000,0.00,0.000,0.000,0.000
45,ec.gp.GPIndividual@967788972{1357816700},3C_20_66-01.txt,7.322,0.250,1.831,0,0.000,0.00,0.000,0.000,0.000
45,ec.gp.GPIndividual@967788972{1357816700},3C_20_66-02.txt,154.245,0.250,38.561,0,0.000,0.00,0.000,0.000,0.000
45,ec.gp.GPIndividual@967788972{1357816700},3C_20_66-03.txt,118.340,0.250,29.585,0,0.000,0.00,0.000,0.000,0.000
45,ec.gp.GPIndividual@967788972{1357816700},3C_20_66-03.txt,118.340,0.250,29.585,0,0.000,0.00,0.000,0.000,0.000
45,ec.gp.GPIndividual@967788972{1357816700},3C_20_80-01.txt,4.194,0.250,1.049,0,0.000,0.00,0.000,0.000,0.000
45,ec.gp.GPIndividual@967788972{1357816700},3C_20_80-01.txt,4.194,0.250,1.049,0,0.000,0.00,0.000,0.000,0.000
45,ec.gp.GPIndividual@967788972{1357816700},3C_20_80-02.txt,35.738,0.250,8.935,0,0.000,0.00,0.000,0.000,0.000
45,ec.gp.GPIndividual@967788972{1357816700},3C_20_80-02.txt,35.738,0.250,8.935,0,0.000,0.00,0.000,0.000,0.000
45,ec.gp.GPIndividual@967788972{1357816700},3C_20_80-03.txt,169.439,0.250,42.360,0,0.000,0.00,0.000,0.000,0.000
45,ec.gp.GPIndividual@967788972{1357816700},3C_20_80-03.txt,169.439,0.250,42.360,0,0.000,0.00,0.000,0.000,0.000
45,ec.gp.GPIndividual@513780955{1154088003},3C_20_50-02.txt,61.404,0.250,15.351,0,0.000,0.00,0.000,0.000,0.000
45,ec.gp.GPIndividual@758578254{1522751494},3C_20_50-02.txt,61.404,0.250,15.351,13,14.031,91.40,1.079,1.969,0.297
45,ec.gp.GPIndividual@758578254{1522751494},3C_20_50-03.txt,30.993,0.250,7.748,4,8.969,115.75,2.242,2.359,0.297
45,ec.gp.GPIndividual@758578254{1522751494},3C_20_50-03.txt,30.993,0.250,7.748,4,7.875,101.64,1.969,3.172,0.297
45,ec.gp.GPIndividual@758578254{1522751494},3C_20_66-01.txt,7.322,0.250,1.831,1,2.266,123.77,2.266,3.172,0.297
45,ec.gp.GPIndividual@758578254{1522751494},3C_20_50-03.txt,30.993,0.250,7.748,1,2.109,27.22,2.109,3.172,0.297
45,ec.gp.GPIndividual@758578254{1522751494},3C_20_50-03.txt,30.993,0.250,7.748,2,1.938,25.01,0.969,3.172,0.000
45,ec.gp.GPIndividual@758578254{1522751494},3C_20_50-03.txt,30.993,0.250,7.748,3,2.188,28.23,0.729,3.172,0.000
45,ec.gp.GPIndividual@758578254{1522751494},3C_20_50-03.txt,30.993,0.250,7.748,4,8.828,113.94,2.207,3.188,0.000
45,ec.gp.GPIndividual@758578254{1522751494},3C_20_66-02.txt,154.245,0.250,38.561,12,38.703,100.37,3.225,4.719,0.000
45,ec.gp.GPIndividual@758578254{1522751494},3C_20_66-01.txt,7.322,0.250,1.831,2,1.734,94.75,0.867,4.719,0.000
45,ec.gp.GPIndividual@758578254{1522751494},3C_20_66-03.txt,118.340,0.250,29.585,6,14.484,48.96,2.414,5.500,0.000
45,ec.gp.GPIndividual@758578254{1522751494},3C_20_66-01.txt,7.322,0.250,1.831,3,1.922,104.99,0.641,5.500,0.000
45,ec.gp.GPIndividual@758578254{1522751494},3C_20_66-02.txt,154.245,0.250,38.561,1,6.313,16.37,6.313,6.313,0.000
45,ec.gp.GPIndividual@758578254{1522751494},3C_20_66-01.txt,7.322,0.250,1.831,3,2.156,117.79,0.719,6.313,0.000
45,ec.gp.GPIndividual@758578254{1522751494},3C_20_66-02.txt,154.245,0.250,38.561,2,0.344,0.89,0.172,6.313,0.000
45,ec.gp.GPIndividual@758578254{1522751494},3C_20_66-02.txt,154.245,0.250,38.561,12,38.125,98.87,3.177,7.609,0.000
45,ec.gp.GPIndividual@758578254{1522751494},3C_20_66-03.txt,118.340,0.250,29.585,1,1.063,3.59,1.063,7.609,0.000
45,ec.gp.GPIndividual@758578254{1522751494},3C_20_66-03.txt,118.340,0.250,29.585,2,3.688,12.46,1.844,7.609,0.000
45,ec.gp.GPIndividual@758578254{1522751494},3C_20_66-01.txt,7.322,0.250,1.831,2,2.531,138.28,1.266,7.609,0.000
45,ec.gp.GPIndividual@758578254{1522751494},3C_20_66-03.txt,118.340,0.250,29.585,2,5.500,18.59,2.750,7.609,0.000
45,ec.gp.GPIndividual@758578254{1522751494},3C_20_80-01.txt,4.194,0.250,1.049,1,1.281,122.18,1.281,7.609,0.000
45,ec.gp.GPIndividual@758578254{1522751494},3C_20_66-02.txt,154.245,0.250,38.561,2,7.609,19.73,3.805,7.609,0.000
45,ec.gp.GPIndividual@758578254{1522751494},3C_20_66-01.txt,7.322,0.250,1.831,2,2.156,117.79,1.078,7.609,0.000
45,ec.gp.GPIndividual@758578254{1522751494},3C_20_66-02.txt,154.245,0.250,38.561,2,6.344,16.45,3.172,7.609,0.000
45,ec.gp.GPIndividual@758578254{1522751494},3C_20_80-02.txt,35.738,0.250,8.935,3,9.000,100.73,3.000,7.609,0.000
45,ec.gp.GPIndividual@758578254{1522751494},3C_20_80-01.txt,4.194,0.250,1.049,3,1.063,101.32,0.354,7.609,0.000
45,ec.gp.GPIndividual@758578254{1522751494},3C_20_80-02.txt,35.738,0.250,8.935,3,9.547,106.85,3.182,7.609,0.000
45,ec.gp.GPIndividual@758578254{1522751494},3C_20_80-01.txt,4.194,0.250,1.049,1,2.500,238.41,2.500,7.609,0.000
45,ec.gp.GPIndividual@758578254{1522751494},3C_20_66-03.txt,118.340,0.250,29.585,16,29.609,100.08,1.851,7.609,0.000
45,ec.gp.GPIndividual@758578254{1522751494},3C_20_80-01.txt,4.194,0.250,1.049,3,1.063,101.32,0.354,7.609,0.000
45,ec.gp.GPIndividual@758578254{1522751494},3C_20_80-02.txt,35.738,0.250,8.935,3,8.141,91.11,2.714,7.609,0.000
45,ec.gp.GPIndividual@758578254{1522751494},3C_20_80-03.txt,169.439,0.250,42.360,2,5.719,13.50,2.859,7.609,0.000
45,ec.gp.GPIndividual@758578254{1522751494},3C_20_66-03.txt,118.340,0.250,29.585,1,1.406,4.75,1.406,7.609,0.000
45,ec.gp.GPIndividual@758578254{1522751494},3C_20_80-03.txt,169.439,0.250,42.360,2,11.484,27.11,5.742,9.422,0.000
45,ec.gp.GPIndividual@758578254{1522751494},3C_20_80-01.txt,4.194,0.250,1.049,1,1.281,122.18,1.281,9.422,0.000
45,ec.gp.GPIndividual@758578254{1522751494},3C_20_80-03.txt,169.439,0.250,42.360,13,42.219,99.67,3.248,9.422,0.000
45,ec.gp.GPIndividual@758578254{1522751494},3C_20_80-02.txt,35.738,0.250,8.935,1,0.719,8.04,0.719,9.422,0.000
45,ec.gp.GPIndividual@758578254{1522751494},3C_20_80-01.txt,4.194,0.250,1.049,4,1.000,95.36,0.250,9.422,0.000
45,ec.gp.GPIndividual@758578254{1522751494},3C_20_80-02.txt,35.738,0.250,8.935,1,4.109,45.99,4.109,9.422,0.000
45,ec.gp.GPIndividual@1740698425{-1198825277},3C_20_50-02.txt,61.404,0.250,15.351,1,6.484,42.24,6.484,6.484,6.484
45,ec.gp.GPIndividual@854827989{-159641396},3C_20_50-02.txt,61.404,0.250,15.351,0,0.000,0.00,0.000,0.000,0.000
45,ec.gp.GPIndividual@854827989{-159641396},3C_20_50-03.txt,30.993,0.250,7.748,0,0.000,0.00,0.000,0.000,0.000
45,ec.gp.GPIndividual@854827989{-159641396},3C_20_66-01.txt,7.322,0.250,1.831,0,0.000,0.00,0.000,0.000,0.000
45,ec.gp.GPIndividual@854827989{-159641396},3C_20_66-02.txt,154.245,0.250,38.561,1,2.266,5.88,2.266,2.266,2.266
45,ec.gp.GPIndividual@854827989{-159641396},3C_20_66-03.txt,118.340,0.250,29.585,0,0.000,0.00,0.000,2.266,2.266
45,ec.gp.GPIndividual@854827989{-159641396},3C_20_80-01.txt,4.194,0.250,1.049,0,0.000,0.00,0.000,2.266,2.266
45,ec.gp.GPIndividual@854827989{-159641396},3C_20_80-02.txt,35.738,0.250,8.935,0,0.000,0.00,0.000,2.266,2.266
45,ec.gp.GPIndividual@854827989{-159641396},3C_20_80-03.txt,169.439,0.250,42.360,0,0.000,0.00,0.000,2.266,2.266
45,ec.gp.GPIndividual@1848750952{1737512262},3C_20_50-02.txt,61.404,0.250,15.351,11,25.672,167.23,2.334,11.578,0.500
45,ec.gp.GPIndividual@1670565579{1218883464},3C_20_50-02.txt,61.404,0.250,15.351,1,2.594,16.90,2.594,2.594,2.594
45,ec.gp.GPIndividual@1670565579{1218883464},3C_20_50-03.txt,30.993,0.250,7.748,2,1.656,21.38,0.828,2.594,0.484
45,ec.gp.GPIndividual@1670565579{1218883464},3C_20_80-03.txt,169.439,0.250,42.360,1,0.641,1.51,0.641,2.594,0.484
45,ec.gp.GPIndividual@1670565579{1218883464},3C_20_80-03.txt,169.439,0.250,42.360,1,2.438,5.75,2.438,2.594,0.484
45,ec.gp.GPIndividual@1670565579{1218883464},3C_20_50-03.txt,30.993,0.250,7.748,1,14.641,188.96,14.641,14.641,0.484
45,ec.gp.GPIndividual@1670565579{1218883464},3C_20_80-02.txt,35.738,0.250,8.935,4,10.000,111.93,2.500,14.641,0.484
45,ec.gp.GPIndividual@1670565579{1218883464},3C_20_66-01.txt,7.322,0.250,1.831,2,1.781,97.31,0.891,14.641,0.484
45,ec.gp.GPIndividual@1670565579{1218883464},3C_20_80-03.txt,169.439,0.250,42.360,2,3.000,7.08,1.500,14.641,0.484
45,ec.gp.GPIndividual@1670565579{1218883464},3C_20_66-02.txt,154.245,0.250,38.561,2,1.734,4.50,0.867,14.641,0.000
45,ec.gp.GPIndividual@1670565579{1218883464},3C_20_66-01.txt,7.322,0.250,1.831,3,1.422,77.67,0.474,14.641,0.000
45,ec.gp.GPIndividual@1670565579{1218883464},3C_20_66-02.txt,154.245,0.250,38.561,10,32.547,84.40,3.255,14.641,0.000
45,ec.gp.GPIndividual@1670565579{1218883464},3C_20_66-03.txt,118.340,0.250,29.585,2,4.844,16.37,2.422,14.641,0.000
45,ec.gp.GPIndividual@34054778{-1677578621},3C_20_50-02.txt,61.404,0.250,15.351,0,0.000,0.00,0.000,0.000,0.000
45,ec.gp.GPIndividual@34054778{-1677578621},3C_20_50-03.txt,30.993,0.250,7.748,0,0.000,0.00,0.000,0.000,0.000
45,ec.gp.GPIndividual@34054778{-1677578621},3C_20_66-01.txt,7.322,0.250,1.831,0,0.000,0.00,0.000,0.000,0.000
45,ec.gp.GPIndividual@34054778{-1677578621},3C_20_66-02.txt,154.245,0.250,38.561,0,0.000,0.00,0.000,0.000,0.000
45,ec.gp.GPIndividual@34054778{-1677578621},3C_20_66-03.txt,118.340,0.250,29.585,0,0.000,0.00,0.000,0.000,0.000
45,ec.gp.GPIndividual@34054778{-1677578621},3C_20_80-01.txt,4.194,0.250,1.049,0,0.000,0.00,0.000,0.000,0.000
45,ec.gp.GPIndividual@34054778{-1677578621},3C_20_80-02.txt,35.738,0.250,8.935,0,0.000,0.00,0.000,0.000,0.000
45,ec.gp.GPIndividual@34054778{-1677578621},3C_20_80-03.txt,169.439,0.250,42.360,0,0.000,0.00,0.000,0.000,0.000
45,ec.gp.GPIndividual@1300606654{-745344734},3C_20_50-02.txt,61.404,0.250,15.351,3,10.547,68.70,3.516,8.563,0.516
45,ec.gp.GPIndividual@1300606654{-745344734},3C_20_50-03.txt,30.993,0.250,7.748,2,12.734,164.35,6.367,10.703,0.516
45,ec.gp.GPIndividual@1812693959{2047615294},3C_20_50-02.txt,61.404,0.250,15.351,2,6.578,42.85,3.289,6.219,0.359
45,ec.gp.GPIndividual@1812693959{2047615294},3C_20_80-01.txt,4.194,0.250,1.049,1,2.391,227.98,2.391,6.219,0.359
45,ec.gp.GPIndividual@1812693959{2047615294},3C_20_50-03.txt,30.993,0.250,7.748,3,7.734,99.82,2.578,6.219,0.359
45,ec.gp.GPIndividual@1812693959{2047615294},3C_20_66-03.txt,118.340,0.250,29.585,2,16.391,55.40,8.195,13.156,0.359
45,ec.gp.GPIndividual@2104025493{-1347066244},3C_20_50-02.txt,61.404,0.250,15.351,4,5.406,35.22,1.352,2.281,0.500
45,ec.gp.GPIndividual@2104025493{-1347066244},3C_20_80-02.txt,35.738,0.250,8.935,4,8.750,97.93,2.188,3.109,0.500
45,ec.gp.GPIndividual@2104025493{-1347066244},3C_20_80-03.txt,169.439,0.250,42.360,2,6.922,16.34,3.461,4.453,0.500
45,ec.gp.GPIndividual@2104025493{-1347066244},3C_20_50-03.txt,30.993,0.250,7.748,3,3.484,44.97,1.161,4.453,0.000
45,ec.gp.GPIndividual@2104025493{-1347066244},3C_20_66-01.txt,7.322,0.250,1.831,2,6.656,363.62,3.328,5.922,0.000
45,ec.gp.GPIndividual@2104025493{-1347066244},3C_20_80-01.txt,4.194,0.250,1.049,3,1.188,113.24,0.396,5.922,0.000
45,ec.gp.GPIndividual@2104025493{-1347066244},3C_20_66-02.txt,154.245,0.250,38.561,1,0.156,0.41,0.156,5.922,0.000
45,ec.gp.GPIndividual@2104025493{-1347066244},3C_20_80-02.txt,35.738,0.250,8.935,4,10.125,113.32,2.531,5.922,0.000
45,ec.gp.GPIndividual@2104025493{-1347066244},3C_20_66-03.txt,118.340,0.250,29.585,1,0.516,1.74,0.516,5.922,0.000
45,ec.gp.GPIndividual@2104025493{-1347066244},3C_20_80-03.txt,169.439,0.250,42.360,3,4.094,9.66,1.365,5.922,0.000
45,ec.gp.GPIndividual@2104025493{-1347066244},3C_20_50-03.txt,30.993,0.250,7.748,1,6.047,78.04,6.047,6.047,0.000
45,ec.gp.GPIndividual@1924522073{1838252079},3C_20_50-02.txt,61.404,0.250,15.351,5,17.406,113.39,3.481,6.984,0.531
45,ec.gp.GPIndividual@1924522073{1838252079},3C_20_66-01.txt,7.322,0.250,1.831,3,1.422,77.67,0.474,6.984,0.000
45,ec.gp.GPIndividual@1924522073{1838252079},3C_20_66-01.txt,7.322,0.250,1.831,2,4.125,225.34,2.063,6.984,0.000
45,ec.gp.GPIndividual@1924522073{1838252079},3C_20_66-01.txt,7.322,0.250,1.831,1,6.203,338.87,6.203,6.984,0.000
45,ec.gp.GPIndividual@1924522073{1838252079},3C_20_80-01.txt,4.194,0.250,1.049,2,1.391,132.61,0.695,6.984,0.000
45,ec.gp.GPIndividual@1924522073{1838252079},3C_20_66-02.txt,154.245,0.250,38.561,11,20.688,53.65,1.881,6.984,0.000
45,ec.gp.GPIndividual@1924522073{1838252079},3C_20_66-02.txt,154.245,0.250,38.561,3,3.359,8.71,1.120,6.984,0.000
45,ec.gp.GPIndividual@1924522073{1838252079},3C_20_50-03.txt,30.993,0.250,7.748,5,7.844,101.23,1.569,6.984,0.000
45,ec.gp.GPIndividual@1924522073{1838252079},3C_20_66-02.txt,154.245,0.250,38.561,1,0.500,1.30,0.500,6.984,0.000
45,ec.gp.GPIndividual@1924522073{1838252079},3C_20_66-03.txt,118.340,0.250,29.585,7,15.172,51.28,2.167,6.984,0.000
45,ec.gp.GPIndividual@1924522073{1838252079},3C_20_66-03.txt,118.340,0.250,29.585,6,27.828,94.06,4.638,11.969,0.000
45,ec.gp.GPIndividual@1263106419{781213232},3C_20_50-02.txt,61.404,0.250,15.351,7,16.922,110.23,2.417,5.891,0.359
45,ec.gp.GPIndividual@1263106419{781213232},3C_20_80-01.txt,4.194,0.250,1.049,2,1.422,135.59,0.711,5.891,0.359
45,ec.gp.GPIndividual@1263106419{781213232},3C_20_80-01.txt,4.194,0.250,1.049,2,1.031,98.34,0.516,5.891,0.359
45,ec.gp.GPIndividual@1263106419{781213232},3C_20_80-02.txt,35.738,0.250,8.935,3,7.391,82.72,2.464,5.891,0.313
45,ec.gp.GPIndividual@1263106419{781213232},3C_20_80-02.txt,35.738,0.250,8.935,1,3.313,37.08,3.313,5.891,0.313
45,ec.gp.GPIndividual@1263106419{781213232},3C_20_66-03.txt,118.340,0.250,29.585,6,17.297,58.47,2.883,7.406,0.313
45,ec.gp.GPIndividual@1263106419{781213232},3C_20_80-02.txt,35.738,0.250,8.935,5,9.141,102.31,1.828,7.406,0.313
45,ec.gp.GPIndividual@1263106419{781213232},3C_20_50-03.txt,30.993,0.250,7.748,3,4.266,55.05,1.422,7.406,0.313
45,ec.gp.GPIndividual@1263106419{781213232},3C_20_80-03.txt,169.439,0.250,42.360,6,23.641,55.81,3.940,8.953,0.313
45,ec.gp.GPIndividual@1263106419{781213232},3C_20_66-01.txt,7.322,0.250,1.831,1,3.609,197.17,3.609,8.953,0.313
45,ec.gp.GPIndividual@1263106419{781213232},3C_20_80-01.txt,4.194,0.250,1.049,3,1.563,149.01,0.521,8.953,0.172
45,ec.gp.GPIndividual@1263106419{781213232},3C_20_66-02.txt,154.245,0.250,38.561,5,15.844,41.09,3.169,8.953,0.172
45,ec.gp.GPIndividual@1263106419{781213232},3C_20_80-02.txt,35.738,0.250,8.935,5,8.109,90.76,1.622,8.953,0.172
45,ec.gp.GPIndividual@1263106419{781213232},3C_20_66-03.txt,118.340,0.250,29.585,1,1.094,3.70,1.094,8.953,0.172
45,ec.gp.GPIndividual@1263106419{781213232},3C_20_80-03.txt,169.439,0.250,42.360,1,11.234,26.52,11.234,11.234,0.172
45,ec.gp.GPIndividual@1263106419{781213232},3C_20_80-03.txt,169.439,0.250,42.360,2,20.719,48.91,10.359,13.203,0.172
45,ec.gp.GPIndividual@1263106419{781213232},3C_20_80-03.txt,169.439,0.250,42.360,3,25.266,59.65,8.422,13.203,0.172
45,ec.gp.GPIndividual@483665563{-536605771},3C_20_50-02.txt,61.404,0.250,15.351,5,15.141,98.63,3.028,6.391,0.359
45,ec.gp.GPIndividual@483665563{-536605771},3C_20_50-03.txt,30.993,0.250,7.748,1,1.016,13.11,1.016,6.391,0.359
45,ec.gp.GPIndividual@1987725621{1080883693},3C_20_50-02.txt,61.404,0.250,15.351,4,13.984,91.10,3.496,9.016,0.516
45,ec.gp.GPIndividual@1987725621{1080883693},3C_20_66-01.txt,7.322,0.250,1.831,1,3.547,193.76,3.547,9.016,0.516
45,ec.gp.GPIndividual@1867144596{305740946},3C_20_50-02.txt,61.404,0.250,15.351,6,12.109,78.88,2.018,4.844,0.484
45,ec.gp.GPIndividual@1867144596{305740946},3C_20_80-01.txt,4.194,0.250,1.049,1,2.000,190.73,2.000,4.844,0.484
45,ec.gp.GPIndividual@1867144596{305740946},3C_20_50-03.txt,30.993,0.250,7.748,5,9.406,121.40,1.881,4.844,0.484
45,ec.gp.GPIndividual@1867144596{305740946},3C_20_66-01.txt,7.322,0.250,1.831,1,1.438,78.53,1.438,4.844,0.484
45,ec.gp.GPIndividual@1867144596{305740946},3C_20_66-02.txt,154.245,0.250,38.561,3,4.016,10.41,1.339,4.844,0.484
45,ec.gp.GPIndividual@1867144596{305740946},3C_20_80-02.txt,35.738,0.250,8.935,2,15.016,168.06,7.508,11.891,0.484
45,ec.gp.GPIndividual@990643272{-1497179},3C_20_50-02.txt,61.404,0.250,15.351,7,13.047,84.99,1.864,2.781,0.344
45,ec.gp.GPIndividual@990643272{-1497179},3C_20_66-02.txt,154.245,0.250,38.561,5,5.984,15.52,1.197,2.781,0.000
45,ec.gp.GPIndividual@990643272{-1497179},3C_20_66-01.txt,7.322,0.250,1.831,2,1.578,86.21,0.789,2.781,0.000
45,ec.gp.GPIndividual@990643272{-1497179},3C_20_66-03.txt,118.340,0.250,29.585,1,2.609,8.82,2.609,2.781,0.000
45,ec.gp.GPIndividual@990643272{-1497179},3C_20_50-03.txt,30.993,0.250,7.748,7,7.547,97.40,1.078,2.781,0.000
45,ec.gp.GPIndividual@990643272{-1497179},3C_20_50-03.txt,30.993,0.250,7.748,4,3.547,45.78,0.887,2.781,0.000
45,ec.gp.GPIndividual@990643272{-1497179},3C_20_66-03.txt,118.340,0.250,29.585,9,29.156,98.55,3.240,6.203,0.000
45,ec.gp.GPIndividual@990643272{-1497179},3C_20_80-01.txt,4.194,0.250,1.049,3,0.891,84.93,0.297,6.203,0.000
45,ec.gp.GPIndividual@990643272{-1497179},3C_20_80-02.txt,35.738,0.250,8.935,3,8.328,93.21,2.776,6.203,0.000
45,ec.gp.GPIndividual@990643272{-1497179},3C_20_80-01.txt,4.194,0.250,1.049,1,2.656,253.31,2.656,6.203,0.000
45,ec.gp.GPIndividual@990643272{-1497179},3C_20_66-01.txt,7.322,0.250,1.831,2,2.609,142.55,1.305,6.203,0.000
45,ec.gp.GPIndividual@990643272{-1497179},3C_20_66-01.txt,7.322,0.250,1.831,3,3.656,199.74,1.219,6.203,0.000
45,ec.gp.GPIndividual@990643272{-1497179},3C_20_80-03.txt,169.439,0.250,42.360,2,0.281,0.66,0.141,6.203,0.000
45,ec.gp.GPIndividual@990643272{-1497179},3C_20_80-02.txt,35.738,0.250,8.935,4,17.328,193.95,4.332,9.422,0.000
45,ec.gp.GPIndividual@990643272{-1497179},3C_20_80-03.txt,169.439,0.250,42.360,4,2.969,7.01,0.742,9.422,0.000
45,ec.gp.GPIndividual@990643272{-1497179},3C_20_66-02.txt,154.245,0.250,38.561,2,3.391,8.79,1.695,9.422,0.000
45,ec.gp.GPIndividual@990643272{-1497179},3C_20_66-02.txt,154.245,0.250,38.561,7,16.531,42.87,2.362,9.422,0.000
45,ec.gp.GPIndividual@1623990308{-518068648},3C_20_50-02.txt,61.404,0.250,15.351,8,14.813,96.49,1.852,5.891,0.328
45,ec.gp.GPIndividual@1623990308{-518068648},3C_20_50-03.txt,30.993,0.250,7.748,3,4.594,59.29,1.531,5.891,0.328
45,ec.gp.GPIndividual@307967725{88758968},3C_20_50-02.txt,61.404,0.250,15.351,3,3.797,24.73,1.266,1.750,0.500
45,ec.gp.GPIndividual@307967725{88758968},3C_20_80-03.txt,169.439,0.250,42.360,6,13.438,31.72,2.240,5.203,0.000
45,ec.gp.GPIndividual@307967725{88758968},3C_20_66-01.txt,7.322,0.250,1.831,2,1.703,93.04,0.852,5.203,0.000
45,ec.gp.GPIndividual@307967725{88758968},3C_20_66-03.txt,118.340,0.250,29.585,2,0.844,2.85,0.422,5.203,0.000
45,ec.gp.GPIndividual@307967725{88758968},3C_20_66-02.txt,154.245,0.250,38.561,3,5.281,13.70,1.760,5.203,0.000
45,ec.gp.GPIndividual@307967725{88758968},3C_20_66-03.txt,118.340,0.250,29.585,6,28.219,95.38,4.703,6.422,0.000
45,ec.gp.GPIndividual@307967725{88758968},3C_20_80-01.txt,4.194,0.250,1.049,1,12.844,1224.82,12.844,12.844,0.000
45,ec.gp.GPIndividual@307967725{88758968},3C_20_66-02.txt,154.245,0.250,38.561,1,2.047,5.31,2.047,12.844,0.000
45,ec.gp.GPIndividual@307967725{88758968},3C_20_80-01.txt,4.194,0.250,1.049,2,0.469,44.70,0.234,12.844,0.000
45,ec.gp.GPIndividual@307967725{88758968},3C_20_80-02.txt,35.738,0.250,8.935,2,8.516,95.31,4.258,12.844,0.000
45,ec.gp.GPIndividual@307967725{88758968},3C_20_50-03.txt,30.993,0.250,7.748,3,11.375,146.81,3.792,12.844,0.000
45,ec.gp.GPIndividual@1178415558{781213232},3C_20_50-02.txt,61.404,0.250,15.351,2,16.094,104.84,8.047,15.750,0.344
45,ec.gp.GPIndividual@1178415558{781213232},3C_20_66-03.txt,118.340,0.250,29.585,2,3.688,12.46,1.844,15.750,0.344
45,ec.gp.GPIndividual@1178415558{781213232},3C_20_80-03.txt,169.439,0.250,42.360,15,40.797,96.31,2.720,15.750,0.344
45,ec.gp.GPIndividual@1178415558{781213232},3C_20_50-03.txt,30.993,0.250,7.748,1,2.359,30.45,2.359,15.750,0.344
45,ec.gp.GPIndividual@1178415558{781213232},3C_20_66-03.txt,118.340,0.250,29.585,2,5.500,18.59,2.750,15.750,0.344
45,ec.gp.GPIndividual@1178415558{781213232},3C_20_80-01.txt,4.194,0.250,1.049,3,1.063,101.32,0.354,15.750,0.172
45,ec.gp.GPIndividual@1178415558{781213232},3C_20_80-02.txt,35.738,0.250,8.935,3,10.844,121.37,3.615,15.750,0.172
45,ec.gp.GPIndividual@64401810{-463636877},3C_20_50-02.txt,61.404,0.250,15.351,5,14.422,93.95,2.884,7.469,0.469
45,ec.gp.GPIndividual@64401810{-463636877},3C_20_80-02.txt,35.738,0.250,8.935,3,9.156,102.48,3.052,7.469,0.469
45,ec.gp.GPIndividual@64401810{-463636877},3C_20_80-01.txt,4.194,0.250,1.049,1,1.578,150.50,1.578,7.469,0.469
45,ec.gp.GPIndividual@64401810{-463636877},3C_20_66-01.txt,7.322,0.250,1.831,2,2.094,114.38,1.047,7.469,0.469
45,ec.gp.GPIndividual@64401810{-463636877},3C_20_80-02.txt,35.738,0.250,8.935,1,0.141,1.57,0.141,7.469,0.141
45,ec.gp.GPIndividual@64401810{-463636877},3C_20_80-03.txt,169.439,0.250,42.360,8,14.172,33.46,1.771,7.469,0.000
45,ec.gp.GPIndividual@64401810{-463636877},3C_20_66-01.txt,7.322,0.250,1.831,2,2.469,134.86,1.234,7.469,0.000
45,ec.gp.GPIndividual@64401810{-463636877},3C_20_66-02.txt,154.245,0.250,38.561,3,2.969,7.70,0.990,7.469,0.000
45,ec.gp.GPIndividual@64401810{-463636877},3C_20_80-03.txt,169.439,0.250,42.360,2,2.906,6.86,1.453,7.469,0.000
45,ec.gp.GPIndividual@64401810{-463636877},3C_20_50-03.txt,30.993,0.250,7.748,4,11.219,144.79,2.805,7.469,0.000
45,ec.gp.GPIndividual@405134101{517215700},3C_20_50-02.txt,61.404,0.250,15.351,9,18.141,118.17,2.016,5.813,0.313
45,ec.gp.GPIndividual@1822447465{1303487632},3C_20_50-02.txt,61.404,0.250,15.351,1,1.250,8.14,1.250,1.250,1.250
45,ec.gp.GPIndividual@1822447465{1303487632},3C_20_66-03.txt,118.340,0.250,29.585,2,2.281,7.71,1.141,1.938,0.344
45,ec.gp.GPIndividual@1822447465{1303487632},3C_20_50-03.txt,30.993,0.250,7.748,1,2.656,34.28,2.656,2.656,0.344
45,ec.gp.GPIndividual@1822447465{1303487632},3C_20_80-03.txt,169.439,0.250,42.360,11,41.391,97.71,3.763,6.031,0.344
45,ec.gp.GPIndividual@1822447465{1303487632},3C_20_66-01.txt,7.322,0.250,1.831,1,3.797,207.42,3.797,6.031,0.344
45,ec.gp.GPIndividual@1822447465{1303487632},3C_20_80-01.txt,4.194,0.250,1.049,2,3.563,339.73,1.781,6.031,0.344
45,ec.gp.GPIndividual@1822447465{1303487632},3C_20_50-03.txt,30.993,0.250,7.748,1,0.156,2.02,0.156,6.031,0.156
45,ec.gp.GPIndividual@1822447465{1303487632},3C_20_66-02.txt,154.245,0.250,38.561,2,4.219,10.94,2.109,6.031,0.156
45,ec.gp.GPIndividual@448335068{428939929},3C_20_50-02.txt,61.404,0.250,15.351,3,7.969,51.91,2.656,6.234,0.516
45,ec.gp.GPIndividual@448335068{428939929},3C_20_66-01.txt,7.322,0.250,1.831,1,2.281,124.62,2.281,6.234,0.516
45,ec.gp.GPIndividual@448335068{428939929},3C_20_66-03.txt,118.340,0.250,29.585,7,21.172,71.56,3.025,12.766,0.000
45,ec.gp.GPIndividual@448335068{428939929},3C_20_66-02.txt,154.245,0.250,38.561,15,39.578,102.64,2.639,12.766,0.000
45,ec.gp.GPIndividual@448335068{428939929},3C_20_50-03.txt,30.993,0.250,7.748,2,5.422,69.98,2.711,12.766,0.000
45,ec.gp.GPIndividual@448335068{428939929},3C_20_80-02.txt,35.738,0.250,8.935,1,1.031,11.54,1.031,12.766,0.000
45,ec.gp.GPIndividual@448335068{428939929},3C_20_66-03.txt,118.340,0.250,29.585,1,1.766,5.97,1.766,12.766,0.000
45,ec.gp.GPIndividual@448335068{428939929},3C_20_80-01.txt,4.194,0.250,1.049,2,0.891,84.93,0.445,12.766,0.000
45,ec.gp.GPIndividual@448335068{428939929},3C_20_80-02.txt,35.738,0.250,8.935,2,9.172,102.66,4.586,12.766,0.000
45,ec.gp.GPIndividual@448335068{428939929},3C_20_66-01.txt,7.322,0.250,1.831,1,3.219,175.84,3.219,12.766,0.000
45,ec.gp.GPIndividual@448335068{428939929},3C_20_66-01.txt,7.322,0.250,1.831,2,8.328,454.95,4.164,12.766,0.000
45,ec.gp.GPIndividual@448335068{428939929},3C_20_66-02.txt,154.245,0.250,38.561,12,21.328,55.31,1.777,12.766,0.000
45,ec.gp.GPIndividual@448335068{428939929},3C_20_66-02.txt,154.245,0.250,38.561,18,35.125,91.09,1.951,12.766,0.000
45,ec.gp.GPIndividual@448335068{428939929},3C_20_80-03.txt,169.439,0.250,42.360,1,5.328,12.58,5.328,12.766,0.000
45,ec.gp.GPIndividual@448335068{428939929},3C_20_66-03.txt,118.340,0.250,29.585,1,8.344,28.20,8.344,12.766,0.000
45,ec.gp.GPIndividual@448335068{428939929},3C_20_80-01.txt,4.194,0.250,1.049,3,1.063,101.32,0.354,12.766,0.000
45,ec.gp.GPIndividual@448335068{428939929},3C_20_80-02.txt,35.738,0.250,8.935,2,15.125,169.29,7.563,12.766,0.000
45,ec.gp.GPIndividual@448335068{428939929},3C_20_66-02.txt,154.245,0.250,38.561,1,12.406,32.17,12.406,12.766,0.000
45,ec.gp.GPIndividual@448335068{428939929},3C_20_80-03.txt,169.439,0.250,42.360,2,4.313,10.18,2.156,12.766,0.000
45,ec.gp.GPIndividual@448335068{428939929},3C_20_66-03.txt,118.340,0.250,29.585,11,33.281,112.49,3.026,12.766,0.000
45,ec.gp.GPIndividual@1769988063{1077276293},3C_20_50-02.txt,61.404,0.250,15.351,0,0.000,0.00,0.000,0.000,0.000
45,ec.gp.GPIndividual@1769988063{1077276293},3C_20_50-03.txt,30.993,0.250,7.748,0,0.000,0.00,0.000,0.000,0.000
45,ec.gp.GPIndividual@1769988063{1077276293},3C_20_66-01.txt,7.322,0.250,1.831,0,0.000,0.00,0.000,0.000,0.000
45,ec.gp.GPIndividual@1769988063{1077276293},3C_20_66-02.txt,154.245,0.250,38.561,0,0.000,0.00,0.000,0.000,0.000
45,ec.gp.GPIndividual@1769988063{1077276293},3C_20_66-03.txt,118.340,0.250,29.585,0,0.000,0.00,0.000,0.000,0.000
45,ec.gp.GPIndividual@1769988063{1077276293},3C_20_80-01.txt,4.194,0.250,1.049,0,0.000,0.00,0.000,0.000,0.000
45,ec.gp.GPIndividual@1769988063{1077276293},3C_20_80-02.txt,35.738,0.250,8.935,0,0.000,0.00,0.000,0.000,0.000
45,ec.gp.GPIndividual@1769988063{1077276293},3C_20_80-03.txt,169.439,0.250,42.360,0,0.000,0.00,0.000,0.000,0.000
45,ec.gp.GPIndividual@179739499{590509319},3C_20_50-02.txt,61.404,0.250,15.351,4,9.328,60.77,2.332,6.156,0.500
45,ec.gp.GPIndividual@179739499{590509319},3C_20_80-03.txt,169.439,0.250,42.360,1,1.719,4.06,1.719,6.156,0.500
45,ec.gp.GPIndividual@179739499{590509319},3C_20_80-01.txt,4.194,0.250,1.049,1,1.563,149.01,1.563,6.156,0.500
45,ec.gp.GPIndividual@179739499{590509319},3C_20_66-03.txt,118.340,0.250,29.585,4,6.578,22.23,1.645,6.156,0.500
45,ec.gp.GPIndividual@179739499{590509319},3C_20_80-01.txt,4.194,0.250,1.049,2,8.438,804.63,4.219,7.906,0.500
45,ec.gp.GPIndividual@1375399715{-1202959178},3C_20_50-02.txt,61.404,0.250,15.351,8,17.031,110.94,2.129,5.359,0.250
45,ec.gp.GPIndividual@1375399715{-1202959178},3C_20_50-03.txt,30.993,0.250,7.748,1,1.031,13.31,1.031,5.359,0.250
45,ec.gp.GPIndividual@1375399715{-1202959178},3C_20_80-02.txt,35.738,0.250,8.935,1,0.422,4.72,0.422,5.359,0.250
45,ec.gp.GPIndividual@1375399715{-1202959178},3C_20_50-03.txt,30.993,0.250,7.748,3,7.516,97.00,2.505,5.359,0.250
45,ec.gp.GPIndividual@1995313727{911745176},3C_20_50-02.txt,61.404,0.250,15.351,3,3.781,24.63,1.260,2.047,0.266
45,ec.gp.GPIndividual@1995313727{911745176},3C_20_80-01.txt,4.194,0.250,1.049,2,1.156,110.26,0.578,2.047,0.141
45,ec.gp.GPIndividual@1995313727{911745176},3C_20_80-03.txt,169.439,0.250,42.360,17,45.797,108.11,2.694,5.516,0.141
45,ec.gp.GPIndividual@1995313727{911745176},3C_20_66-01.txt,7.322,0.250,1.831,1,1.219,66.58,1.219,5.516,0.141
45,ec.gp.GPIndividual@1995313727{911745176},3C_20_66-01.txt,7.322,0.250,1.831,1,0.578,31.58,0.578,5.516,0.141
45,ec.gp.GPIndividual@1995313727{911745176},3C_20_80-02.txt,35.738,0.250,8.935,6,13.391,149.87,2.232,8.156,0.141
45,ec.gp.GPIndividual@1995313727{911745176},3C_20_50-03.txt,30.993,0.250,7.748,3,11.219,144.79,3.740,9.016,0.141
45,ec.gp.GPIndividual@1851216655{1863417062},3C_20_50-02.txt,61.404,0.250,15.351,0,0.000,0.00,0.000,0.000,0.000
45,ec.gp.GPIndividual@1851216655{1863417062},3C_20_50-03.txt,30.993,0.250,7.748,0,0.000,0.00,0.000,0.000,0.000
45,ec.gp.GPIndividual@1851216655{1863417062},3C_20_66-01.txt,7.322,0.250,1.831,0,0.000,0.00,0.000,0.000,0.000
45,ec.gp.GPIndividual@1851216655{1863417062},3C_20_66-02.txt,154.245,0.250,38.561,0,0.000,0.00,0.000,0.000,0.000
45,ec.gp.GPIndividual@1851216655{1863417062},3C_20_66-03.txt,118.340,0.250,29.585,0,0.000,0.00,0.000,0.000,0.000
45,ec.gp.GPIndividual@1851216655{1863417062},3C_20_80-01.txt,4.194,0.250,1.049,0,0.000,0.00,0.000,0.000,0.000
45,ec.gp.GPIndividual@1851216655{1863417062},3C_20_80-02.txt,35.738,0.250,8.935,0,0.000,0.00,0.000,0.000,0.000
45,ec.gp.GPIndividual@1851216655{1863417062},3C_20_80-03.txt,169.439,0.250,42.360,0,0.000,0.00,0.000,0.000,0.000
45,ec.gp.GPIndividual@457583768{-1683806003},3C_20_50-02.txt,61.404,0.250,15.351,1,0.000,0.00,0.000,0.000,0.000
45,ec.gp.GPIndividual@457583768{-1683806003},3C_20_50-03.txt,30.993,0.250,7.748,1,0.000,0.00,0.000,0.000,0.000
45,ec.gp.GPIndividual@457583768{-1683806003},3C_20_66-01.txt,7.322,0.250,1.831,1,0.000,0.00,0.000,0.000,0.000
45,ec.gp.GPIndividual@457583768{-1683806003},3C_20_66-02.txt,154.245,0.250,38.561,1,0.000,0.00,0.000,0.000,0.000
45,ec.gp.GPIndividual@457583768{-1683806003},3C_20_66-03.txt,118.340,0.250,29.585,1,0.000,0.00,0.000,0.000,0.000
45,ec.gp.GPIndividual@457583768{-1683806003},3C_20_80-01.txt,4.194,0.250,1.049,1,0.000,0.00,0.000,0.000,0.000
45,ec.gp.GPIndividual@457583768{-1683806003},3C_20_80-02.txt,35.738,0.250,8.935,1,0.000,0.00,0.000,0.000,0.000
45,ec.gp.GPIndividual@457583768{-1683806003},3C_20_80-03.txt,169.439,0.250,42.360,1,0.000,0.00,0.000,0.000,0.000
45,ec.gp.GPIndividual@1077106172{847913350},3C_20_50-02.txt,61.404,0.250,15.351,7,19.234,125.30,2.748,11.266,0.328
45,ec.gp.GPIndividual@1077106172{847913350},3C_20_66-02.txt,154.245,0.250,38.561,5,11.375,29.50,2.275,11.266,0.328
45,ec.gp.GPIndividual@1077106172{847913350},3C_20_66-03.txt,118.340,0.250,29.585,7,37.141,125.54,5.306,14.781,0.328
45,ec.gp.GPIndividual@1077106172{847913350},3C_20_50-03.txt,30.993,0.250,7.748,1,10.781,139.15,10.781,14.781,0.328
45,ec.gp.GPIndividual@1077106172{847913350},3C_20_66-03.txt,118.340,0.250,29.585,1,8.500,28.73,8.500,14.781,0.328
45,ec.gp.GPIndividual@1077106172{847913350},3C_20_80-01.txt,4.194,0.250,1.049,4,0.953,90.89,0.238,14.781,0.000
45,ec.gp.GPIndividual@1077106172{847913350},3C_20_80-02.txt,35.738,0.250,8.935,2,5.484,61.38,2.742,14.781,0.000
45,ec.gp.GPIndividual@1077106172{847913350},3C_20_80-01.txt,4.194,0.250,1.049,3,0.891,84.93,0.297,14.781,0.000
45,ec.gp.GPIndividual@1077106172{847913350},3C_20_80-02.txt,35.738,0.250,8.935,5,9.313,104.23,1.863,14.781,0.000
45,ec.gp.GPIndividual@1077106172{847913350},3C_20_66-01.txt,7.322,0.250,1.831,3,3.406,186.08,1.135,14.781,0.000
45,ec.gp.GPIndividual@1077106172{847913350},3C_20_80-01.txt,4.194,0.250,1.049,2,0.656,62.58,0.328,14.781,0.000
45,ec.gp.GPIndividual@1077106172{847913350},3C_20_80-03.txt,169.439,0.250,42.360,3,1.438,3.39,0.479,14.781,0.000
45,ec.gp.GPIndividual@1077106172{847913350},3C_20_80-03.txt,169.439,0.250,42.360,13,44.250,104.46,3.404,15.047,0.000
45,ec.gp.GPIndividual@1077106172{847913350},3C_20_66-02.txt,154.245,0.250,38.561,1,14.031,36.39,14.031,15.047,0.000
45,ec.gp.GPIndividual@1179366046{851420871},3C_20_50-02.txt,61.404,0.250,15.351,1,10.344,67.38,10.344,10.344,10.344
45,ec.gp.GPIndividual@1179366046{851420871},3C_20_80-02.txt,35.738,0.250,8.935,10,8.734,97.76,0.873,10.344,0.203
45,ec.gp.GPIndividual@1179366046{851420871},3C_20_80-03.txt,169.439,0.250,42.360,3,6.750,15.93,2.250,10.344,0.203
45,ec.gp.GPIndividual@1650227331{-1178957627},3C_20_50-02.txt,61.404,0.250,15.351,1,0.031,0.20,0.031,0.031,0.031
45,ec.gp.GPIndividual@1650227331{-1178957627},3C_20_50-03.txt,30.993,0.250,7.748,1,0.578,7.46,0.578,0.578,0.031
45,ec.gp.GPIndividual@1650227331{-1178957627},3C_20_66-01.txt,7.322,0.250,1.831,1,0.125,6.83,0.125,0.578,0.031
45,ec.gp.GPIndividual@1650227331{-1178957627},3C_20_66-02.txt,154.245,0.250,38.561,1,0.328,0.85,0.328,0.578,0.031
45,ec.gp.GPIndividual@1650227331{-1178957627},3C_20_66-03.txt,118.340,0.250,29.585,1,0.813,2.75,0.813,0.813,0.031
45,ec.gp.GPIndividual@1650227331{-1178957627},3C_20_80-01.txt,4.194,0.250,1.049,1,0.188,17.88,0.188,0.813,0.031
45,ec.gp.GPIndividual@1650227331{-1178957627},3C_20_80-02.txt,35.738,0.250,8.935,1,0.281,3.15,0.281,0.813,0.031
45,ec.gp.GPIndividual@1650227331{-1178957627},3C_20_80-03.txt,169.439,0.250,42.360,1,0.781,1.84,0.781,0.813,0.031
46,ec.gp.GPIndividual@212426942{503853520},3C_20_50-02.txt,61.404,0.250,15.351,0,0.000,0.00,0.000,0.000,0.000
46,ec.gp.GPIndividual@212426942{503853520},3C_20_50-03.txt,30.993,0.250,7.748,0,0.000,0.00,0.000,0.000,0.000
46,ec.gp.GPIndividual@212426942{503853520},3C_20_66-01.txt,7.322,0.250,1.831,0,0.000,0.00,0.000,0.000,0.000
46,ec.gp.GPIndividual@212426942{503853520},3C_20_66-02.txt,154.245,0.250,38.561,0,0.000,0.00,0.000,0.000,0.000
46,ec.gp.GPIndividual@212426942{503853520},3C_20_66-03.txt,118.340,0.250,29.585,0,0.000,0.00,0.000,0.000,0.000
46,ec.gp.GPIndividual@212426942{503853520},3C_20_80-01.txt,4.194,0.250,1.049,0,0.000,0.00,0.000,0.000,0.000
46,ec.gp.GPIndividual@212426942{503853520},3C_20_80-02.txt,35.738,0.250,8.935,0,0.000,0.00,0.000,0.000,0.000
46,ec.gp.GPIndividual@212426942{503853520},3C_20_80-03.txt,169.439,0.250,42.360,0,0.000,0.00,0.000,0.000,0.000
46,ec.gp.GPIndividual@72713568{1126492500},3C_20_50-02.txt,61.404,0.250,15.351,0,0.000,0.00,0.000,0.000,0.000
46,ec.gp.GPIndividual@72713568{1126492500},3C_20_50-03.txt,30.993,0.250,7.748,0,0.000,0.00,0.000,0.000,0.000
46,ec.gp.GPIndividual@72713568{1126492500},3C_20_66-01.txt,7.322,0.250,1.831,0,0.000,0.00,0.000,0.000,0.000
46,ec.gp.GPIndividual@72713568{1126492500},3C_20_66-02.txt,154.245,0.250,38.561,0,0.000,0.00,0.000,0.000,0.000
46,ec.gp.GPIndividual@72713568{1126492500},3C_20_66-03.txt,118.340,0.250,29.585,0,0.000,0.00,0.000,0.000,0.000
46,ec.gp.GPIndividual@72713568{1126492500},3C_20_80-01.txt,4.194,0.250,1.049,0,0.000,0.00,0.000,0.000,0.000
46,ec.gp.GPIndividual@72713568{1126492500},3C_20_80-02.txt,35.738,0.250,8.935,0,0.000,0.00,0.000,0.000,0.000
46,ec.gp.GPIndividual@72713568{1126492500},3C_20_80-03.txt,169.439,0.250,42.360,0,0.000,0.00,0.000,0.000,0.000
46,ec.gp.GPIndividual@181466366{1927191834},3C_20_50-02.txt,61.404,0.250,15.351,15,14.703,95.78,0.980,1.984,0.000
46,ec.gp.GPIndividual@181466366{1927191834},3C_20_50-03.txt,30.993,0.250,7.748,4,8.891,114.75,2.223,2.406,0.000
46,ec.gp.GPIndividual@181466366{1927191834},3C_20_50-03.txt,30.993,0.250,7.748,8,9.813,126.64,1.227,2.547,0.000
46,ec.gp.GPIndividual@181466366{1927191834},3C_20_50-03.txt,30.993,0.250,7.748,3,5.109,65.94,1.703,3.188,0.000
46,ec.gp.GPIndividual@181466366{1927191834},3C_20_50-03.txt,30.993,0.250,7.748,2,1.344,17.34,0.672,3.188,0.000
46,ec.gp.GPIndividual@181466366{1927191834},3C_20_50-03.txt,30.993,0.250,7.748,4,9.859,127.25,2.465,3.188,0.000
46,ec.gp.GPIndividual@181466366{1927191834},3C_20_50-03.txt,30.993,0.250,7.748,2,1.250,16.13,0.625,3.188,0.000
46,ec.gp.GPIndividual@181466366{1927191834},3C_20_66-01.txt,7.322,0.250,1.831,1,3.156,172.42,3.156,3.188,0.000
46,ec.gp.GPIndividual@181466366{1927191834},3C_20_66-01.txt,7.322,0.250,1.831,1,3.156,172.42,3.156,3.188,0.000
46,ec.gp.GPIndividual@181466366{1927191834},3C_20_66-01.txt,7.322,0.250,1.831,1,3.156,172.42,3.156,3.188,0.000
46,ec.gp.GPIndividual@181466366{1927191834},3C_20_66-01.txt,7.322,0.250,1.831,5,2.766,151.08,0.553,3.188,0.000
46,ec.gp.GPIndividual@181466366{1927191834},3C_20_66-02.txt,154.245,0.250,38.561,8,11.188,29.01,1.398,3.188,0.000
46,ec.gp.GPIndividual@181466366{1927191834},3C_20_66-01.txt,7.322,0.250,1.831,1,2.438,133.16,2.438,3.188,0.000
46,ec.gp.GPIndividual@181466366{1927191834},3C_20_66-03.txt,118.340,0.250,29.585,4,5.031,17.01,1.258,3.188,0.000
46,ec.gp.GPIndividual@181466366{1927191834},3C_20_66-02.txt,154.245,0.250,38.561,15,40.500,105.03,2.700,10.438,0.000
46,ec.gp.GPIndividual@181466366{1927191834},3C_20_66-02.txt,154.245,0.250,38.561,3,13.328,34.56,4.443,10.438,0.000
46,ec.gp.GPIndividual@181466366{1927191834},3C_20_80-01.txt,4.194,0.250,1.049,1,5.109,487.25,5.109,10.438,0.000
46,ec.gp.GPIndividual@181466366{1927191834},3C_20_66-03.txt,118.340,0.250,29.585,9,30.734,103.89,3.415,12.578,0.000
46,ec.gp.GPIndividual@181466366{1927191834},3C_20_66-02.txt,154.245,0.250,38.561,0,0.000,0.00,0.000,12.578,0.000
46,ec.gp.GPIndividual@181466366{1927191834},3C_20_80-02.txt,35.738,0.250,8.935,1,1.406,15.74,1.406,12.578,0.000
46,ec.gp.GPIndividual@181466366{1927191834},3C_20_66-03.txt,118.340,0.250,29.585,8,31.844,107.64,3.980,12.578,0.000
46,ec.gp.GPIndividual@181466366{1927191834},3C_20_66-02.txt,154.245,0.250,38.561,10,28.688,74.39,2.869,12.578,0.000
46,ec.gp.GPIndividual@181466366{1927191834},3C_20_66-01.txt,7.322,0.250,1.831,1,3.594,196.32,3.594,12.578,0.000
46,ec.gp.GPIndividual@181466366{1927191834},3C_20_80-01.txt,4.194,0.250,1.049,2,1.891,180.30,0.945,12.578,0.000
46,ec.gp.GPIndividual@181466366{1927191834},3C_20_66-03.txt,118.340,0.250,29.585,6,6.797,22.97,1.133,12.578,0.000
46,ec.gp.GPIndividual@181466366{1927191834},3C_20_80-02.txt,35.738,0.250,8.935,4,12.453,139.38,3.113,12.578,0.000
46,ec.gp.GPIndividual@181466366{1927191834},3C_20_66-03.txt,118.340,0.250,29.585,1,8.250,27.89,8.250,12.578,0.000
46,ec.gp.GPIndividual@181466366{1927191834},3C_20_80-03.txt,169.439,0.250,42.360,5,24.563,57.99,4.913,13.469,0.000
46,ec.gp.GPIndividual@181466366{1927191834},3C_20_80-01.txt,4.194,0.250,1.049,2,1.969,187.75,0.984,13.469,0.000
46,ec.gp.GPIndividual@181466366{1927191834},3C_20_80-03.txt,169.439,0.250,42.360,6,18.266,43.12,3.044,13.469,0.000
46,ec.gp.GPIndividual@181466366{1927191834},3C_20_80-02.txt,35.738,0.250,8.935,3,11.938,133.61,3.979,13.469,0.000
46,ec.gp.GPIndividual@294938744{2069506040},3C_20_50-02.txt,61.404,0.250,15.351,3,3.063,19.95,1.021,1.281,0.516
46,ec.gp.GPIndividual@294938744{2069506040},3C_20_80-01.txt,4.194,0.250,1.049,3,1.063,101.32,0.354,1.281,0.172
46,ec.gp.GPIndividual@294938744{2069506040},3C_20_80-02.txt,35.738,0.250,8.935,5,9.656,108.08,1.931,2.344,0.172
46,ec.gp.GPIndividual@294938744{2069506040},3C_20_50-03.txt,30.993,0.250,7.748,1,13.219,170.61,13.219,13.219,0.172
46,ec.gp.GPIndividual@294938744{2069506040},3C_20_66-02.txt,154.245,0.250,38.561,1,0.688,1.78,0.688,13.219,0.172
46,ec.gp.GPIndividual@294938744{2069506040},3C_20_80-03.txt,169.439,0.250,42.360,1,1.531,3.61,1.531,13.219,0.172
46,ec.gp.GPIndividual@294938744{2069506040},3C_20_80-03.txt,169.439,0.250,42.360,1,10.422,24.60,10.422,13.219,0.172
46,ec.gp.GPIndividual@1814634071{1376122376},3C_20_50-02.txt,61.404,0.250,15.351,6,24.734,161.12,4.122,15.516,0.344
46,ec.gp.GPIndividual@1814634071{1376122376},3C_20_80-01.txt,4.194,0.250,1.049,1,1.422,135.59,1.422,15.516,0.344
46,ec.gp.GPIndividual@1814634071{1376122376},3C_20_66-03.txt,118.340,0.250,29.585,6,19.906,67.29,3.318,15.516,0.344
46,ec.gp.GPIndividual@1814634071{1376122376},3C_20_66-01.txt,7.322,0.250,1.831,2,2.484,135.72,1.242,15.516,0.344
46,ec.gp.GPIndividual@1814634071{1376122376},3C_20_80-02.txt,35.738,0.250,8.935,1,0.516,5.77,0.516,15.516,0.344
46,ec.gp.GPIndividual@1814634071{1376122376},3C_20_66-02.txt,154.245,0.250,38.561,1,2.469,6.40,2.469,15.516,0.344
46,ec.gp.GPIndividual@1814634071{1376122376},3C_20_50-03.txt,30.993,0.250,7.748,3,10.594,136.73,3.531,15.516,0.344
46,ec.gp.GPIndividual@1814634071{1376122376},3C_20_80-01.txt,4.194,0.250,1.049,1,1.313,125.16,1.313,15.516,0.344
46,ec.gp.GPIndividual@1814634071{1376122376},3C_20_80-03.txt,169.439,0.250,42.360,2,1.906,4.50,0.953,15.516,0.344
46,ec.gp.GPIndividual@1814634071{1376122376},3C_20_66-03.txt,118.340,0.250,29.585,2,10.219,34.54,5.109,15.516,0.344
46,ec.gp.GPIndividual@1176869033{694962016},3C_20_50-02.txt,61.404,0.250,15.351,4,12.547,81.73,3.137,9.328,0.344
46,ec.gp.GPIndividual@85543118{-555661065},3C_20_50-02.txt,61.404,0.250,15.351,2,2.266,14.76,1.133,1.844,0.422
46,ec.gp.GPIndividual@85543118{-555661065},3C_20_50-03.txt,30.993,0.250,7.748,2,10.219,131.89,5.109,6.000,0.422
46,ec.gp.GPIndividual@631790142{-1436298458},3C_20_50-02.txt,61.404,0.250,15.351,6,17.625,114.81,2.938,6.156,0.500
46,ec.gp.GPIndividual@631790142{-1436298458},3C_20_66-01.txt,7.322,0.250,1.831,1,0.531,29.02,0.531,6.156,0.500
46,ec.gp.GPIndividual@631790142{-1436298458},3C_20_80-02.txt,35.738,0.250,8.935,1,0.875,9.79,0.875,6.156,0.500
46,ec.gp.GPIndividual@631790142{-1436298458},3C_20_66-02.txt,154.245,0.250,38.561,2,3.656,9.48,1.828,6.156,0.500
46,ec.gp.GPIndividual@631790142{-1436298458},3C_20_80-01.txt,4.194,0.250,1.049,2,0.875,83.44,0.438,6.156,0.344
46,ec.gp.GPIndividual@631790142{-1436298458},3C_20_80-02.txt,35.738,0.250,8.935,3,7.359,82.37,2.453,6.156,0.344
46,ec.gp.GPIndividual@631790142{-1436298458},3C_20_66-03.txt,118.340,0.250,29.585,5,13.797,46.63,2.759,6.156,0.344
46,ec.gp.GPIndividual@631790142{-1436298458},3C_20_66-01.txt,7.322,0.250,1.831,0,0.000,0.00,0.000,6.156,0.344
46,ec.gp.GPIndividual@631790142{-1436298458},3C_20_50-03.txt,30.993,0.250,7.748,5,7.250,93.57,1.450,6.156,0.344
46,ec.gp.GPIndividual@631790142{-1436298458},3C_20_50-03.txt,30.993,0.250,7.748,6,8.938,115.35,1.490,6.156,0.344
46,ec.gp.GPIndividual@631790142{-1436298458},3C_20_66-02.txt,154.245,0.250,38.561,3,9.313,24.15,3.104,6.313,0.344
46,ec.gp.GPIndividual@631790142{-1436298458},3C_20_80-01.txt,4.194,0.250,1.049,1,3.172,302.48,3.172,6.313,0.344
46,ec.gp.GPIndividual@631790142{-1436298458},3C_20_66-01.txt,7.322,0.250,1.831,1,0.500,27.31,0.500,6.313,0.344
46,ec.gp.GPIndividual@631790142{-1436298458},3C_20_80-02.txt,35.738,0.250,8.935,6,9.516,106.50,1.586,6.313,0.344
46,ec.gp.GPIndividual@631790142{-1436298458},3C_20_80-03.txt,169.439,0.250,42.360,3,6.438,15.20,2.146,6.313,0.344
46,ec.gp.GPIndividual@631790142{-1436298458},3C_20_66-02.txt,154.245,0.250,38.561,1,2.813,7.29,2.813,6.313,0.344
46,ec.gp.GPIndividual@631790142{-1436298458},3C_20_80-03.txt,169.439,0.250,42.360,1,1.422,3.36,1.422,6.313,0.344
46,ec.gp.GPIndividual@631790142{-1436298458},3C_20_66-03.txt,118.340,0.250,29.585,4,12.031,40.67,3.008,6.531,0.344
46,ec.gp.GPIndividual@871703518{-1521821984},3C_20_50-02.txt,61.404,0.250,15.351,2,7.016,45.70,3.508,6.516,0.500
46,ec.gp.GPIndividual@871703518{-1521821984},3C_20_66-01.txt,7.322,0.250,1.831,1,6.172,337.16,6.172,6.516,0.500
46,ec.gp.GPIndividual@269320873{306056567},3C_20_50-02.txt,61.404,0.250,15.351,0,0.000,0.00,0.000,0.000,0.000
46,ec.gp.GPIndividual@269320873{306056567},3C_20_50-03.txt,30.993,0.250,7.748,0,0.000,0.00,0.000,0.000,0.000
46,ec.gp.GPIndividual@269320873{306056567},3C_20_66-01.txt,7.322,0.250,1.831,0,0.000,0.00,0.000,0.000,0.000
46,ec.gp.GPIndividual@269320873{306056567},3C_20_66-02.txt,154.245,0.250,38.561,0,0.000,0.00,0.000,0.000,0.000
46,ec.gp.GPIndividual@269320873{306056567},3C_20_66-03.txt,118.340,0.250,29.585,0,0.000,0.00,0.000,0.000,0.000
46,ec.gp.GPIndividual@269320873{306056567},3C_20_80-01.txt,4.194,0.250,1.049,0,0.000,0.00,0.000,0.000,0.000
46,ec.gp.GPIndividual@269320873{306056567},3C_20_80-02.txt,35.738,0.250,8.935,0,0.000,0.00,0.000,0.000,0.000
46,ec.gp.GPIndividual@269320873{306056567},3C_20_80-03.txt,169.439,0.250,42.360,0,0.000,0.00,0.000,0.000,0.000
46,ec.gp.GPIndividual@1201542168{1109698375},3C_20_50-02.txt,61.404,0.250,15.351,3,12.203,79.49,4.068,9.188,0.281
46,ec.gp.GPIndividual@1201542168{1109698375},3C_20_80-01.txt,4.194,0.250,1.049,1,1.922,183.28,1.922,9.188,0.281
46,ec.gp.GPIndividual@1201542168{1109698375},3C_20_66-03.txt,118.340,0.250,29.585,7,14.453,48.85,2.065,9.188,0.281
46,ec.gp.GPIndividual@1201542168{1109698375},3C_20_80-01.txt,4.194,0.250,1.049,1,3.500,333.77,3.500,9.188,0.281
46,ec.gp.GPIndividual@1201542168{1109698375},3C_20_66-01.txt,7.322,0.250,1.831,1,4.641,253.51,4.641,9.188,0.281
46,ec.gp.GPIndividual@1201542168{1109698375},3C_20_80-01.txt,4.194,0.250,1.049,3,3.172,302.48,1.057,9.188,0.266
46,ec.gp.GPIndividual@1201542168{1109698375},3C_20_50-03.txt,30.993,0.250,7.748,2,0.125,1.61,0.063,9.188,0.000
46,ec.gp.GPIndividual@1201542168{1109698375},3C_20_80-02.txt,35.738,0.250,8.935,8,8.594,96.19,1.074,9.188,0.000
46,ec.gp.GPIndividual@1201542168{1109698375},3C_20_80-03.txt,169.439,0.250,42.360,4,6.641,15.68,1.660,9.188,0.000
46,ec.gp.GPIndividual@1201542168{1109698375},3C_20_66-01.txt,7.322,0.250,1.831,4,1.719,93.89,0.430,9.188,0.000
46,ec.gp.GPIndividual@1201542168{1109698375},3C_20_66-02.txt,154.245,0.250,38.561,2,2.750,7.13,1.375,9.188,0.000
46,ec.gp.GPIndividual@1201542168{1109698375},3C_20_80-02.txt,35.738,0.250,8.935,6,9.016,100.91,1.503,9.188,0.000
46,ec.gp.GPIndividual@1201542168{1109698375},3C_20_80-02.txt,35.738,0.250,8.935,6,9.078,101.61,1.513,9.188,0.000
46,ec.gp.GPIndividual@1201542168{1109698375},3C_20_66-03.txt,118.340,0.250,29.585,1,1.188,4.01,1.188,9.188,0.000
46,ec.gp.GPIndividual@1201542168{1109698375},3C_20_80-03.txt,169.439,0.250,42.360,2,1.688,3.98,0.844,9.188,0.000
46,ec.gp.GPIndividual@842983539{1838252079},3C_20_50-02.txt,61.404,0.250,15.351,9,17.938,116.85,1.993,4.750,0.250
46,ec.gp.GPIndividual@663662945{781213232},3C_20_50-02.txt,61.404,0.250,15.351,3,2.625,17.10,0.875,1.344,0.266
46,ec.gp.GPIndividual@663662945{781213232},3C_20_80-01.txt,4.194,0.250,1.049,4,0.859,81.95,0.215,1.344,0.000
46,ec.gp.GPIndividual@663662945{781213232},3C_20_80-02.txt,35.738,0.250,8.935,6,11.172,125.04,1.862,2.734,0.000
46,ec.gp.GPIndividual@663662945{781213232},3C_20_50-03.txt,30.993,0.250,7.748,1,0.266,3.43,0.266,2.734,0.000
46,ec.gp.GPIndividual@663662945{781213232},3C_20_80-03.txt,169.439,0.250,42.360,2,6.453,15.23,3.227,5.750,0.000
46,ec.gp.GPIndividual@663662945{781213232},3C_20_80-03.txt,169.439,0.250,42.360,7,35.250,83.22,5.036,16.938,0.000
46,ec.gp.GPIndividual@663662945{781213232},3C_20_66-02.txt,154.245,0.250,38.561,7,24.078,62.44,3.440,16.938,0.000
46,ec.gp.GPIndividual@1823297049{-168218376},3C_20_50-02.txt,61.404,0.250,15.351,1,12.891,83.97,12.891,12.891,12.891
46,ec.gp.GPIndividual@1323397288{-382075802},3C_20_50-02.txt,61.404,0.250,15.351,3,16.641,108.40,5.547,16.078,0.266
46,ec.gp.GPIndividual@1323397288{-382075802},3C_20_50-03.txt,30.993,0.250,7.748,3,10.266,132.49,3.422,16.078,0.266
46,ec.gp.GPIndividual@1323397288{-382075802},3C_20_66-01.txt,7.322,0.250,1.831,2,2.703,147.67,1.352,16.078,0.266
46,ec.gp.GPIndividual@1323397288{-382075802},3C_20_50-03.txt,30.993,0.250,7.748,5,7.234,93.37,1.447,16.078,0.266
46,ec.gp.GPIndividual@1323397288{-382075802},3C_20_66-02.txt,154.245,0.250,38.561,5,18.656,48.38,3.731,16.078,0.266
46,ec.gp.GPIndividual@1323397288{-382075802},3C_20_66-03.txt,118.340,0.250,29.585,3,7.969,26.94,2.656,16.078,0.266
46,ec.gp.GPIndividual@1323397288{-382075802},3C_20_50-03.txt,30.993,0.250,7.748,5,8.109,104.66,1.622,16.078,0.266
46,ec.gp.GPIndividual@1323397288{-382075802},3C_20_66-03.txt,118.340,0.250,29.585,2,0.281,0.95,0.141,16.078,0.000
46,ec.gp.GPIndividual@1323397288{-382075802},3C_20_66-01.txt,7.322,0.250,1.831,2,3.859,210.83,1.930,16.078,0.000
46,ec.gp.GPIndividual@1323397288{-382075802},3C_20_66-01.txt,7.322,0.250,1.831,1,5.047,275.70,5.047,16.078,0.000
46,ec.gp.GPIndividual@1323397288{-382075802},3C_20_80-01.txt,4.194,0.250,1.049,2,1.000,95.36,0.500,16.078,0.000
46,ec.gp.GPIndividual@1323397288{-382075802},3C_20_80-01.txt,4.194,0.250,1.049,2,1.000,95.36,0.500,16.078,0.000
46,ec.gp.GPIndividual@1323397288{-382075802},3C_20_66-02.txt,154.245,0.250,38.561,1,4.594,11.91,4.594,16.078,0.000
46,ec.gp.GPIndividual@1323397288{-382075802},3C_20_66-01.txt,7.322,0.250,1.831,3,1.938,105.84,0.646,16.078,0.000
46,ec.gp.GPIndividual@1323397288{-382075802},3C_20_66-02.txt,154.245,0.250,38.561,1,0.281,0.73,0.281,16.078,0.000
46,ec.gp.GPIndividual@1323397288{-382075802},3C_20_66-02.txt,154.245,0.250,38.561,23,36.594,94.90,1.591,16.078,0.000
46,ec.gp.GPIndividual@1323397288{-382075802},3C_20_66-03.txt,118.340,0.250,29.585,1,2.016,6.81,2.016,16.078,0.000
46,ec.gp.GPIndividual@1323397288{-382075802},3C_20_66-03.txt,118.340,0.250,29.585,2,6.547,22.13,3.273,16.078,0.000
46,ec.gp.GPIndividual@1323397288{-382075802},3C_20_80-03.txt,169.439,0.250,42.360,1,5.078,11.99,5.078,16.078,0.000
46,ec.gp.GPIndividual@1323397288{-382075802},3C_20_80-01.txt,4.194,0.250,1.049,4,0.875,83.44,0.219,16.078,0.000
46,ec.gp.GPIndividual@1323397288{-382075802},3C_20_80-02.txt,35.738,0.250,8.935,3,11.484,128.54,3.828,16.078,0.000
46,ec.gp.GPIndividual@1323397288{-382075802},3C_20_80-01.txt,4.194,0.250,1.049,2,1.031,98.34,0.516,16.078,0.000
46,ec.gp.GPIndividual@1323397288{-382075802},3C_20_80-03.txt,169.439,0.250,42.360,3,6.453,15.23,2.151,16.078,0.000
46,ec.gp.GPIndividual@1323397288{-382075802},3C_20_80-01.txt,4.194,0.250,1.049,2,1.297,123.67,0.648,16.078,0.000
46,ec.gp.GPIndividual@1323397288{-382075802},3C_20_80-02.txt,35.738,0.250,8.935,4,4.031,45.12,1.008,16.078,0.000
46,ec.gp.GPIndividual@1323397288{-382075802},3C_20_80-02.txt,35.738,0.250,8.935,5,8.766,98.11,1.753,16.078,0.000
46,ec.gp.GPIndividual@1323397288{-382075802},3C_20_80-03.txt,169.439,0.250,42.360,1,0.875,2.07,0.875,16.078,0.000
46,ec.gp.GPIndividual@1323397288{-382075802},3C_20_80-03.txt,169.439,0.250,42.360,1,10.922,25.78,10.922,16.078,0.000
46,ec.gp.GPIndividual@1323397288{-382075802},3C_20_66-03.txt,118.340,0.250,29.585,1,1.484,5.02,1.484,16.078,0.000
46,ec.gp.GPIndividual@208490652{-1933877893},3C_20_50-02.txt,61.404,0.250,15.351,2,1.766,11.50,0.883,1.516,0.250
46,ec.gp.GPIndividual@208490652{-1933877893},3C_20_50-03.txt,30.993,0.250,7.748,2,9.375,121.00,4.688,4.688,0.250
46,ec.gp.GPIndividual@208490652{-1933877893},3C_20_80-01.txt,4.194,0.250,1.049,1,3.203,305.46,3.203,4.688,0.250
46,ec.gp.GPIndividual@208490652{-1933877893},3C_20_66-01.txt,7.322,0.250,1.831,1,5.094,278.26,5.094,5.094,0.250
46,ec.gp.GPIndividual@554422596{133300711},3C_20_50-02.txt,61.404,0.250,15.351,1,1.297,8.45,1.297,1.297,1.297
46,ec.gp.GPIndividual@913009349{-1958188374},3C_20_50-02.txt,61.404,0.250,15.351,5,2.063,13.44,0.413,0.781,0.000
46,ec.gp.GPIndividual@913009349{-1958188374},3C_20_66-02.txt,154.245,0.250,38.561,6,7.406,19.21,1.234,1.484,0.000
46,ec.gp.GPIndividual@913009349{-1958188374},3C_20_66-03.txt,118.340,0.250,29.585,2,16.813,56.83,8.406,14.922,0.000
46,ec.gp.GPIndividual@2047166338{1458035150},3C_20_50-02.txt,61.404,0.250,15.351,1,2.047,13.33,2.047,2.047,2.047
46,ec.gp.GPIndividual@2047166338{1458035150},3C_20_50-03.txt,30.993,0.250,7.748,7,8.156,105.27,1.165,2.906,0.141
46,ec.gp.GPIndividual@2047166338{1458035150},3C_20_50-03.txt,30.993,0.250,7.748,2,3.438,44.37,1.719,3.328,0.109
46,ec.gp.GPIndividual@2047166338{1458035150},3C_20_80-02.txt,35.738,0.250,8.935,1,1.422,15.91,1.422,3.328,0.109
46,ec.gp.GPIndividual@2047166338{1458035150},3C_20_50-03.txt,30.993,0.250,7.748,3,6.672,86.11,2.224,3.328,0.109
46,ec.gp.GPIndividual@2047166338{1458035150},3C_20_80-01.txt,4.194,0.250,1.049,2,0.438,41.72,0.219,3.328,0.000
46,ec.gp.GPIndividual@2047166338{1458035150},3C_20_80-02.txt,35.738,0.250,8.935,3,2.750,30.78,0.917,3.328,0.000
46,ec.gp.GPIndividual@2047166338{1458035150},3C_20_66-01.txt,7.322,0.250,1.831,2,3.828,209.12,1.914,3.328,0.000
46,ec.gp.GPIndividual@2047166338{1458035150},3C_20_66-01.txt,7.322,0.250,1.831,2,1.391,75.97,0.695,3.328,0.000
46,ec.gp.GPIndividual@2047166338{1458035150},3C_20_80-03.txt,169.439,0.250,42.360,4,2.359,5.57,0.590,3.328,0.000
46,ec.gp.GPIndividual@2047166338{1458035150},3C_20_66-02.txt,154.245,0.250,38.561,11,21.219,55.03,1.929,4.281,0.000
46,ec.gp.GPIndividual@2047166338{1458035150},3C_20_66-03.txt,118.340,0.250,29.585,1,4.953,16.74,4.953,4.953,0.000
46,ec.gp.GPIndividual@557394223{1927406647},3C_20_50-02.txt,61.404,0.250,15.351,3,10.703,69.72,3.568,5.688,0.266
46,ec.gp.GPIndividual@557394223{1927406647},3C_20_80-01.txt,4.194,0.250,1.049,3,0.859,81.95,0.286,5.688,0.000
46,ec.gp.GPIndividual@557394223{1927406647},3C_20_80-02.txt,35.738,0.250,8.935,2,3.125,34.98,1.563,5.688,0.000
46,ec.gp.GPIndividual@557394223{1927406647},3C_20_80-03.txt,169.439,0.250,42.360,2,6.125,14.46,3.063,5.688,0.000
46,ec.gp.GPIndividual@557394223{1927406647},3C_20_66-01.txt,7.322,0.250,1.831,2,12.141,663.22,6.070,11.359,0.000
46,ec.gp.GPIndividual@557394223{1927406647},3C_20_80-03.txt,169.439,0.250,42.360,2,11.375,26.85,5.688,11.359,0.000
46,ec.gp.GPIndividual@557394223{1927406647},3C_20_66-02.txt,154.245,0.250,38.561,3,8.766,22.73,2.922,11.359,0.000
46,ec.gp.GPIndividual@1463978732{401287001},3C_20_50-02.txt,61.404,0.250,15.351,0,0.000,0.00,0.000,0.000,0.000
46,ec.gp.GPIndividual@1463978732{401287001},3C_20_50-03.txt,30.993,0.250,7.748,0,0.000,0.00,0.000,0.000,0.000
46,ec.gp.GPIndividual@1463978732{401287001},3C_20_66-01.txt,7.322,0.250,1.831,0,0.000,0.00,0.000,0.000,0.000
46,ec.gp.GPIndividual@1463978732{401287001},3C_20_66-02.txt,154.245,0.250,38.561,0,0.000,0.00,0.000,0.000,0.000
46,ec.gp.GPIndividual@1463978732{401287001},3C_20_66-03.txt,118.340,0.250,29.585,0,0.000,0.00,0.000,0.000,0.000
46,ec.gp.GPIndividual@1463978732{401287001},3C_20_80-01.txt,4.194,0.250,1.049,0,0.000,0.00,0.000,0.000,0.000
46,ec.gp.GPIndividual@1463978732{401287001},3C_20_80-02.txt,35.738,0.250,8.935,0,0.000,0.00,0.000,0.000,0.000
46,ec.gp.GPIndividual@1463978732{401287001},3C_20_80-03.txt,169.439,0.250,42.360,0,0.000,0.00,0.000,0.000,0.000
46,ec.gp.GPIndividual@1028169853{781213232},3C_20_50-02.txt,61.404,0.250,15.351,9,16.609,108.20,1.845,4.797,0.438
46,ec.gp.GPIndividual@1714913937{556482278},3C_20_50-02.txt,61.404,0.250,15.351,2,2.203,14.35,1.102,1.344,0.859
46,ec.gp.GPIndividual@1714913937{556482278},3C_20_66-03.txt,118.340,0.250,29.585,6,18.844,63.69,3.141,12.656,0.000
46,ec.gp.GPIndividual@1714913937{556482278},3C_20_66-02.txt,154.245,0.250,38.561,5,25.063,64.99,5.013,14.609,0.000
46,ec.gp.GPIndividual@1714913937{556482278},3C_20_50-03.txt,30.993,0.250,7.748,3,6.172,79.66,2.057,14.609,0.000
46,ec.gp.GPIndividual@1714913937{556482278},3C_20_80-01.txt,4.194,0.250,1.049,1,1.344,128.14,1.344,14.609,0.000
46,ec.gp.GPIndividual@1714913937{556482278},3C_20_66-03.txt,118.340,0.250,29.585,4,14.625,49.43,3.656,14.609,0.000
46,ec.gp.GPIndividual@1714913937{556482278},3C_20_50-03.txt,30.993,0.250,7.748,3,9.594,123.82,3.198,14.609,0.000
46,ec.gp.GPIndividual@1714913937{556482278},3C_20_80-01.txt,4.194,0.250,1.049,1,2.734,260.76,2.734,14.609,0.000
46,ec.gp.GPIndividual@1714913937{556482278},3C_20_80-02.txt,35.738,0.250,8.935,3,5.000,55.96,1.667,14.609,0.000
46,ec.gp.GPIndividual@1714913937{556482278},3C_20_66-01.txt,7.322,0.250,1.831,3,1.750,95.60,0.583,14.609,0.000
46,ec.gp.GPIndividual@1714913937{556482278},3C_20_66-02.txt,154.245,0.250,38.561,2,0.422,1.09,0.211,14.609,0.000
46,ec.gp.GPIndividual@1714913937{556482278},3C_20_80-02.txt,35.738,0.250,8.935,5,19.016,212.83,3.803,14.609,0.000
46,ec.gp.GPIndividual@1714913937{556482278},3C_20_50-03.txt,30.993,0.250,7.748,4,3.813,49.21,0.953,14.609,0.000
46,ec.gp.GPIndividual@1714913937{556482278},3C_20_80-03.txt,169.439,0.250,42.360,3,3.313,7.82,1.104,14.609,0.000
46,ec.gp.GPIndividual@1714913937{556482278},3C_20_66-01.txt,7.322,0.250,1.831,2,1.313,71.70,0.656,14.609,0.000
46,ec.gp.GPIndividual@1714913937{556482278},3C_20_80-03.txt,169.439,0.250,42.360,13,38.219,90.22,2.940,14.609,0.000
46,ec.gp.GPIndividual@1288619684{1664694352},3C_20_50-02.txt,61.404,0.250,15.351,3,22.563,146.98,7.521,11.297,0.281
46,ec.gp.GPIndividual@215865628{834355751},3C_20_50-02.txt,61.404,0.250,15.351,4,20.047,130.59,5.012,13.031,0.422
46,ec.gp.GPIndividual@215865628{834355751},3C_20_66-01.txt,7.322,0.250,1.831,1,0.422,23.05,0.422,13.031,0.422
46,ec.gp.GPIndividual@215865628{834355751},3C_20_66-03.txt,118.340,0.250,29.585,2,1.688,5.70,0.844,13.031,0.000
46,ec.gp.GPIndividual@215865628{834355751},3C_20_66-02.txt,154.245,0.250,38.561,18,32.969,85.50,1.832,13.031,0.000
46,ec.gp.GPIndividual@215865628{834355751},3C_20_80-01.txt,4.194,0.250,1.049,1,5.109,487.25,5.109,13.031,0.000
46,ec.gp.GPIndividual@215865628{834355751},3C_20_66-03.txt,118.340,0.250,29.585,3,16.797,56.78,5.599,13.031,0.000
46,ec.gp.GPIndividual@215865628{834355751},3C_20_50-03.txt,30.993,0.250,7.748,2,11.094,143.18,5.547,13.031,0.000
46,ec.gp.GPIndividual@215865628{834355751},3C_20_50-03.txt,30.993,0.250,7.748,3,9.266,119.59,3.089,13.031,0.000
46,ec.gp.GPIndividual@215865628{834355751},3C_20_80-01.txt,4.194,0.250,1.049,1,2.594,247.35,2.594,13.031,0.000
46,ec.gp.GPIndividual@215865628{834355751},3C_20_80-02.txt,35.738,0.250,8.935,6,8.203,91.81,1.367,13.031,0.000
46,ec.gp.GPIndividual@215865628{834355751},3C_20_80-03.txt,169.439,0.250,42.360,2,2.875,6.79,1.438,13.031,0.000
46,ec.gp.GPIndividual@215865628{834355751},3C_20_80-02.txt,35.738,0.250,8.935,2,10.188,114.02,5.094,13.031,0.000
46,ec.gp.GPIndividual@215865628{834355751},3C_20_66-02.txt,154.245,0.250,38.561,5,5.344,13.86,1.069,13.031,0.000
46,ec.gp.GPIndividual@215865628{834355751},3C_20_66-01.txt,7.322,0.250,1.831,1,3.234,176.69,3.234,13.031,0.000
46,ec.gp.GPIndividual@215865628{834355751},3C_20_66-01.txt,7.322,0.250,1.831,1,1.922,104.99,1.922,13.031,0.000
46,ec.gp.GPIndividual@215865628{834355751},3C_20_66-03.txt,118.340,0.250,29.585,17,28.797,97.34,1.694,13.031,0.000
46,ec.gp.GPIndividual@215865628{834355751},3C_20_80-01.txt,4.194,0.250,1.049,4,0.859,81.95,0.215,13.031,0.000
46,ec.gp.GPIndividual@215865628{834355751},3C_20_80-02.txt,35.738,0.250,8.935,1,1.609,18.01,1.609,13.031,0.000
46,ec.gp.GPIndividual@215865628{834355751},3C_20_66-02.txt,154.245,0.250,38.561,1,6.125,15.88,6.125,13.031,0.000
46,ec.gp.GPIndividual@215865628{834355751},3C_20_80-03.txt,169.439,0.250,42.360,2,13.250,31.28,6.625,13.031,0.000
46,ec.gp.GPIndividual@681747830{-1719606860},3C_20_50-02.txt,61.404,0.250,15.351,2,12.063,78.58,6.031,11.969,0.094
46,ec.gp.GPIndividual@681747830{-1719606860},3C_20_80-01.txt,4.194,0.250,1.049,3,1.109,105.79,0.370,11.969,0.094
46,ec.gp.GPIndividual@681747830{-1719606860},3C_20_50-03.txt,30.993,0.250,7.748,1,0.078,1.01,0.078,11.969,0.078
46,ec.gp.GPIndividual@681747830{-1719606860},3C_20_80-02.txt,35.738,0.250,8.935,8,6.953,77.82,0.869,11.969,0.078
46,ec.gp.GPIndividual@681747830{-1719606860},3C_20_66-01.txt,7.322,0.250,1.831,1,2.203,120.35,2.203,11.969,0.078
46,ec.gp.GPIndividual@681747830{-1719606860},3C_20_80-03.txt,169.439,0.250,42.360,8,29.891,70.56,3.736,15.734,0.078
46,ec.gp.GPIndividual@509757266{1850449290},3C_20_50-02.txt,61.404,0.250,15.351,1,0.000,0.00,0.000,0.000,0.000
46,ec.gp.GPIndividual@509757266{1850449290},3C_20_50-03.txt,30.993,0.250,7.748,1,0.000,0.00,0.000,0.000,0.000
46,ec.gp.GPIndividual@509757266{1850449290},3C_20_66-01.txt,7.322,0.250,1.831,1,0.000,0.00,0.000,0.000,0.000
46,ec.gp.GPIndividual@509757266{1850449290},3C_20_66-02.txt,154.245,0.250,38.561,1,0.000,0.00,0.000,0.000,0.000
46,ec.gp.GPIndividual@509757266{1850449290},3C_20_66-03.txt,118.340,0.250,29.585,1,0.000,0.00,0.000,0.000,0.000
46,ec.gp.GPIndividual@509757266{1850449290},3C_20_80-01.txt,4.194,0.250,1.049,1,0.000,0.00,0.000,0.000,0.000
46,ec.gp.GPIndividual@509757266{1850449290},3C_20_80-02.txt,35.738,0.250,8.935,1,0.000,0.00,0.000,0.000,0.000
46,ec.gp.GPIndividual@509757266{1850449290},3C_20_80-03.txt,169.439,0.250,42.360,1,0.000,0.00,0.000,0.000,0.000
46,ec.gp.GPIndividual@703311442{697345361},3C_20_50-02.txt,61.404,0.250,15.351,6,13.438,87.53,2.240,10.000,0.094
46,ec.gp.GPIndividual@703311442{697345361},3C_20_66-02.txt,154.245,0.250,38.561,2,6.031,15.64,3.016,10.000,0.094
46,ec.gp.GPIndividual@703311442{697345361},3C_20_50-03.txt,30.993,0.250,7.748,7,6.781,87.52,0.969,10.000,0.094
46,ec.gp.GPIndividual@703311442{697345361},3C_20_66-03.txt,118.340,0.250,29.585,1,1.219,4.12,1.219,10.000,0.094
46,ec.gp.GPIndividual@703311442{697345361},3C_20_66-01.txt,7.322,0.250,1.831,2,2.000,109.26,1.000,10.000,0.094
46,ec.gp.GPIndividual@703311442{697345361},3C_20_80-01.txt,4.194,0.250,1.049,2,0.688,65.56,0.344,10.000,0.094
46,ec.gp.GPIndividual@703311442{697345361},3C_20_66-02.txt,154.245,0.250,38.561,13,30.141,78.16,2.319,13.156,0.094
46,ec.gp.GPIndividual@703311442{697345361},3C_20_80-02.txt,35.738,0.250,8.935,6,4.938,55.26,0.823,13.156,0.094
46,ec.gp.GPIndividual@703311442{697345361},3C_20_80-03.txt,169.439,0.250,42.360,1,8.656,20.44,8.656,13.156,0.094
46,ec.gp.GPIndividual@703311442{697345361},3C_20_66-03.txt,118.340,0.250,29.585,4,15.453,52.23,3.863,13.156,0.094
47,ec.gp.GPIndividual@2054491322{45628350},3C_20_50-02.txt,61.404,0.250,15.351,15,14.766,96.19,0.984,1.891,0.000
47,ec.gp.GPIndividual@2054491322{45628350},3C_20_50-03.txt,30.993,0.250,7.748,4,8.719,112.53,2.180,2.391,0.000
47,ec.gp.GPIndividual@2054491322{45628350},3C_20_50-03.txt,30.993,0.250,7.748,3,3.766,48.60,1.255,2.547,0.000
47,ec.gp.GPIndividual@2054491322{45628350},3C_20_50-03.txt,30.993,0.250,7.748,2,4.000,51.63,2.000,2.547,0.000
47,ec.gp.GPIndividual@2054491322{45628350},3C_20_50-03.txt,30.993,0.250,7.748,3,8.422,108.70,2.807,3.172,0.000
47,ec.gp.GPIndividual@2054491322{45628350},3C_20_66-01.txt,7.322,0.250,1.831,3,1.422,77.67,0.474,3.172,0.000
47,ec.gp.GPIndividual@2054491322{45628350},3C_20_66-01.txt,7.322,0.250,1.831,2,3.500,191.20,1.750,3.172,0.000
47,ec.gp.GPIndividual@2054491322{45628350},3C_20_50-03.txt,30.993,0.250,7.748,5,6.750,87.12,1.350,3.172,0.000
47,ec.gp.GPIndividual@2054491322{45628350},3C_20_50-03.txt,30.993,0.250,7.748,6,7.813,100.83,1.302,3.172,0.000
47,ec.gp.GPIndividual@2054491322{45628350},3C_20_66-01.txt,7.322,0.250,1.831,1,1.953,106.70,1.953,3.172,0.000
47,ec.gp.GPIndividual@2054491322{45628350},3C_20_66-01.txt,7.322,0.250,1.831,1,1.031,56.34,1.031,3.172,0.000
47,ec.gp.GPIndividual@2054491322{45628350},3C_20_66-02.txt,154.245,0.250,38.561,22,39.391,102.15,1.790,4.406,0.000
47,ec.gp.GPIndividual@2054491322{45628350},3C_20_66-03.txt,118.340,0.250,29.585,1,0.328,1.11,0.328,4.406,0.000
47,ec.gp.GPIndividual@2054491322{45628350},3C_20_66-02.txt,154.245,0.250,38.561,10,39.063,101.30,3.906,8.703,0.000
47,ec.gp.GPIndividual@2054491322{45628350},3C_20_66-03.txt,118.340,0.250,29.585,1,0.688,2.32,0.688,8.703,0.000
47,ec.gp.GPIndividual@2054491322{45628350},3C_20_66-01.txt,7.322,0.250,1.831,3,5.078,277.41,1.693,8.703,0.000
47,ec.gp.GPIndividual@2054491322{45628350},3C_20_66-02.txt,154.245,0.250,38.561,0,0.000,0.00,0.000,8.703,0.000
47,ec.gp.GPIndividual@2054491322{45628350},3C_20_80-01.txt,4.194,0.250,1.049,2,7.906,753.97,3.953,8.703,0.000
47,ec.gp.GPIndividual@2054491322{45628350},3C_20_66-01.txt,7.322,0.250,1.831,2,6.953,379.84,3.477,8.703,0.000
47,ec.gp.GPIndividual@2054491322{45628350},3C_20_66-02.txt,154.245,0.250,38.561,2,0.672,1.74,0.336,8.703,0.000
47,ec.gp.GPIndividual@2054491322{45628350},3C_20_80-02.txt,35.738,0.250,8.935,6,10.141,113.50,1.690,8.703,0.000
47,ec.gp.GPIndividual@2054491322{45628350},3C_20_66-03.txt,118.340,0.250,29.585,4,22.328,75.47,5.582,14.016,0.000
47,ec.gp.GPIndividual@2054491322{45628350},3C_20_66-02.txt,154.245,0.250,38.561,0,0.000,0.00,0.000,14.016,0.000
47,ec.gp.GPIndividual@2054491322{45628350},3C_20_66-03.txt,118.340,0.250,29.585,1,1.188,4.01,1.188,14.016,0.000
47,ec.gp.GPIndividual@2054491322{45628350},3C_20_80-03.txt,169.439,0.250,42.360,14,41.719,98.49,2.980,14.016,0.000
47,ec.gp.GPIndividual@2054491322{45628350},3C_20_80-01.txt,4.194,0.250,1.049,3,1.063,101.32,0.354,14.016,0.000
47,ec.gp.GPIndividual@2054491322{45628350},3C_20_80-02.txt,35.738,0.250,8.935,1,4.906,54.91,4.906,14.016,0.000
47,ec.gp.GPIndividual@1511835008{783435454},3C_20_50-02.txt,61.404,0.250,15.351,1,1.891,12.32,1.891,1.891,1.891
47,ec.gp.GPIndividual@1511835008{783435454},3C_20_80-01.txt,4.194,0.250,1.049,4,0.859,81.95,0.215,1.891,0.000
47,ec.gp.GPIndividual@1511835008{783435454},3C_20_50-03.txt,30.993,0.250,7.748,2,4.031,52.03,2.016,3.484,0.000
47,ec.gp.GPIndividual@1511835008{783435454},3C_20_66-03.txt,118.340,0.250,29.585,9,41.609,140.64,4.623,15.984,0.000
47,ec.gp.GPIndividual@1511835008{783435454},3C_20_66-02.txt,154.245,0.250,38.561,1,2.172,5.63,2.172,15.984,0.000
47,ec.gp.GPIndividual@1511835008{783435454},3C_20_80-01.txt,4.194,0.250,1.049,1,3.797,362.08,3.797,15.984,0.000
47,ec.gp.GPIndividual@1511835008{783435454},3C_20_80-02.txt,35.738,0.250,8.935,3,8.625,96.54,2.875,15.984,0.000
47,ec.gp.GPIndividual@1511835008{783435454},3C_20_80-03.txt,169.439,0.250,42.360,3,6.109,14.42,2.036,15.984,0.000
47,ec.gp.GPIndividual@1511835008{783435454},3C_20_80-01.txt,4.194,0.250,1.049,2,3.063,292.05,1.531,15.984,0.000
47,ec.gp.GPIndividual@1511835008{783435454},3C_20_66-03.txt,118.340,0.250,29.585,3,3.531,11.94,1.177,15.984,0.000
47,ec.gp.GPIndividual@1511835008{783435454},3C_20_80-02.txt,35.738,0.250,8.935,1,1.031,11.54,1.031,15.984,0.000
47,ec.gp.GPIndividual@1511835008{783435454},3C_20_80-02.txt,35.738,0.250,8.935,5,7.922,88.67,1.584,15.984,0.000
47,ec.gp.GPIndividual@1511835008{783435454},3C_20_80-03.txt,169.439,0.250,42.360,12,39.859,94.10,3.322,15.984,0.000
47,ec.gp.GPIndividual@1128519624{321485563},3C_20_50-02.txt,61.404,0.250,15.351,2,7.328,47.74,3.664,6.984,0.344
47,ec.gp.GPIndividual@1128519624{321485563},3C_20_80-03.txt,169.439,0.250,42.360,2,5.844,13.80,2.922,6.984,0.344
47,ec.gp.GPIndividual@1128519624{321485563},3C_20_80-01.txt,4.194,0.250,1.049,3,6.484,618.37,2.161,6.984,0.344
47,ec.gp.GPIndividual@1128519624{321485563},3C_20_80-03.txt,169.439,0.250,42.360,4,14.422,34.05,3.605,9.234,0.344
47,ec.gp.GPIndividual@1128519624{321485563},3C_20_80-02.txt,35.738,0.250,8.935,1,14.141,158.27,14.141,14.141,0.344
47,ec.gp.GPIndividual@861328520{-1776993295},3C_20_50-02.txt,61.404,0.250,15.351,5,17.359,113.08,3.472,5.984,0.531
47,ec.gp.GPIndividual@84636481{-2118090794},3C_20_50-02.txt,61.404,0.250,15.351,4,6.250,40.71,1.563,2.516,0.500
47,ec.gp.GPIndividual@84636481{-2118090794},3C_20_50-03.txt,30.993,0.250,7.748,2,5.344,68.97,2.672,3.922,0.500
47,ec.gp.GPIndividual@1455654078{1259844374},3C_20_50-02.txt,61.404,0.250,15.351,8,16.594,108.09,2.074,3.250,0.563
47,ec.gp.GPIndividual@1455654078{1259844374},3C_20_80-03.txt,169.439,0.250,42.360,4,7.047,16.64,1.762,3.250,0.328
47,ec.gp.GPIndividual@1455654078{1259844374},3C_20_66-01.txt,7.322,0.250,1.831,2,14.219,776.75,7.109,13.313,0.328
47,ec.gp.GPIndividual@1455654078{1259844374},3C_20_66-01.txt,7.322,0.250,1.831,1,0.516,28.17,0.516,13.313,0.328
47,ec.gp.GPIndividual@1455654078{1259844374},3C_20_66-02.txt,154.245,0.250,38.561,4,6.734,17.46,1.684,13.313,0.328
47,ec.gp.GPIndividual@1455654078{1259844374},3C_20_50-03.txt,30.993,0.250,7.748,3,9.328,120.39,3.109,13.313,0.328
47,ec.gp.GPIndividual@60812107{-1189648404},3C_20_50-02.txt,61.404,0.250,15.351,10,15.594,101.58,1.559,3.234,0.328
47,ec.gp.GPIndividual@60812107{-1189648404},3C_20_66-02.txt,154.245,0.250,38.561,2,1.781,4.62,0.891,3.234,0.328
47,ec.gp.GPIndividual@60812107{-1189648404},3C_20_66-03.txt,118.340,0.250,29.585,3,8.797,29.73,2.932,3.563,0.328
47,ec.gp.GPIndividual@60812107{-1189648404},3C_20_50-03.txt,30.993,0.250,7.748,4,7.891,101.84,1.973,4.781,0.172
47,ec.gp.GPIndividual@60812107{-1189648404},3C_20_66-01.txt,7.322,0.250,1.831,1,3.109,169.86,3.109,4.781,0.172
47,ec.gp.GPIndividual@60812107{-1189648404},3C_20_66-01.txt,7.322,0.250,1.831,1,15.609,852.72,15.609,15.609,0.172
47,ec.gp.GPIndividual@60812107{-1189648404},3C_20_50-03.txt,30.993,0.250,7.748,3,8.188,105.67,2.729,15.609,0.172
47,ec.gp.GPIndividual@60812107{-1189648404},3C_20_80-01.txt,4.194,0.250,1.049,1,1.672,159.44,1.672,15.609,0.172
47,ec.gp.GPIndividual@60812107{-1189648404},3C_20_66-03.txt,118.340,0.250,29.585,2,14.844,50.17,7.422,15.609,0.172
47,ec.gp.GPIndividual@60812107{-1189648404},3C_20_50-03.txt,30.993,0.250,7.748,6,9.391,121.20,1.565,15.609,0.172
47,ec.gp.GPIndividual@60812107{-1189648404},3C_20_66-01.txt,7.322,0.250,1.831,1,0.703,38.41,0.703,15.609,0.172
47,ec.gp.GPIndividual@60812107{-1189648404},3C_20_66-02.txt,154.245,0.250,38.561,6,9.641,25.00,1.607,15.609,0.172
47,ec.gp.GPIndividual@60812107{-1189648404},3C_20_66-02.txt,154.245,0.250,38.561,17,38.422,99.64,2.260,15.609,0.172
47,ec.gp.GPIndividual@60812107{-1189648404},3C_20_80-02.txt,35.738,0.250,8.935,3,5.484,61.38,1.828,15.609,0.172
47,ec.gp.GPIndividual@60812107{-1189648404},3C_20_80-01.txt,4.194,0.250,1.049,4,1.047,99.83,0.262,15.609,0.000
47,ec.gp.GPIndividual@60812107{-1189648404},3C_20_80-02.txt,35.738,0.250,8.935,2,6.094,68.20,3.047,15.609,0.000
47,ec.gp.GPIndividual@60812107{-1189648404},3C_20_66-03.txt,118.340,0.250,29.585,3,11.484,38.82,3.828,15.609,0.000
47,ec.gp.GPIndividual@60812107{-1189648404},3C_20_66-03.txt,118.340,0.250,29.585,12,34.094,115.24,2.841,15.609,0.000
47,ec.gp.GPIndividual@60812107{-1189648404},3C_20_66-01.txt,7.322,0.250,1.831,2,1.984,108.40,0.992,15.609,0.000
47,ec.gp.GPIndividual@60812107{-1189648404},3C_20_80-03.txt,169.439,0.250,42.360,2,2.031,4.80,1.016,15.609,0.000
47,ec.gp.GPIndividual@60812107{-1189648404},3C_20_80-01.txt,4.194,0.250,1.049,1,3.344,318.87,3.344,15.609,0.000
47,ec.gp.GPIndividual@60812107{-1189648404},3C_20_80-01.txt,4.194,0.250,1.049,3,1.859,177.32,0.620,15.609,0.000
47,ec.gp.GPIndividual@60812107{-1189648404},3C_20_66-02.txt,154.245,0.250,38.561,2,0.156,0.41,0.078,15.609,0.000
47,ec.gp.GPIndividual@60812107{-1189648404},3C_20_80-02.txt,35.738,0.250,8.935,2,4.281,47.92,2.141,15.609,0.000
47,ec.gp.GPIndividual@60812107{-1189648404},3C_20_80-03.txt,169.439,0.250,42.360,5,18.656,44.04,3.731,15.609,0.000
47,ec.gp.GPIndividual@60812107{-1189648404},3C_20_66-02.txt,154.245,0.250,38.561,16,36.953,95.83,2.310,15.609,0.000
47,ec.gp.GPIndividual@60812107{-1189648404},3C_20_66-03.txt,118.340,0.250,29.585,2,3.609,12.20,1.805,15.609,0.000
47,ec.gp.GPIndividual@60812107{-1189648404},3C_20_80-03.txt,169.439,0.250,42.360,4,12.219,28.85,3.055,15.609,0.000
47,ec.gp.GPIndividual@1326923813{720810704},3C_20_50-02.txt,61.404,0.250,15.351,4,20.250,131.91,5.063,11.875,0.344
47,ec.gp.GPIndividual@1761194259{-1128423609},3C_20_50-02.txt,61.404,0.250,15.351,5,13.844,90.18,2.769,6.141,0.344
47,ec.gp.GPIndividual@1761194259{-1128423609},3C_20_80-01.txt,4.194,0.250,1.049,4,1.047,99.83,0.262,6.141,0.000
47,ec.gp.GPIndividual@1761194259{-1128423609},3C_20_80-02.txt,35.738,0.250,8.935,1,1.750,19.59,1.750,6.141,0.000
47,ec.gp.GPIndividual@1761194259{-1128423609},3C_20_50-03.txt,30.993,0.250,7.748,1,3.563,45.98,3.563,6.141,0.000
47,ec.gp.GPIndividual@353726816{1522751494},3C_20_50-02.txt,61.404,0.250,15.351,0,0.000,0.00,0.000,0.000,0.000
47,ec.gp.GPIndividual@353726816{1522751494},3C_20_50-03.txt,30.993,0.250,7.748,0,0.000,0.00,0.000,0.000,0.000
47,ec.gp.GPIndividual@353726816{1522751494},3C_20_66-01.txt,7.322,0.250,1.831,0,0.000,0.00,0.000,0.000,0.000
47,ec.gp.GPIndividual@353726816{1522751494},3C_20_66-02.txt,154.245,0.250,38.561,0,0.000,0.00,0.000,0.000,0.000
47,ec.gp.GPIndividual@353726816{1522751494},3C_20_66-03.txt,118.340,0.250,29.585,0,0.000,0.00,0.000,0.000,0.000
47,ec.gp.GPIndividual@353726816{1522751494},3C_20_80-01.txt,4.194,0.250,1.049,0,0.000,0.00,0.000,0.000,0.000
47,ec.gp.GPIndividual@353726816{1522751494},3C_20_80-02.txt,35.738,0.250,8.935,0,0.000,0.00,0.000,0.000,0.000
47,ec.gp.GPIndividual@353726816{1522751494},3C_20_80-03.txt,169.439,0.250,42.360,0,0.000,0.00,0.000,0.000,0.000
47,ec.gp.GPIndividual@1831231735{1522751494},3C_20_50-02.txt,61.404,0.250,15.351,8,15.172,98.83,1.896,3.234,0.359
47,ec.gp.GPIndividual@1831231735{1522751494},3C_20_50-03.txt,30.993,0.250,7.748,3,6.047,78.04,2.016,3.234,0.359
47,ec.gp.GPIndividual@1831231735{1522751494},3C_20_66-01.txt,7.322,0.250,1.831,2,2.500,136.57,1.250,3.234,0.359
47,ec.gp.GPIndividual@1831231735{1522751494},3C_20_80-03.txt,169.439,0.250,42.360,2,2.094,4.94,1.047,3.234,0.359
47,ec.gp.GPIndividual@1831231735{1522751494},3C_20_66-02.txt,154.245,0.250,38.561,1,15.359,39.83,15.359,15.359,0.359
47,ec.gp.GPIndividual@1831231735{1522751494},3C_20_66-03.txt,118.340,0.250,29.585,6,29.594,100.03,4.932,15.359,0.359
47,ec.gp.GPIndividual@1831231735{1522751494},3C_20_66-01.txt,7.322,0.250,1.831,1,2.547,139.13,2.547,15.359,0.359
47,ec.gp.GPIndividual@1831231735{1522751494},3C_20_50-03.txt,30.993,0.250,7.748,3,7.844,101.23,2.615,15.359,0.172
47,ec.gp.GPIndividual@1744588741{1147493422},3C_20_50-02.txt,61.404,0.250,15.351,4,13.313,86.72,3.328,6.078,0.313
47,ec.gp.GPIndividual@1744588741{1147493422},3C_20_80-02.txt,35.738,0.250,8.935,5,9.297,104.06,1.859,6.078,0.313
47,ec.gp.GPIndividual@1744588741{1147493422},3C_20_66-02.txt,154.245,0.250,38.561,4,7.672,19.90,1.918,6.078,0.313
47,ec.gp.GPIndividual@1744588741{1147493422},3C_20_80-01.txt,4.194,0.250,1.049,1,1.406,134.10,1.406,6.078,0.313
47,ec.gp.GPIndividual@1744588741{1147493422},3C_20_80-03.txt,169.439,0.250,42.360,9,16.484,38.92,1.832,6.078,0.313
47,ec.gp.GPIndividual@1744588741{1147493422},3C_20_50-03.txt,30.993,0.250,7.748,3,9.328,120.39,3.109,6.094,0.313
47,ec.gp.GPIndividual@1703977492{-2008470268},3C_20_50-02.txt,61.404,0.250,15.351,7,19.016,123.87,2.717,6.125,0.516
47,ec.gp.GPIndividual@1703977492{-2008470268},3C_20_66-01.txt,7.322,0.250,1.831,1,2.344,128.04,2.344,6.125,0.516
47,ec.gp.GPIndividual@1703977492{-2008470268},3C_20_66-03.txt,118.340,0.250,29.585,3,3.844,12.99,1.281,6.125,0.516
47,ec.gp.GPIndividual@1703977492{-2008470268},3C_20_80-02.txt,35.738,0.250,8.935,4,9.953,111.40,2.488,6.125,0.516
47,ec.gp.GPIndividual@1703977492{-2008470268},3C_20_80-03.txt,169.439,0.250,42.360,1,14.078,33.23,14.078,14.078,0.516
47,ec.gp.GPIndividual@1703977492{-2008470268},3C_20_66-03.txt,118.340,0.250,29.585,2,1.906,6.44,0.953,14.078,0.469
47,ec.gp.GPIndividual@1703977492{-2008470268},3C_20_50-03.txt,30.993,0.250,7.748,4,5.813,75.02,1.453,14.078,0.000
47,ec.gp.GPIndividual@1703977492{-2008470268},3C_20_66-01.txt,7.322,0.250,1.831,3,7.797,425.93,2.599,14.078,0.000
47,ec.gp.GPIndividual@1703977492{-2008470268},3C_20_80-01.txt,4.194,0.250,1.049,2,0.156,14.90,0.078,14.078,0.000
47,ec.gp.GPIndividual@1703977492{-2008470268},3C_20_66-02.txt,154.245,0.250,38.561,16,38.813,100.65,2.426,14.078,0.000
47,ec.gp.GPIndividual@1703977492{-2008470268},3C_20_80-01.txt,4.194,0.250,1.049,2,0.891,84.93,0.445,14.078,0.000
47,ec.gp.GPIndividual@1703977492{-2008470268},3C_20_80-02.txt,35.738,0.250,8.935,4,9.734,108.95,2.434,14.078,0.000
47,ec.gp.GPIndividual@1703977492{-2008470268},3C_20_80-02.txt,35.738,0.250,8.935,2,1.375,15.39,0.688,14.078,0.000
47,ec.gp.GPIndividual@1703977492{-2008470268},3C_20_66-01.txt,7.322,0.250,1.831,2,1.703,93.04,0.852,14.078,0.000
47,ec.gp.GPIndividual@1703977492{-2008470268},3C_20_66-03.txt,118.340,0.250,29.585,5,8.109,27.41,1.622,14.078,0.000
47,ec.gp.GPIndividual@1703977492{-2008470268},3C_20_66-02.txt,154.245,0.250,38.561,6,15.859,41.13,2.643,14.078,0.000
47,ec.gp.GPIndividual@1987544698{-157816725},3C_20_50-02.txt,61.404,0.250,15.351,1,0.000,0.00,0.000,0.000,0.000
47,ec.gp.GPIndividual@1987544698{-157816725},3C_20_50-03.txt,30.993,0.250,7.748,1,0.000,0.00,0.000,0.000,0.000
47,ec.gp.GPIndividual@1987544698{-157816725},3C_20_66-01.txt,7.322,0.250,1.831,1,0.000,0.00,0.000,0.000,0.000
47,ec.gp.GPIndividual@1987544698{-157816725},3C_20_66-02.txt,154.245,0.250,38.561,1,0.000,0.00,0.000,0.000,0.000
47,ec.gp.GPIndividual@1987544698{-157816725},3C_20_66-03.txt,118.340,0.250,29.585,1,0.000,0.00,0.000,0.000,0.000
47,ec.gp.GPIndividual@1987544698{-157816725},3C_20_80-01.txt,4.194,0.250,1.049,1,0.000,0.00,0.000,0.000,0.000
47,ec.gp.GPIndividual@1987544698{-157816725},3C_20_80-02.txt,35.738,0.250,8.935,1,0.000,0.00,0.000,0.000,0.000
47,ec.gp.GPIndividual@1987544698{-157816725},3C_20_80-03.txt,169.439,0.250,42.360,1,0.000,0.00,0.000,0.000,0.000
47,ec.gp.GPIndividual@739156271{713843654},3C_20_50-02.txt,61.404,0.250,15.351,10,19.281,125.60,1.928,6.016,0.469
47,ec.gp.GPIndividual@739156271{713843654},3C_20_80-01.txt,4.194,0.250,1.049,1,1.844,175.83,1.844,6.016,0.469
47,ec.gp.GPIndividual@739156271{713843654},3C_20_80-03.txt,169.439,0.250,42.360,11,15.172,35.82,1.379,6.016,0.469
47,ec.gp.GPIndividual@739156271{713843654},3C_20_50-03.txt,30.993,0.250,7.748,2,9.359,120.80,4.680,6.219,0.469
47,ec.gp.GPIndividual@739156271{713843654},3C_20_66-01.txt,7.322,0.250,1.831,1,0.703,38.41,0.703,6.219,0.469
47,ec.gp.GPIndividual@337473135{-904188307},3C_20_50-02.txt,61.404,0.250,15.351,9,14.813,96.49,1.646,4.344,0.359
47,ec.gp.GPIndividual@337473135{-904188307},3C_20_80-02.txt,35.738,0.250,8.935,5,9.891,110.70,1.978,4.344,0.359
47,ec.gp.GPIndividual@337473135{-904188307},3C_20_50-03.txt,30.993,0.250,7.748,2,11.922,153.87,5.961,11.203,0.359
47,ec.gp.GPIndividual@337473135{-904188307},3C_20_80-03.txt,169.439,0.250,42.360,0,0.000,0.00,0.000,11.203,0.359
47,ec.gp.GPIndividual@337473135{-904188307},3C_20_66-03.txt,118.340,0.250,29.585,2,16.266,54.98,8.133,14.688,0.359
47,ec.gp.GPIndividual@337473135{-904188307},3C_20_80-03.txt,169.439,0.250,42.360,2,16.609,39.21,8.305,16.609,0.000
47,ec.gp.GPIndividual@337473135{-904188307},3C_20_66-02.txt,154.245,0.250,38.561,11,37.875,98.22,3.443,16.609,0.000
47,ec.gp.GPIndividual@337473135{-904188307},3C_20_80-01.txt,4.194,0.250,1.049,1,2.734,260.76,2.734,16.609,0.000
47,ec.gp.GPIndividual@337473135{-904188307},3C_20_66-01.txt,7.322,0.250,1.831,2,2.078,113.52,1.039,16.609,0.000
47,ec.gp.GPIndividual@337473135{-904188307},3C_20_66-03.txt,118.340,0.250,29.585,4,12.703,42.94,3.176,16.609,0.000
47,ec.gp.GPIndividual@337473135{-904188307},3C_20_66-02.txt,154.245,0.250,38.561,2,6.172,16.01,3.086,16.609,0.000
47,ec.gp.GPIndividual@997916331{729716779},3C_20_50-02.txt,61.404,0.250,15.351,5,7.344,47.84,1.469,2.609,0.344
47,ec.gp.GPIndividual@997916331{729716779},3C_20_80-02.txt,35.738,0.250,8.935,4,14.859,166.31,3.715,10.250,0.344
47,ec.gp.GPIndividual@1240705212{1752114936},3C_20_50-02.txt,61.404,0.250,15.351,8,15.500,100.97,1.938,6.203,0.172
47,ec.gp.GPIndividual@1240705212{1752114936},3C_20_80-03.txt,169.439,0.250,42.360,1,0.531,1.25,0.531,6.203,0.172
47,ec.gp.GPIndividual@1240705212{1752114936},3C_20_80-01.txt,4.194,0.250,1.049,2,2.203,210.10,1.102,6.203,0.172
47,ec.gp.GPIndividual@1240705212{1752114936},3C_20_50-03.txt,30.993,0.250,7.748,6,7.781,100.43,1.297,6.203,0.172
47,ec.gp.GPIndividual@1240705212{1752114936},3C_20_66-03.txt,118.340,0.250,29.585,1,0.688,2.32,0.688,6.203,0.172
47,ec.gp.GPIndividual@1240705212{1752114936},3C_20_80-02.txt,35.738,0.250,8.935,1,1.391,15.56,1.391,6.203,0.172
47,ec.gp.GPIndividual@1240705212{1752114936},3C_20_50-03.txt,30.993,0.250,7.748,2,8.828,113.94,4.414,6.203,0.172
47,ec.gp.GPIndividual@1240705212{1752114936},3C_20_66-02.txt,154.245,0.250,38.561,2,4.156,10.78,2.078,6.203,0.172
47,ec.gp.GPIndividual@1240705212{1752114936},3C_20_66-01.txt,7.322,0.250,1.831,1,5.984,326.92,5.984,6.203,0.172
47,ec.gp.GPIndividual@1523113817{-1128423609},3C_20_50-02.txt,61.404,0.250,15.351,10,20.531,133.74,2.053,5.969,0.500
47,ec.gp.GPIndividual@1523113817{-1128423609},3C_20_80-01.txt,4.194,0.250,1.049,2,1.000,95.36,0.500,5.969,0.500
47,ec.gp.GPIndividual@1523113817{-1128423609},3C_20_50-03.txt,30.993,0.250,7.748,4,4.281,55.26,1.070,5.969,0.297
47,ec.gp.GPIndividual@1523113817{-1128423609},3C_20_66-03.txt,118.340,0.250,29.585,4,8.563,28.94,2.141,5.969,0.297
47,ec.gp.GPIndividual@1523113817{-1128423609},3C_20_80-03.txt,169.439,0.250,42.360,2,2.672,6.31,1.336,5.969,0.297
47,ec.gp.GPIndividual@1523113817{-1128423609},3C_20_80-02.txt,35.738,0.250,8.935,3,7.750,86.74,2.583,5.969,0.297
47,ec.gp.GPIndividual@1523113817{-1128423609},3C_20_66-01.txt,7.322,0.250,1.831,2,5.797,316.67,2.898,5.969,0.297
47,ec.gp.GPIndividual@1523113817{-1128423609},3C_20_66-01.txt,7.322,0.250,1.831,2,7.719,421.66,3.859,6.313,0.297
47,ec.gp.GPIndividual@1523113817{-1128423609},3C_20_80-01.txt,4.194,0.250,1.049,1,0.469,44.70,0.469,6.313,0.297
47,ec.gp.GPIndividual@1523113817{-1128423609},3C_20_66-02.txt,154.245,0.250,38.561,1,0.266,0.69,0.266,6.313,0.266
47,ec.gp.GPIndividual@1523113817{-1128423609},3C_20_80-03.txt,169.439,0.250,42.360,18,38.563,91.04,2.142,6.313,0.266
47,ec.gp.GPIndividual@1523113817{-1128423609},3C_20_66-03.txt,118.340,0.250,29.585,2,19.422,65.65,9.711,16.484,0.266
47,ec.gp.GPIndividual@1523113817{-1128423609},3C_20_66-02.txt,154.245,0.250,38.561,1,6.375,16.53,6.375,16.484,0.266
47,ec.gp.GPIndividual@980598782{781213232},3C_20_50-02.txt,61.404,0.250,15.351,5,15.891,103.51,3.178,8.719,0.516
47,ec.gp.GPIndividual@980598782{781213232},3C_20_66-03.txt,118.340,0.250,29.585,1,14.234,48.11,14.234,14.234,0.516
47,ec.gp.GPIndividual@218664920{1663219801},3C_20_50-02.txt,61.404,0.250,15.351,0,0.000,0.00,0.000,0.000,0.000
47,ec.gp.GPIndividual@218664920{1663219801},3C_20_50-03.txt,30.993,0.250,7.748,2,2.781,35.90,1.391,1.750,1.031
47,ec.gp.GPIndividual@218664920{1663219801},3C_20_66-02.txt,154.245,0.250,38.561,5,14.422,37.40,2.884,6.297,0.000
47,ec.gp.GPIndividual@218664920{1663219801},3C_20_66-01.txt,7.322,0.250,1.831,0,0.000,0.00,0.000,6.297,0.000
47,ec.gp.GPIndividual@218664920{1663219801},3C_20_66-02.txt,154.245,0.250,38.561,0,0.000,0.00,0.000,6.297,0.000
47,ec.gp.GPIndividual@218664920{1663219801},3C_20_66-03.txt,118.340,0.250,29.585,1,0.313,1.06,0.313,6.297,0.000
47,ec.gp.GPIndividual@218664920{1663219801},3C_20_50-03.txt,30.993,0.250,7.748,1,5.188,66.95,5.188,6.297,0.000
47,ec.gp.GPIndividual@218664920{1663219801},3C_20_80-02.txt,35.738,0.250,8.935,3,9.375,104.93,3.125,6.297,0.000
47,ec.gp.GPIndividual@218664920{1663219801},3C_20_80-03.txt,169.439,0.250,42.360,3,5.250,12.39,1.750,6.297,0.000
47,ec.gp.GPIndividual@218664920{1663219801},3C_20_80-01.txt,4.194,0.250,1.049,1,3.172,302.48,3.172,6.297,0.000
47,ec.gp.GPIndividual@218664920{1663219801},3C_20_66-01.txt,7.322,0.250,1.831,2,1.859,101.57,0.930,6.297,0.000
47,ec.gp.GPIndividual@218664920{1663219801},3C_20_66-03.txt,118.340,0.250,29.585,2,1.547,5.23,0.773,6.297,0.000
47,ec.gp.GPIndividual@218664920{1663219801},3C_20_80-02.txt,35.738,0.250,8.935,3,7.734,86.57,2.578,6.297,0.000
47,ec.gp.GPIndividual@218664920{1663219801},3C_20_80-01.txt,4.194,0.250,1.049,1,2.375,226.49,2.375,6.297,0.000
47,ec.gp.GPIndividual@218664920{1663219801},3C_20_80-03.txt,169.439,0.250,42.360,0,0.000,0.00,0.000,6.297,0.000
47,ec.gp.GPIndividual@218664920{1663219801},3C_20_80-02.txt,35.738,0.250,8.935,4,8.984,100.56,2.246,6.297,0.000
47,ec.gp.GPIndividual@1987928822{-970136838},3C_20_50-02.txt,61.404,0.250,15.351,4,4.891,31.86,1.223,2.125,0.359
47,ec.gp.GPIndividual@1987928822{-970136838},3C_20_80-03.txt,169.439,0.250,42.360,0,0.000,0.00,0.000,2.125,0.359
47,ec.gp.GPIndividual@1956828155{-159641396},3C_20_50-02.txt,61.404,0.250,15.351,5,16.344,106.47,3.269,6.047,0.516
47,ec.gp.GPIndividual@56570696{1240856183},3C_20_50-02.txt,61.404,0.250,15.351,6,15.641,101.89,2.607,4.734,0.359
47,ec.gp.GPIndividual@56570696{1240856183},3C_20_50-03.txt,30.993,0.250,7.748,2,0.719,9.28,0.359,4.734,0.000
47,ec.gp.GPIndividual@56570696{1240856183},3C_20_50-03.txt,30.993,0.250,7.748,2,1.594,20.57,0.797,4.734,0.000
47,ec.gp.GPIndividual@56570696{1240856183},3C_20_66-02.txt,154.245,0.250,38.561,1,3.578,9.28,3.578,4.734,0.000
47,ec.gp.GPIndividual@56570696{1240856183},3C_20_80-01.txt,4.194,0.250,1.049,2,15.750,1501.97,7.875,15.219,0.000
47,ec.gp.GPIndividual@56570696{1240856183},3C_20_80-01.txt,4.194,0.250,1.049,1,4.219,402.31,4.219,15.219,0.000
47,ec.gp.GPIndividual@56570696{1240856183},3C_20_50-03.txt,30.993,0.250,7.748,5,9.578,123.62,1.916,15.219,0.000
47,ec.gp.GPIndividual@56570696{1240856183},3C_20_66-01.txt,7.322,0.250,1.831,2,1.844,100.72,0.922,15.219,0.000
47,ec.gp.GPIndividual@56570696{1240856183},3C_20_80-02.txt,35.738,0.250,8.935,7,10.359,115.95,1.480,15.219,0.000
47,ec.gp.GPIndividual@56570696{1240856183},3C_20_66-01.txt,7.322,0.250,1.831,1,2.250,122.91,2.250,15.219,0.000
47,ec.gp.GPIndividual@56570696{1240856183},3C_20_80-03.txt,169.439,0.250,42.360,1,0.828,1.95,0.828,15.219,0.000
47,ec.gp.GPIndividual@56570696{1240856183},3C_20_66-03.txt,118.340,0.250,29.585,3,3.672,12.41,1.224,15.219,0.000
47,ec.gp.GPIndividual@56570696{1240856183},3C_20_80-02.txt,35.738,0.250,8.935,5,9.500,106.33,1.900,15.219,0.000
47,ec.gp.GPIndividual@56570696{1240856183},3C_20_66-02.txt,154.245,0.250,38.561,2,1.766,4.58,0.883,15.219,0.000
47,ec.gp.GPIndividual@56570696{1240856183},3C_20_80-03.txt,169.439,0.250,42.360,13,40.750,96.20,3.135,15.219,0.000
47,ec.gp.GPIndividual@56570696{1240856183},3C_20_80-01.txt,4.194,0.250,1.049,2,2.156,205.63,1.078,15.219,0.000
47,ec.gp.GPIndividual@56570696{1240856183},3C_20_66-03.txt,118.340,0.250,29.585,2,4.844,16.37,2.422,15.219,0.000
47,ec.gp.GPIndividual@134875238{-82372170},3C_20_50-02.txt,61.404,0.250,15.351,3,9.359,60.97,3.120,7.594,0.531
47,ec.gp.GPIndividual@134875238{-82372170},3C_20_66-01.txt,7.322,0.250,1.831,2,2.891,157.91,1.445,7.594,0.531
47,ec.gp.GPIndividual@134875238{-82372170},3C_20_50-03.txt,30.993,0.250,7.748,1,1.609,20.77,1.609,7.594,0.531
47,ec.gp.GPIndividual@134875238{-82372170},3C_20_80-02.txt,35.738,0.250,8.935,2,1.938,21.69,0.969,7.594,0.500
47,ec.gp.GPIndividual@134875238{-82372170},3C_20_66-02.txt,154.245,0.250,38.561,2,15.625,40.52,7.813,13.500,0.500
47,ec.gp.GPIndividual@1421529979{-813134188},3C_20_50-02.txt,61.404,0.250,15.351,4,25.469,165.91,6.367,15.828,0.344
47,ec.gp.GPIndividual@1421529979{-813134188},3C_20_66-02.txt,154.245,0.250,38.561,5,9.266,24.03,1.853,15.828,0.344
47,ec.gp.GPIndividual@1421529979{-813134188},3C_20_80-01.txt,4.194,0.250,1.049,1,1.469,140.06,1.469,15.828,0.344
47,ec.gp.GPIndividual@1421529979{-813134188},3C_20_66-03.txt,118.340,0.250,29.585,14,30.625,103.52,2.188,15.828,0.344
47,ec.gp.GPIndividual@1421529979{-813134188},3C_20_80-01.txt,4.194,0.250,1.049,3,4.922,469.37,1.641,15.828,0.281
47,ec.gp.GPIndividual@1421529979{-813134188},3C_20_80-02.txt,35.738,0.250,8.935,3,10.047,112.45,3.349,15.828,0.156
47,ec.gp.GPIndividual@1421529979{-813134188},3C_20_66-01.txt,7.322,0.250,1.831,1,2.125,116.09,2.125,15.828,0.156
47,ec.gp.GPIndividual@1421529979{-813134188},3C_20_66-03.txt,118.340,0.250,29.585,1,5.953,20.12,5.953,15.828,0.156
47,ec.gp.GPIndividual@1421529979{-813134188},3C_20_80-03.txt,169.439,0.250,42.360,1,1.172,2.77,1.172,15.828,0.156
47,ec.gp.GPIndividual@1421529979{-813134188},3C_20_80-02.txt,35.738,0.250,8.935,3,5.094,57.01,1.698,15.828,0.156
47,ec.gp.GPIndividual@1421529979{-813134188},3C_20_50-03.txt,30.993,0.250,7.748,3,4.734,61.10,1.578,15.828,0.156
47,ec.gp.GPIndividual@1421529979{-813134188},3C_20_80-03.txt,169.439,0.250,42.360,1,1.594,3.76,1.594,15.828,0.156
47,ec.gp.GPIndividual@1421529979{-813134188},3C_20_66-02.txt,154.245,0.250,38.561,9,25.984,67.38,2.887,15.828,0.156
47,ec.gp.GPIndividual@1421529979{-813134188},3C_20_66-03.txt,118.340,0.250,29.585,1,6.281,21.23,6.281,15.828,0.156
47,ec.gp.GPIndividual@1040178226{1491469492},3C_20_50-02.txt,61.404,0.250,15.351,5,13.125,85.50,2.625,4.453,0.484
47,ec.gp.GPIndividual@1040178226{1491469492},3C_20_80-01.txt,4.194,0.250,1.049,2,6.328,603.47,3.164,5.797,0.484
47,ec.gp.GPIndividual@1040178226{1491469492},3C_20_80-03.txt,169.439,0.250,42.360,4,13.984,33.01,3.496,7.172,0.297
47,ec.gp.GPIndividual@1057345196{1982207673},3C_20_50-02.txt,61.404,0.250,15.351,0,0.000,0.00,0.000,0.000,0.000
47,ec.gp.GPIndividual@1057345196{1982207673},3C_20_50-03.txt,30.993,0.250,7.748,0,0.000,0.00,0.000,0.000,0.000
47,ec.gp.GPIndividual@1057345196{1982207673},3C_20_66-01.txt,7.322,0.250,1.831,0,0.000,0.00,0.000,0.000,0.000
47,ec.gp.GPIndividual@1057345196{1982207673},3C_20_66-02.txt,154.245,0.250,38.561,0,0.000,0.00,0.000,0.000,0.000
47,ec.gp.GPIndividual@1057345196{1982207673},3C_20_66-03.txt,118.340,0.250,29.585,0,0.000,0.00,0.000,0.000,0.000
47,ec.gp.GPIndividual@1057345196{1982207673},3C_20_80-01.txt,4.194,0.250,1.049,0,0.000,0.00,0.000,0.000,0.000
47,ec.gp.GPIndividual@1057345196{1982207673},3C_20_80-02.txt,35.738,0.250,8.935,0,0.000,0.00,0.000,0.000,0.000
47,ec.gp.GPIndividual@1057345196{1982207673},3C_20_80-03.txt,169.439,0.250,42.360,0,0.000,0.00,0.000,0.000,0.000
47,ec.gp.GPIndividual@1972099936{21694404},3C_20_50-02.txt,61.404,0.250,15.351,3,8.109,52.83,2.703,6.375,0.500
47,ec.gp.GPIndividual@1972099936{21694404},3C_20_80-01.txt,4.194,0.250,1.049,2,2.297,219.04,1.148,6.375,0.500
47,ec.gp.GPIndividual@1972099936{21694404},3C_20_50-03.txt,30.993,0.250,7.748,2,0.328,4.23,0.164,6.375,0.000
47,ec.gp.GPIndividual@1972099936{21694404},3C_20_80-02.txt,35.738,0.250,8.935,2,4.094,45.82,2.047,6.375,0.000
47,ec.gp.GPIndividual@1972099936{21694404},3C_20_80-02.txt,35.738,0.250,8.935,1,0.500,5.60,0.500,6.375,0.000
47,ec.gp.GPIndividual@1972099936{21694404},3C_20_50-03.txt,30.993,0.250,7.748,1,2.141,27.63,2.141,6.375,0.000
47,ec.gp.GPIndividual@1972099936{21694404},3C_20_80-03.txt,169.439,0.250,42.360,6,22.875,54.00,3.813,7.344,0.000
47,ec.gp.GPIndividual@1972099936{21694404},3C_20_66-01.txt,7.322,0.250,1.831,2,2.203,120.35,1.102,7.344,0.000
47,ec.gp.GPIndividual@1972099936{21694404},3C_20_80-03.txt,169.439,0.250,42.360,2,1.609,3.80,0.805,7.344,0.000
47,ec.gp.GPIndividual@1972099936{21694404},3C_20_66-02.txt,154.245,0.250,38.561,2,10.281,26.66,5.141,7.344,0.000
47,ec.gp.GPIndividual@1257347452{-223652907},3C_20_50-02.txt,61.404,0.250,15.351,1,6.031,39.29,6.031,6.031,6.031
47,ec.gp.GPIndividual@136031127{-159641396},3C_20_50-02.txt,61.404,0.250,15.351,0,0.000,0.00,0.000,0.000,0.000
47,ec.gp.GPIndividual@136031127{-159641396},3C_20_50-03.txt,30.993,0.250,7.748,0,0.000,0.00,0.000,0.000,0.000
47,ec.gp.GPIndividual@136031127{-159641396},3C_20_66-01.txt,7.322,0.250,1.831,0,0.000,0.00,0.000,0.000,0.000
47,ec.gp.GPIndividual@136031127{-159641396},3C_20_66-02.txt,154.245,0.250,38.561,0,0.000,0.00,0.000,0.000,0.000
47,ec.gp.GPIndividual@136031127{-159641396},3C_20_66-03.txt,118.340,0.250,29.585,0,0.000,0.00,0.000,0.000,0.000
47,ec.gp.GPIndividual@136031127{-159641396},3C_20_80-01.txt,4.194,0.250,1.049,0,0.000,0.00,0.000,0.000,0.000
47,ec.gp.GPIndividual@136031127{-159641396},3C_20_80-02.txt,35.738,0.250,8.935,0,0.000,0.00,0.000,0.000,0.000
47,ec.gp.GPIndividual@136031127{-159641396},3C_20_80-03.txt,169.439,0.250,42.360,0,0.000,0.00,0.000,0.000,0.000
47,ec.gp.GPIndividual@1752901762{-1304167657},3C_20_50-02.txt,61.404,0.250,15.351,10,13.375,87.13,1.338,4.938,0.266
47,ec.gp.GPIndividual@1752901762{-1304167657},3C_20_50-03.txt,30.993,0.250,7.748,1,1.000,12.91,1.000,4.938,0.266
47,ec.gp.GPIndividual@1752901762{-1304167657},3C_20_66-02.txt,154.245,0.250,38.561,9,15.266,39.59,1.696,4.938,0.266
47,ec.gp.GPIndividual@1752901762{-1304167657},3C_20_80-01.txt,4.194,0.250,1.049,1,2.625,250.33,2.625,4.938,0.266
47,ec.gp.GPIndividual@1752901762{-1304167657},3C_20_50-03.txt,30.993,0.250,7.748,6,8.922,115.15,1.487,4.938,0.266
47,ec.gp.GPIndividual@1752901762{-1304167657},3C_20_66-01.txt,7.322,0.250,1.831,1,3.109,169.86,3.109,4.938,0.266
47,ec.gp.GPIndividual@1752901762{-1304167657},3C_20_66-01.txt,7.322,0.250,1.831,2,1.563,85.36,0.781,4.938,0.266
47,ec.gp.GPIndividual@1752901762{-1304167657},3C_20_66-03.txt,118.340,0.250,29.585,2,1.750,5.92,0.875,4.938,0.266
47,ec.gp.GPIndividual@1752901762{-1304167657},3C_20_66-02.txt,154.245,0.250,38.561,5,7.781,20.18,1.556,4.938,0.266
47,ec.gp.GPIndividual@1752901762{-1304167657},3C_20_80-02.txt,35.738,0.250,8.935,2,2.516,28.16,1.258,4.938,0.266
47,ec.gp.GPIndividual@1752901762{-1304167657},3C_20_66-03.txt,118.340,0.250,29.585,6,21.828,73.78,3.638,12.109,0.266
47,ec.gp.GPIndividual@1752901762{-1304167657},3C_20_66-03.txt,118.340,0.250,29.585,3,8.875,30.00,2.958,12.109,0.266
47,ec.gp.GPIndividual@1752901762{-1304167657},3C_20_80-01.txt,4.194,0.250,1.049,6,2.594,247.35,0.432,12.109,0.141
47,ec.gp.GPIndividual@1752901762{-1304167657},3C_20_80-03.txt,169.439,0.250,42.360,1,1.047,2.47,1.047,12.109,0.141
47,ec.gp.GPIndividual@1752901762{-1304167657},3C_20_80-02.txt,35.738,0.250,8.935,2,6.750,75.55,3.375,12.109,0.141
47,ec.gp.GPIndividual@1752901762{-1304167657},3C_20_80-03.txt,169.439,0.250,42.360,1,1.672,3.95,1.672,12.109,0.141
47,ec.gp.GPIndividual@1752901762{-1304167657},3C_20_80-01.txt,4.194,0.250,1.049,1,4.688,447.02,4.688,12.109,0.141
47,ec.gp.GPIndividual@161129395{-961209716},3C_20_50-02.txt,61.404,0.250,15.351,5,13.297,86.62,2.659,11.625,0.000
47,ec.gp.GPIndividual@161129395{-961209716},3C_20_66-02.txt,154.245,0.250,38.561,3,7.094,18.40,2.365,11.625,0.000
47,ec.gp.GPIndividual@566496282{-586536300},3C_20_50-02.txt,61.404,0.250,15.351,4,14.828,96.59,3.707,10.719,0.281
47,ec.gp.GPIndividual@566496282{-586536300},3C_20_80-01.txt,4.194,0.250,1.049,2,1.438,137.08,0.719,10.719,0.281
47,ec.gp.GPIndividual@566496282{-586536300},3C_20_66-03.txt,118.340,0.250,29.585,8,11.719,39.61,1.465,10.719,0.250
47,ec.gp.GPIndividual@566496282{-586536300},3C_20_80-02.txt,35.738,0.250,8.935,4,11.656,130.46,2.914,10.719,0.250
47,ec.gp.GPIndividual@566496282{-586536300},3C_20_80-01.txt,4.194,0.250,1.049,2,1.172,111.75,0.586,10.719,0.125
47,ec.gp.GPIndividual@566496282{-586536300},3C_20_80-03.txt,169.439,0.250,42.360,1,1.000,2.36,1.000,10.719,0.125
47,ec.gp.GPIndividual@566496282{-586536300},3C_20_50-03.txt,30.993,0.250,7.748,4,5.438,70.18,1.359,10.719,0.125
47,ec.gp.GPIndividual@566496282{-586536300},3C_20_80-02.txt,35.738,0.250,8.935,4,10.953,122.59,2.738,10.719,0.125
47,ec.gp.GPIndividual@1864751128{-2028115589},3C_20_50-02.txt,61.404,0.250,15.351,1,0.234,1.53,0.234,0.234,0.234
47,ec.gp.GPIndividual@1864751128{-2028115589},3C_20_50-03.txt,30.993,0.250,7.748,1,10.750,138.74,10.750,10.750,0.234
47,ec.gp.GPIndividual@1864751128{-2028115589},3C_20_66-03.txt,118.340,0.250,29.585,1,8.516,28.78,8.516,10.750,0.234
47,ec.gp.GPIndividual@1864751128{-2028115589},3C_20_66-01.txt,7.322,0.250,1.831,1,14.969,817.72,14.969,14.969,0.234
47,ec.gp.GPIndividual@271887749{-168218376},3C_20_50-02.txt,61.404,0.250,15.351,6,15.313,99.75,2.552,10.672,0.156
47,ec.gp.GPIndividual@271887749{-168218376},3C_20_80-01.txt,4.194,0.250,1.049,3,6.219,593.04,2.073,10.672,0.156
47,ec.gp.GPIndividual@271887749{-168218376},3C_20_80-01.txt,4.194,0.250,1.049,2,0.141,13.41,0.070,10.672,0.000
47,ec.gp.GPIndividual@271887749{-168218376},3C_20_80-02.txt,35.738,0.250,8.935,6,7.375,82.54,1.229,10.672,0.000
47,ec.gp.GPIndividual@271887749{-168218376},3C_20_50-03.txt,30.993,0.250,7.748,7,6.734,86.92,0.962,10.672,0.000
47,ec.gp.GPIndividual@271887749{-168218376},3C_20_80-02.txt,35.738,0.250,8.935,1,0.984,11.02,0.984,10.672,0.000
47,ec.gp.GPIndividual@271887749{-168218376},3C_20_80-03.txt,169.439,0.250,42.360,9,13.953,32.94,1.550,10.672,0.000
47,ec.gp.GPIndividual@271887749{-168218376},3C_20_66-01.txt,7.322,0.250,1.831,2,1.016,55.48,0.508,10.672,0.000
47,ec.gp.GPIndividual@271887749{-168218376},3C_20_66-02.txt,154.245,0.250,38.561,6,16.328,42.34,2.721,12.922,0.000
47,ec.gp.GPIndividual@271887749{-168218376},3C_20_80-03.txt,169.439,0.250,42.360,1,14.641,34.56,14.641,14.641,0.000
47,ec.gp.GPIndividual@2096749773{928420699},3C_20_50-02.txt,61.404,0.250,15.351,3,5.688,37.05,1.896,5.078,0.125
47,ec.gp.GPIndividual@2096749773{928420699},3C_20_66-03.txt,118.340,0.250,29.585,5,15.438,52.18,3.088,11.250,0.125
47,ec.gp.GPIndividual@2096749773{928420699},3C_20_50-03.txt,30.993,0.250,7.748,1,10.188,131.48,10.188,11.250,0.125
47,ec.gp.GPIndividual@2096749773{928420699},3C_20_80-01.txt,4.194,0.250,1.049,2,1.516,144.53,0.758,11.250,0.125
47,ec.gp.GPIndividual@2096749773{928420699},3C_20_66-01.txt,7.322,0.250,1.831,1,0.297,16.22,0.297,11.250,0.125
47,ec.gp.GPIndividual@2096749773{928420699},3C_20_80-02.txt,35.738,0.250,8.935,11,8.313,93.04,0.756,11.250,0.125
47,ec.gp.GPIndividual@2096749773{928420699},3C_20_80-03.txt,169.439,0.250,42.360,2,1.094,2.58,0.547,11.250,0.000
47,ec.gp.GPIndividual@2096749773{928420699},3C_20_66-02.txt,154.245,0.250,38.561,8,29.469,76.42,3.684,14.391,0.000
47,ec.gp.GPIndividual@278592095{-981725095},3C_20_50-02.txt,61.404,0.250,15.351,5,6.734,43.87,1.347,5.750,0.047
47,ec.gp.GPIndividual@278592095{-981725095},3C_20_50-03.txt,30.993,0.250,7.748,4,4.750,61.31,1.188,5.750,0.047
47,ec.gp.GPIndividual@278592095{-981725095},3C_20_66-01.txt,7.322,0.250,1.831,7,1.453,79.38,0.208,5.750,0.000
47,ec.gp.GPIndividual@278592095{-981725095},3C_20_66-02.txt,154.245,0.250,38.561,9,28.406,73.67,3.156,10.813,0.000
47,ec.gp.GPIndividual@278592095{-981725095},3C_20_66-03.txt,118.340,0.250,29.585,5,20.250,68.45,4.050,10.813,0.000
47,ec.gp.GPIndividual@278592095{-981725095},3C_20_80-01.txt,4.194,0.250,1.049,3,0.641,61.09,0.214,10.813,0.000
47,ec.gp.GPIndividual@278592095{-981725095},3C_20_80-02.txt,35.738,0.250,8.935,6,4.234,47.39,0.706,10.813,0.000
47,ec.gp.GPIndividual@278592095{-981725095},3C_20_80-03.txt,169.439,0.250,42.360,2,17.406,41.09,8.703,16.641,0.000
47,ec.gp.GPIndividual@314163772{1491469492},3C_20_50-02.txt,61.404,0.250,15.351,5,6.750,43.97,1.350,5.734,0.047
47,ec.gp.GPIndividual@314163772{1491469492},3C_20_50-03.txt,30.993,0.250,7.748,4,4.750,61.31,1.188,5.734,0.047
47,ec.gp.GPIndividual@314163772{1491469492},3C_20_66-01.txt,7.322,0.250,1.831,7,1.422,77.67,0.203,5.734,0.000
47,ec.gp.GPIndividual@314163772{1491469492},3C_20_66-02.txt,154.245,0.250,38.561,9,28.484,73.87,3.165,10.688,0.000
47,ec.gp.GPIndividual@314163772{1491469492},3C_20_66-03.txt,118.340,0.250,29.585,5,20.219,68.34,4.044,10.688,0.000
47,ec.gp.GPIndividual@314163772{1491469492},3C_20_80-01.txt,4.194,0.250,1.049,3,0.672,64.07,0.224,10.688,0.000
47,ec.gp.GPIndividual@314163772{1491469492},3C_20_80-02.txt,35.738,0.250,8.935,6,4.219,47.22,0.703,10.688,0.000
47,ec.gp.GPIndividual@314163772{1491469492},3C_20_80-03.txt,169.439,0.250,42.360,2,17.422,41.13,8.711,16.656,0.000
48,ec.gp.GPIndividual@1660953250{-1384272211},3C_20_50-02.txt,61.404,0.250,15.351,0,0.000,0.00,0.000,0.000,0.000
48,ec.gp.GPIndividual@230889383{1491469492},3C_20_50-02.txt,61.404,0.250,15.351,0,0.000,0.00,0.000,0.000,0.000
48,ec.gp.GPIndividual@230889383{1491469492},3C_20_66-01.txt,7.322,0.250,1.831,0,0.000,0.00,0.000,0.000,0.000
48,ec.gp.GPIndividual@230889383{1491469492},3C_20_66-02.txt,154.245,0.250,38.561,0,0.000,0.00,0.000,0.000,0.000
48,ec.gp.GPIndividual@230889383{1491469492},3C_20_66-03.txt,118.340,0.250,29.585,0,0.000,0.00,0.000,0.000,0.000
48,ec.gp.GPIndividual@230889383{1491469492},3C_20_80-01.txt,4.194,0.250,1.049,0,0.000,0.00,0.000,0.000,0.000
48,ec.gp.GPIndividual@230889383{1491469492},3C_20_80-02.txt,35.738,0.250,8.935,0,0.000,0.00,0.000,0.000,0.000
48,ec.gp.GPIndividual@230889383{1491469492},3C_20_80-03.txt,169.439,0.250,42.360,0,0.000,0.00,0.000,0.000,0.000
48,ec.gp.GPIndividual@369713701{-1891405372},3C_20_50-02.txt,61.404,0.250,15.351,3,0.984,6.41,0.328,0.328,0.328
48,ec.gp.GPIndividual@369713701{-1891405372},3C_20_50-03.txt,30.993,0.250,7.748,7,8.125,104.86,1.161,1.891,0.328
48,ec.gp.GPIndividual@369713701{-1891405372},3C_20_50-03.txt,30.993,0.250,7.748,4,7.172,92.56,1.793,3.234,0.328
48,ec.gp.GPIndividual@369713701{-1891405372},3C_20_66-01.txt,7.322,0.250,1.831,1,2.188,119.50,2.188,3.234,0.328
48,ec.gp.GPIndividual@369713701{-1891405372},3C_20_50-03.txt,30.993,0.250,7.748,1,0.875,11.29,0.875,3.234,0.328
48,ec.gp.GPIndividual@369713701{-1891405372},3C_20_66-02.txt,154.245,0.250,38.561,6,6.469,16.78,1.078,3.234,0.000
48,ec.gp.GPIndividual@369713701{-1891405372},3C_20_50-03.txt,30.993,0.250,7.748,2,5.625,72.60,2.813,3.234,0.000
48,ec.gp.GPIndividual@369713701{-1891405372},3C_20_66-03.txt,118.340,0.250,29.585,5,10.141,34.28,2.028,3.234,0.000
48,ec.gp.GPIndividual@369713701{-1891405372},3C_20_50-03.txt,30.993,0.250,7.748,3,1.031,13.31,0.344,3.234,0.000
48,ec.gp.GPIndividual@369713701{-1891405372},3C_20_50-03.txt,30.993,0.250,7.748,3,8.313,107.28,2.771,3.234,0.000
48,ec.gp.GPIndividual@369713701{-1891405372},3C_20_66-01.txt,7.322,0.250,1.831,3,1.969,107.55,0.656,3.234,0.000
48,ec.gp.GPIndividual@369713701{-1891405372},3C_20_66-02.txt,154.245,0.250,38.561,5,18.219,47.25,3.644,6.047,0.000
48,ec.gp.GPIndividual@369713701{-1891405372},3C_20_80-01.txt,4.194,0.250,1.049,1,0.531,50.66,0.531,6.047,0.000
48,ec.gp.GPIndividual@369713701{-1891405372},3C_20_80-02.txt,35.738,0.250,8.935,3,6.063,67.85,2.021,6.047,0.000
48,ec.gp.GPIndividual@369713701{-1891405372},3C_20_80-03.txt,169.439,0.250,42.360,4,16.344,38.58,4.086,6.391,0.000
48,ec.gp.GPIndividual@369713701{-1891405372},3C_20_66-01.txt,7.322,0.250,1.831,2,8.609,470.32,4.305,6.953,0.000
48,ec.gp.GPIndividual@369713701{-1891405372},3C_20_66-01.txt,7.322,0.250,1.831,1,0.109,5.97,0.109,6.953,0.000
48,ec.gp.GPIndividual@369713701{-1891405372},3C_20_66-03.txt,118.340,0.250,29.585,6,11.094,37.50,1.849,6.953,0.000
48,ec.gp.GPIndividual@1396841527{-1648256827},3C_20_50-02.txt,61.404,0.250,15.351,1,5.688,37.05,5.688,5.688,5.688
48,ec.gp.GPIndividual@1396841527{-1648256827},3C_20_66-01.txt,7.322,0.250,1.831,3,1.906,104.14,0.635,5.688,0.156
48,ec.gp.GPIndividual@1396841527{-1648256827},3C_20_50-03.txt,30.993,0.250,7.748,1,0.266,3.43,0.266,5.688,0.156
48,ec.gp.GPIndividual@1396841527{-1648256827},3C_20_66-02.txt,154.245,0.250,38.561,16,40.375,104.70,2.523,6.734,0.156
48,ec.gp.GPIndividual@1396841527{-1648256827},3C_20_66-01.txt,7.322,0.250,1.831,1,2.016,110.11,2.016,6.734,0.156
48,ec.gp.GPIndividual@1396841527{-1648256827},3C_20_80-01.txt,4.194,0.250,1.049,1,1.234,117.71,1.234,6.734,0.156
48,ec.gp.GPIndividual@1396841527{-1648256827},3C_20_66-03.txt,118.340,0.250,29.585,9,30.625,103.52,3.403,10.969,0.156
48,ec.gp.GPIndividual@1396841527{-1648256827},3C_20_66-02.txt,154.245,0.250,38.561,6,21.922,56.85,3.654,10.969,0.156
48,ec.gp.GPIndividual@1396841527{-1648256827},3C_20_66-01.txt,7.322,0.250,1.831,2,1.641,89.62,0.820,10.969,0.156
48,ec.gp.GPIndividual@1396841527{-1648256827},3C_20_66-03.txt,118.340,0.250,29.585,7,19.094,64.54,2.728,10.969,0.000
48,ec.gp.GPIndividual@1396841527{-1648256827},3C_20_66-02.txt,154.245,0.250,38.561,11,32.938,85.42,2.994,10.969,0.000
48,ec.gp.GPIndividual@1396841527{-1648256827},3C_20_80-01.txt,4.194,0.250,1.049,2,2.109,201.16,1.055,10.969,0.000
48,ec.gp.GPIndividual@1396841527{-1648256827},3C_20_66-03.txt,118.340,0.250,29.585,4,17.063,57.67,4.266,14.016,0.000
48,ec.gp.GPIndividual@1396841527{-1648256827},3C_20_80-02.txt,35.738,0.250,8.935,1,6.156,68.90,6.156,14.016,0.000
48,ec.gp.GPIndividual@1396841527{-1648256827},3C_20_80-01.txt,4.194,0.250,1.049,1,2.188,208.61,2.188,14.016,0.000
48,ec.gp.GPIndividual@1396841527{-1648256827},3C_20_80-03.txt,169.439,0.250,42.360,6,39.438,93.10,6.573,14.016,0.000
48,ec.gp.GPIndividual@1396841527{-1648256827},3C_20_80-02.txt,35.738,0.250,8.935,5,9.031,101.08,1.806,14.016,0.000
48,ec.gp.GPIndividual@1396841527{-1648256827},3C_20_80-03.txt,169.439,0.250,42.360,1,0.688,1.62,0.688,14.016,0.000
48,ec.gp.GPIndividual@1396841527{-1648256827},3C_20_80-01.txt,4.194,0.250,1.049,1,6.047,576.65,6.047,14.016,0.000
48,ec.gp.GPIndividual@1270826266{-1861577850},3C_20_50-02.txt,61.404,0.250,15.351,2,3.594,23.41,1.797,3.063,0.531
48,ec.gp.GPIndividual@1270826266{-1861577850},3C_20_80-02.txt,35.738,0.250,8.935,4,10.703,119.79,2.676,7.141,0.484
48,ec.gp.GPIndividual@1270826266{-1861577850},3C_20_66-02.txt,154.245,0.250,38.561,5,7.359,19.08,1.472,7.141,0.000
48,ec.gp.GPIndividual@1270826266{-1861577850},3C_20_50-03.txt,30.993,0.250,7.748,3,10.125,130.68,3.375,7.141,0.000
48,ec.gp.GPIndividual@654800734{-248666541},3C_20_50-02.txt,61.404,0.250,15.351,9,14.750,96.08,1.639,4.109,0.000
48,ec.gp.GPIndividual@654800734{-248666541},3C_20_66-01.txt,7.322,0.250,1.831,2,3.188,174.13,1.594,4.109,0.000
48,ec.gp.GPIndividual@654800734{-248666541},3C_20_80-03.txt,169.439,0.250,42.360,1,0.328,0.77,0.328,4.109,0.000
48,ec.gp.GPIndividual@654800734{-248666541},3C_20_80-02.txt,35.738,0.250,8.935,3,16.719,187.13,5.573,14.328,0.000
48,ec.gp.GPIndividual@654800734{-248666541},3C_20_66-02.txt,154.245,0.250,38.561,9,14.938,38.74,1.660,14.328,0.000
48,ec.gp.GPIndividual@654800734{-248666541},3C_20_50-03.txt,30.993,0.250,7.748,5,11.344,146.41,2.269,14.328,0.000
48,ec.gp.GPIndividual@58182668{-1516969940},3C_20_50-02.txt,61.404,0.250,15.351,5,4.297,27.99,0.859,1.547,0.000
48,ec.gp.GPIndividual@58182668{-1516969940},3C_20_66-02.txt,154.245,0.250,38.561,13,40.656,105.43,3.127,12.891,0.000
48,ec.gp.GPIndividual@58182668{-1516969940},3C_20_66-03.txt,118.340,0.250,29.585,3,13.594,45.95,4.531,12.891,0.000
48,ec.gp.GPIndividual@58182668{-1516969940},3C_20_50-03.txt,30.993,0.250,7.748,1,11.563,149.23,11.563,12.891,0.000
48,ec.gp.GPIndividual@58182668{-1516969940},3C_20_66-03.txt,118.340,0.250,29.585,1,12.813,43.31,12.813,12.891,0.000
48,ec.gp.GPIndividual@58182668{-1516969940},3C_20_80-03.txt,169.439,0.250,42.360,8,48.859,115.34,6.107,12.891,0.000
48,ec.gp.GPIndividual@58182668{-1516969940},3C_20_66-03.txt,118.340,0.250,29.585,3,10.031,33.91,3.344,12.891,0.000
48,ec.gp.GPIndividual@2085604934{-814388663},3C_20_50-02.txt,61.404,0.250,15.351,4,17.688,115.22,4.422,9.016,0.531
48,ec.gp.GPIndividual@2085604934{-814388663},3C_20_66-01.txt,7.322,0.250,1.831,1,2.594,141.69,2.594,9.016,0.531
48,ec.gp.GPIndividual@2085604934{-814388663},3C_20_50-03.txt,30.993,0.250,7.748,1,7.375,95.18,7.375,9.016,0.531
48,ec.gp.GPIndividual@2085604934{-814388663},3C_20_66-01.txt,7.322,0.250,1.831,2,12.766,697.37,6.383,11.906,0.531
48,ec.gp.GPIndividual@2085604934{-814388663},3C_20_80-01.txt,4.194,0.250,1.049,1,3.453,329.30,3.453,11.906,0.531
48,ec.gp.GPIndividual@2085604934{-814388663},3C_20_80-01.txt,4.194,0.250,1.049,3,1.094,104.30,0.365,11.906,0.156
48,ec.gp.GPIndividual@2085604934{-814388663},3C_20_66-02.txt,154.245,0.250,38.561,15,29.203,75.73,1.947,11.906,0.156
48,ec.gp.GPIndividual@2085604934{-814388663},3C_20_80-02.txt,35.738,0.250,8.935,4,9.641,107.90,2.410,11.906,0.156
48,ec.gp.GPIndividual@2085604934{-814388663},3C_20_80-03.txt,169.439,0.250,42.360,1,0.703,1.66,0.703,11.906,0.156
48,ec.gp.GPIndividual@2085604934{-814388663},3C_20_66-01.txt,7.322,0.250,1.831,1,4.109,224.49,4.109,11.906,0.156
48,ec.gp.GPIndividual@2085604934{-814388663},3C_20_80-02.txt,35.738,0.250,8.935,4,10.422,116.65,2.605,11.906,0.156
48,ec.gp.GPIndividual@2085604934{-814388663},3C_20_80-01.txt,4.194,0.250,1.049,1,1.563,149.01,1.563,11.906,0.156
48,ec.gp.GPIndividual@2085604934{-814388663},3C_20_66-03.txt,118.340,0.250,29.585,4,5.328,18.01,1.332,11.906,0.156
48,ec.gp.GPIndividual@2085604934{-814388663},3C_20_66-02.txt,154.245,0.250,38.561,19,38.875,100.81,2.046,11.906,0.156
48,ec.gp.GPIndividual@2085604934{-814388663},3C_20_66-03.txt,118.340,0.250,29.585,1,0.344,1.16,0.344,11.906,0.156
48,ec.gp.GPIndividual@2085604934{-814388663},3C_20_80-02.txt,35.738,0.250,8.935,3,6.938,77.65,2.313,11.906,0.000
48,ec.gp.GPIndividual@2085604934{-814388663},3C_20_80-03.txt,169.439,0.250,42.360,2,4.297,10.14,2.148,11.906,0.000
48,ec.gp.GPIndividual@2085604934{-814388663},3C_20_80-01.txt,4.194,0.250,1.049,3,1.063,101.32,0.354,11.906,0.000
48,ec.gp.GPIndividual@2085604934{-814388663},3C_20_80-02.txt,35.738,0.250,8.935,1,8.203,91.81,8.203,11.906,0.000
48,ec.gp.GPIndividual@2085604934{-814388663},3C_20_66-02.txt,154.245,0.250,38.561,1,8.719,22.61,8.719,11.906,0.000
48,ec.gp.GPIndividual@929218614{317552667},3C_20_50-02.txt,61.404,0.250,15.351,0,0.000,0.00,0.000,0.000,0.000
48,ec.gp.GPIndividual@929218614{317552667},3C_20_50-03.txt,30.993,0.250,7.748,0,0.000,0.00,0.000,0.000,0.000
48,ec.gp.GPIndividual@929218614{317552667},3C_20_66-01.txt,7.322,0.250,1.831,0,0.000,0.00,0.000,0.000,0.000
48,ec.gp.GPIndividual@929218614{317552667},3C_20_66-02.txt,154.245,0.250,38.561,0,0.000,0.00,0.000,0.000,0.000
48,ec.gp.GPIndividual@929218614{317552667},3C_20_66-03.txt,118.340,0.250,29.585,0,0.000,0.00,0.000,0.000,0.000
48,ec.gp.GPIndividual@929218614{317552667},3C_20_80-01.txt,4.194,0.250,1.049,0,0.000,0.00,0.000,0.000,0.000
48,ec.gp.GPIndividual@929218614{317552667},3C_20_80-02.txt,35.738,0.250,8.935,0,0.000,0.00,0.000,0.000,0.000
48,ec.gp.GPIndividual@929218614{317552667},3C_20_80-03.txt,169.439,0.250,42.360,0,0.000,0.00,0.000,0.000,0.000
48,ec.gp.GPIndividual@1297969377{1097641800},3C_20_50-02.txt,61.404,0.250,15.351,7,15.656,101.99,2.237,6.063,0.297
48,ec.gp.GPIndividual@1297969377{1097641800},3C_20_80-01.txt,4.194,0.250,1.049,1,1.359,129.63,1.359,6.063,0.297
48,ec.gp.GPIndividual@1297969377{1097641800},3C_20_80-03.txt,169.439,0.250,42.360,18,39.422,93.06,2.190,6.406,0.297
48,ec.gp.GPIndividual@1297969377{1097641800},3C_20_80-02.txt,35.738,0.250,8.935,2,10.578,118.40,5.289,6.563,0.297
48,ec.gp.GPIndividual@1297969377{1097641800},3C_20_66-03.txt,118.340,0.250,29.585,2,4.313,14.58,2.156,6.563,0.297
48,ec.gp.GPIndividual@1340879633{1915566817},3C_20_50-02.txt,61.404,0.250,15.351,1,7.031,45.80,7.031,7.031,7.031
48,ec.gp.GPIndividual@1340879633{1915566817},3C_20_80-03.txt,169.439,0.250,42.360,2,8.328,19.66,4.164,7.875,0.453
48,ec.gp.GPIndividual@1340879633{1915566817},3C_20_50-03.txt,30.993,0.250,7.748,2,15.313,197.63,7.656,13.969,0.453
48,ec.gp.GPIndividual@169582957{-980264560},3C_20_50-02.txt,61.404,0.250,15.351,9,19.953,129.98,2.217,6.219,0.344
48,ec.gp.GPIndividual@169582957{-980264560},3C_20_80-01.txt,4.194,0.250,1.049,1,5.906,563.24,5.906,6.219,0.344
48,ec.gp.GPIndividual@648158072{-1001746549},3C_20_50-02.txt,61.404,0.250,15.351,5,3.563,23.21,0.713,1.953,0.000
48,ec.gp.GPIndividual@648158072{-1001746549},3C_20_50-03.txt,30.993,0.250,7.748,4,7.313,94.38,1.828,3.422,0.000
48,ec.gp.GPIndividual@648158072{-1001746549},3C_20_80-02.txt,35.738,0.250,8.935,2,0.844,9.44,0.422,3.422,0.000
48,ec.gp.GPIndividual@648158072{-1001746549},3C_20_66-01.txt,7.322,0.250,1.831,4,1.984,108.40,0.496,3.422,0.000
48,ec.gp.GPIndividual@648158072{-1001746549},3C_20_50-03.txt,30.993,0.250,7.748,5,9.344,120.59,1.869,3.422,0.000
48,ec.gp.GPIndividual@648158072{-1001746549},3C_20_80-03.txt,169.439,0.250,42.360,1,0.328,0.77,0.328,3.422,0.000
48,ec.gp.GPIndividual@648158072{-1001746549},3C_20_66-02.txt,154.245,0.250,38.561,3,3.000,7.78,1.000,3.422,0.000
48,ec.gp.GPIndividual@648158072{-1001746549},3C_20_50-03.txt,30.993,0.250,7.748,1,5.500,70.98,5.500,5.500,0.000
48,ec.gp.GPIndividual@648158072{-1001746549},3C_20_80-03.txt,169.439,0.250,42.360,13,41.313,97.53,3.178,6.125,0.000
48,ec.gp.GPIndividual@648158072{-1001746549},3C_20_66-03.txt,118.340,0.250,29.585,2,4.875,16.48,2.438,6.125,0.000
48,ec.gp.GPIndividual@303432288{1167674943},3C_20_50-02.txt,61.404,0.250,15.351,2,6.313,41.12,3.156,6.313,0.000
48,ec.gp.GPIndividual@303432288{1167674943},3C_20_66-01.txt,7.322,0.250,1.831,3,1.922,104.99,0.641,6.313,0.000
48,ec.gp.GPIndividual@303432288{1167674943},3C_20_66-02.txt,154.245,0.250,38.561,3,14.406,37.36,4.802,7.938,0.000
48,ec.gp.GPIndividual@994089874{-1913089371},3C_20_50-02.txt,61.404,0.250,15.351,3,2.781,18.12,0.927,1.797,0.484
48,ec.gp.GPIndividual@994089874{-1913089371},3C_20_50-03.txt,30.993,0.250,7.748,3,8.313,107.28,2.771,5.781,0.000
48,ec.gp.GPIndividual@994089874{-1913089371},3C_20_80-01.txt,4.194,0.250,1.049,2,1.922,183.28,0.961,5.781,0.000
48,ec.gp.GPIndividual@994089874{-1913089371},3C_20_66-03.txt,118.340,0.250,29.585,7,17.203,58.15,2.458,6.828,0.000
48,ec.gp.GPIndividual@994089874{-1913089371},3C_20_80-02.txt,35.738,0.250,8.935,2,7.891,88.32,3.945,7.156,0.000
48,ec.gp.GPIndividual@994089874{-1913089371},3C_20_66-01.txt,7.322,0.250,1.831,2,3.063,167.30,1.531,7.156,0.000
48,ec.gp.GPIndividual@994089874{-1913089371},3C_20_80-03.txt,169.439,0.250,42.360,6,16.891,39.87,2.815,7.156,0.000
48,ec.gp.GPIndividual@994089874{-1913089371},3C_20_66-02.txt,154.245,0.250,38.561,1,8.250,21.39,8.250,8.250,0.000
48,ec.gp.GPIndividual@994089874{-1913089371},3C_20_66-01.txt,7.322,0.250,1.831,1,3.625,198.03,3.625,8.250,0.000
48,ec.gp.GPIndividual@994089874{-1913089371},3C_20_80-01.txt,4.194,0.250,1.049,3,1.563,149.01,0.521,8.250,0.000
48,ec.gp.GPIndividual@994089874{-1913089371},3C_20_66-02.txt,154.245,0.250,38.561,6,15.031,38.98,2.505,8.250,0.000
48,ec.gp.GPIndividual@994089874{-1913089371},3C_20_80-02.txt,35.738,0.250,8.935,3,9.281,103.88,3.094,8.250,0.000
48,ec.gp.GPIndividual@994089874{-1913089371},3C_20_66-03.txt,118.340,0.250,29.585,2,1.922,6.50,0.961,8.250,0.000
48,ec.gp.GPIndividual@994089874{-1913089371},3C_20_66-01.txt,7.322,0.250,1.831,2,2.281,124.62,1.141,8.250,0.000
48,ec.gp.GPIndividual@994089874{-1913089371},3C_20_80-03.txt,169.439,0.250,42.360,12,40.766,96.24,3.397,15.781,0.000
48,ec.gp.GPIndividual@402480050{-1324159693},3C_20_50-02.txt,61.404,0.250,15.351,2,13.688,89.16,6.844,13.156,0.531
48,ec.gp.GPIndividual@243284788{-159641396},3C_20_50-02.txt,61.404,0.250,15.351,0,0.000,0.00,0.000,0.000,0.000
48,ec.gp.GPIndividual@243284788{-159641396},3C_20_50-03.txt,30.993,0.250,7.748,0,0.000,0.00,0.000,0.000,0.000
48,ec.gp.GPIndividual@243284788{-159641396},3C_20_66-01.txt,7.322,0.250,1.831,0,0.000,0.00,0.000,0.000,0.000
48,ec.gp.GPIndividual@243284788{-159641396},3C_20_66-02.txt,154.245,0.250,38.561,0,0.000,0.00,0.000,0.000,0.000
48,ec.gp.GPIndividual@243284788{-159641396},3C_20_66-03.txt,118.340,0.250,29.585,0,0.000,0.00,0.000,0.000,0.000
48,ec.gp.GPIndividual@243284788{-159641396},3C_20_80-01.txt,4.194,0.250,1.049,0,0.000,0.00,0.000,0.000,0.000
48,ec.gp.GPIndividual@243284788{-159641396},3C_20_80-02.txt,35.738,0.250,8.935,0,0.000,0.00,0.000,0.000,0.000
48,ec.gp.GPIndividual@243284788{-159641396},3C_20_80-03.txt,169.439,0.250,42.360,0,0.000,0.00,0.000,0.000,0.000
48,ec.gp.GPIndividual@1819745652{-410209212},3C_20_50-02.txt,61.404,0.250,15.351,0,0.000,0.00,0.000,0.000,0.000
48,ec.gp.GPIndividual@1819745652{-410209212},3C_20_50-03.txt,30.993,0.250,7.748,0,0.000,0.00,0.000,0.000,0.000
48,ec.gp.GPIndividual@1819745652{-410209212},3C_20_66-01.txt,7.322,0.250,1.831,0,0.000,0.00,0.000,0.000,0.000
48,ec.gp.GPIndividual@1819745652{-410209212},3C_20_66-02.txt,154.245,0.250,38.561,0,0.000,0.00,0.000,0.000,0.000
48,ec.gp.GPIndividual@1819745652{-410209212},3C_20_66-03.txt,118.340,0.250,29.585,0,0.000,0.00,0.000,0.000,0.000
48,ec.gp.GPIndividual@1819745652{-410209212},3C_20_80-01.txt,4.194,0.250,1.049,0,0.000,0.00,0.000,0.000,0.000
48,ec.gp.GPIndividual@1819745652{-410209212},3C_20_80-02.txt,35.738,0.250,8.935,0,0.000,0.00,0.000,0.000,0.000
48,ec.gp.GPIndividual@1819745652{-410209212},3C_20_80-03.txt,169.439,0.250,42.360,0,0.000,0.00,0.000,0.000,0.000
48,ec.gp.GPIndividual@1295324092{57564022},3C_20_50-02.txt,61.404,0.250,15.351,4,9.797,63.82,2.449,3.797,0.500
48,ec.gp.GPIndividual@1295324092{57564022},3C_20_50-03.txt,30.993,0.250,7.748,4,7.906,102.04,1.977,3.797,0.172
48,ec.gp.GPIndividual@1295324092{57564022},3C_20_66-01.txt,7.322,0.250,1.831,1,4.719,257.78,4.719,4.719,0.172
48,ec.gp.GPIndividual@1295324092{57564022},3C_20_80-01.txt,4.194,0.250,1.049,1,2.391,227.98,2.391,4.719,0.172
48,ec.gp.GPIndividual@1295324092{57564022},3C_20_50-03.txt,30.993,0.250,7.748,6,14.891,192.18,2.482,10.047,0.172
48,ec.gp.GPIndividual@1295324092{57564022},3C_20_66-02.txt,154.245,0.250,38.561,3,2.609,6.77,0.870,10.047,0.000
48,ec.gp.GPIndividual@1295324092{57564022},3C_20_50-03.txt,30.993,0.250,7.748,2,2.844,36.70,1.422,10.047,0.000
48,ec.gp.GPIndividual@1295324092{57564022},3C_20_80-02.txt,35.738,0.250,8.935,1,13.828,154.77,13.828,13.828,0.000
48,ec.gp.GPIndividual@1295324092{57564022},3C_20_66-03.txt,118.340,0.250,29.585,13,31.469,106.37,2.421,13.828,0.000
48,ec.gp.GPIndividual@1295324092{57564022},3C_20_80-01.txt,4.194,0.250,1.049,1,1.484,141.55,1.484,13.828,0.000
48,ec.gp.GPIndividual@1295324092{57564022},3C_20_80-03.txt,169.439,0.250,42.360,12,45.844,108.22,3.820,13.828,0.000
48,ec.gp.GPIndividual@1295324092{57564022},3C_20_66-01.txt,7.322,0.250,1.831,2,3.063,167.30,1.531,13.828,0.000
48,ec.gp.GPIndividual@1295324092{57564022},3C_20_66-01.txt,7.322,0.250,1.831,1,1.609,87.92,1.609,13.828,0.000
48,ec.gp.GPIndividual@1295324092{57564022},3C_20_80-02.txt,35.738,0.250,8.935,6,12.859,143.93,2.143,13.828,0.000
48,ec.gp.GPIndividual@1012255952{1481862196},3C_20_50-02.txt,61.404,0.250,15.351,1,9.047,58.93,9.047,9.047,9.047
48,ec.gp.GPIndividual@1012255952{1481862196},3C_20_66-02.txt,154.245,0.250,38.561,2,2.047,5.31,1.023,9.047,0.484
48,ec.gp.GPIndividual@1012255952{1481862196},3C_20_66-02.txt,154.245,0.250,38.561,2,2.563,6.65,1.281,9.047,0.484
48,ec.gp.GPIndividual@1012255952{1481862196},3C_20_80-03.txt,169.439,0.250,42.360,15,45.141,106.56,3.009,14.563,0.484
48,ec.gp.GPIndividual@1012255952{1481862196},3C_20_50-03.txt,30.993,0.250,7.748,1,0.156,2.02,0.156,14.563,0.156
48,ec.gp.GPIndividual@1012255952{1481862196},3C_20_66-03.txt,118.340,0.250,29.585,2,2.719,9.19,1.359,14.563,0.156
48,ec.gp.GPIndividual@1073114414{524590544},3C_20_50-02.txt,61.404,0.250,15.351,2,1.969,12.82,0.984,1.438,0.531
48,ec.gp.GPIndividual@1073114414{524590544},3C_20_66-03.txt,118.340,0.250,29.585,3,18.344,62.00,6.115,7.844,0.531
48,ec.gp.GPIndividual@1073114414{524590544},3C_20_66-03.txt,118.340,0.250,29.585,9,34.563,116.82,3.840,7.844,0.000
48,ec.gp.GPIndividual@1073114414{524590544},3C_20_80-01.txt,4.194,0.250,1.049,3,1.313,125.16,0.438,7.844,0.000
48,ec.gp.GPIndividual@1073114414{524590544},3C_20_80-01.txt,4.194,0.250,1.049,4,1.344,128.14,0.336,7.844,0.000
48,ec.gp.GPIndividual@1073114414{524590544},3C_20_80-02.txt,35.738,0.250,8.935,2,2.172,24.31,1.086,7.844,0.000
48,ec.gp.GPIndividual@1073114414{524590544},3C_20_50-03.txt,30.993,0.250,7.748,2,0.156,2.02,0.078,7.844,0.000
48,ec.gp.GPIndividual@1073114414{524590544},3C_20_80-02.txt,35.738,0.250,8.935,1,9.047,101.26,9.047,9.047,0.000
48,ec.gp.GPIndividual@1073114414{524590544},3C_20_66-02.txt,154.245,0.250,38.561,9,24.172,62.68,2.686,9.047,0.000
48,ec.gp.GPIndividual@1073114414{524590544},3C_20_80-01.txt,4.194,0.250,1.049,1,1.422,135.59,1.422,9.047,0.000
48,ec.gp.GPIndividual@1073114414{524590544},3C_20_66-03.txt,118.340,0.250,29.585,8,18.281,61.79,2.285,9.047,0.000
48,ec.gp.GPIndividual@1073114414{524590544},3C_20_66-01.txt,7.322,0.250,1.831,2,2.000,109.26,1.000,9.047,0.000
48,ec.gp.GPIndividual@1073114414{524590544},3C_20_80-02.txt,35.738,0.250,8.935,6,9.500,106.33,1.583,9.047,0.000
48,ec.gp.GPIndividual@1073114414{524590544},3C_20_80-03.txt,169.439,0.250,42.360,3,2.078,4.91,0.693,9.047,0.000
48,ec.gp.GPIndividual@1073114414{524590544},3C_20_66-02.txt,154.245,0.250,38.561,1,2.625,6.81,2.625,9.047,0.000
48,ec.gp.GPIndividual@1073114414{524590544},3C_20_80-03.txt,169.439,0.250,42.360,2,7.391,17.45,3.695,9.047,0.000
48,ec.gp.GPIndividual@1073114414{524590544},3C_20_80-03.txt,169.439,0.250,42.360,12,42.328,99.93,3.527,9.047,0.000
48,ec.gp.GPIndividual@1073114414{524590544},3C_20_66-03.txt,118.340,0.250,29.585,1,0.922,3.12,0.922,9.047,0.000
48,ec.gp.GPIndividual@1739851492{1815287212},3C_20_50-02.txt,61.404,0.250,15.351,0,0.000,0.00,0.000,0.000,0.000
48,ec.gp.GPIndividual@1739851492{1815287212},3C_20_50-03.txt,30.993,0.250,7.748,0,0.000,0.00,0.000,0.000,0.000
48,ec.gp.GPIndividual@1739851492{1815287212},3C_20_66-01.txt,7.322,0.250,1.831,0,0.000,0.00,0.000,0.000,0.000
48,ec.gp.GPIndividual@1739851492{1815287212},3C_20_66-02.txt,154.245,0.250,38.561,0,0.000,0.00,0.000,0.000,0.000
48,ec.gp.GPIndividual@1739851492{1815287212},3C_20_66-03.txt,118.340,0.250,29.585,0,0.000,0.00,0.000,0.000,0.000
48,ec.gp.GPIndividual@1739851492{1815287212},3C_20_80-01.txt,4.194,0.250,1.049,0,0.000,0.00,0.000,0.000,0.000
48,ec.gp.GPIndividual@1739851492{1815287212},3C_20_80-02.txt,35.738,0.250,8.935,0,0.000,0.00,0.000,0.000,0.000
48,ec.gp.GPIndividual@1739851492{1815287212},3C_20_80-03.txt,169.439,0.250,42.360,0,0.000,0.00,0.000,0.000,0.000
48,ec.gp.GPIndividual@980216709{1868836059},3C_20_50-02.txt,61.404,0.250,15.351,3,14.031,91.40,4.677,7.766,0.500
48,ec.gp.GPIndividual@1808377987{-269042896},3C_20_50-02.txt,61.404,0.250,15.351,5,15.172,98.83,3.034,8.125,0.359
48,ec.gp.GPIndividual@1808377987{-269042896},3C_20_66-01.txt,7.322,0.250,1.831,2,2.172,118.65,1.086,8.125,0.359
48,ec.gp.GPIndividual@1808377987{-269042896},3C_20_50-03.txt,30.993,0.250,7.748,1,1.953,25.21,1.953,8.125,0.359
48,ec.gp.GPIndividual@971873177{-2092226026},3C_20_50-02.txt,61.404,0.250,15.351,7,27.141,176.80,3.877,14.484,0.438
48,ec.gp.GPIndividual@971873177{-2092226026},3C_20_80-01.txt,4.194,0.250,1.049,1,1.406,134.10,1.406,14.484,0.438
48,ec.gp.GPIndividual@971873177{-2092226026},3C_20_66-02.txt,154.245,0.250,38.561,5,10.219,26.50,2.044,14.484,0.438
48,ec.gp.GPIndividual@971873177{-2092226026},3C_20_80-01.txt,4.194,0.250,1.049,2,1.750,166.89,0.875,14.484,0.438
48,ec.gp.GPIndividual@971873177{-2092226026},3C_20_80-02.txt,35.738,0.250,8.935,4,6.422,71.88,1.605,14.484,0.328
48,ec.gp.GPIndividual@971873177{-2092226026},3C_20_50-03.txt,30.993,0.250,7.748,3,5.266,67.96,1.755,14.484,0.328
48,ec.gp.GPIndividual@971873177{-2092226026},3C_20_80-02.txt,35.738,0.250,8.935,4,7.906,88.49,1.977,14.484,0.328
48,ec.gp.GPIndividual@971873177{-2092226026},3C_20_66-03.txt,118.340,0.250,29.585,1,1.438,4.86,1.438,14.484,0.328
48,ec.gp.GPIndividual@971873177{-2092226026},3C_20_80-03.txt,169.439,0.250,42.360,10,42.016,99.19,4.202,14.484,0.328
48,ec.gp.GPIndividual@971873177{-2092226026},3C_20_50-03.txt,30.993,0.250,7.748,2,9.531,123.01,4.766,14.484,0.328
48,ec.gp.GPIndividual@971873177{-2092226026},3C_20_66-01.txt,7.322,0.250,1.831,4,1.625,88.77,0.406,14.484,0.000
48,ec.gp.GPIndividual@971873177{-2092226026},3C_20_66-02.txt,154.245,0.250,38.561,1,2.516,6.52,2.516,14.484,0.000
48,ec.gp.GPIndividual@971873177{-2092226026},3C_20_80-03.txt,169.439,0.250,42.360,4,19.375,45.74,4.844,14.484,0.000
48,ec.gp.GPIndividual@1851464987{1187929461},3C_20_50-02.txt,61.404,0.250,15.351,5,10.438,67.99,2.088,4.328,0.359
48,ec.gp.GPIndividual@1851464987{1187929461},3C_20_50-03.txt,30.993,0.250,7.748,3,7.547,97.40,2.516,6.094,0.172
48,ec.gp.GPIndividual@1636866357{-2078489945},3C_20_50-02.txt,61.404,0.250,15.351,5,7.828,50.99,1.566,2.828,0.000
48,ec.gp.GPIndividual@1636866357{-2078489945},3C_20_66-01.txt,7.322,0.250,1.831,2,1.594,87.06,0.797,2.828,0.000
48,ec.gp.GPIndividual@1636866357{-2078489945},3C_20_66-03.txt,118.340,0.250,29.585,3,2.609,8.82,0.870,2.828,0.000
48,ec.gp.GPIndividual@1636866357{-2078489945},3C_20_66-02.txt,154.245,0.250,38.561,5,19.734,51.18,3.947,9.078,0.000
48,ec.gp.GPIndividual@1636866357{-2078489945},3C_20_66-03.txt,118.340,0.250,29.585,3,24.844,83.97,8.281,15.609,0.000
48,ec.gp.GPIndividual@1636866357{-2078489945},3C_20_80-01.txt,4.194,0.250,1.049,3,1.078,102.81,0.359,15.609,0.000
48,ec.gp.GPIndividual@1636866357{-2078489945},3C_20_80-02.txt,35.738,0.250,8.935,3,13.281,148.65,4.427,15.609,0.000
48,ec.gp.GPIndividual@1636866357{-2078489945},3C_20_66-01.txt,7.322,0.250,1.831,2,2.141,116.94,1.070,15.609,0.000
48,ec.gp.GPIndividual@1636866357{-2078489945},3C_20_80-03.txt,169.439,0.250,42.360,1,0.500,1.18,0.500,15.609,0.000
48,ec.gp.GPIndividual@1636866357{-2078489945},3C_20_66-02.txt,154.245,0.250,38.561,2,9.047,23.46,4.523,15.609,0.000
48,ec.gp.GPIndividual@1636866357{-2078489945},3C_20_80-01.txt,4.194,0.250,1.049,4,1.047,99.83,0.262,15.609,0.000
48,ec.gp.GPIndividual@1636866357{-2078489945},3C_20_80-02.txt,35.738,0.250,8.935,1,11.078,123.99,11.078,15.609,0.000
48,ec.gp.GPIndividual@1636866357{-2078489945},3C_20_66-01.txt,7.322,0.250,1.831,2,3.250,177.54,1.625,15.609,0.000
48,ec.gp.GPIndividual@1636866357{-2078489945},3C_20_66-03.txt,118.340,0.250,29.585,3,5.938,20.07,1.979,15.609,0.000
48,ec.gp.GPIndividual@1636866357{-2078489945},3C_20_80-01.txt,4.194,0.250,1.049,1,0.875,83.44,0.875,15.609,0.000
48,ec.gp.GPIndividual@1636866357{-2078489945},3C_20_66-02.txt,154.245,0.250,38.561,2,0.516,1.34,0.258,15.609,0.000
48,ec.gp.GPIndividual@1636866357{-2078489945},3C_20_80-02.txt,35.738,0.250,8.935,1,10.766,120.49,10.766,15.609,0.000
48,ec.gp.GPIndividual@1636866357{-2078489945},3C_20_50-03.txt,30.993,0.250,7.748,3,7.578,97.81,2.526,15.609,0.000
48,ec.gp.GPIndividual@767235907{-1248972885},3C_20_50-02.txt,61.404,0.250,15.351,4,20.563,133.95,5.141,9.563,0.266
48,ec.gp.GPIndividual@953368432{1353589887},3C_20_50-02.txt,61.404,0.250,15.351,1,0.219,1.42,0.219,0.219,0.219
48,ec.gp.GPIndividual@953368432{1353589887},3C_20_80-02.txt,35.738,0.250,8.935,7,9.844,110.18,1.406,3.672,0.188
48,ec.gp.GPIndividual@953368432{1353589887},3C_20_50-03.txt,30.993,0.250,7.748,1,0.219,2.82,0.219,3.672,0.188
48,ec.gp.GPIndividual@953368432{1353589887},3C_20_80-01.txt,4.194,0.250,1.049,3,1.094,104.30,0.365,3.672,0.109
48,ec.gp.GPIndividual@953368432{1353589887},3C_20_80-03.txt,169.439,0.250,42.360,12,27.953,65.99,2.329,5.297,0.109
48,ec.gp.GPIndividual@953368432{1353589887},3C_20_66-01.txt,7.322,0.250,1.831,1,0.578,31.58,0.578,5.297,0.109
48,ec.gp.GPIndividual@953368432{1353589887},3C_20_66-02.txt,154.245,0.250,38.561,4,24.391,63.25,6.098,14.156,0.109
48,ec.gp.GPIndividual@953368432{1353589887},3C_20_80-02.txt,35.738,0.250,8.935,1,11.813,132.21,11.813,14.156,0.109
48,ec.gp.GPIndividual@1038463904{881365591},3C_20_50-02.txt,61.404,0.250,15.351,1,0.859,5.60,0.859,0.859,0.859
48,ec.gp.GPIndividual@1038463904{881365591},3C_20_66-03.txt,118.340,0.250,29.585,7,8.719,29.47,1.246,3.453,0.172
48,ec.gp.GPIndividual@1038463904{881365591},3C_20_80-01.txt,4.194,0.250,1.049,2,0.922,87.91,0.461,3.453,0.094
48,ec.gp.GPIndividual@1038463904{881365591},3C_20_80-03.txt,169.439,0.250,42.360,4,3.734,8.82,0.934,3.453,0.094
48,ec.gp.GPIndividual@1038463904{881365591},3C_20_80-02.txt,35.738,0.250,8.935,2,4.594,51.42,2.297,3.453,0.094
48,ec.gp.GPIndividual@1038463904{881365591},3C_20_80-03.txt,169.439,0.250,42.360,2,11.469,27.07,5.734,9.188,0.094
48,ec.gp.GPIndividual@133214195{1184785311},3C_20_50-02.txt,61.404,0.250,15.351,5,8.156,53.13,1.631,4.859,0.156
48,ec.gp.GPIndividual@133214195{1184785311},3C_20_50-03.txt,30.993,0.250,7.748,2,17.953,231.71,8.977,16.094,0.156
48,ec.gp.GPIndividual@133214195{1184785311},3C_20_50-03.txt,30.993,0.250,7.748,1,13.344,172.22,13.344,16.094,0.156
48,ec.gp.GPIndividual@133214195{1184785311},3C_20_66-01.txt,7.322,0.250,1.831,2,2.156,117.79,1.078,16.094,0.156
48,ec.gp.GPIndividual@133214195{1184785311},3C_20_66-01.txt,7.322,0.250,1.831,1,2.422,132.30,2.422,16.094,0.156
48,ec.gp.GPIndividual@133214195{1184785311},3C_20_66-01.txt,7.322,0.250,1.831,4,1.750,95.60,0.438,16.094,0.156
48,ec.gp.GPIndividual@133214195{1184785311},3C_20_66-02.txt,154.245,0.250,38.561,1,0.172,0.45,0.172,16.094,0.156
48,ec.gp.GPIndividual@133214195{1184785311},3C_20_66-02.txt,154.245,0.250,38.561,1,0.563,1.46,0.563,16.094,0.156
48,ec.gp.GPIndividual@133214195{1184785311},3C_20_66-02.txt,154.245,0.250,38.561,17,33.297,86.35,1.959,16.094,0.156
48,ec.gp.GPIndividual@133214195{1184785311},3C_20_66-03.txt,118.340,0.250,29.585,1,11.750,39.72,11.750,16.094,0.156
48,ec.gp.GPIndividual@133214195{1184785311},3C_20_66-03.txt,118.340,0.250,29.585,5,14.547,49.17,2.909,16.094,0.156
48,ec.gp.GPIndividual@133214195{1184785311},3C_20_66-03.txt,118.340,0.250,29.585,3,12.813,43.31,4.271,16.094,0.156
48,ec.gp.GPIndividual@133214195{1184785311},3C_20_80-01.txt,4.194,0.250,1.049,1,9.234,880.62,9.234,16.094,0.156
48,ec.gp.GPIndividual@133214195{1184785311},3C_20_80-01.txt,4.194,0.250,1.049,3,1.109,105.79,0.370,16.094,0.156
48,ec.gp.GPIndividual@133214195{1184785311},3C_20_80-02.txt,35.738,0.250,8.935,2,0.156,1.75,0.078,16.094,0.000
48,ec.gp.GPIndividual@133214195{1184785311},3C_20_80-02.txt,35.738,0.250,8.935,11,7.516,84.12,0.683,16.094,0.000
48,ec.gp.GPIndividual@133214195{1184785311},3C_20_80-03.txt,169.439,0.250,42.360,1,1.344,3.17,1.344,16.094,0.000
48,ec.gp.GPIndividual@133214195{1184785311},3C_20_80-03.txt,169.439,0.250,42.360,4,26.125,61.67,6.531,16.094,0.000
49,ec.gp.GPIndividual@56745310{1801589874},3C_20_50-02.txt,61.404,0.250,15.351,0,0.000,0.00,0.000,0.000,0.000
49,ec.gp.GPIndividual@56745310{1801589874},3C_20_50-03.txt,30.993,0.250,7.748,0,0.000,0.00,0.000,0.000,0.000
49,ec.gp.GPIndividual@56745310{1801589874},3C_20_66-01.txt,7.322,0.250,1.831,0,0.000,0.00,0.000,0.000,0.000
49,ec.gp.GPIndividual@56745310{1801589874},3C_20_66-02.txt,154.245,0.250,38.561,0,0.000,0.00,0.000,0.000,0.000
49,ec.gp.GPIndividual@56745310{1801589874},3C_20_66-03.txt,118.340,0.250,29.585,0,0.000,0.00,0.000,0.000,0.000
49,ec.gp.GPIndividual@56745310{1801589874},3C_20_80-01.txt,4.194,0.250,1.049,0,0.000,0.00,0.000,0.000,0.000
49,ec.gp.GPIndividual@56745310{1801589874},3C_20_80-02.txt,35.738,0.250,8.935,0,0.000,0.00,0.000,0.000,0.000
49,ec.gp.GPIndividual@56745310{1801589874},3C_20_80-03.txt,169.439,0.250,42.360,0,0.000,0.00,0.000,0.000,0.000
49,ec.gp.GPIndividual@2117871179{271532587},3C_20_50-02.txt,61.404,0.250,15.351,0,0.000,0.00,0.000,0.000,0.000
49,ec.gp.GPIndividual@2117871179{271532587},3C_20_50-03.txt,30.993,0.250,7.748,0,0.000,0.00,0.000,0.000,0.000
49,ec.gp.GPIndividual@2117871179{271532587},3C_20_66-01.txt,7.322,0.250,1.831,0,0.000,0.00,0.000,0.000,0.000
49,ec.gp.GPIndividual@2117871179{271532587},3C_20_66-02.txt,154.245,0.250,38.561,0,0.000,0.00,0.000,0.000,0.000
49,ec.gp.GPIndividual@2117871179{271532587},3C_20_66-03.txt,118.340,0.250,29.585,0,0.000,0.00,0.000,0.000,0.000
49,ec.gp.GPIndividual@2117871179{271532587},3C_20_80-01.txt,4.194,0.250,1.049,0,0.000,0.00,0.000,0.000,0.000
49,ec.gp.GPIndividual@2117871179{271532587},3C_20_80-02.txt,35.738,0.250,8.935,0,0.000,0.00,0.000,0.000,0.000
49,ec.gp.GPIndividual@2117871179{271532587},3C_20_80-03.txt,169.439,0.250,42.360,0,0.000,0.00,0.000,0.000,0.000
49,ec.gp.GPIndividual@1211715410{304176336},3C_20_50-02.txt,61.404,0.250,15.351,0,0.000,0.00,0.000,0.000,0.000
49,ec.gp.GPIndividual@1211715410{304176336},3C_20_50-03.txt,30.993,0.250,7.748,0,0.000,0.00,0.000,0.000,0.000
49,ec.gp.GPIndividual@1211715410{304176336},3C_20_66-01.txt,7.322,0.250,1.831,0,0.000,0.00,0.000,0.000,0.000
49,ec.gp.GPIndividual@1211715410{304176336},3C_20_66-02.txt,154.245,0.250,38.561,0,0.000,0.00,0.000,0.000,0.000
49,ec.gp.GPIndividual@1211715410{304176336},3C_20_66-03.txt,118.340,0.250,29.585,0,0.000,0.00,0.000,0.000,0.000
49,ec.gp.GPIndividual@1211715410{304176336},3C_20_80-01.txt,4.194,0.250,1.049,0,0.000,0.00,0.000,0.000,0.000
49,ec.gp.GPIndividual@1211715410{304176336},3C_20_80-02.txt,35.738,0.250,8.935,0,0.000,0.00,0.000,0.000,0.000
49,ec.gp.GPIndividual@1211715410{304176336},3C_20_80-03.txt,169.439,0.250,42.360,0,0.000,0.00,0.000,0.000,0.000
49,ec.gp.GPIndividual@1266553547{-707186263},3C_20_50-02.txt,61.404,0.250,15.351,14,16.250,105.86,1.161,2.094,0.313
49,ec.gp.GPIndividual@1266553547{-707186263},3C_20_50-03.txt,30.993,0.250,7.748,5,8.328,107.49,1.666,2.359,0.313
49,ec.gp.GPIndividual@1266553547{-707186263},3C_20_50-03.txt,30.993,0.250,7.748,4,3.906,50.42,0.977,2.359,0.000
49,ec.gp.GPIndividual@1266553547{-707186263},3C_20_50-03.txt,30.993,0.250,7.748,1,0.828,10.69,0.828,2.359,0.000
49,ec.gp.GPIndividual@1266553547{-707186263},3C_20_50-03.txt,30.993,0.250,7.748,2,5.359,69.17,2.680,3.109,0.000
49,ec.gp.GPIndividual@1266553547{-707186263},3C_20_50-03.txt,30.993,0.250,7.748,3,8.359,107.89,2.786,3.234,0.000
49,ec.gp.GPIndividual@1266553547{-707186263},3C_20_66-01.txt,7.322,0.250,1.831,1,3.156,172.42,3.156,3.234,0.000
49,ec.gp.GPIndividual@1266553547{-707186263},3C_20_66-01.txt,7.322,0.250,1.831,2,1.891,103.28,0.945,3.234,0.000
49,ec.gp.GPIndividual@1266553547{-707186263},3C_20_66-02.txt,154.245,0.250,38.561,3,1.000,2.59,0.333,3.234,0.000
49,ec.gp.GPIndividual@1266553547{-707186263},3C_20_66-01.txt,7.322,0.250,1.831,1,2.438,133.16,2.438,3.234,0.000
49,ec.gp.GPIndividual@1266553547{-707186263},3C_20_66-01.txt,7.322,0.250,1.831,2,3.766,205.71,1.883,3.234,0.000
49,ec.gp.GPIndividual@1266553547{-707186263},3C_20_66-01.txt,7.322,0.250,1.831,4,2.422,132.30,0.605,3.234,0.000
49,ec.gp.GPIndividual@1266553547{-707186263},3C_20_66-02.txt,154.245,0.250,38.561,1,0.406,1.05,0.406,3.234,0.000
49,ec.gp.GPIndividual@1266553547{-707186263},3C_20_66-02.txt,154.245,0.250,38.561,8,10.500,27.23,1.313,3.234,0.000
49,ec.gp.GPIndividual@1266553547{-707186263},3C_20_66-02.txt,154.245,0.250,38.561,19,29.047,75.33,1.529,7.891,0.000
49,ec.gp.GPIndividual@1266553547{-707186263},3C_20_66-03.txt,118.340,0.250,29.585,1,8.469,28.63,8.469,8.469,0.000
49,ec.gp.GPIndividual@1266553547{-707186263},3C_20_66-03.txt,118.340,0.250,29.585,1,7.094,23.98,7.094,8.469,0.000
49,ec.gp.GPIndividual@1266553547{-707186263},3C_20_66-03.txt,118.340,0.250,29.585,5,31.406,106.16,6.281,13.531,0.000
49,ec.gp.GPIndividual@1266553547{-707186263},3C_20_80-01.txt,4.194,0.250,1.049,2,5.297,505.13,2.648,13.531,0.000
49,ec.gp.GPIndividual@1266553547{-707186263},3C_20_80-01.txt,4.194,0.250,1.049,2,4.922,469.37,2.461,13.531,0.000
49,ec.gp.GPIndividual@1266553547{-707186263},3C_20_80-01.txt,4.194,0.250,1.049,3,0.953,90.89,0.318,13.531,0.000
49,ec.gp.GPIndividual@1266553547{-707186263},3C_20_80-02.txt,35.738,0.250,8.935,1,1.266,14.17,1.266,13.531,0.000
49,ec.gp.GPIndividual@1266553547{-707186263},3C_20_66-02.txt,154.245,0.250,38.561,7,7.094,18.40,1.013,13.531,0.000
49,ec.gp.GPIndividual@1266553547{-707186263},3C_20_80-02.txt,35.738,0.250,8.935,3,9.531,106.68,3.177,13.531,0.000
49,ec.gp.GPIndividual@1266553547{-707186263},3C_20_66-03.txt,118.340,0.250,29.585,20,31.375,106.05,1.569,13.531,0.000
49,ec.gp.GPIndividual@1266553547{-707186263},3C_20_80-03.txt,169.439,0.250,42.360,1,0.141,0.33,0.141,13.531,0.000
49,ec.gp.GPIndividual@1266553547{-707186263},3C_20_80-01.txt,4.194,0.250,1.049,3,2.031,193.71,0.677,13.531,0.000
49,ec.gp.GPIndividual@1266553547{-707186263},3C_20_80-02.txt,35.738,0.250,8.935,1,0.141,1.57,0.141,13.531,0.000
49,ec.gp.GPIndividual@1266553547{-707186263},3C_20_80-02.txt,35.738,0.250,8.935,1,6.109,68.38,6.109,13.531,0.000
49,ec.gp.GPIndividual@1266553547{-707186263},3C_20_80-03.txt,169.439,0.250,42.360,1,6.547,15.46,6.547,13.531,0.000
49,ec.gp.GPIndividual@1266553547{-707186263},3C_20_66-03.txt,118.340,0.250,29.585,15,29.609,100.08,1.974,13.531,0.000
49,ec.gp.GPIndividual@1266553547{-707186263},3C_20_80-03.txt,169.439,0.250,42.360,1,2.391,5.64,2.391,13.531,0.000
49,ec.gp.GPIndividual@1266553547{-707186263},3C_20_80-01.txt,4.194,0.250,1.049,1,0.844,80.46,0.844,13.531,0.000
49,ec.gp.GPIndividual@1266553547{-707186263},3C_20_80-03.txt,169.439,0.250,42.360,2,4.719,11.14,2.359,13.531,0.000
49,ec.gp.GPIndividual@811026959{882417258},3C_20_50-02.txt,61.404,0.250,15.351,5,12.016,78.27,2.403,8.000,0.266
49,ec.gp.GPIndividual@585631943{-1985324949},3C_20_50-02.txt,61.404,0.250,15.351,6,16.375,106.67,2.729,4.875,0.422
49,ec.gp.GPIndividual@585631943{-1985324949},3C_20_80-02.txt,35.738,0.250,8.935,5,7.922,88.67,1.584,4.875,0.422
49,ec.gp.GPIndividual@585631943{-1985324949},3C_20_80-03.txt,169.439,0.250,42.360,1,4.172,9.85,4.172,4.875,0.422
49,ec.gp.GPIndividual@465251476{781213232},3C_20_50-02.txt,61.404,0.250,15.351,2,2.000,13.03,1.000,1.594,0.406
49,ec.gp.GPIndividual@465251476{781213232},3C_20_50-03.txt,30.993,0.250,7.748,2,5.391,69.57,2.695,3.219,0.406
49,ec.gp.GPIndividual@500822415{-1525335196},3C_20_50-02.txt,61.404,0.250,15.351,4,5.203,33.89,1.301,2.234,0.281
49,ec.gp.GPIndividual@500822415{-1525335196},3C_20_50-03.txt,30.993,0.250,7.748,3,9.828,126.84,3.276,4.609,0.281
49,ec.gp.GPIndividual@1507816504{-1434488251},3C_20_50-02.txt,61.404,0.250,15.351,9,14.891,97.00,1.655,3.156,0.406
49,ec.gp.GPIndividual@1507816504{-1434488251},3C_20_50-03.txt,30.993,0.250,7.748,1,1.344,17.34,1.344,3.156,0.406
49,ec.gp.GPIndividual@1507816504{-1434488251},3C_20_50-03.txt,30.993,0.250,7.748,3,8.141,105.07,2.714,3.406,0.406
49,ec.gp.GPIndividual@1507816504{-1434488251},3C_20_66-01.txt,7.322,0.250,1.831,3,2.547,139.13,0.849,3.406,0.406
49,ec.gp.GPIndividual@1507816504{-1434488251},3C_20_66-01.txt,7.322,0.250,1.831,2,2.594,141.69,1.297,3.406,0.406
49,ec.gp.GPIndividual@1507816504{-1434488251},3C_20_50-03.txt,30.993,0.250,7.748,6,7.844,101.23,1.307,3.406,0.141
49,ec.gp.GPIndividual@1507816504{-1434488251},3C_20_66-01.txt,7.322,0.250,1.831,2,1.156,63.16,0.578,3.406,0.141
49,ec.gp.GPIndividual@1507816504{-1434488251},3C_20_66-02.txt,154.245,0.250,38.561,1,1.031,2.67,1.031,3.406,0.141
49,ec.gp.GPIndividual@1507816504{-1434488251},3C_20_66-02.txt,154.245,0.250,38.561,20,34.969,90.68,1.748,5.625,0.141
49,ec.gp.GPIndividual@1507816504{-1434488251},3C_20_66-03.txt,118.340,0.250,29.585,2,6.422,21.71,3.211,5.625,0.141
49,ec.gp.GPIndividual@1507816504{-1434488251},3C_20_66-03.txt,118.340,0.250,29.585,2,6.422,21.71,3.211,5.625,0.141
49,ec.gp.GPIndividual@1507816504{-1434488251},3C_20_66-01.txt,7.322,0.250,1.831,3,7.438,406.30,2.479,5.719,0.141
49,ec.gp.GPIndividual@1507816504{-1434488251},3C_20_66-01.txt,7.322,0.250,1.831,2,0.641,35.00,0.320,5.719,0.109
49,ec.gp.GPIndividual@1507816504{-1434488251},3C_20_66-02.txt,154.245,0.250,38.561,1,0.703,1.82,0.703,5.719,0.109
49,ec.gp.GPIndividual@1507816504{-1434488251},3C_20_80-01.txt,4.194,0.250,1.049,3,1.109,105.79,0.370,5.719,0.109
49,ec.gp.GPIndividual@1507816504{-1434488251},3C_20_66-02.txt,154.245,0.250,38.561,19,36.359,94.29,1.914,7.797,0.109
49,ec.gp.GPIndividual@1507816504{-1434488251},3C_20_66-03.txt,118.340,0.250,29.585,1,2.594,8.77,2.594,7.797,0.109
49,ec.gp.GPIndividual@1507816504{-1434488251},3C_20_66-03.txt,118.340,0.250,29.585,2,6.813,23.03,3.406,7.797,0.109
49,ec.gp.GPIndividual@1507816504{-1434488251},3C_20_80-01.txt,4.194,0.250,1.049,2,1.781,169.87,0.891,7.797,0.109
49,ec.gp.GPIndividual@1507816504{-1434488251},3C_20_80-02.txt,35.738,0.250,8.935,5,16.313,182.58,3.263,12.109,0.109
49,ec.gp.GPIndividual@1507816504{-1434488251},3C_20_66-02.txt,154.245,0.250,38.561,4,12.063,31.28,3.016,12.109,0.109
49,ec.gp.GPIndividual@1507816504{-1434488251},3C_20_80-02.txt,35.738,0.250,8.935,6,9.313,104.23,1.552,12.109,0.109
49,ec.gp.GPIndividual@1507816504{-1434488251},3C_20_80-01.txt,4.194,0.250,1.049,2,1.141,108.77,0.570,12.109,0.109
49,ec.gp.GPIndividual@1507816504{-1434488251},3C_20_80-03.txt,169.439,0.250,42.360,4,5.297,12.50,1.324,12.109,0.109
49,ec.gp.GPIndividual@1507816504{-1434488251},3C_20_66-03.txt,118.340,0.250,29.585,0,0.000,0.00,0.000,12.109,0.109
49,ec.gp.GPIndividual@1507816504{-1434488251},3C_20_80-03.txt,169.439,0.250,42.360,11,35.219,83.14,3.202,12.109,0.109
49,ec.gp.GPIndividual@1507816504{-1434488251},3C_20_80-01.txt,4.194,0.250,1.049,1,15.906,1516.87,15.906,15.906,0.109
49,ec.gp.GPIndividual@1507816504{-1434488251},3C_20_80-01.txt,4.194,0.250,1.049,3,6.703,639.23,2.234,15.906,0.109
49,ec.gp.GPIndividual@1507816504{-1434488251},3C_20_80-01.txt,4.194,0.250,1.049,3,6.703,639.23,2.234,15.906,0.109
49,ec.gp.GPIndividual@1507816504{-1434488251},3C_20_80-02.txt,35.738,0.250,8.935,3,13.703,153.37,4.568,15.906,0.109
49,ec.gp.GPIndividual@2005691984{401867711},3C_20_50-02.txt,61.404,0.250,15.351,7,21.328,138.94,3.047,14.172,0.297
49,ec.gp.GPIndividual@1436157770{-924562562},3C_20_50-02.txt,61.404,0.250,15.351,12,15.063,98.12,1.255,3.078,0.297
49,ec.gp.GPIndividual@1436157770{-924562562},3C_20_80-03.txt,169.439,0.250,42.360,4,7.016,16.56,1.754,3.078,0.297
49,ec.gp.GPIndividual@1436157770{-924562562},3C_20_80-02.txt,35.738,0.250,8.935,4,7.156,80.10,1.789,3.078,0.297
49,ec.gp.GPIndividual@1436157770{-924562562},3C_20_50-03.txt,30.993,0.250,7.748,3,6.656,85.91,2.219,4.672,0.297
49,ec.gp.GPIndividual@1011901947{1324971277},3C_20_50-02.txt,61.404,0.250,15.351,9,16.141,105.14,1.793,3.203,0.281
49,ec.gp.GPIndividual@1011901947{1324971277},3C_20_66-01.txt,7.322,0.250,1.831,1,0.281,15.36,0.281,3.203,0.281
49,ec.gp.GPIndividual@1011901947{1324971277},3C_20_50-03.txt,30.993,0.250,7.748,1,4.969,64.13,4.969,4.969,0.281
49,ec.gp.GPIndividual@1011901947{1324971277},3C_20_80-03.txt,169.439,0.250,42.360,3,16.719,39.47,5.573,14.641,0.281
49,ec.gp.GPIndividual@1011901947{1324971277},3C_20_50-03.txt,30.993,0.250,7.748,4,21.734,280.51,5.434,16.359,0.281
49,ec.gp.GPIndividual@1011901947{1324971277},3C_20_80-03.txt,169.439,0.250,42.360,8,28.219,66.62,3.527,16.359,0.281
49,ec.gp.GPIndividual@1011901947{1324971277},3C_20_66-01.txt,7.322,0.250,1.831,4,1.500,81.94,0.375,16.359,0.000
49,ec.gp.GPIndividual@1011901947{1324971277},3C_20_66-02.txt,154.245,0.250,38.561,3,17.516,45.42,5.839,16.359,0.000
49,ec.gp.GPIndividual@1021515527{1177983312},3C_20_50-02.txt,61.404,0.250,15.351,3,15.438,100.56,5.146,13.953,0.438
49,ec.gp.GPIndividual@1021515527{1177983312},3C_20_66-02.txt,154.245,0.250,38.561,2,16.188,41.98,8.094,15.125,0.438
49,ec.gp.GPIndividual@1291642439{1986762109},3C_20_50-02.txt,61.404,0.250,15.351,9,17.266,112.47,1.918,7.172,0.391
49,ec.gp.GPIndividual@1291642439{1986762109},3C_20_66-01.txt,7.322,0.250,1.831,2,1.438,78.53,0.719,7.172,0.391
49,ec.gp.GPIndividual@1291642439{1986762109},3C_20_66-03.txt,118.340,0.250,29.585,4,7.047,23.82,1.762,7.172,0.391
49,ec.gp.GPIndividual@1291642439{1986762109},3C_20_66-03.txt,118.340,0.250,29.585,10,31.469,106.37,3.147,9.938,0.391
49,ec.gp.GPIndividual@1291642439{1986762109},3C_20_50-03.txt,30.993,0.250,7.748,1,3.234,41.74,3.234,9.938,0.391
49,ec.gp.GPIndividual@1291642439{1986762109},3C_20_80-01.txt,4.194,0.250,1.049,1,4.266,406.78,4.266,9.938,0.391
49,ec.gp.GPIndividual@1291642439{1986762109},3C_20_80-01.txt,4.194,0.250,1.049,3,1.125,107.28,0.375,9.938,0.281
49,ec.gp.GPIndividual@1291642439{1986762109},3C_20_80-02.txt,35.738,0.250,8.935,2,0.266,2.97,0.133,9.938,0.000
49,ec.gp.GPIndividual@1291642439{1986762109},3C_20_80-02.txt,35.738,0.250,8.935,1,10.156,113.67,10.156,10.156,0.000
49,ec.gp.GPIndividual@1291642439{1986762109},3C_20_50-03.txt,30.993,0.250,7.748,1,9.375,121.00,9.375,10.156,0.000
49,ec.gp.GPIndividual@1291642439{1986762109},3C_20_66-02.txt,154.245,0.250,38.561,20,38.859,100.77,1.943,10.156,0.000
49,ec.gp.GPIndividual@1291642439{1986762109},3C_20_66-01.txt,7.322,0.250,1.831,3,3.469,189.49,1.156,10.156,0.000
49,ec.gp.GPIndividual@1291642439{1986762109},3C_20_66-01.txt,7.322,0.250,1.831,2,0.266,14.51,0.133,10.156,0.000
49,ec.gp.GPIndividual@1291642439{1986762109},3C_20_66-02.txt,154.245,0.250,38.561,2,11.484,29.78,5.742,10.156,0.000
49,ec.gp.GPIndividual@1291642439{1986762109},3C_20_80-03.txt,169.439,0.250,42.360,0,0.000,0.00,0.000,10.156,0.000
49,ec.gp.GPIndividual@1291642439{1986762109},3C_20_80-03.txt,169.439,0.250,42.360,2,5.297,12.50,2.648,10.156,0.000
49,ec.gp.GPIndividual@1291642439{1986762109},3C_20_66-03.txt,118.340,0.250,29.585,13,27.063,91.47,2.082,10.156,0.000
49,ec.gp.GPIndividual@1291642439{1986762109},3C_20_80-01.txt,4.194,0.250,1.049,1,2.109,201.16,2.109,10.156,0.000
49,ec.gp.GPIndividual@1291642439{1986762109},3C_20_66-03.txt,118.340,0.250,29.585,3,6.422,21.71,2.141,10.156,0.000
49,ec.gp.GPIndividual@1940988106{-2078489945},3C_20_50-02.txt,61.404,0.250,15.351,3,8.484,55.27,2.828,6.875,0.281
49,ec.gp.GPIndividual@1054722741{4794107},3C_20_50-02.txt,61.404,0.250,15.351,5,16.000,104.23,3.200,8.000,0.422
49,ec.gp.GPIndividual@1054722741{4794107},3C_20_80-01.txt,4.194,0.250,1.049,2,2.375,226.49,1.188,8.000,0.422
49,ec.gp.GPIndividual@1054722741{4794107},3C_20_50-03.txt,30.993,0.250,7.748,3,5.500,70.98,1.833,8.000,0.297
49,ec.gp.GPIndividual@1054722741{4794107},3C_20_66-02.txt,154.245,0.250,38.561,4,4.844,12.56,1.211,8.000,0.297
49,ec.gp.GPIndividual@1054722741{4794107},3C_20_80-02.txt,35.738,0.250,8.935,4,9.109,101.96,2.277,8.000,0.297
49,ec.gp.GPIndividual@1054722741{4794107},3C_20_66-01.txt,7.322,0.250,1.831,1,0.266,14.51,0.266,8.000,0.266
49,ec.gp.GPIndividual@1054722741{4794107},3C_20_50-03.txt,30.993,0.250,7.748,7,8.234,106.28,1.176,8.000,0.266
49,ec.gp.GPIndividual@1054722741{4794107},3C_20_66-02.txt,154.245,0.250,38.561,1,0.703,1.82,0.703,8.000,0.266
49,ec.gp.GPIndividual@1054722741{4794107},3C_20_66-03.txt,118.340,0.250,29.585,1,0.563,1.90,0.563,8.000,0.266
49,ec.gp.GPIndividual@1054722741{4794107},3C_20_80-03.txt,169.439,0.250,42.360,1,1.156,2.73,1.156,8.000,0.266
49,ec.gp.GPIndividual@1054722741{4794107},3C_20_80-02.txt,35.738,0.250,8.935,5,8.734,97.76,1.747,8.000,0.266
49,ec.gp.GPIndividual@1054722741{4794107},3C_20_80-03.txt,169.439,0.250,42.360,1,0.578,1.36,0.578,8.000,0.266
49,ec.gp.GPIndividual@1054722741{4794107},3C_20_66-03.txt,118.340,0.250,29.585,8,28.234,95.44,3.529,8.000,0.266
49,ec.gp.GPIndividual@1054722741{4794107},3C_20_80-01.txt,4.194,0.250,1.049,2,0.766,73.01,0.383,8.000,0.266
49,ec.gp.GPIndividual@1054722741{4794107},3C_20_80-02.txt,35.738,0.250,8.935,1,2.891,32.35,2.891,8.000,0.266
49,ec.gp.GPIndividual@1054722741{4794107},3C_20_80-01.txt,4.194,0.250,1.049,3,4.625,441.06,1.542,8.000,0.266
49,ec.gp.GPIndividual@1743039410{1481862196},3C_20_50-02.txt,61.404,0.250,15.351,3,2.016,13.13,0.672,1.766,0.000
49,ec.gp.GPIndividual@1743039410{1481862196},3C_20_80-02.txt,35.738,0.250,8.935,2,7.547,84.47,3.773,7.141,0.000
49,ec.gp.GPIndividual@1281101834{-687855463},3C_20_50-02.txt,61.404,0.250,15.351,0,0.000,0.00,0.000,0.000,0.000
49,ec.gp.GPIndividual@1281101834{-687855463},3C_20_50-03.txt,30.993,0.250,7.748,0,0.000,0.00,0.000,0.000,0.000
49,ec.gp.GPIndividual@1281101834{-687855463},3C_20_66-01.txt,7.322,0.250,1.831,0,0.000,0.00,0.000,0.000,0.000
49,ec.gp.GPIndividual@1281101834{-687855463},3C_20_66-02.txt,154.245,0.250,38.561,0,0.000,0.00,0.000,0.000,0.000
49,ec.gp.GPIndividual@1281101834{-687855463},3C_20_66-03.txt,118.340,0.250,29.585,0,0.000,0.00,0.000,0.000,0.000
49,ec.gp.GPIndividual@1281101834{-687855463},3C_20_80-01.txt,4.194,0.250,1.049,0,0.000,0.00,0.000,0.000,0.000
49,ec.gp.GPIndividual@1281101834{-687855463},3C_20_80-02.txt,35.738,0.250,8.935,0,0.000,0.00,0.000,0.000,0.000
49,ec.gp.GPIndividual@1281101834{-687855463},3C_20_80-03.txt,169.439,0.250,42.360,0,0.000,0.00,0.000,0.000,0.000
49,ec.gp.GPIndividual@2005904128{1422877925},3C_20_50-02.txt,61.404,0.250,15.351,1,4.922,32.06,4.922,4.922,4.922
49,ec.gp.GPIndividual@2005904128{1422877925},3C_20_66-01.txt,7.322,0.250,1.831,5,1.672,91.33,0.334,4.922,0.000
49,ec.gp.GPIndividual@2005904128{1422877925},3C_20_50-03.txt,30.993,0.250,7.748,1,0.406,5.24,0.406,4.922,0.000
49,ec.gp.GPIndividual@2005904128{1422877925},3C_20_80-03.txt,169.439,0.250,42.360,16,36.891,87.09,2.306,7.906,0.000
49,ec.gp.GPIndividual@2005904128{1422877925},3C_20_80-03.txt,169.439,0.250,42.360,1,8.500,20.07,8.500,8.500,0.000
49,ec.gp.GPIndividual@1821103158{-1648256827},3C_20_50-02.txt,61.404,0.250,15.351,3,16.594,108.09,5.531,10.859,0.266
49,ec.gp.GPIndividual@1821103158{-1648256827},3C_20_66-01.txt,7.322,0.250,1.831,1,10.391,567.62,10.391,10.859,0.266
49,ec.gp.GPIndividual@1821103158{-1648256827},3C_20_50-03.txt,30.993,0.250,7.748,3,3.813,49.21,1.271,10.859,0.266
49,ec.gp.GPIndividual@1821103158{-1648256827},3C_20_66-02.txt,154.245,0.250,38.561,15,39.719,103.00,2.648,10.859,0.266
49,ec.gp.GPIndividual@1821103158{-1648256827},3C_20_50-03.txt,30.993,0.250,7.748,1,4.922,63.52,4.922,10.859,0.266
49,ec.gp.GPIndividual@1821103158{-1648256827},3C_20_66-03.txt,118.340,0.250,29.585,2,21.000,70.98,10.500,11.813,0.266
49,ec.gp.GPIndividual@1089437163{1762853777},3C_20_50-02.txt,61.404,0.250,15.351,0,0.000,0.00,0.000,0.000,0.000
49,ec.gp.GPIndividual@1089437163{1762853777},3C_20_50-03.txt,30.993,0.250,7.748,0,0.000,0.00,0.000,0.000,0.000
49,ec.gp.GPIndividual@1089437163{1762853777},3C_20_66-01.txt,7.322,0.250,1.831,0,0.000,0.00,0.000,0.000,0.000
49,ec.gp.GPIndividual@1089437163{1762853777},3C_20_66-02.txt,154.245,0.250,38.561,0,0.000,0.00,0.000,0.000,0.000
49,ec.gp.GPIndividual@1089437163{1762853777},3C_20_66-03.txt,118.340,0.250,29.585,0,0.000,0.00,0.000,0.000,0.000
49,ec.gp.GPIndividual@1089437163{1762853777},3C_20_80-01.txt,4.194,0.250,1.049,0,0.000,0.00,0.000,0.000,0.000
49,ec.gp.GPIndividual@1089437163{1762853777},3C_20_80-02.txt,35.738,0.250,8.935,0,0.000,0.00,0.000,0.000,0.000
49,ec.gp.GPIndividual@1089437163{1762853777},3C_20_80-03.txt,169.439,0.250,42.360,0,0.000,0.00,0.000,0.000,0.000
49,ec.gp.GPIndividual@57362773{1711763622},3C_20_50-02.txt,61.404,0.250,15.351,0,0.000,0.00,0.000,0.000,0.000
49,ec.gp.GPIndividual@57362773{1711763622},3C_20_50-03.txt,30.993,0.250,7.748,0,0.000,0.00,0.000,0.000,0.000
49,ec.gp.GPIndividual@57362773{1711763622},3C_20_66-01.txt,7.322,0.250,1.831,0,0.000,0.00,0.000,0.000,0.000
49,ec.gp.GPIndividual@57362773{1711763622},3C_20_66-02.txt,154.245,0.250,38.561,0,0.000,0.00,0.000,0.000,0.000
49,ec.gp.GPIndividual@57362773{1711763622},3C_20_66-03.txt,118.340,0.250,29.585,0,0.000,0.00,0.000,0.000,0.000
49,ec.gp.GPIndividual@57362773{1711763622},3C_20_80-01.txt,4.194,0.250,1.049,0,0.000,0.00,0.000,0.000,0.000
49,ec.gp.GPIndividual@57362773{1711763622},3C_20_80-02.txt,35.738,0.250,8.935,0,0.000,0.00,0.000,0.000,0.000
49,ec.gp.GPIndividual@57362773{1711763622},3C_20_80-03.txt,169.439,0.250,42.360,0,0.000,0.00,0.000,0.000,0.000
49,ec.gp.GPIndividual@1106647584{444839940},3C_20_50-02.txt,61.404,0.250,15.351,1,2.703,17.61,2.703,2.703,2.703
49,ec.gp.GPIndividual@1106647584{444839940},3C_20_66-01.txt,7.322,0.250,1.831,2,3.391,185.22,1.695,3.125,0.266
49,ec.gp.GPIndividual@1106647584{444839940},3C_20_66-01.txt,7.322,0.250,1.831,2,1.422,77.67,0.711,3.125,0.266
49,ec.gp.GPIndividual@1106647584{444839940},3C_20_50-03.txt,30.993,0.250,7.748,1,0.594,7.66,0.594,3.125,0.266
49,ec.gp.GPIndividual@1106647584{444839940},3C_20_66-02.txt,154.245,0.250,38.561,16,35.734,92.67,2.233,7.625,0.266
49,ec.gp.GPIndividual@1106647584{444839940},3C_20_66-03.txt,118.340,0.250,29.585,1,2.438,8.24,2.438,7.625,0.266
49,ec.gp.GPIndividual@1106647584{444839940},3C_20_66-01.txt,7.322,0.250,1.831,1,4.406,240.71,4.406,7.625,0.266
49,ec.gp.GPIndividual@1106647584{444839940},3C_20_80-01.txt,4.194,0.250,1.049,3,1.547,147.52,0.516,7.625,0.266
49,ec.gp.GPIndividual@1106647584{444839940},3C_20_66-02.txt,154.245,0.250,38.561,1,5.672,14.71,5.672,7.625,0.266
49,ec.gp.GPIndividual@1106647584{444839940},3C_20_66-02.txt,154.245,0.250,38.561,3,3.859,10.01,1.286,7.625,0.266
49,ec.gp.GPIndividual@1106647584{444839940},3C_20_80-02.txt,35.738,0.250,8.935,3,12.359,138.33,4.120,9.250,0.266
49,ec.gp.GPIndividual@1106647584{444839940},3C_20_66-02.txt,154.245,0.250,38.561,20,35.188,91.25,1.759,9.250,0.266
49,ec.gp.GPIndividual@1106647584{444839940},3C_20_66-03.txt,118.340,0.250,29.585,1,7.281,24.61,7.281,9.250,0.266
49,ec.gp.GPIndividual@1106647584{444839940},3C_20_66-03.txt,118.340,0.250,29.585,1,4.922,16.64,4.922,9.250,0.266
49,ec.gp.GPIndividual@1106647584{444839940},3C_20_80-03.txt,169.439,0.250,42.360,2,12.703,29.99,6.352,9.250,0.266
49,ec.gp.GPIndividual@1106647584{444839940},3C_20_80-01.txt,4.194,0.250,1.049,4,0.875,83.44,0.219,9.250,0.000
49,ec.gp.GPIndividual@1106647584{444839940},3C_20_80-02.txt,35.738,0.250,8.935,3,10.750,120.32,3.583,9.250,0.000
49,ec.gp.GPIndividual@1583308227{1192708190},3C_20_50-02.txt,61.404,0.250,15.351,4,7.313,47.64,1.828,5.016,0.266
49,ec.gp.GPIndividual@1583308227{1192708190},3C_20_80-01.txt,4.194,0.250,1.049,2,1.438,137.08,0.719,5.016,0.266
49,ec.gp.GPIndividual@1583308227{1192708190},3C_20_80-03.txt,169.439,0.250,42.360,5,6.281,14.83,1.256,5.016,0.250
49,ec.gp.GPIndividual@1583308227{1192708190},3C_20_80-02.txt,35.738,0.250,8.935,4,10.828,121.19,2.707,5.016,0.250
49,ec.gp.GPIndividual@523172381{532427608},3C_20_50-02.txt,61.404,0.250,15.351,0,0.000,0.00,0.000,0.000,0.000
49,ec.gp.GPIndividual@523172381{532427608},3C_20_50-03.txt,30.993,0.250,7.748,0,0.000,0.00,0.000,0.000,0.000
49,ec.gp.GPIndividual@523172381{532427608},3C_20_66-01.txt,7.322,0.250,1.831,0,0.000,0.00,0.000,0.000,0.000
49,ec.gp.GPIndividual@523172381{532427608},3C_20_66-02.txt,154.245,0.250,38.561,0,0.000,0.00,0.000,0.000,0.000
49,ec.gp.GPIndividual@523172381{532427608},3C_20_66-03.txt,118.340,0.250,29.585,0,0.000,0.00,0.000,0.000,0.000
49,ec.gp.GPIndividual@523172381{532427608},3C_20_80-01.txt,4.194,0.250,1.049,0,0.000,0.00,0.000,0.000,0.000
49,ec.gp.GPIndividual@523172381{532427608},3C_20_80-02.txt,35.738,0.250,8.935,0,0.000,0.00,0.000,0.000,0.000
49,ec.gp.GPIndividual@523172381{532427608},3C_20_80-03.txt,169.439,0.250,42.360,0,0.000,0.00,0.000,0.000,0.000
49,ec.gp.GPIndividual@215521806{781213232},3C_20_50-02.txt,61.404,0.250,15.351,4,11.000,71.66,2.750,9.750,0.094
49,ec.gp.GPIndividual@1720118426{1810654850},3C_20_50-02.txt,61.404,0.250,15.351,0,0.000,0.00,0.000,0.000,0.000
49,ec.gp.GPIndividual@1720118426{1810654850},3C_20_50-03.txt,30.993,0.250,7.748,0,0.000,0.00,0.000,0.000,0.000
49,ec.gp.GPIndividual@1720118426{1810654850},3C_20_66-01.txt,7.322,0.250,1.831,0,0.000,0.00,0.000,0.000,0.000
49,ec.gp.GPIndividual@1720118426{1810654850},3C_20_66-02.txt,154.245,0.250,38.561,0,0.000,0.00,0.000,0.000,0.000
49,ec.gp.GPIndividual@1720118426{1810654850},3C_20_66-03.txt,118.340,0.250,29.585,0,0.000,0.00,0.000,0.000,0.000
49,ec.gp.GPIndividual@1720118426{1810654850},3C_20_80-01.txt,4.194,0.250,1.049,0,0.000,0.00,0.000,0.000,0.000
49,ec.gp.GPIndividual@1720118426{1810654850},3C_20_80-02.txt,35.738,0.250,8.935,0,0.000,0.00,0.000,0.000,0.000
49,ec.gp.GPIndividual@1720118426{1810654850},3C_20_80-03.txt,169.439,0.250,42.360,0,0.000,0.00,0.000,0.000,0.000
49,ec.gp.GPIndividual@1663244119{528823905},3C_20_50-02.txt,61.404,0.250,15.351,0,0.000,0.00,0.000,0.000,0.000
49,ec.gp.GPIndividual@1663244119{528823905},3C_20_50-03.txt,30.993,0.250,7.748,0,0.000,0.00,0.000,0.000,0.000
49,ec.gp.GPIndividual@1663244119{528823905},3C_20_66-01.txt,7.322,0.250,1.831,0,0.000,0.00,0.000,0.000,0.000
49,ec.gp.GPIndividual@1663244119{528823905},3C_20_66-02.txt,154.245,0.250,38.561,0,0.000,0.00,0.000,0.000,0.000
49,ec.gp.GPIndividual@1663244119{528823905},3C_20_66-03.txt,118.340,0.250,29.585,0,0.000,0.00,0.000,0.000,0.000
49,ec.gp.GPIndividual@1663244119{528823905},3C_20_80-01.txt,4.194,0.250,1.049,0,0.000,0.00,0.000,0.000,0.000
49,ec.gp.GPIndividual@1663244119{528823905},3C_20_80-02.txt,35.738,0.250,8.935,0,0.000,0.00,0.000,0.000,0.000
49,ec.gp.GPIndividual@1663244119{528823905},3C_20_80-03.txt,169.439,0.250,42.360,0,0.000,0.00,0.000,0.000,0.000
49,ec.gp.GPIndividual@426695817{2091481954},3C_20_50-02.txt,61.404,0.250,15.351,6,8.781,57.20,1.464,5.813,0.094
49,ec.gp.GPIndividual@426695817{2091481954},3C_20_50-03.txt,30.993,0.250,7.748,1,4.969,64.13,4.969,5.813,0.094
49,ec.gp.GPIndividual@426695817{2091481954},3C_20_50-03.txt,30.993,0.250,7.748,5,7.781,100.43,1.556,5.813,0.094
49,ec.gp.GPIndividual@426695817{2091481954},3C_20_66-01.txt,7.322,0.250,1.831,2,0.875,47.80,0.438,5.813,0.094
49,ec.gp.GPIndividual@426695817{2091481954},3C_20_66-01.txt,7.322,0.250,1.831,7,1.750,95.60,0.250,5.813,0.000
49,ec.gp.GPIndividual@426695817{2091481954},3C_20_66-02.txt,154.245,0.250,38.561,1,0.328,0.85,0.328,5.813,0.000
49,ec.gp.GPIndividual@426695817{2091481954},3C_20_66-02.txt,154.245,0.250,38.561,13,31.781,82.42,2.445,11.281,0.000
49,ec.gp.GPIndividual@426695817{2091481954},3C_20_66-03.txt,118.340,0.250,29.585,3,11.703,39.56,3.901,11.281,0.000
49,ec.gp.GPIndividual@426695817{2091481954},3C_20_66-03.txt,118.340,0.250,29.585,3,13.469,45.53,4.490,11.281,0.000
49,ec.gp.GPIndividual@426695817{2091481954},3C_20_80-01.txt,4.194,0.250,1.049,3,0.797,75.99,0.266,11.281,0.000
49,ec.gp.GPIndividual@426695817{2091481954},3C_20_80-02.txt,35.738,0.250,8.935,6,13.063,146.20,2.177,11.281,0.000
49,ec.gp.GPIndividual@426695817{2091481954},3C_20_80-01.txt,4.194,0.250,1.049,2,0.641,61.09,0.320,11.281,0.000
49,ec.gp.GPIndividual@426695817{2091481954},3C_20_80-02.txt,35.738,0.250,8.935,2,3.250,36.38,1.625,11.281,0.000
49,ec.gp.GPIndividual@426695817{2091481954},3C_20_80-03.txt,169.439,0.250,42.360,7,35.266,83.25,5.038,16.313,0.000
49,ec.gp.GPIndividual@426695817{2091481954},3C_20_80-03.txt,169.439,0.250,42.360,2,11.031,26.04,5.516,16.313,0.000
49,ec.gp.GPIndividual@865622483{1927490894},3C_20_50-02.txt,61.404,0.250,15.351,1,0.078,0.51,0.078,0.078,0.078
49,ec.gp.GPIndividual@865622483{1927490894},3C_20_50-03.txt,30.993,0.250,7.748,1,0.563,7.26,0.563,0.563,0.078
49,ec.gp.GPIndividual@865622483{1927490894},3C_20_66-01.txt,7.322,0.250,1.831,1,0.172,9.39,0.172,0.563,0.078
49,ec.gp.GPIndividual@865622483{1927490894},3C_20_66-02.txt,154.245,0.250,38.561,1,0.297,0.77,0.297,0.563,0.078
49,ec.gp.GPIndividual@865622483{1927490894},3C_20_66-03.txt,118.340,0.250,29.585,1,0.797,2.69,0.797,0.797,0.078
49,ec.gp.GPIndividual@865622483{1927490894},3C_20_80-01.txt,4.194,0.250,1.049,1,0.203,19.37,0.203,0.797,0.078
49,ec.gp.GPIndividual@865622483{1927490894},3C_20_80-02.txt,35.738,0.250,8.935,1,0.281,3.15,0.281,0.797,0.078
49,ec.gp.GPIndividual@865622483{1927490894},3C_20_80-03.txt,169.439,0.250,42.360,1,0.781,1.84,0.781,0.797,0.078
49,ec.gp.GPIndividual@1665185143{1370087326},3C_20_50-02.txt,61.404,0.250,15.351,5,6.766,44.07,1.353,5.750,0.031
49,ec.gp.GPIndividual@1665185143{1370087326},3C_20_50-03.txt,30.993,0.250,7.748,4,4.750,61.31,1.188,5.750,0.031
49,ec.gp.GPIndividual@1665185143{1370087326},3C_20_66-01.txt,7.322,0.250,1.831,6,1.453,79.38,0.242,5.750,0.031
49,ec.gp.GPIndividual@1665185143{1370087326},3C_20_66-02.txt,154.245,0.250,38.561,8,21.906,56.81,2.738,11.141,0.031
49,ec.gp.GPIndividual@1665185143{1370087326},3C_20_66-03.txt,118.340,0.250,29.585,5,20.266,68.50,4.053,11.141,0.031
49,ec.gp.GPIndividual@1665185143{1370087326},3C_20_80-01.txt,4.194,0.250,1.049,3,0.672,64.07,0.224,11.141,0.031
49,ec.gp.GPIndividual@1665185143{1370087326},3C_20_80-02.txt,35.738,0.250,8.935,6,4.250,47.57,0.708,11.141,0.031
49,ec.gp.GPIndividual@1665185143{1370087326},3C_20_80-03.txt,169.439,0.250,42.360,2,17.422,41.13,8.711,16.656,0.031
50,ec.gp.GPIndividual@1779630727{752962003},3C_20_50-02.txt,61.404,0.250,15.351,16,15.125,98.53,0.945,2.016,0.000
50,ec.gp.GPIndividual@1779630727{752962003},3C_20_50-03.txt,30.993,0.250,7.748,1,1.453,18.75,1.453,2.016,0.000
50,ec.gp.GPIndividual@1779630727{752962003},3C_20_50-03.txt,30.993,0.250,7.748,4,9.516,122.81,2.379,2.453,0.000
50,ec.gp.GPIndividual@1779630727{752962003},3C_20_50-03.txt,30.993,0.250,7.748,3,0.594,7.66,0.198,2.453,0.000
50,ec.gp.GPIndividual@1779630727{752962003},3C_20_50-03.txt,30.993,0.250,7.748,3,8.641,111.52,2.880,3.172,0.000
50,ec.gp.GPIndividual@1779630727{752962003},3C_20_66-01.txt,7.322,0.250,1.831,2,3.688,201.44,1.844,3.172,0.000
50,ec.gp.GPIndividual@1779630727{752962003},3C_20_50-03.txt,30.993,0.250,7.748,2,1.000,12.91,0.500,3.172,0.000
50,ec.gp.GPIndividual@1779630727{752962003},3C_20_50-03.txt,30.993,0.250,7.748,3,6.766,87.32,2.255,3.172,0.000
50,ec.gp.GPIndividual@1779630727{752962003},3C_20_66-02.txt,154.245,0.250,38.561,14,40.094,103.97,2.864,4.563,0.000
50,ec.gp.GPIndividual@1779630727{752962003},3C_20_66-01.txt,7.322,0.250,1.831,2,2.109,115.23,1.055,4.563,0.000
50,ec.gp.GPIndividual@1779630727{752962003},3C_20_66-03.txt,118.340,0.250,29.585,3,6.031,20.39,2.010,4.563,0.000
50,ec.gp.GPIndividual@1779630727{752962003},3C_20_66-01.txt,7.322,0.250,1.831,2,1.609,87.92,0.805,4.563,0.000
50,ec.gp.GPIndividual@1779630727{752962003},3C_20_66-02.txt,154.245,0.250,38.561,2,6.719,17.42,3.359,5.844,0.000
50,ec.gp.GPIndividual@1779630727{752962003},3C_20_66-01.txt,7.322,0.250,1.831,1,6.016,328.62,6.016,6.016,0.000
50,ec.gp.GPIndividual@1779630727{752962003},3C_20_66-01.txt,7.322,0.250,1.831,2,1.906,104.14,0.953,6.016,0.000
50,ec.gp.GPIndividual@1779630727{752962003},3C_20_66-02.txt,154.245,0.250,38.561,1,0.344,0.89,0.344,6.016,0.000
50,ec.gp.GPIndividual@1779630727{752962003},3C_20_66-02.txt,154.245,0.250,38.561,18,40.375,104.70,2.243,7.422,0.000
50,ec.gp.GPIndividual@1779630727{752962003},3C_20_80-01.txt,4.194,0.250,1.049,3,0.875,83.44,0.292,7.422,0.000
50,ec.gp.GPIndividual@1779630727{752962003},3C_20_66-02.txt,154.245,0.250,38.561,2,1.875,4.86,0.938,7.422,0.000
50,ec.gp.GPIndividual@1779630727{752962003},3C_20_66-03.txt,118.340,0.250,29.585,4,7.531,25.46,1.883,7.422,0.000
50,ec.gp.GPIndividual@1779630727{752962003},3C_20_66-01.txt,7.322,0.250,1.831,2,1.750,95.60,0.875,7.422,0.000
50,ec.gp.GPIndividual@1779630727{752962003},3C_20_66-03.txt,118.340,0.250,29.585,15,33.875,114.50,2.258,7.422,0.000
50,ec.gp.GPIndividual@1779630727{752962003},3C_20_80-01.txt,4.194,0.250,1.049,2,1.375,131.12,0.688,7.422,0.000
50,ec.gp.GPIndividual@1779630727{752962003},3C_20_66-03.txt,118.340,0.250,29.585,2,1.906,6.44,0.953,7.422,0.000
50,ec.gp.GPIndividual@1779630727{752962003},3C_20_80-02.txt,35.738,0.250,8.935,4,17.375,194.47,4.344,10.625,0.000
50,ec.gp.GPIndividual@1779630727{752962003},3C_20_66-03.txt,118.340,0.250,29.585,1,0.891,3.01,0.891,10.625,0.000
50,ec.gp.GPIndividual@1779630727{752962003},3C_20_80-02.txt,35.738,0.250,8.935,1,1.422,15.91,1.422,10.625,0.000
50,ec.gp.GPIndividual@1779630727{752962003},3C_20_80-01.txt,4.194,0.250,1.049,1,2.109,201.16,2.109,10.625,0.000
50,ec.gp.GPIndividual@1779630727{752962003},3C_20_80-03.txt,169.439,0.250,42.360,3,3.281,7.75,1.094,10.625,0.000
50,ec.gp.GPIndividual@1779630727{752962003},3C_20_66-02.txt,154.245,0.250,38.561,14,40.656,105.43,2.904,10.625,0.000
50,ec.gp.GPIndividual@1779630727{752962003},3C_20_80-01.txt,4.194,0.250,1.049,2,1.234,117.71,0.617,10.625,0.000
50,ec.gp.GPIndividual@1779630727{752962003},3C_20_80-02.txt,35.738,0.250,8.935,6,8.703,97.41,1.451,10.625,0.000
50,ec.gp.GPIndividual@1779630727{752962003},3C_20_80-02.txt,35.738,0.250,8.935,1,3.516,39.35,3.516,10.625,0.000
50,ec.gp.GPIndividual@1762162701{1405290466},3C_20_50-02.txt,61.404,0.250,15.351,0,0.000,0.00,0.000,0.000,0.000
50,ec.gp.GPIndividual@1762162701{1405290466},3C_20_50-03.txt,30.993,0.250,7.748,0,0.000,0.00,0.000,0.000,0.000
50,ec.gp.GPIndividual@1762162701{1405290466},3C_20_66-01.txt,7.322,0.250,1.831,0,0.000,0.00,0.000,0.000,0.000
50,ec.gp.GPIndividual@1762162701{1405290466},3C_20_66-02.txt,154.245,0.250,38.561,0,0.000,0.00,0.000,0.000,0.000
50,ec.gp.GPIndividual@1762162701{1405290466},3C_20_66-03.txt,118.340,0.250,29.585,0,0.000,0.00,0.000,0.000,0.000
50,ec.gp.GPIndividual@1762162701{1405290466},3C_20_80-01.txt,4.194,0.250,1.049,0,0.000,0.00,0.000,0.000,0.000
50,ec.gp.GPIndividual@1762162701{1405290466},3C_20_80-02.txt,35.738,0.250,8.935,0,0.000,0.00,0.000,0.000,0.000
50,ec.gp.GPIndividual@1762162701{1405290466},3C_20_80-03.txt,169.439,0.250,42.360,0,0.000,0.00,0.000,0.000,0.000
50,ec.gp.GPIndividual@737408933{2032811972},3C_20_50-02.txt,61.404,0.250,15.351,3,4.297,27.99,1.432,2.063,0.813
50,ec.gp.GPIndividual@737408933{2032811972},3C_20_80-01.txt,4.194,0.250,1.049,1,0.438,41.72,0.438,2.063,0.438
50,ec.gp.GPIndividual@737408933{2032811972},3C_20_50-03.txt,30.993,0.250,7.748,1,2.016,26.01,2.016,2.063,0.438
50,ec.gp.GPIndividual@737408933{2032811972},3C_20_80-03.txt,169.439,0.250,42.360,7,11.000,25.97,1.571,3.203,0.438
50,ec.gp.GPIndividual@737408933{2032811972},3C_20_66-01.txt,7.322,0.250,1.831,2,1.797,98.16,0.898,3.203,0.156
50,ec.gp.GPIndividual@737408933{2032811972},3C_20_80-02.txt,35.738,0.250,8.935,1,0.875,9.79,0.875,3.203,0.156
50,ec.gp.GPIndividual@737408933{2032811972},3C_20_66-02.txt,154.245,0.250,38.561,3,8.391,21.76,2.797,5.578,0.156
50,ec.gp.GPIndividual@737408933{2032811972},3C_20_66-03.txt,118.340,0.250,29.585,5,14.000,47.32,2.800,6.047,0.156
50,ec.gp.GPIndividual@737408933{2032811972},3C_20_66-03.txt,118.340,0.250,29.585,7,20.516,69.34,2.931,6.531,0.156
50,ec.gp.GPIndividual@737408933{2032811972},3C_20_80-01.txt,4.194,0.250,1.049,1,0.531,50.66,0.531,6.531,0.156
50,ec.gp.GPIndividual@737408933{2032811972},3C_20_80-02.txt,35.738,0.250,8.935,1,7.234,80.97,7.234,7.234,0.156
50,ec.gp.GPIndividual@1898709503{-1385968719},3C_20_50-02.txt,61.404,0.250,15.351,3,13.750,89.57,4.583,9.703,0.469
50,ec.gp.GPIndividual@1898709503{-1385968719},3C_20_80-03.txt,169.439,0.250,42.360,2,4.094,9.66,2.047,9.703,0.469
50,ec.gp.GPIndividual@1898709503{-1385968719},3C_20_80-03.txt,169.439,0.250,42.360,2,16.984,40.10,8.492,10.688,0.469
50,ec.gp.GPIndividual@1898709503{-1385968719},3C_20_80-03.txt,169.439,0.250,42.360,0,0.000,0.00,0.000,10.688,0.469
50,ec.gp.GPIndividual@1898709503{-1385968719},3C_20_80-03.txt,169.439,0.250,42.360,2,7.375,17.41,3.688,10.688,0.469
50,ec.gp.GPIndividual@1898709503{-1385968719},3C_20_80-01.txt,4.194,0.250,1.049,3,1.063,101.32,0.354,10.688,0.172
50,ec.gp.GPIndividual@1898709503{-1385968719},3C_20_80-02.txt,35.738,0.250,8.935,2,9.031,101.08,4.516,10.688,0.172
50,ec.gp.GPIndividual@818674131{1371040668},3C_20_50-02.txt,61.404,0.250,15.351,1,6.125,39.90,6.125,6.125,6.125
50,ec.gp.GPIndividual@1130700500{-380112475},3C_20_50-02.txt,61.404,0.250,15.351,1,0.000,0.00,0.000,0.000,0.000
50,ec.gp.GPIndividual@1130700500{-380112475},3C_20_50-03.txt,30.993,0.250,7.748,1,0.000,0.00,0.000,0.000,0.000
50,ec.gp.GPIndividual@1130700500{-380112475},3C_20_66-01.txt,7.322,0.250,1.831,1,0.000,0.00,0.000,0.000,0.000
50,ec.gp.GPIndividual@1130700500{-380112475},3C_20_66-02.txt,154.245,0.250,38.561,1,0.000,0.00,0.000,0.000,0.000
50,ec.gp.GPIndividual@1130700500{-380112475},3C_20_66-03.txt,118.340,0.250,29.585,1,0.000,0.00,0.000,0.000,0.000
50,ec.gp.GPIndividual@1130700500{-380112475},3C_20_80-01.txt,4.194,0.250,1.049,1,0.000,0.00,0.000,0.000,0.000
50,ec.gp.GPIndividual@1130700500{-380112475},3C_20_80-02.txt,35.738,0.250,8.935,1,0.000,0.00,0.000,0.000,0.000
50,ec.gp.GPIndividual@1130700500{-380112475},3C_20_80-03.txt,169.439,0.250,42.360,1,0.000,0.00,0.000,0.000,0.000
50,ec.gp.GPIndividual@1361586699{127698648},3C_20_50-02.txt,61.404,0.250,15.351,0,0.000,0.00,0.000,0.000,0.000
50,ec.gp.GPIndividual@1361586699{127698648},3C_20_50-03.txt,30.993,0.250,7.748,0,0.000,0.00,0.000,0.000,0.000
50,ec.gp.GPIndividual@1361586699{127698648},3C_20_66-01.txt,7.322,0.250,1.831,0,0.000,0.00,0.000,0.000,0.000
50,ec.gp.GPIndividual@1361586699{127698648},3C_20_66-02.txt,154.245,0.250,38.561,0,0.000,0.00,0.000,0.000,0.000
50,ec.gp.GPIndividual@1361586699{127698648},3C_20_66-03.txt,118.340,0.250,29.585,0,0.000,0.00,0.000,0.000,0.000
50,ec.gp.GPIndividual@1361586699{127698648},3C_20_80-01.txt,4.194,0.250,1.049,0,0.000,0.00,0.000,0.000,0.000
50,ec.gp.GPIndividual@1361586699{127698648},3C_20_80-02.txt,35.738,0.250,8.935,0,0.000,0.00,0.000,0.000,0.000
50,ec.gp.GPIndividual@1361586699{127698648},3C_20_80-03.txt,169.439,0.250,42.360,0,0.000,0.00,0.000,0.000,0.000
50,ec.gp.GPIndividual@139518106{2004285173},3C_20_50-02.txt,61.404,0.250,15.351,0,0.000,0.00,0.000,0.000,0.000
50,ec.gp.GPIndividual@139518106{2004285173},3C_20_50-03.txt,30.993,0.250,7.748,0,0.000,0.00,0.000,0.000,0.000
50,ec.gp.GPIndividual@139518106{2004285173},3C_20_66-01.txt,7.322,0.250,1.831,0,0.000,0.00,0.000,0.000,0.000
50,ec.gp.GPIndividual@139518106{2004285173},3C_20_66-02.txt,154.245,0.250,38.561,0,0.000,0.00,0.000,0.000,0.000
50,ec.gp.GPIndividual@139518106{2004285173},3C_20_66-03.txt,118.340,0.250,29.585,0,0.000,0.00,0.000,0.000,0.000
50,ec.gp.GPIndividual@139518106{2004285173},3C_20_80-01.txt,4.194,0.250,1.049,0,0.000,0.00,0.000,0.000,0.000
50,ec.gp.GPIndividual@139518106{2004285173},3C_20_80-02.txt,35.738,0.250,8.935,0,0.000,0.00,0.000,0.000,0.000
50,ec.gp.GPIndividual@139518106{2004285173},3C_20_80-03.txt,169.439,0.250,42.360,0,0.000,0.00,0.000,0.000,0.000
50,ec.gp.GPIndividual@2059749950{1519069253},3C_20_50-02.txt,61.404,0.250,15.351,5,16.641,108.40,3.328,13.516,0.219
50,ec.gp.GPIndividual@253077383{353709197},3C_20_50-02.txt,61.404,0.250,15.351,7,12.844,83.67,1.835,5.438,0.234
50,ec.gp.GPIndividual@253077383{353709197},3C_20_66-03.txt,118.340,0.250,29.585,1,4.531,15.32,4.531,5.438,0.234
50,ec.gp.GPIndividual@253077383{353709197},3C_20_50-03.txt,30.993,0.250,7.748,1,3.297,42.55,3.297,5.438,0.234
50,ec.gp.GPIndividual@253077383{353709197},3C_20_50-03.txt,30.993,0.250,7.748,3,6.828,88.13,2.276,5.438,0.234
50,ec.gp.GPIndividual@253077383{353709197},3C_20_66-01.txt,7.322,0.250,1.831,2,1.813,99.01,0.906,5.438,0.094
50,ec.gp.GPIndividual@253077383{353709197},3C_20_80-01.txt,4.194,0.250,1.049,1,2.500,238.41,2.500,5.438,0.094
50,ec.gp.GPIndividual@253077383{353709197},3C_20_66-01.txt,7.322,0.250,1.831,4,1.969,107.55,0.492,5.438,0.094
50,ec.gp.GPIndividual@253077383{353709197},3C_20_66-02.txt,154.245,0.250,38.561,19,41.266,107.01,2.172,13.844,0.094
50,ec.gp.GPIndividual@253077383{353709197},3C_20_66-03.txt,118.340,0.250,29.585,1,9.641,32.59,9.641,13.844,0.094
50,ec.gp.GPIndividual@253077383{353709197},3C_20_66-02.txt,154.245,0.250,38.561,2,0.922,2.39,0.461,13.844,0.000
50,ec.gp.GPIndividual@253077383{353709197},3C_20_66-02.txt,154.245,0.250,38.561,1,3.891,10.09,3.891,13.844,0.000
50,ec.gp.GPIndividual@253077383{353709197},3C_20_80-02.txt,35.738,0.250,8.935,8,10.500,117.52,1.313,13.844,0.000
50,ec.gp.GPIndividual@253077383{353709197},3C_20_80-01.txt,4.194,0.250,1.049,2,1.016,96.85,0.508,13.844,0.000
50,ec.gp.GPIndividual@253077383{353709197},3C_20_66-03.txt,118.340,0.250,29.585,3,2.078,7.02,0.693,13.844,0.000
50,ec.gp.GPIndividual@253077383{353709197},3C_20_80-03.txt,169.439,0.250,42.360,11,28.031,66.17,2.548,13.844,0.000
50,ec.gp.GPIndividual@253077383{353709197},3C_20_80-01.txt,4.194,0.250,1.049,1,13.344,1272.50,13.344,13.844,0.000
50,ec.gp.GPIndividual@1574736784{-819800745},3C_20_50-02.txt,61.404,0.250,15.351,3,11.047,71.96,3.682,10.313,0.250
50,ec.gp.GPIndividual@1574736784{-819800745},3C_20_80-02.txt,35.738,0.250,8.935,1,16.531,185.03,16.531,16.531,0.250
50,ec.gp.GPIndividual@1574736784{-819800745},3C_20_66-03.txt,118.340,0.250,29.585,17,27.234,92.06,1.602,16.531,0.250
50,ec.gp.GPIndividual@1574736784{-819800745},3C_20_50-03.txt,30.993,0.250,7.748,1,5.297,68.36,5.297,16.531,0.250
50,ec.gp.GPIndividual@1574736784{-819800745},3C_20_80-03.txt,169.439,0.250,42.360,1,4.438,10.48,4.438,16.531,0.250
50,ec.gp.GPIndividual@1574736784{-819800745},3C_20_80-01.txt,4.194,0.250,1.049,1,3.406,324.83,3.406,16.531,0.250
50,ec.gp.GPIndividual@1574736784{-819800745},3C_20_80-02.txt,35.738,0.250,8.935,8,10.578,118.40,1.322,16.531,0.250
50,ec.gp.GPIndividual@19358622{-2146225922},3C_20_50-02.txt,61.404,0.250,15.351,3,2.422,15.78,0.807,1.453,0.250
50,ec.gp.GPIndividual@19358622{-2146225922},3C_20_80-03.txt,169.439,0.250,42.360,10,22.391,52.86,2.239,5.359,0.250
50,ec.gp.GPIndividual@19358622{-2146225922},3C_20_66-01.txt,7.322,0.250,1.831,2,1.203,65.72,0.602,5.359,0.250
50,ec.gp.GPIndividual@19358622{-2146225922},3C_20_66-02.txt,154.245,0.250,38.561,6,16.750,43.44,2.792,11.938,0.250
50,ec.gp.GPIndividual@19358622{-2146225922},3C_20_50-03.txt,30.993,0.250,7.748,1,12.516,161.53,12.516,12.516,0.250
50,ec.gp.GPIndividual@19358622{-2146225922},3C_20_80-02.txt,35.738,0.250,8.935,1,12.984,145.33,12.984,12.984,0.250
50,ec.gp.GPIndividual@2125603191{-1712576613},3C_20_50-02.txt,61.404,0.250,15.351,0,0.000,0.00,0.000,0.000,0.000
50,ec.gp.GPIndividual@2125603191{-1712576613},3C_20_50-03.txt,30.993,0.250,7.748,0,0.000,0.00,0.000,0.000,0.000
50,ec.gp.GPIndividual@2125603191{-1712576613},3C_20_66-01.txt,7.322,0.250,1.831,0,0.000,0.00,0.000,0.000,0.000
50,ec.gp.GPIndividual@2125603191{-1712576613},3C_20_66-02.txt,154.245,0.250,38.561,0,0.000,0.00,0.000,0.000,0.000
50,ec.gp.GPIndividual@2125603191{-1712576613},3C_20_66-03.txt,118.340,0.250,29.585,0,0.000,0.00,0.000,0.000,0.000
50,ec.gp.GPIndividual@2125603191{-1712576613},3C_20_80-01.txt,4.194,0.250,1.049,0,0.000,0.00,0.000,0.000,0.000
50,ec.gp.GPIndividual@2125603191{-1712576613},3C_20_80-02.txt,35.738,0.250,8.935,0,0.000,0.00,0.000,0.000,0.000
50,ec.gp.GPIndividual@2125603191{-1712576613},3C_20_80-03.txt,169.439,0.250,42.360,0,0.000,0.00,0.000,0.000,0.000
50,ec.gp.GPIndividual@406833371{-911338767},3C_20_50-02.txt,61.404,0.250,15.351,0,0.000,0.00,0.000,0.000,0.000
50,ec.gp.GPIndividual@406833371{-911338767},3C_20_50-03.txt,30.993,0.250,7.748,0,0.000,0.00,0.000,0.000,0.000
50,ec.gp.GPIndividual@406833371{-911338767},3C_20_66-01.txt,7.322,0.250,1.831,0,0.000,0.00,0.000,0.000,0.000
50,ec.gp.GPIndividual@406833371{-911338767},3C_20_66-02.txt,154.245,0.250,38.561,0,0.000,0.00,0.000,0.000,0.000
50,ec.gp.GPIndividual@406833371{-911338767},3C_20_66-03.txt,118.340,0.250,29.585,0,0.000,0.00,0.000,0.000,0.000
50,ec.gp.GPIndividual@406833371{-911338767},3C_20_80-01.txt,4.194,0.250,1.049,0,0.000,0.00,0.000,0.000,0.000
50,ec.gp.GPIndividual@406833371{-911338767},3C_20_80-02.txt,35.738,0.250,8.935,0,0.000,0.00,0.000,0.000,0.000
50,ec.gp.GPIndividual@406833371{-911338767},3C_20_80-03.txt,169.439,0.250,42.360,0,0.000,0.00,0.000,0.000,0.000
50,ec.gp.GPIndividual@1970010048{-1592834751},3C_20_50-02.txt,61.404,0.250,15.351,13,15.344,99.95,1.180,4.016,0.000
50,ec.gp.GPIndividual@1970010048{-1592834751},3C_20_66-01.txt,7.322,0.250,1.831,2,1.813,99.01,0.906,4.016,0.000
50,ec.gp.GPIndividual@1970010048{-1592834751},3C_20_50-03.txt,30.993,0.250,7.748,2,2.969,38.32,1.484,4.016,0.000
50,ec.gp.GPIndividual@1970010048{-1592834751},3C_20_80-03.txt,169.439,0.250,42.360,7,25.844,61.01,3.692,13.578,0.000
50,ec.gp.GPIndividual@1970010048{-1592834751},3C_20_66-03.txt,118.340,0.250,29.585,5,39.438,133.30,7.888,14.406,0.000
50,ec.gp.GPIndividual@802852863{-1610938718},3C_20_50-02.txt,61.404,0.250,15.351,2,1.781,11.60,0.891,1.563,0.219
50,ec.gp.GPIndividual@802852863{-1610938718},3C_20_66-02.txt,154.245,0.250,38.561,3,16.656,43.19,5.552,8.203,0.219
50,ec.gp.GPIndividual@802852863{-1610938718},3C_20_80-01.txt,4.194,0.250,1.049,1,1.422,135.59,1.422,8.203,0.219
50,ec.gp.GPIndividual@802852863{-1610938718},3C_20_66-03.txt,118.340,0.250,29.585,12,28.203,95.33,2.350,11.766,0.219
50,ec.gp.GPIndividual@802852863{-1610938718},3C_20_66-01.txt,7.322,0.250,1.831,1,6.344,346.55,6.344,11.766,0.219
50,ec.gp.GPIndividual@802852863{-1610938718},3C_20_80-01.txt,4.194,0.250,1.049,1,10.250,977.47,10.250,11.766,0.219
50,ec.gp.GPIndividual@802852863{-1610938718},3C_20_50-03.txt,30.993,0.250,7.748,3,6.297,81.27,2.099,11.766,0.219
50,ec.gp.GPIndividual@802852863{-1610938718},3C_20_80-02.txt,35.738,0.250,8.935,9,8.453,94.61,0.939,11.766,0.219
50,ec.gp.GPIndividual@802852863{-1610938718},3C_20_80-03.txt,169.439,0.250,42.360,9,20.578,48.58,2.286,11.766,0.219
50,ec.gp.GPIndividual@802852863{-1610938718},3C_20_66-01.txt,7.322,0.250,1.831,2,1.094,59.75,0.547,11.766,0.219
50,ec.gp.GPIndividual@802852863{-1610938718},3C_20_66-02.txt,154.245,0.250,38.561,5,14.891,38.62,2.978,11.766,0.219
50,ec.gp.GPIndividual@802852863{-1610938718},3C_20_80-02.txt,35.738,0.250,8.935,3,15.125,169.29,5.042,12.984,0.219
50,ec.gp.GPIndividual@1468130432{-688063255},3C_20_50-02.txt,61.404,0.250,15.351,2,16.203,105.55,8.102,15.984,0.219
50,ec.gp.GPIndividual@1468130432{-688063255},3C_20_66-02.txt,154.245,0.250,38.561,7,8.813,22.85,1.259,15.984,0.219
50,ec.gp.GPIndividual@1468130432{-688063255},3C_20_66-03.txt,118.340,0.250,29.585,9,21.969,74.26,2.441,15.984,0.219
50,ec.gp.GPIndividual@1468130432{-688063255},3C_20_50-03.txt,30.993,0.250,7.748,1,10.859,140.15,10.859,15.984,0.219
50,ec.gp.GPIndividual@1468130432{-688063255},3C_20_80-03.txt,169.439,0.250,42.360,2,16.016,37.81,8.008,15.984,0.219
50,ec.gp.GPIndividual@1468130432{-688063255},3C_20_80-01.txt,4.194,0.250,1.049,5,1.078,102.81,0.216,15.984,0.000
50,ec.gp.GPIndividual@1468130432{-688063255},3C_20_80-02.txt,35.738,0.250,8.935,5,8.688,97.24,1.738,15.984,0.000
50,ec.gp.GPIndividual@1849847207{2091481954},3C_20_50-02.txt,61.404,0.250,15.351,2,0.656,4.27,0.328,0.438,0.219
50,ec.gp.GPIndividual@1849847207{2091481954},3C_20_80-03.txt,169.439,0.250,42.360,7,27.375,64.63,3.911,13.281,0.219
50,ec.gp.GPIndividual@1849847207{2091481954},3C_20_66-03.txt,118.340,0.250,29.585,1,5.469,18.48,5.469,13.281,0.219
50,ec.gp.GPIndividual@1849847207{2091481954},3C_20_66-01.txt,7.322,0.250,1.831,2,1.203,65.72,0.602,13.281,0.219
50,ec.gp.GPIndividual@1849847207{2091481954},3C_20_66-02.txt,154.245,0.250,38.561,8,23.281,60.37,2.910,13.281,0.219
50,ec.gp.GPIndividual@1849847207{2091481954},3C_20_50-03.txt,30.993,0.250,7.748,1,13.734,177.26,13.734,13.734,0.219
50,ec.gp.GPIndividual@756749961{-660248569},3C_20_50-02.txt,61.404,0.250,15.351,0,0.000,0.00,0.000,0.000,0.000
50,ec.gp.GPIndividual@756749961{-660248569},3C_20_50-03.txt,30.993,0.250,7.748,0,0.000,0.00,0.000,0.000,0.000
50,ec.gp.GPIndividual@756749961{-660248569},3C_20_66-01.txt,7.322,0.250,1.831,0,0.000,0.00,0.000,0.000,0.000
50,ec.gp.GPIndividual@756749961{-660248569},3C_20_66-02.txt,154.245,0.250,38.561,0,0.000,0.00,0.000,0.000,0.000
50,ec.gp.GPIndividual@756749961{-660248569},3C_20_66-03.txt,118.340,0.250,29.585,0,0.000,0.00,0.000,0.000,0.000
50,ec.gp.GPIndividual@756749961{-660248569},3C_20_80-01.txt,4.194,0.250,1.049,0,0.000,0.00,0.000,0.000,0.000
50,ec.gp.GPIndividual@756749961{-660248569},3C_20_80-02.txt,35.738,0.250,8.935,0,0.000,0.00,0.000,0.000,0.000
50,ec.gp.GPIndividual@756749961{-660248569},3C_20_80-03.txt,169.439,0.250,42.360,0,0.000,0.00,0.000,0.000,0.000
50,ec.gp.GPIndividual@2051083955{2083358476},3C_20_50-02.txt,61.404,0.250,15.351,5,5.391,35.12,1.078,2.391,0.219
50,ec.gp.GPIndividual@2051083955{2083358476},3C_20_50-03.txt,30.993,0.250,7.748,3,7.250,93.57,2.417,4.297,0.219
50,ec.gp.GPIndividual@2051083955{2083358476},3C_20_66-01.txt,7.322,0.250,1.831,2,2.453,134.01,1.227,4.297,0.219
50,ec.gp.GPIndividual@2051083955{2083358476},3C_20_66-02.txt,154.245,0.250,38.561,5,28.109,72.90,5.622,12.188,0.219
50,ec.gp.GPIndividual@2051083955{2083358476},3C_20_66-03.txt,118.340,0.250,29.585,5,6.297,21.28,1.259,12.188,0.219
50,ec.gp.GPIndividual@2051083955{2083358476},3C_20_66-01.txt,7.322,0.250,1.831,1,3.406,186.08,3.406,12.188,0.219
50,ec.gp.GPIndividual@2051083955{2083358476},3C_20_80-01.txt,4.194,0.250,1.049,3,1.125,107.28,0.375,12.188,0.094
50,ec.gp.GPIndividual@2051083955{2083358476},3C_20_66-02.txt,154.245,0.250,38.561,4,3.422,8.87,0.855,12.188,0.094
50,ec.gp.GPIndividual@2051083955{2083358476},3C_20_80-02.txt,35.738,0.250,8.935,2,1.594,17.84,0.797,12.188,0.094
50,ec.gp.GPIndividual@2051083955{2083358476},3C_20_66-03.txt,118.340,0.250,29.585,4,12.859,43.47,3.215,12.188,0.094
50,ec.gp.GPIndividual@2051083955{2083358476},3C_20_80-01.txt,4.194,0.250,1.049,2,0.938,89.40,0.469,12.188,0.094
50,ec.gp.GPIndividual@2051083955{2083358476},3C_20_80-03.txt,169.439,0.250,42.360,5,15.781,37.26,3.156,12.188,0.094
50,ec.gp.GPIndividual@2051083955{2083358476},3C_20_66-03.txt,118.340,0.250,29.585,5,10.531,35.60,2.106,12.188,0.094
50,ec.gp.GPIndividual@2051083955{2083358476},3C_20_80-01.txt,4.194,0.250,1.049,3,4.172,397.84,1.391,12.188,0.094
50,ec.gp.GPIndividual@2051083955{2083358476},3C_20_80-01.txt,4.194,0.250,1.049,2,0.219,20.86,0.109,12.188,0.000
50,ec.gp.GPIndividual@2051083955{2083358476},3C_20_80-02.txt,35.738,0.250,8.935,9,9.172,102.66,1.019,12.188,0.000
50,ec.gp.GPIndividual@2051083955{2083358476},3C_20_80-02.txt,35.738,0.250,8.935,1,0.969,10.84,0.969,12.188,0.000
50,ec.gp.GPIndividual@2051083955{2083358476},3C_20_80-02.txt,35.738,0.250,8.935,1,0.547,6.12,0.547,12.188,0.000
50,ec.gp.GPIndividual@2051083955{2083358476},3C_20_80-03.txt,169.439,0.250,42.360,10,20.375,48.10,2.038,12.188,0.000
50,ec.gp.GPIndividual@434618778{1483241028},3C_20_50-02.txt,61.404,0.250,15.351,5,5.859,38.17,1.172,2.766,0.234
50,ec.gp.GPIndividual@355165513{-232873631},3C_20_50-02.txt,61.404,0.250,15.351,6,11.016,71.76,1.836,5.344,0.203
50,ec.gp.GPIndividual@355165513{-232873631},3C_20_80-03.txt,169.439,0.250,42.360,3,11.875,28.03,3.958,5.672,0.203
50,ec.gp.GPIndividual@355165513{-232873631},3C_20_50-03.txt,30.993,0.250,7.748,3,7.813,100.83,2.604,5.672,0.203
50,ec.gp.GPIndividual@355165513{-232873631},3C_20_66-01.txt,7.322,0.250,1.831,2,1.703,93.04,0.852,5.672,0.203
50,ec.gp.GPIndividual@1898195112{2091481954},3C_20_50-02.txt,61.404,0.250,15.351,1,0.563,3.66,0.563,0.563,0.563
50,ec.gp.GPIndividual@1898195112{2091481954},3C_20_66-02.txt,154.245,0.250,38.561,10,23.266,60.33,2.327,14.063,0.328
50,ec.gp.GPIndividual@1898195112{2091481954},3C_20_50-03.txt,30.993,0.250,7.748,1,14.797,190.97,14.797,14.797,0.328
50,ec.gp.GPIndividual@1898195112{2091481954},3C_20_80-03.txt,169.439,0.250,42.360,4,22.578,53.30,5.645,14.797,0.328
50,ec.gp.GPIndividual@1898195112{2091481954},3C_20_50-03.txt,30.993,0.250,7.748,1,11.797,152.25,11.797,14.797,0.328
50,ec.gp.GPIndividual@1898195112{2091481954},3C_20_66-03.txt,118.340,0.250,29.585,6,32.156,108.69,5.359,14.797,0.328
50,ec.gp.GPIndividual@1465933685{1270362312},3C_20_50-02.txt,61.404,0.250,15.351,2,7.547,49.16,3.773,7.297,0.250
50,ec.gp.GPIndividual@1465933685{1270362312},3C_20_66-01.txt,7.322,0.250,1.831,1,4.844,264.61,4.844,7.297,0.250
50,ec.gp.GPIndividual@1465933685{1270362312},3C_20_66-01.txt,7.322,0.250,1.831,3,1.719,93.89,0.573,7.297,0.109
50,ec.gp.GPIndividual@1465933685{1270362312},3C_20_66-02.txt,154.245,0.250,38.561,3,7.281,18.88,2.427,7.297,0.109
50,ec.gp.GPIndividual@1465933685{1270362312},3C_20_80-01.txt,4.194,0.250,1.049,2,1.266,120.69,0.633,7.297,0.109
50,ec.gp.GPIndividual@1465933685{1270362312},3C_20_66-02.txt,154.245,0.250,38.561,4,3.188,8.27,0.797,7.297,0.109
50,ec.gp.GPIndividual@1465933685{1270362312},3C_20_50-03.txt,30.993,0.250,7.748,4,3.328,42.95,0.832,7.297,0.109
50,ec.gp.GPIndividual@1465933685{1270362312},3C_20_80-02.txt,35.738,0.250,8.935,9,9.313,104.23,1.035,7.297,0.109
50,ec.gp.GPIndividual@1465933685{1270362312},3C_20_66-01.txt,7.322,0.250,1.831,2,1.063,58.04,0.531,7.297,0.109
50,ec.gp.GPIndividual@1465933685{1270362312},3C_20_66-03.txt,118.340,0.250,29.585,1,0.547,1.85,0.547,7.297,0.109
50,ec.gp.GPIndividual@1465933685{1270362312},3C_20_80-03.txt,169.439,0.250,42.360,1,0.438,1.03,0.438,7.297,0.109
50,ec.gp.GPIndividual@1465933685{1270362312},3C_20_66-03.txt,118.340,0.250,29.585,10,22.422,75.79,2.242,7.297,0.109
50,ec.gp.GPIndividual@1465933685{1270362312},3C_20_80-01.txt,4.194,0.250,1.049,3,6.547,624.33,2.182,7.297,0.109
50,ec.gp.GPIndividual@1465933685{1270362312},3C_20_80-01.txt,4.194,0.250,1.049,3,1.063,101.32,0.354,7.297,0.109
50,ec.gp.GPIndividual@1465933685{1270362312},3C_20_80-02.txt,35.738,0.250,8.935,2,9.750,109.13,4.875,9.531,0.109
50,ec.gp.GPIndividual@148183200{1089139693},3C_20_50-02.txt,61.404,0.250,15.351,1,0.688,4.48,0.688,0.688,0.688
50,ec.gp.GPIndividual@148183200{1089139693},3C_20_80-02.txt,35.738,0.250,8.935,2,10.906,122.07,5.453,10.703,0.203
50,ec.gp.GPIndividual@148183200{1089139693},3C_20_66-02.txt,154.245,0.250,38.561,19,26.563,68.88,1.398,10.703,0.203
50,ec.gp.GPIndividual@148183200{1089139693},3C_20_80-03.txt,169.439,0.250,42.360,2,17.859,42.16,8.930,10.703,0.203
50,ec.gp.GPIndividual@148183200{1089139693},3C_20_50-03.txt,30.993,0.250,7.748,0,0.000,0.00,0.000,10.703,0.203
50,ec.gp.GPIndividual@148183200{1089139693},3C_20_66-03.txt,118.340,0.250,29.585,1,10.125,34.22,10.125,10.703,0.203
50,ec.gp.GPIndividual@148183200{1089139693},3C_20_80-03.txt,169.439,0.250,42.360,9,47.203,111.43,5.245,11.688,0.203
50,ec.gp.GPIndividual@148183200{1089139693},3C_20_80-01.txt,4.194,0.250,1.049,4,0.953,90.89,0.238,11.688,0.000
50,ec.gp.GPIndividual@148183200{1089139693},3C_20_80-02.txt,35.738,0.250,8.935,1,14.578,163.17,14.578,14.578,0.000
50,ec.gp.GPIndividual@1853207908{212195635},3C_20_50-02.txt,61.404,0.250,15.351,1,2.547,16.59,2.547,2.547,2.547
50,ec.gp.GPIndividual@559941640{-1995645083},3C_20_50-02.txt,61.404,0.250,15.351,0,0.000,0.00,0.000,0.000,0.000
50,ec.gp.GPIndividual@559941640{-1995645083},3C_20_50-03.txt,30.993,0.250,7.748,0,0.000,0.00,0.000,0.000,0.000
50,ec.gp.GPIndividual@559941640{-1995645083},3C_20_66-01.txt,7.322,0.250,1.831,0,0.000,0.00,0.000,0.000,0.000
50,ec.gp.GPIndividual@559941640{-1995645083},3C_20_66-02.txt,154.245,0.250,38.561,0,0.000,0.00,0.000,0.000,0.000
50,ec.gp.GPIndividual@559941640{-1995645083},3C_20_66-03.txt,118.340,0.250,29.585,0,0.000,0.00,0.000,0.000,0.000
50,ec.gp.GPIndividual@559941640{-1995645083},3C_20_80-01.txt,4.194,0.250,1.049,0,0.000,0.00,0.000,0.000,0.000
50,ec.gp.GPIndividual@559941640{-1995645083},3C_20_80-02.txt,35.738,0.250,8.935,0,0.000,0.00,0.000,0.000,0.000
50,ec.gp.GPIndividual@559941640{-1995645083},3C_20_80-03.txt,169.439,0.250,42.360,0,0.000,0.00,0.000,0.000,0.000
50,ec.gp.GPIndividual@824986169{1827585255},3C_20_50-02.txt,61.404,0.250,15.351,6,13.328,86.82,2.221,9.953,0.094
50,ec.gp.GPIndividual@824986169{1827585255},3C_20_66-02.txt,154.245,0.250,38.561,4,6.859,17.79,1.715,9.953,0.094
50,ec.gp.GPIndividual@824986169{1827585255},3C_20_50-03.txt,30.993,0.250,7.748,5,6.844,88.33,1.369,9.953,0.094
50,ec.gp.GPIndividual@824986169{1827585255},3C_20_66-03.txt,118.340,0.250,29.585,1,1.516,5.12,1.516,9.953,0.094
50,ec.gp.GPIndividual@824986169{1827585255},3C_20_66-01.txt,7.322,0.250,1.831,2,1.922,104.99,0.961,9.953,0.094
50,ec.gp.GPIndividual@824986169{1827585255},3C_20_80-01.txt,4.194,0.250,1.049,3,0.938,89.40,0.313,9.953,0.094
50,ec.gp.GPIndividual@824986169{1827585255},3C_20_66-02.txt,154.245,0.250,38.561,1,0.266,0.69,0.266,9.953,0.094
50,ec.gp.GPIndividual@824986169{1827585255},3C_20_80-02.txt,35.738,0.250,8.935,11,6.391,71.53,0.581,9.953,0.094
50,ec.gp.GPIndividual@824986169{1827585255},3C_20_80-03.txt,169.439,0.250,42.360,1,2.000,4.72,2.000,9.953,0.094
50,ec.gp.GPIndividual@824986169{1827585255},3C_20_66-03.txt,118.340,0.250,29.585,4,15.422,52.13,3.855,11.219,0.094
51,ec.gp.GPIndividual@1766923640{-1979830609},3C_20_50-02.txt,61.404,0.250,15.351,1,0.000,0.00,0.000,0.000,0.000
51,ec.gp.GPIndividual@464476541{817367025},3C_20_50-03.txt,30.993,0.250,7.748,1,0.000,0.00,0.000,0.000,0.000
51,ec.gp.GPIndividual@464476541{817367025},3C_20_50-03.txt,30.993,0.250,7.748,1,0.000,0.00,0.000,0.000,0.000
51,ec.gp.GPIndividual@464476541{817367025},3C_20_66-01.txt,7.322,0.250,1.831,0,0.000,0.00,0.000,0.000,0.000
51,ec.gp.GPIndividual@464476541{817367025},3C_20_50-03.txt,30.993,0.250,7.748,1,0.000,0.00,0.000,0.000,0.000
51,ec.gp.GPIndividual@464476541{817367025},3C_20_50-03.txt,30.993,0.250,7.748,1,0.000,0.00,0.000,0.000,0.000
51,ec.gp.GPIndividual@464476541{817367025},3C_20_66-02.txt,154.245,0.250,38.561,1,0.000,0.00,0.000,0.000,0.000
51,ec.gp.GPIndividual@464476541{817367025},3C_20_66-02.txt,154.245,0.250,38.561,1,0.000,0.00,0.000,0.000,0.000
51,ec.gp.GPIndividual@464476541{817367025},3C_20_66-02.txt,154.245,0.250,38.561,1,0.000,0.00,0.000,0.000,0.000
51,ec.gp.GPIndividual@464476541{817367025},3C_20_66-03.txt,118.340,0.250,29.585,0,0.000,0.00,0.000,0.000,0.000
51,ec.gp.GPIndividual@464476541{817367025},3C_20_66-03.txt,118.340,0.250,29.585,1,0.000,0.00,0.000,0.000,0.000
51,ec.gp.GPIndividual@464476541{817367025},3C_20_66-03.txt,118.340,0.250,29.585,1,0.000,0.00,0.000,0.000,0.000
51,ec.gp.GPIndividual@464476541{817367025},3C_20_66-03.txt,118.340,0.250,29.585,1,0.000,0.00,0.000,0.000,0.000
51,ec.gp.GPIndividual@464476541{817367025},3C_20_80-01.txt,4.194,0.250,1.049,1,0.000,0.00,0.000,0.000,0.000
51,ec.gp.GPIndividual@464476541{817367025},3C_20_80-01.txt,4.194,0.250,1.049,1,0.000,0.00,0.000,0.000,0.000
51,ec.gp.GPIndividual@464476541{817367025},3C_20_80-01.txt,4.194,0.250,1.049,1,0.000,0.00,0.000,0.000,0.000
51,ec.gp.GPIndividual@464476541{817367025},3C_20_80-02.txt,35.738,0.250,8.935,0,0.000,0.00,0.000,0.000,0.000
51,ec.gp.GPIndividual@464476541{817367025},3C_20_80-01.txt,4.194,0.250,1.049,1,0.000,0.00,0.000,0.000,0.000
51,ec.gp.GPIndividual@464476541{817367025},3C_20_80-03.txt,169.439,0.250,42.360,0,0.000,0.00,0.000,0.000,0.000
51,ec.gp.GPIndividual@464476541{817367025},3C_20_80-03.txt,169.439,0.250,42.360,0,0.000,0.00,0.000,0.000,0.000
51,ec.gp.GPIndividual@464476541{817367025},3C_20_80-03.txt,169.439,0.250,42.360,1,0.000,0.00,0.000,0.000,0.000
51,ec.gp.GPIndividual@120786447{580238399},3C_20_50-02.txt,61.404,0.250,15.351,0,0.000,0.00,0.000,0.000,0.000
51,ec.gp.GPIndividual@120786447{580238399},3C_20_80-03.txt,169.439,0.250,42.360,1,0.000,0.00,0.000,0.000,0.000
51,ec.gp.GPIndividual@120786447{580238399},3C_20_80-03.txt,169.439,0.250,42.360,1,0.000,0.00,0.000,0.000,0.000
51,ec.gp.GPIndividual@1723059623{1618812030},3C_20_50-02.txt,61.404,0.250,15.351,12,13.953,90.89,1.163,2.063,0.281
51,ec.gp.GPIndividual@1723059623{1618812030},3C_20_50-03.txt,30.993,0.250,7.748,4,9.063,116.96,2.266,2.750,0.281
51,ec.gp.GPIndividual@1723059623{1618812030},3C_20_50-03.txt,30.993,0.250,7.748,2,3.078,39.73,1.539,2.750,0.281
51,ec.gp.GPIndividual@1723059623{1618812030},3C_20_50-03.txt,30.993,0.250,7.748,2,3.219,41.54,1.609,3.219,0.000
51,ec.gp.GPIndividual@1723059623{1618812030},3C_20_66-01.txt,7.322,0.250,1.831,1,2.469,134.86,2.469,3.219,0.000
51,ec.gp.GPIndividual@1723059623{1618812030},3C_20_50-03.txt,30.993,0.250,7.748,3,2.578,33.27,0.859,3.219,0.000
51,ec.gp.GPIndividual@1723059623{1618812030},3C_20_66-02.txt,154.245,0.250,38.561,8,21.406,55.51,2.676,3.219,0.000
51,ec.gp.GPIndividual@1723059623{1618812030},3C_20_66-03.txt,118.340,0.250,29.585,3,7.188,24.29,2.396,4.141,0.000
51,ec.gp.GPIndividual@1723059623{1618812030},3C_20_50-03.txt,30.993,0.250,7.748,2,5.563,71.79,2.781,4.141,0.000
51,ec.gp.GPIndividual@1723059623{1618812030},3C_20_66-01.txt,7.322,0.250,1.831,1,4.656,254.36,4.656,4.656,0.000
51,ec.gp.GPIndividual@1723059623{1618812030},3C_20_66-01.txt,7.322,0.250,1.831,3,1.906,104.14,0.635,4.656,0.000
51,ec.gp.GPIndividual@1723059623{1618812030},3C_20_66-02.txt,154.245,0.250,38.561,2,3.688,9.56,1.844,4.656,0.000
51,ec.gp.GPIndividual@1723059623{1618812030},3C_20_66-02.txt,154.245,0.250,38.561,1,7.500,19.45,7.500,7.500,0.000
51,ec.gp.GPIndividual@1723059623{1618812030},3C_20_50-03.txt,30.993,0.250,7.748,2,8.781,113.33,4.391,7.500,0.000
51,ec.gp.GPIndividual@1723059623{1618812030},3C_20_66-03.txt,118.340,0.250,29.585,2,2.938,9.93,1.469,7.500,0.000
51,ec.gp.GPIndividual@1723059623{1618812030},3C_20_80-01.txt,4.194,0.250,1.049,2,0.547,52.15,0.273,7.500,0.000
51,ec.gp.GPIndividual@1723059623{1618812030},3C_20_80-02.txt,35.738,0.250,8.935,3,8.422,94.26,2.807,7.500,0.000
51,ec.gp.GPIndividual@1723059623{1618812030},3C_20_66-03.txt,118.340,0.250,29.585,2,5.172,17.48,2.586,7.500,0.000
51,ec.gp.GPIndividual@1723059623{1618812030},3C_20_66-01.txt,7.322,0.250,1.831,2,0.844,46.09,0.422,7.500,0.000
51,ec.gp.GPIndividual@1723059623{1618812030},3C_20_80-03.txt,169.439,0.250,42.360,12,42.859,101.18,3.572,7.500,0.000
51,ec.gp.GPIndividual@1723059623{1618812030},3C_20_80-01.txt,4.194,0.250,1.049,2,1.953,186.26,0.977,7.500,0.000
51,ec.gp.GPIndividual@1723059623{1618812030},3C_20_66-01.txt,7.322,0.250,1.831,3,1.938,105.84,0.646,7.500,0.000
51,ec.gp.GPIndividual@1723059623{1618812030},3C_20_80-02.txt,35.738,0.250,8.935,3,8.141,91.11,2.714,7.500,0.000
51,ec.gp.GPIndividual@1776937005{1154088003},3C_20_50-02.txt,61.404,0.250,15.351,4,6.000,39.09,1.500,2.313,0.516
51,ec.gp.GPIndividual@1776937005{1154088003},3C_20_80-01.txt,4.194,0.250,1.049,1,1.422,135.59,1.422,2.313,0.516
51,ec.gp.GPIndividual@1776937005{1154088003},3C_20_66-02.txt,154.245,0.250,38.561,16,40.422,104.83,2.526,7.391,0.500
51,ec.gp.GPIndividual@1776937005{1154088003},3C_20_80-02.txt,35.738,0.250,8.935,1,0.922,10.32,0.922,7.391,0.500
51,ec.gp.GPIndividual@1776937005{1154088003},3C_20_50-03.txt,30.993,0.250,7.748,2,3.797,49.00,1.898,7.391,0.500
51,ec.gp.GPIndividual@1776937005{1154088003},3C_20_80-03.txt,169.439,0.250,42.360,4,23.016,54.33,5.754,9.719,0.500
51,ec.gp.GPIndividual@1776937005{1154088003},3C_20_66-02.txt,154.245,0.250,38.561,13,34.906,90.52,2.685,9.719,0.500
51,ec.gp.GPIndividual@1776937005{1154088003},3C_20_80-03.txt,169.439,0.250,42.360,3,27.281,64.40,9.094,11.500,0.500
51,ec.gp.GPIndividual@1848503218{158165860},3C_20_50-02.txt,61.404,0.250,15.351,3,20.516,133.64,6.839,16.375,0.328
51,ec.gp.GPIndividual@1848503218{158165860},3C_20_66-03.txt,118.340,0.250,29.585,3,12.578,42.52,4.193,16.375,0.328
51,ec.gp.GPIndividual@1848503218{158165860},3C_20_66-03.txt,118.340,0.250,29.585,5,29.500,99.71,5.900,16.375,0.328
51,ec.gp.GPIndividual@1848503218{158165860},3C_20_66-01.txt,7.322,0.250,1.831,4,1.625,88.77,0.406,16.375,0.000
51,ec.gp.GPIndividual@1848503218{158165860},3C_20_66-02.txt,154.245,0.250,38.561,4,21.297,55.23,5.324,16.375,0.000
51,ec.gp.GPIndividual@868851603{289809121},3C_20_50-02.txt,61.404,0.250,15.351,2,8.328,54.25,4.164,7.797,0.531
51,ec.gp.GPIndividual@868851603{289809121},3C_20_66-01.txt,7.322,0.250,1.831,2,1.750,95.60,0.875,7.797,0.344
51,ec.gp.GPIndividual@868851603{289809121},3C_20_66-03.txt,118.340,0.250,29.585,11,30.031,101.51,2.730,7.797,0.344
51,ec.gp.GPIndividual@868851603{289809121},3C_20_50-03.txt,30.993,0.250,7.748,1,1.063,13.71,1.063,7.797,0.344
51,ec.gp.GPIndividual@868851603{289809121},3C_20_80-01.txt,4.194,0.250,1.049,3,8.859,844.86,2.953,7.969,0.344
51,ec.gp.GPIndividual@868851603{289809121},3C_20_50-03.txt,30.993,0.250,7.748,2,0.156,2.02,0.078,7.969,0.000
51,ec.gp.GPIndividual@868851603{289809121},3C_20_80-02.txt,35.738,0.250,8.935,1,11.469,128.36,11.469,11.469,0.000
51,ec.gp.GPIndividual@868851603{289809121},3C_20_80-01.txt,4.194,0.250,1.049,3,4.594,438.08,1.531,11.469,0.000
51,ec.gp.GPIndividual@868851603{289809121},3C_20_66-02.txt,154.245,0.250,38.561,4,15.953,41.37,3.988,11.469,0.000
51,ec.gp.GPIndividual@868851603{289809121},3C_20_80-01.txt,4.194,0.250,1.049,2,1.188,113.24,0.594,11.469,0.000
51,ec.gp.GPIndividual@868851603{289809121},3C_20_80-02.txt,35.738,0.250,8.935,6,8.500,95.14,1.417,11.469,0.000
51,ec.gp.GPIndividual@868851603{289809121},3C_20_80-02.txt,35.738,0.250,8.935,5,10.750,120.32,2.150,11.469,0.000
51,ec.gp.GPIndividual@868851603{289809121},3C_20_66-01.txt,7.322,0.250,1.831,2,2.625,143.40,1.313,11.469,0.000
51,ec.gp.GPIndividual@868851603{289809121},3C_20_80-03.txt,169.439,0.250,42.360,4,4.656,10.99,1.164,11.469,0.000
51,ec.gp.GPIndividual@868851603{289809121},3C_20_66-03.txt,118.340,0.250,29.585,13,30.328,102.51,2.333,11.469,0.000
51,ec.gp.GPIndividual@868851603{289809121},3C_20_80-01.txt,4.194,0.250,1.049,4,1.047,99.83,0.262,11.469,0.000
51,ec.gp.GPIndividual@868851603{289809121},3C_20_80-02.txt,35.738,0.250,8.935,3,10.688,119.62,3.563,11.469,0.000
51,ec.gp.GPIndividual@868851603{289809121},3C_20_66-01.txt,7.322,0.250,1.831,1,4.875,266.31,4.875,11.469,0.000
51,ec.gp.GPIndividual@868851603{289809121},3C_20_80-03.txt,169.439,0.250,42.360,3,9.547,22.54,3.182,11.469,0.000
51,ec.gp.GPIndividual@192151079{1010010127},3C_20_50-02.txt,61.404,0.250,15.351,2,10.906,71.05,5.453,10.063,0.844
51,ec.gp.GPIndividual@192151079{1010010127},3C_20_80-03.txt,169.439,0.250,42.360,14,36.203,85.47,2.586,10.063,0.484
51,ec.gp.GPIndividual@1588136890{534921140},3C_20_50-02.txt,61.404,0.250,15.351,3,19.828,129.16,6.609,14.297,0.531
51,ec.gp.GPIndividual@1588136890{534921140},3C_20_66-02.txt,154.245,0.250,38.561,2,17.891,46.40,8.945,14.297,0.531
51,ec.gp.GPIndividual@914540721{1813115438},3C_20_50-02.txt,61.404,0.250,15.351,3,14.500,94.46,4.833,12.422,0.328
51,ec.gp.GPIndividual@914540721{1813115438},3C_20_80-03.txt,169.439,0.250,42.360,3,8.969,21.17,2.990,12.422,0.328
51,ec.gp.GPIndividual@914540721{1813115438},3C_20_50-03.txt,30.993,0.250,7.748,4,8.781,113.33,2.195,12.422,0.328
51,ec.gp.GPIndividual@914540721{1813115438},3C_20_50-03.txt,30.993,0.250,7.748,3,2.125,27.43,0.708,12.422,0.000
51,ec.gp.GPIndividual@914540721{1813115438},3C_20_50-03.txt,30.993,0.250,7.748,4,12.766,164.76,3.191,12.422,0.000
51,ec.gp.GPIndividual@665246068{1426009117},3C_20_50-02.txt,61.404,0.250,15.351,1,0.344,2.24,0.344,0.344,0.344
51,ec.gp.GPIndividual@665246068{1426009117},3C_20_66-01.txt,7.322,0.250,1.831,1,1.266,69.14,1.266,1.266,0.344
51,ec.gp.GPIndividual@665246068{1426009117},3C_20_66-03.txt,118.340,0.250,29.585,8,22.609,76.42,2.826,11.953,0.000
51,ec.gp.GPIndividual@665246068{1426009117},3C_20_66-02.txt,154.245,0.250,38.561,14,42.484,110.17,3.035,11.953,0.000
51,ec.gp.GPIndividual@665246068{1426009117},3C_20_66-01.txt,7.322,0.250,1.831,2,5.094,278.26,2.547,11.953,0.000
51,ec.gp.GPIndividual@665246068{1426009117},3C_20_50-03.txt,30.993,0.250,7.748,2,2.672,34.48,1.336,11.953,0.000
51,ec.gp.GPIndividual@665246068{1426009117},3C_20_80-01.txt,4.194,0.250,1.049,2,0.469,44.70,0.234,11.953,0.000
51,ec.gp.GPIndividual@665246068{1426009117},3C_20_66-03.txt,118.340,0.250,29.585,6,17.250,58.31,2.875,11.953,0.000
51,ec.gp.GPIndividual@665246068{1426009117},3C_20_66-02.txt,154.245,0.250,38.561,5,20.078,52.07,4.016,11.953,0.000
51,ec.gp.GPIndividual@665246068{1426009117},3C_20_66-01.txt,7.322,0.250,1.831,2,5.438,297.04,2.719,11.953,0.000
51,ec.gp.GPIndividual@665246068{1426009117},3C_20_80-02.txt,35.738,0.250,8.935,1,0.141,1.57,0.141,11.953,0.000
51,ec.gp.GPIndividual@665246068{1426009117},3C_20_66-03.txt,118.340,0.250,29.585,5,18.125,61.26,3.625,11.953,0.000
51,ec.gp.GPIndividual@665246068{1426009117},3C_20_66-02.txt,154.245,0.250,38.561,9,20.906,54.22,2.323,11.953,0.000
51,ec.gp.GPIndividual@665246068{1426009117},3C_20_80-01.txt,4.194,0.250,1.049,1,1.281,122.18,1.281,11.953,0.000
51,ec.gp.GPIndividual@665246068{1426009117},3C_20_66-03.txt,118.340,0.250,29.585,5,12.594,42.57,2.519,11.953,0.000
51,ec.gp.GPIndividual@665246068{1426009117},3C_20_80-02.txt,35.738,0.250,8.935,1,2.375,26.58,2.375,11.953,0.000
51,ec.gp.GPIndividual@665246068{1426009117},3C_20_80-03.txt,169.439,0.250,42.360,2,14.078,33.23,7.039,11.953,0.000
51,ec.gp.GPIndividual@665246068{1426009117},3C_20_80-03.txt,169.439,0.250,42.360,2,18.984,44.82,9.492,11.953,0.000
51,ec.gp.GPIndividual@665246068{1426009117},3C_20_66-01.txt,7.322,0.250,1.831,1,3.641,198.88,3.641,11.953,0.000
51,ec.gp.GPIndividual@665246068{1426009117},3C_20_80-01.txt,4.194,0.250,1.049,1,14.141,1348.50,14.141,14.141,0.000
51,ec.gp.GPIndividual@665246068{1426009117},3C_20_80-01.txt,4.194,0.250,1.049,2,1.406,134.10,0.703,14.141,0.000
51,ec.gp.GPIndividual@665246068{1426009117},3C_20_80-02.txt,35.738,0.250,8.935,1,0.141,1.57,0.141,14.141,0.000
51,ec.gp.GPIndividual@665246068{1426009117},3C_20_66-02.txt,154.245,0.250,38.561,2,6.766,17.55,3.383,14.141,0.000
51,ec.gp.GPIndividual@386115105{-948523830},3C_20_50-02.txt,61.404,0.250,15.351,0,0.000,0.00,0.000,0.000,0.000
51,ec.gp.GPIndividual@386115105{-948523830},3C_20_50-03.txt,30.993,0.250,7.748,0,0.000,0.00,0.000,0.000,0.000
51,ec.gp.GPIndividual@386115105{-948523830},3C_20_66-01.txt,7.322,0.250,1.831,0,0.000,0.00,0.000,0.000,0.000
51,ec.gp.GPIndividual@386115105{-948523830},3C_20_66-02.txt,154.245,0.250,38.561,0,0.000,0.00,0.000,0.000,0.000
51,ec.gp.GPIndividual@386115105{-948523830},3C_20_66-03.txt,118.340,0.250,29.585,0,0.000,0.00,0.000,0.000,0.000
51,ec.gp.GPIndividual@386115105{-948523830},3C_20_80-01.txt,4.194,0.250,1.049,0,0.000,0.00,0.000,0.000,0.000
51,ec.gp.GPIndividual@386115105{-948523830},3C_20_80-02.txt,35.738,0.250,8.935,0,0.000,0.00,0.000,0.000,0.000
51,ec.gp.GPIndividual@386115105{-948523830},3C_20_80-03.txt,169.439,0.250,42.360,0,0.000,0.00,0.000,0.000,0.000
51,ec.gp.GPIndividual@1479648384{-1750176446},3C_20_50-02.txt,61.404,0.250,15.351,8,15.469,100.77,1.934,5.266,0.141
51,ec.gp.GPIndividual@1479648384{-1750176446},3C_20_80-01.txt,4.194,0.250,1.049,1,2.109,201.16,2.109,5.266,0.141
51,ec.gp.GPIndividual@1479648384{-1750176446},3C_20_50-03.txt,30.993,0.250,7.748,3,4.094,52.84,1.365,5.266,0.000
51,ec.gp.GPIndividual@1479648384{-1750176446},3C_20_80-02.txt,35.738,0.250,8.935,2,2.875,32.18,1.438,5.266,0.000
51,ec.gp.GPIndividual@1479648384{-1750176446},3C_20_66-03.txt,118.340,0.250,29.585,5,15.891,53.71,3.178,8.734,0.000
51,ec.gp.GPIndividual@1479648384{-1750176446},3C_20_80-03.txt,169.439,0.250,42.360,13,40.156,94.80,3.089,8.734,0.000
51,ec.gp.GPIndividual@1479648384{-1750176446},3C_20_80-01.txt,4.194,0.250,1.049,3,6.875,655.62,2.292,8.734,0.000
51,ec.gp.GPIndividual@1479648384{-1750176446},3C_20_80-02.txt,35.738,0.250,8.935,2,11.563,129.41,5.781,8.734,0.000
51,ec.gp.GPIndividual@1479648384{-1750176446},3C_20_66-01.txt,7.322,0.250,1.831,1,0.422,23.05,0.422,8.734,0.000
51,ec.gp.GPIndividual@454817072{1582179440},3C_20_50-02.txt,61.404,0.250,15.351,0,0.000,0.00,0.000,0.000,0.000
51,ec.gp.GPIndividual@454817072{1582179440},3C_20_50-03.txt,30.993,0.250,7.748,0,0.000,0.00,0.000,0.000,0.000
51,ec.gp.GPIndividual@454817072{1582179440},3C_20_66-01.txt,7.322,0.250,1.831,0,0.000,0.00,0.000,0.000,0.000
51,ec.gp.GPIndividual@454817072{1582179440},3C_20_66-02.txt,154.245,0.250,38.561,0,0.000,0.00,0.000,0.000,0.000
51,ec.gp.GPIndividual@454817072{1582179440},3C_20_66-03.txt,118.340,0.250,29.585,0,0.000,0.00,0.000,0.000,0.000
51,ec.gp.GPIndividual@454817072{1582179440},3C_20_80-01.txt,4.194,0.250,1.049,0,0.000,0.00,0.000,0.000,0.000
51,ec.gp.GPIndividual@454817072{1582179440},3C_20_80-02.txt,35.738,0.250,8.935,0,0.000,0.00,0.000,0.000,0.000
51,ec.gp.GPIndividual@454817072{1582179440},3C_20_80-03.txt,169.439,0.250,42.360,0,0.000,0.00,0.000,0.000,0.000
51,ec.gp.GPIndividual@348164857{898388701},3C_20_50-02.txt,61.404,0.250,15.351,7,16.141,105.14,2.306,10.563,0.406
51,ec.gp.GPIndividual@348164857{898388701},3C_20_80-02.txt,35.738,0.250,8.935,2,0.844,9.44,0.422,10.563,0.281
51,ec.gp.GPIndividual@348164857{898388701},3C_20_80-03.txt,169.439,0.250,42.360,0,0.000,0.00,0.000,10.563,0.281
51,ec.gp.GPIndividual@348164857{898388701},3C_20_66-02.txt,154.245,0.250,38.561,3,2.438,6.32,0.813,10.563,0.000
51,ec.gp.GPIndividual@348164857{898388701},3C_20_80-03.txt,169.439,0.250,42.360,16,40.547,95.72,2.534,10.563,0.000
51,ec.gp.GPIndividual@348164857{898388701},3C_20_66-03.txt,118.340,0.250,29.585,1,6.813,23.03,6.813,10.563,0.000
51,ec.gp.GPIndividual@348164857{898388701},3C_20_80-03.txt,169.439,0.250,42.360,1,10.297,24.31,10.297,10.563,0.000
51,ec.gp.GPIndividual@1681622641{-1827074664},3C_20_50-02.txt,61.404,0.250,15.351,4,17.172,111.86,4.293,12.125,0.313
51,ec.gp.GPIndividual@1681622641{-1827074664},3C_20_50-03.txt,30.993,0.250,7.748,2,9.922,128.05,4.961,12.125,0.313
51,ec.gp.GPIndividual@1960194648{-1526509039},3C_20_50-02.txt,61.404,0.250,15.351,8,15.047,98.02,1.881,4.813,0.000
51,ec.gp.GPIndividual@1031997900{381144676},3C_20_50-02.txt,61.404,0.250,15.351,4,7.125,46.41,1.781,2.828,0.281
51,ec.gp.GPIndividual@1031997900{381144676},3C_20_50-03.txt,30.993,0.250,7.748,4,7.453,96.19,1.863,3.578,0.281
51,ec.gp.GPIndividual@1031997900{381144676},3C_20_50-03.txt,30.993,0.250,7.748,4,6.906,89.13,1.727,3.578,0.281
51,ec.gp.GPIndividual@1031997900{381144676},3C_20_66-01.txt,7.322,0.250,1.831,1,4.219,230.46,4.219,4.219,0.281
51,ec.gp.GPIndividual@1031997900{381144676},3C_20_80-01.txt,4.194,0.250,1.049,1,1.953,186.26,1.953,4.219,0.281
51,ec.gp.GPIndividual@1031997900{381144676},3C_20_50-03.txt,30.993,0.250,7.748,3,3.156,40.74,1.052,4.219,0.000
51,ec.gp.GPIndividual@1031997900{381144676},3C_20_66-01.txt,7.322,0.250,1.831,2,3.828,209.12,1.914,4.219,0.000
51,ec.gp.GPIndividual@1031997900{381144676},3C_20_66-01.txt,7.322,0.250,1.831,1,0.547,29.87,0.547,4.219,0.000
51,ec.gp.GPIndividual@1031997900{381144676},3C_20_66-02.txt,154.245,0.250,38.561,23,37.172,96.40,1.616,5.641,0.000
51,ec.gp.GPIndividual@1031997900{381144676},3C_20_66-01.txt,7.322,0.250,1.831,1,2.156,117.79,2.156,5.641,0.000
51,ec.gp.GPIndividual@1031997900{381144676},3C_20_80-02.txt,35.738,0.250,8.935,2,8.969,100.38,4.484,8.188,0.000
51,ec.gp.GPIndividual@1031997900{381144676},3C_20_66-02.txt,154.245,0.250,38.561,1,5.953,15.44,5.953,8.188,0.000
51,ec.gp.GPIndividual@1031997900{381144676},3C_20_66-03.txt,118.340,0.250,29.585,15,29.922,101.14,1.995,9.156,0.000
51,ec.gp.GPIndividual@1031997900{381144676},3C_20_66-03.txt,118.340,0.250,29.585,1,0.438,1.48,0.438,9.156,0.000
51,ec.gp.GPIndividual@1031997900{381144676},3C_20_80-03.txt,169.439,0.250,42.360,1,1.156,2.73,1.156,9.156,0.000
51,ec.gp.GPIndividual@1031997900{381144676},3C_20_80-01.txt,4.194,0.250,1.049,2,0.734,70.03,0.367,9.156,0.000
51,ec.gp.GPIndividual@1031997900{381144676},3C_20_80-02.txt,35.738,0.250,8.935,2,11.375,127.31,5.688,9.156,0.000
51,ec.gp.GPIndividual@1031997900{381144676},3C_20_66-02.txt,154.245,0.250,38.561,3,4.641,12.03,1.547,9.156,0.000
51,ec.gp.GPIndividual@1031997900{381144676},3C_20_66-02.txt,154.245,0.250,38.561,17,35.391,91.78,2.082,9.156,0.000
51,ec.gp.GPIndividual@1031997900{381144676},3C_20_80-03.txt,169.439,0.250,42.360,1,4.828,11.40,4.828,9.156,0.000
51,ec.gp.GPIndividual@1031997900{381144676},3C_20_66-03.txt,118.340,0.250,29.585,1,6.766,22.87,6.766,9.156,0.000
51,ec.gp.GPIndividual@1031997900{381144676},3C_20_80-01.txt,4.194,0.250,1.049,2,4.391,418.70,2.195,9.156,0.000
51,ec.gp.GPIndividual@1031997900{381144676},3C_20_66-03.txt,118.340,0.250,29.585,8,30.563,103.30,3.820,11.047,0.000
51,ec.gp.GPIndividual@1031997900{381144676},3C_20_80-02.txt,35.738,0.250,8.935,1,0.875,9.79,0.875,11.047,0.000
51,ec.gp.GPIndividual@1031997900{381144676},3C_20_80-01.txt,4.194,0.250,1.049,3,0.859,81.95,0.286,11.047,0.000
51,ec.gp.GPIndividual@1031997900{381144676},3C_20_80-02.txt,35.738,0.250,8.935,1,2.813,31.48,2.813,11.047,0.000
51,ec.gp.GPIndividual@1031997900{381144676},3C_20_80-01.txt,4.194,0.250,1.049,1,1.703,162.42,1.703,11.047,0.000
51,ec.gp.GPIndividual@1031997900{381144676},3C_20_80-03.txt,169.439,0.250,42.360,2,5.250,12.39,2.625,11.047,0.000
51,ec.gp.GPIndividual@2078171325{1089139693},3C_20_50-02.txt,61.404,0.250,15.351,12,14.422,93.95,1.202,3.813,0.203
51,ec.gp.GPIndividual@2078171325{1089139693},3C_20_80-02.txt,35.738,0.250,8.935,2,2.641,29.56,1.320,3.813,0.203
51,ec.gp.GPIndividual@2078171325{1089139693},3C_20_80-03.txt,169.439,0.250,42.360,5,8.719,20.58,1.744,3.813,0.203
51,ec.gp.GPIndividual@2078171325{1089139693},3C_20_50-03.txt,30.993,0.250,7.748,4,7.234,93.37,1.809,3.813,0.203
51,ec.gp.GPIndividual@1557686745{1491469492},3C_20_50-02.txt,61.404,0.250,15.351,3,3.719,24.22,1.240,2.500,0.203
51,ec.gp.GPIndividual@1557686745{1491469492},3C_20_80-03.txt,169.439,0.250,42.360,7,32.484,76.69,4.641,15.813,0.203
51,ec.gp.GPIndividual@1533833031{900326867},3C_20_50-02.txt,61.404,0.250,15.351,0,0.000,0.00,0.000,0.000,0.000
51,ec.gp.GPIndividual@1533833031{900326867},3C_20_50-03.txt,30.993,0.250,7.748,0,0.000,0.00,0.000,0.000,0.000
51,ec.gp.GPIndividual@1533833031{900326867},3C_20_66-01.txt,7.322,0.250,1.831,0,0.000,0.00,0.000,0.000,0.000
51,ec.gp.GPIndividual@1533833031{900326867},3C_20_66-02.txt,154.245,0.250,38.561,0,0.000,0.00,0.000,0.000,0.000
51,ec.gp.GPIndividual@1533833031{900326867},3C_20_66-03.txt,118.340,0.250,29.585,0,0.000,0.00,0.000,0.000,0.000
51,ec.gp.GPIndividual@1533833031{900326867},3C_20_80-01.txt,4.194,0.250,1.049,0,0.000,0.00,0.000,0.000,0.000
51,ec.gp.GPIndividual@1533833031{900326867},3C_20_80-02.txt,35.738,0.250,8.935,0,0.000,0.00,0.000,0.000,0.000
51,ec.gp.GPIndividual@1533833031{900326867},3C_20_80-03.txt,169.439,0.250,42.360,0,0.000,0.00,0.000,0.000,0.000
51,ec.gp.GPIndividual@1333403851{-736706686},3C_20_50-02.txt,61.404,0.250,15.351,5,17.031,110.94,3.406,12.484,0.219
51,ec.gp.GPIndividual@1333403851{-736706686},3C_20_50-03.txt,30.993,0.250,7.748,1,14.688,189.56,14.688,14.688,0.219
51,ec.gp.GPIndividual@563630144{-979581849},3C_20_50-02.txt,61.404,0.250,15.351,5,18.094,117.87,3.619,9.875,0.250
51,ec.gp.GPIndividual@563630144{-979581849},3C_20_50-03.txt,30.993,0.250,7.748,3,3.969,51.22,1.323,9.875,0.250
51,ec.gp.GPIndividual@563630144{-979581849},3C_20_66-01.txt,7.322,0.250,1.831,2,2.156,117.79,1.078,9.875,0.250
51,ec.gp.GPIndividual@563630144{-979581849},3C_20_50-03.txt,30.993,0.250,7.748,1,0.578,7.46,0.578,9.875,0.250
51,ec.gp.GPIndividual@563630144{-979581849},3C_20_66-02.txt,154.245,0.250,38.561,3,5.078,13.17,1.693,9.875,0.000
51,ec.gp.GPIndividual@563630144{-979581849},3C_20_66-01.txt,7.322,0.250,1.831,2,2.000,109.26,1.000,9.875,0.000
51,ec.gp.GPIndividual@563630144{-979581849},3C_20_66-03.txt,118.340,0.250,29.585,1,0.563,1.90,0.563,9.875,0.000
51,ec.gp.GPIndividual@563630144{-979581849},3C_20_66-02.txt,154.245,0.250,38.561,13,38.938,100.98,2.995,9.875,0.000
51,ec.gp.GPIndividual@563630144{-979581849},3C_20_80-01.txt,4.194,0.250,1.049,1,2.719,259.27,2.719,9.875,0.000
51,ec.gp.GPIndividual@563630144{-979581849},3C_20_66-01.txt,7.322,0.250,1.831,1,4.813,262.90,4.813,9.875,0.000
51,ec.gp.GPIndividual@563630144{-979581849},3C_20_66-01.txt,7.322,0.250,1.831,2,8.281,452.39,4.141,9.875,0.000
51,ec.gp.GPIndividual@563630144{-979581849},3C_20_66-03.txt,118.340,0.250,29.585,17,24.234,81.91,1.426,9.875,0.000
51,ec.gp.GPIndividual@563630144{-979581849},3C_20_80-01.txt,4.194,0.250,1.049,2,4.891,466.39,2.445,9.875,0.000
51,ec.gp.GPIndividual@563630144{-979581849},3C_20_80-02.txt,35.738,0.250,8.935,2,9.016,100.91,4.508,9.875,0.000
51,ec.gp.GPIndividual@563630144{-979581849},3C_20_66-02.txt,154.245,0.250,38.561,6,13.781,35.74,2.297,9.875,0.000
51,ec.gp.GPIndividual@563630144{-979581849},3C_20_80-02.txt,35.738,0.250,8.935,11,8.703,97.41,0.791,9.875,0.000
51,ec.gp.GPIndividual@563630144{-979581849},3C_20_80-03.txt,169.439,0.250,42.360,2,1.516,3.58,0.758,9.875,0.000
51,ec.gp.GPIndividual@563630144{-979581849},3C_20_80-03.txt,169.439,0.250,42.360,4,18.844,44.49,4.711,11.641,0.000
51,ec.gp.GPIndividual@563630144{-979581849},3C_20_66-02.txt,154.245,0.250,38.561,6,21.516,55.80,3.586,16.703,0.000
51,ec.gp.GPIndividual@563630144{-979581849},3C_20_66-03.txt,118.340,0.250,29.585,1,14.156,47.85,14.156,16.703,0.000
51,ec.gp.GPIndividual@2108857273{-1032000712},3C_20_50-02.txt,61.404,0.250,15.351,2,15.797,102.90,7.898,15.578,0.219
51,ec.gp.GPIndividual@1677875903{1519069253},3C_20_50-02.txt,61.404,0.250,15.351,10,15.047,98.02,1.505,3.484,0.203
51,ec.gp.GPIndividual@1677875903{1519069253},3C_20_50-03.txt,30.993,0.250,7.748,1,0.688,8.87,0.688,3.484,0.203
51,ec.gp.GPIndividual@1677875903{1519069253},3C_20_50-03.txt,30.993,0.250,7.748,1,2.031,26.22,2.031,3.484,0.203
51,ec.gp.GPIndividual@1677875903{1519069253},3C_20_80-01.txt,4.194,0.250,1.049,4,0.953,90.89,0.238,3.484,0.000
51,ec.gp.GPIndividual@1677875903{1519069253},3C_20_80-02.txt,35.738,0.250,8.935,1,13.609,152.32,13.609,13.609,0.000
51,ec.gp.GPIndividual@1677875903{1519069253},3C_20_66-03.txt,118.340,0.250,29.585,12,26.063,88.09,2.172,13.609,0.000
51,ec.gp.GPIndividual@1677875903{1519069253},3C_20_80-01.txt,4.194,0.250,1.049,2,3.766,359.10,1.883,13.609,0.000
51,ec.gp.GPIndividual@1677875903{1519069253},3C_20_66-01.txt,7.322,0.250,1.831,4,1.891,103.28,0.473,13.609,0.000
51,ec.gp.GPIndividual@1677875903{1519069253},3C_20_66-02.txt,154.245,0.250,38.561,1,0.203,0.53,0.203,13.609,0.000
51,ec.gp.GPIndividual@1677875903{1519069253},3C_20_80-02.txt,35.738,0.250,8.935,1,5.000,55.96,5.000,13.609,0.000
51,ec.gp.GPIndividual@1677875903{1519069253},3C_20_66-01.txt,7.322,0.250,1.831,2,1.172,64.02,0.586,13.609,0.000
51,ec.gp.GPIndividual@1677875903{1519069253},3C_20_66-02.txt,154.245,0.250,38.561,2,7.984,20.71,3.992,13.609,0.000
51,ec.gp.GPIndividual@1677875903{1519069253},3C_20_80-03.txt,169.439,0.250,42.360,16,27.422,64.74,1.714,13.609,0.000
51,ec.gp.GPIndividual@1677875903{1519069253},3C_20_80-03.txt,169.439,0.250,42.360,1,11.609,27.41,11.609,13.609,0.000
51,ec.gp.GPIndividual@185400929{2091481954},3C_20_50-02.txt,61.404,0.250,15.351,2,10.688,69.62,5.344,10.484,0.203
51,ec.gp.GPIndividual@185400929{2091481954},3C_20_66-03.txt,118.340,0.250,29.585,2,13.922,47.06,6.961,13.047,0.203
51,ec.gp.GPIndividual@185400929{2091481954},3C_20_66-03.txt,118.340,0.250,29.585,8,23.406,79.12,2.926,13.047,0.203
51,ec.gp.GPIndividual@185400929{2091481954},3C_20_80-01.txt,4.194,0.250,1.049,1,4.813,458.94,4.813,13.047,0.203
51,ec.gp.GPIndividual@185400929{2091481954},3C_20_80-01.txt,4.194,0.250,1.049,2,8.297,791.22,4.148,13.047,0.203
51,ec.gp.GPIndividual@185400929{2091481954},3C_20_50-03.txt,30.993,0.250,7.748,4,11.672,150.64,2.918,13.047,0.203
51,ec.gp.GPIndividual@705594585{1376122376},3C_20_50-02.txt,61.404,0.250,15.351,2,1.063,6.92,0.531,0.828,0.234
51,ec.gp.GPIndividual@705594585{1376122376},3C_20_80-02.txt,35.738,0.250,8.935,7,9.969,111.58,1.424,2.563,0.234
51,ec.gp.GPIndividual@705594585{1376122376},3C_20_80-02.txt,35.738,0.250,8.935,6,6.750,75.55,1.125,2.563,0.234
51,ec.gp.GPIndividual@705594585{1376122376},3C_20_50-03.txt,30.993,0.250,7.748,7,7.391,95.39,1.056,2.563,0.000
51,ec.gp.GPIndividual@705594585{1376122376},3C_20_66-01.txt,7.322,0.250,1.831,1,2.609,142.55,2.609,2.609,0.000
51,ec.gp.GPIndividual@705594585{1376122376},3C_20_66-01.txt,7.322,0.250,1.831,1,0.797,43.53,0.797,2.609,0.000
51,ec.gp.GPIndividual@705594585{1376122376},3C_20_80-03.txt,169.439,0.250,42.360,1,2.469,5.83,2.469,2.609,0.000
51,ec.gp.GPIndividual@705594585{1376122376},3C_20_80-03.txt,169.439,0.250,42.360,11,24.656,58.21,2.241,11.859,0.000
51,ec.gp.GPIndividual@1013755641{1977509499},3C_20_50-02.txt,61.404,0.250,15.351,5,6.734,43.87,1.347,5.766,0.031
51,ec.gp.GPIndividual@1013755641{1977509499},3C_20_50-03.txt,30.993,0.250,7.748,4,4.750,61.31,1.188,5.766,0.031
51,ec.gp.GPIndividual@1013755641{1977509499},3C_20_66-01.txt,7.322,0.250,1.831,7,1.438,78.53,0.205,5.766,0.000
51,ec.gp.GPIndividual@1013755641{1977509499},3C_20_66-02.txt,154.245,0.250,38.561,9,28.391,73.62,3.155,10.781,0.000
51,ec.gp.GPIndividual@1013755641{1977509499},3C_20_66-03.txt,118.340,0.250,29.585,5,20.172,68.18,4.034,10.781,0.000
51,ec.gp.GPIndividual@1013755641{1977509499},3C_20_80-01.txt,4.194,0.250,1.049,3,0.656,62.58,0.219,10.781,0.000
51,ec.gp.GPIndividual@1013755641{1977509499},3C_20_80-02.txt,35.738,0.250,8.935,6,4.250,47.57,0.708,10.781,0.000
51,ec.gp.GPIndividual@1013755641{1977509499},3C_20_80-03.txt,169.439,0.250,42.360,2,17.438,41.17,8.719,16.656,0.000
51,ec.gp.GPIndividual@2045579230{-630010767},3C_20_50-02.txt,61.404,0.250,15.351,5,6.734,43.87,1.347,5.766,0.031
51,ec.gp.GPIndividual@2045579230{-630010767},3C_20_50-03.txt,30.993,0.250,7.748,4,4.750,61.31,1.188,5.766,0.031
51,ec.gp.GPIndividual@2045579230{-630010767},3C_20_66-01.txt,7.322,0.250,1.831,5,1.141,62.31,0.228,5.766,0.031
51,ec.gp.GPIndividual@2045579230{-630010767},3C_20_66-02.txt,154.245,0.250,38.561,9,28.297,73.38,3.144,10.750,0.031
51,ec.gp.GPIndividual@2045579230{-630010767},3C_20_66-03.txt,118.340,0.250,29.585,5,20.188,68.24,4.038,10.750,0.031
51,ec.gp.GPIndividual@2045579230{-630010767},3C_20_80-01.txt,4.194,0.250,1.049,3,0.672,64.07,0.224,10.750,0.031
51,ec.gp.GPIndividual@2045579230{-630010767},3C_20_80-02.txt,35.738,0.250,8.935,6,4.234,47.39,0.706,10.750,0.031
51,ec.gp.GPIndividual@2045579230{-630010767},3C_20_80-03.txt,169.439,0.250,42.360,2,17.453,41.20,8.727,16.656,0.031
51,ec.gp.GPIndividual@445926131{289148556},3C_20_50-02.txt,61.404,0.250,15.351,0,0.000,0.00,0.000,0.000,0.000
51,ec.gp.GPIndividual@445926131{289148556},3C_20_50-03.txt,30.993,0.250,7.748,0,0.000,0.00,0.000,0.000,0.000
51,ec.gp.GPIndividual@445926131{289148556},3C_20_66-01.txt,7.322,0.250,1.831,0,0.000,0.00,0.000,0.000,0.000
51,ec.gp.GPIndividual@445926131{289148556},3C_20_66-02.txt,154.245,0.250,38.561,0,0.000,0.00,0.000,0.000,0.000
51,ec.gp.GPIndividual@445926131{289148556},3C_20_66-03.txt,118.340,0.250,29.585,2,1.250,4.23,0.625,0.797,0.453
51,ec.gp.GPIndividual@445926131{289148556},3C_20_80-01.txt,4.194,0.250,1.049,0,0.000,0.00,0.000,0.797,0.453
51,ec.gp.GPIndividual@445926131{289148556},3C_20_80-02.txt,35.738,0.250,8.935,0,0.000,0.00,0.000,0.797,0.453
51,ec.gp.GPIndividual@445926131{289148556},3C_20_80-03.txt,169.439,0.250,42.360,2,17.438,41.17,8.719,16.656,0.453
52,ec.gp.GPIndividual@466350755{587978260},3C_20_50-02.txt,61.404,0.250,15.351,0,0.000,0.00,0.000,0.000,0.000
52,ec.gp.GPIndividual@466350755{587978260},3C_20_50-03.txt,30.993,0.250,7.748,0,0.000,0.00,0.000,0.000,0.000
52,ec.gp.GPIndividual@466350755{587978260},3C_20_66-01.txt,7.322,0.250,1.831,0,0.000,0.00,0.000,0.000,0.000
52,ec.gp.GPIndividual@466350755{587978260},3C_20_66-02.txt,154.245,0.250,38.561,0,0.000,0.00,0.000,0.000,0.000
52,ec.gp.GPIndividual@466350755{587978260},3C_20_66-03.txt,118.340,0.250,29.585,0,0.000,0.00,0.000,0.000,0.000
52,ec.gp.GPIndividual@466350755{587978260},3C_20_80-01.txt,4.194,0.250,1.049,0,0.000,0.00,0.000,0.000,0.000
52,ec.gp.GPIndividual@466350755{587978260},3C_20_80-02.txt,35.738,0.250,8.935,0,0.000,0.00,0.000,0.000,0.000
52,ec.gp.GPIndividual@466350755{587978260},3C_20_80-03.txt,169.439,0.250,42.360,0,0.000,0.00,0.000,0.000,0.000
52,ec.gp.GPIndividual@2037592940{-209875450},3C_20_50-02.txt,61.404,0.250,15.351,0,0.000,0.00,0.000,0.000,0.000
52,ec.gp.GPIndividual@2037592940{-209875450},3C_20_50-03.txt,30.993,0.250,7.748,0,0.000,0.00,0.000,0.000,0.000
52,ec.gp.GPIndividual@2037592940{-209875450},3C_20_66-01.txt,7.322,0.250,1.831,0,0.000,0.00,0.000,0.000,0.000
52,ec.gp.GPIndividual@2037592940{-209875450},3C_20_66-02.txt,154.245,0.250,38.561,0,0.000,0.00,0.000,0.000,0.000
52,ec.gp.GPIndividual@2037592940{-209875450},3C_20_66-03.txt,118.340,0.250,29.585,0,0.000,0.00,0.000,0.000,0.000
52,ec.gp.GPIndividual@2037592940{-209875450},3C_20_80-01.txt,4.194,0.250,1.049,0,0.000,0.00,0.000,0.000,0.000
52,ec.gp.GPIndividual@2037592940{-209875450},3C_20_80-02.txt,35.738,0.250,8.935,0,0.000,0.00,0.000,0.000,0.000
52,ec.gp.GPIndividual@2037592940{-209875450},3C_20_80-03.txt,169.439,0.250,42.360,0,0.000,0.00,0.000,0.000,0.000
52,ec.gp.GPIndividual@1502919603{898388701},3C_20_50-02.txt,61.404,0.250,15.351,15,14.984,97.61,0.999,2.016,0.000
52,ec.gp.GPIndividual@1502919603{898388701},3C_20_50-03.txt,30.993,0.250,7.748,1,1.500,19.36,1.500,2.016,0.000
52,ec.gp.GPIndividual@1502919603{898388701},3C_20_50-03.txt,30.993,0.250,7.748,4,9.672,124.83,2.418,2.641,0.000
52,ec.gp.GPIndividual@1502919603{898388701},3C_20_50-03.txt,30.993,0.250,7.748,1,0.313,4.03,0.313,2.641,0.000
52,ec.gp.GPIndividual@1502919603{898388701},3C_20_50-03.txt,30.993,0.250,7.748,1,1.375,17.75,1.375,2.641,0.000
52,ec.gp.GPIndividual@1502919603{898388701},3C_20_50-03.txt,30.993,0.250,7.748,4,8.578,110.71,2.145,3.156,0.000
52,ec.gp.GPIndividual@1502919603{898388701},3C_20_66-01.txt,7.322,0.250,1.831,1,0.328,17.92,0.328,3.156,0.000
52,ec.gp.GPIndividual@1502919603{898388701},3C_20_50-03.txt,30.993,0.250,7.748,4,9.094,117.37,2.273,3.172,0.000
52,ec.gp.GPIndividual@1502919603{898388701},3C_20_66-01.txt,7.322,0.250,1.831,3,4.313,235.59,1.438,3.172,0.000
52,ec.gp.GPIndividual@1502919603{898388701},3C_20_66-01.txt,7.322,0.250,1.831,2,0.688,37.56,0.344,3.172,0.000
52,ec.gp.GPIndividual@1502919603{898388701},3C_20_66-01.txt,7.322,0.250,1.831,1,0.359,19.63,0.359,3.172,0.000
52,ec.gp.GPIndividual@1502919603{898388701},3C_20_66-02.txt,154.245,0.250,38.561,2,2.531,6.56,1.266,3.172,0.000
52,ec.gp.GPIndividual@1502919603{898388701},3C_20_66-01.txt,7.322,0.250,1.831,4,2.750,150.23,0.688,3.172,0.000
52,ec.gp.GPIndividual@1502919603{898388701},3C_20_66-02.txt,154.245,0.250,38.561,2,0.156,0.41,0.078,3.172,0.000
52,ec.gp.GPIndividual@1502919603{898388701},3C_20_66-02.txt,154.245,0.250,38.561,1,0.484,1.26,0.484,3.172,0.000
52,ec.gp.GPIndividual@1502919603{898388701},3C_20_66-02.txt,154.245,0.250,38.561,10,18.641,48.34,1.864,3.203,0.000
52,ec.gp.GPIndividual@1502919603{898388701},3C_20_66-03.txt,118.340,0.250,29.585,15,30.156,101.93,2.010,6.234,0.000
52,ec.gp.GPIndividual@1502919603{898388701},3C_20_80-01.txt,4.194,0.250,1.049,3,1.063,101.32,0.354,6.234,0.000
52,ec.gp.GPIndividual@1502919603{898388701},3C_20_80-02.txt,35.738,0.250,8.935,1,3.625,40.57,3.625,6.234,0.000
52,ec.gp.GPIndividual@1502919603{898388701},3C_20_66-03.txt,118.340,0.250,29.585,1,2.344,7.92,2.344,6.234,0.000
52,ec.gp.GPIndividual@1502919603{898388701},3C_20_66-03.txt,118.340,0.250,29.585,2,9.984,33.75,4.992,7.000,0.000
52,ec.gp.GPIndividual@1502919603{898388701},3C_20_66-03.txt,118.340,0.250,29.585,1,6.781,22.92,6.781,7.000,0.000
52,ec.gp.GPIndividual@1502919603{898388701},3C_20_66-02.txt,154.245,0.250,38.561,2,3.391,8.79,1.695,7.000,0.000
52,ec.gp.GPIndividual@1502919603{898388701},3C_20_80-03.txt,169.439,0.250,42.360,8,34.844,82.26,4.355,9.281,0.000
52,ec.gp.GPIndividual@1502919603{898388701},3C_20_66-01.txt,7.322,0.250,1.831,1,6.375,348.26,6.375,9.281,0.000
52,ec.gp.GPIndividual@1317586678{1192708190},3C_20_50-02.txt,61.404,0.250,15.351,8,15.406,100.36,1.926,3.828,0.453
52,ec.gp.GPIndividual@1317586678{1192708190},3C_20_50-03.txt,30.993,0.250,7.748,1,1.406,18.15,1.406,3.828,0.453
52,ec.gp.GPIndividual@1317586678{1192708190},3C_20_80-01.txt,4.194,0.250,1.049,4,1.344,128.14,0.336,3.828,0.000
52,ec.gp.GPIndividual@1317586678{1192708190},3C_20_66-02.txt,154.245,0.250,38.561,1,2.734,7.09,2.734,3.828,0.000
52,ec.gp.GPIndividual@1317586678{1192708190},3C_20_66-03.txt,118.340,0.250,29.585,1,3.438,11.62,3.438,3.828,0.000
52,ec.gp.GPIndividual@1317586678{1192708190},3C_20_80-01.txt,4.194,0.250,1.049,1,1.234,117.71,1.234,3.828,0.000
52,ec.gp.GPIndividual@1317586678{1192708190},3C_20_80-02.txt,35.738,0.250,8.935,2,5.234,58.59,2.617,4.703,0.000
52,ec.gp.GPIndividual@1317586678{1192708190},3C_20_80-01.txt,4.194,0.250,1.049,1,3.172,302.48,3.172,4.703,0.000
52,ec.gp.GPIndividual@1317586678{1192708190},3C_20_66-01.txt,7.322,0.250,1.831,1,2.656,145.11,2.656,4.703,0.000
52,ec.gp.GPIndividual@1317586678{1192708190},3C_20_66-03.txt,118.340,0.250,29.585,17,34.391,116.24,2.023,6.234,0.000
52,ec.gp.GPIndividual@1317586678{1192708190},3C_20_80-01.txt,4.194,0.250,1.049,3,0.844,80.46,0.281,6.234,0.000
52,ec.gp.GPIndividual@1317586678{1192708190},3C_20_66-02.txt,154.245,0.250,38.561,3,3.359,8.71,1.120,6.234,0.000
52,ec.gp.GPIndividual@1317586678{1192708190},3C_20_80-02.txt,35.738,0.250,8.935,4,8.766,98.11,2.191,6.234,0.000
52,ec.gp.GPIndividual@1317586678{1192708190},3C_20_80-02.txt,35.738,0.250,8.935,1,0.719,8.04,0.719,6.234,0.000
52,ec.gp.GPIndividual@1317586678{1192708190},3C_20_80-01.txt,4.194,0.250,1.049,1,1.219,116.22,1.219,6.234,0.000
52,ec.gp.GPIndividual@1317586678{1192708190},3C_20_80-02.txt,35.738,0.250,8.935,6,9.625,107.73,1.604,6.234,0.000
52,ec.gp.GPIndividual@1317586678{1192708190},3C_20_80-03.txt,169.439,0.250,42.360,3,3.875,9.15,1.292,6.234,0.000
52,ec.gp.GPIndividual@1317586678{1192708190},3C_20_80-03.txt,169.439,0.250,42.360,1,1.188,2.80,1.188,6.234,0.000
52,ec.gp.GPIndividual@1317586678{1192708190},3C_20_80-02.txt,35.738,0.250,8.935,6,8.172,91.46,1.362,6.234,0.000
52,ec.gp.GPIndividual@1317586678{1192708190},3C_20_66-03.txt,118.340,0.250,29.585,1,1.234,4.17,1.234,6.234,0.000
52,ec.gp.GPIndividual@1317586678{1192708190},3C_20_80-03.txt,169.439,0.250,42.360,7,42.875,101.22,6.125,14.656,0.000
52,ec.gp.GPIndividual@1317586678{1192708190},3C_20_80-03.txt,169.439,0.250,42.360,2,9.234,21.80,4.617,14.656,0.000
52,ec.gp.GPIndividual@1504388331{-1456521693},3C_20_50-02.txt,61.404,0.250,15.351,2,11.219,73.08,5.609,10.688,0.531
52,ec.gp.GPIndividual@488658999{891958504},3C_20_50-02.txt,61.404,0.250,15.351,4,21.891,142.60,5.473,13.188,0.516
52,ec.gp.GPIndividual@598763296{-467704414},3C_20_50-02.txt,61.404,0.250,15.351,0,0.000,0.00,0.000,0.000,0.000
52,ec.gp.GPIndividual@598763296{-467704414},3C_20_50-03.txt,30.993,0.250,7.748,0,0.000,0.00,0.000,0.000,0.000
52,ec.gp.GPIndividual@598763296{-467704414},3C_20_66-01.txt,7.322,0.250,1.831,0,0.000,0.00,0.000,0.000,0.000
52,ec.gp.GPIndividual@598763296{-467704414},3C_20_66-02.txt,154.245,0.250,38.561,0,0.000,0.00,0.000,0.000,0.000
52,ec.gp.GPIndividual@598763296{-467704414},3C_20_66-03.txt,118.340,0.250,29.585,0,0.000,0.00,0.000,0.000,0.000
52,ec.gp.GPIndividual@598763296{-467704414},3C_20_80-01.txt,4.194,0.250,1.049,0,0.000,0.00,0.000,0.000,0.000
52,ec.gp.GPIndividual@598763296{-467704414},3C_20_80-02.txt,35.738,0.250,8.935,0,0.000,0.00,0.000,0.000,0.000
52,ec.gp.GPIndividual@598763296{-467704414},3C_20_80-03.txt,169.439,0.250,42.360,0,0.000,0.00,0.000,0.000,0.000
52,ec.gp.GPIndividual@843867995{-352406349},3C_20_50-02.txt,61.404,0.250,15.351,6,26.063,169.78,4.344,15.703,0.344
52,ec.gp.GPIndividual@843867995{-352406349},3C_20_80-03.txt,169.439,0.250,42.360,4,11.500,27.15,2.875,15.703,0.344
52,ec.gp.GPIndividual@1395403790{-1880966521},3C_20_50-02.txt,61.404,0.250,15.351,4,6.844,44.58,1.711,3.094,0.516
52,ec.gp.GPIndividual@1395403790{-1880966521},3C_20_50-03.txt,30.993,0.250,7.748,3,11.141,143.78,3.714,6.219,0.516
52,ec.gp.GPIndividual@602251466{752962003},3C_20_50-02.txt,61.404,0.250,15.351,1,1.234,8.04,1.234,1.234,1.234
52,ec.gp.GPIndividual@602251466{752962003},3C_20_50-03.txt,30.993,0.250,7.748,2,16.125,208.11,8.063,15.609,0.516
52,ec.gp.GPIndividual@602251466{752962003},3C_20_80-01.txt,4.194,0.250,1.049,2,2.984,284.60,1.492,15.609,0.516
52,ec.gp.GPIndividual@602251466{752962003},3C_20_50-03.txt,30.993,0.250,7.748,2,5.203,67.15,2.602,15.609,0.344
52,ec.gp.GPIndividual@602251466{752962003},3C_20_50-03.txt,30.993,0.250,7.748,4,6.750,87.12,1.688,15.609,0.344
52,ec.gp.GPIndividual@602251466{752962003},3C_20_80-02.txt,35.738,0.250,8.935,4,9.516,106.50,2.379,15.609,0.344
52,ec.gp.GPIndividual@602251466{752962003},3C_20_66-01.txt,7.322,0.250,1.831,3,4.703,256.92,1.568,15.609,0.344
52,ec.gp.GPIndividual@602251466{752962003},3C_20_66-01.txt,7.322,0.250,1.831,2,2.734,149.37,1.367,15.609,0.344
52,ec.gp.GPIndividual@602251466{752962003},3C_20_66-01.txt,7.322,0.250,1.831,1,2.078,113.52,2.078,15.609,0.344
52,ec.gp.GPIndividual@602251466{752962003},3C_20_80-03.txt,169.439,0.250,42.360,1,0.219,0.52,0.219,15.609,0.219
52,ec.gp.GPIndividual@602251466{752962003},3C_20_66-01.txt,7.322,0.250,1.831,1,2.219,121.21,2.219,15.609,0.219
52,ec.gp.GPIndividual@602251466{752962003},3C_20_50-03.txt,30.993,0.250,7.748,1,0.500,6.45,0.500,15.609,0.219
52,ec.gp.GPIndividual@602251466{752962003},3C_20_66-02.txt,154.245,0.250,38.561,24,39.563,102.60,1.648,15.609,0.219
52,ec.gp.GPIndividual@602251466{752962003},3C_20_66-03.txt,118.340,0.250,29.585,2,0.344,1.16,0.172,15.609,0.000
52,ec.gp.GPIndividual@602251466{752962003},3C_20_66-01.txt,7.322,0.250,1.831,1,3.078,168.15,3.078,15.609,0.000
52,ec.gp.GPIndividual@602251466{752962003},3C_20_66-02.txt,154.245,0.250,38.561,4,13.578,35.21,3.395,15.609,0.000
52,ec.gp.GPIndividual@1188797458{1192708190},3C_20_50-02.txt,61.404,0.250,15.351,9,18.031,117.46,2.003,6.234,0.531
52,ec.gp.GPIndividual@1188797458{1192708190},3C_20_80-01.txt,4.194,0.250,1.049,1,1.422,135.59,1.422,6.234,0.531
52,ec.gp.GPIndividual@1188797458{1192708190},3C_20_66-02.txt,154.245,0.250,38.561,3,4.781,12.40,1.594,6.234,0.516
52,ec.gp.GPIndividual@1188797458{1192708190},3C_20_66-03.txt,118.340,0.250,29.585,8,23.125,78.16,2.891,11.906,0.000
52,ec.gp.GPIndividual@1188797458{1192708190},3C_20_66-02.txt,154.245,0.250,38.561,10,39.734,103.04,3.973,13.984,0.000
52,ec.gp.GPIndividual@1188797458{1192708190},3C_20_80-02.txt,35.738,0.250,8.935,1,0.703,7.87,0.703,13.984,0.000
52,ec.gp.GPIndividual@1188797458{1192708190},3C_20_80-01.txt,4.194,0.250,1.049,1,8.609,821.02,8.609,13.984,0.000
52,ec.gp.GPIndividual@1188797458{1192708190},3C_20_50-03.txt,30.993,0.250,7.748,3,5.703,73.61,1.901,13.984,0.000
52,ec.gp.GPIndividual@1188797458{1192708190},3C_20_66-03.txt,118.340,0.250,29.585,1,5.141,17.38,5.141,13.984,0.000
52,ec.gp.GPIndividual@1188797458{1192708190},3C_20_66-02.txt,154.245,0.250,38.561,18,39.641,102.80,2.202,13.984,0.000
52,ec.gp.GPIndividual@1188797458{1192708190},3C_20_80-02.txt,35.738,0.250,8.935,1,0.156,1.75,0.156,13.984,0.000
52,ec.gp.GPIndividual@1188797458{1192708190},3C_20_66-03.txt,118.340,0.250,29.585,1,0.828,2.80,0.828,13.984,0.000
52,ec.gp.GPIndividual@1188797458{1192708190},3C_20_80-03.txt,169.439,0.250,42.360,6,21.063,49.72,3.510,13.984,0.000
52,ec.gp.GPIndividual@1188797458{1192708190},3C_20_66-03.txt,118.340,0.250,29.585,7,28.313,95.70,4.045,13.984,0.000
52,ec.gp.GPIndividual@1188797458{1192708190},3C_20_80-01.txt,4.194,0.250,1.049,1,2.375,226.49,2.375,13.984,0.000
52,ec.gp.GPIndividual@1188797458{1192708190},3C_20_66-01.txt,7.322,0.250,1.831,3,2.063,112.67,0.688,13.984,0.000
52,ec.gp.GPIndividual@1188797458{1192708190},3C_20_80-02.txt,35.738,0.250,8.935,5,8.563,95.84,1.713,13.984,0.000
52,ec.gp.GPIndividual@1188797458{1192708190},3C_20_80-01.txt,4.194,0.250,1.049,1,6.297,600.49,6.297,13.984,0.000
52,ec.gp.GPIndividual@2047904727{1072383793},3C_20_50-02.txt,61.404,0.250,15.351,4,6.891,44.89,1.723,5.438,0.484
52,ec.gp.GPIndividual@2047904727{1072383793},3C_20_80-03.txt,169.439,0.250,42.360,6,21.203,50.05,3.534,13.938,0.484
52,ec.gp.GPIndividual@2047904727{1072383793},3C_20_80-01.txt,4.194,0.250,1.049,1,1.781,169.87,1.781,13.938,0.484
52,ec.gp.GPIndividual@2047904727{1072383793},3C_20_80-02.txt,35.738,0.250,8.935,7,10.266,114.90,1.467,13.938,0.484
52,ec.gp.GPIndividual@2047904727{1072383793},3C_20_80-03.txt,169.439,0.250,42.360,1,0.156,0.37,0.156,13.938,0.156
52,ec.gp.GPIndividual@2047904727{1072383793},3C_20_80-03.txt,169.439,0.250,42.360,1,1.031,2.43,1.031,13.938,0.156
52,ec.gp.GPIndividual@2047904727{1072383793},3C_20_80-02.txt,35.738,0.250,8.935,2,4.438,49.67,2.219,13.938,0.156
52,ec.gp.GPIndividual@2047904727{1072383793},3C_20_66-02.txt,154.245,0.250,38.561,5,13.453,34.89,2.691,13.938,0.000
52,ec.gp.GPIndividual@2047904727{1072383793},3C_20_50-03.txt,30.993,0.250,7.748,4,10.047,129.67,2.512,13.938,0.000
52,ec.gp.GPIndividual@175925101{-1517879186},3C_20_50-02.txt,61.404,0.250,15.351,7,15.438,100.56,2.205,6.094,0.469
52,ec.gp.GPIndividual@175925101{-1517879186},3C_20_80-03.txt,169.439,0.250,42.360,2,2.328,5.50,1.164,6.094,0.469
52,ec.gp.GPIndividual@175925101{-1517879186},3C_20_66-03.txt,118.340,0.250,29.585,2,4.922,16.64,2.461,6.094,0.469
52,ec.gp.GPIndividual@211953586{-1297089630},3C_20_50-02.txt,61.404,0.250,15.351,0,0.000,0.00,0.000,0.000,0.000
52,ec.gp.GPIndividual@211953586{-1297089630},3C_20_50-03.txt,30.993,0.250,7.748,0,0.000,0.00,0.000,0.000,0.000
52,ec.gp.GPIndividual@211953586{-1297089630},3C_20_66-01.txt,7.322,0.250,1.831,0,0.000,0.00,0.000,0.000,0.000
52,ec.gp.GPIndividual@211953586{-1297089630},3C_20_66-02.txt,154.245,0.250,38.561,0,0.000,0.00,0.000,0.000,0.000
52,ec.gp.GPIndividual@211953586{-1297089630},3C_20_66-03.txt,118.340,0.250,29.585,0,0.000,0.00,0.000,0.000,0.000
52,ec.gp.GPIndividual@211953586{-1297089630},3C_20_80-01.txt,4.194,0.250,1.049,0,0.000,0.00,0.000,0.000,0.000
52,ec.gp.GPIndividual@211953586{-1297089630},3C_20_80-02.txt,35.738,0.250,8.935,0,0.000,0.00,0.000,0.000,0.000
52,ec.gp.GPIndividual@211953586{-1297089630},3C_20_80-03.txt,169.439,0.250,42.360,0,0.000,0.00,0.000,0.000,0.000
52,ec.gp.GPIndividual@886646535{1820216979},3C_20_50-02.txt,61.404,0.250,15.351,6,18.313,119.29,3.052,5.953,0.531
52,ec.gp.GPIndividual@886646535{1820216979},3C_20_50-03.txt,30.993,0.250,7.748,2,2.703,34.89,1.352,5.953,0.156
52,ec.gp.GPIndividual@1032302597{-1074034619},3C_20_50-02.txt,61.404,0.250,15.351,1,13.281,86.52,13.281,13.281,13.281
52,ec.gp.GPIndividual@1176635558{-645110514},3C_20_50-02.txt,61.404,0.250,15.351,5,12.047,78.48,2.409,6.422,0.313
52,ec.gp.GPIndividual@1176635558{-645110514},3C_20_50-03.txt,30.993,0.250,7.748,4,7.234,93.37,1.809,6.422,0.313
52,ec.gp.GPIndividual@1176635558{-645110514},3C_20_66-01.txt,7.322,0.250,1.831,1,2.328,127.18,2.328,6.422,0.313
52,ec.gp.GPIndividual@1176635558{-645110514},3C_20_66-01.txt,7.322,0.250,1.831,1,3.516,192.05,3.516,6.422,0.313
52,ec.gp.GPIndividual@1176635558{-645110514},3C_20_80-01.txt,4.194,0.250,1.049,1,1.734,165.40,1.734,6.422,0.313
52,ec.gp.GPIndividual@1176635558{-645110514},3C_20_50-03.txt,30.993,0.250,7.748,6,8.656,111.72,1.443,6.422,0.313
52,ec.gp.GPIndividual@1176635558{-645110514},3C_20_66-01.txt,7.322,0.250,1.831,2,2.266,123.77,1.133,6.422,0.313
52,ec.gp.GPIndividual@1176635558{-645110514},3C_20_80-02.txt,35.738,0.250,8.935,2,1.547,17.31,0.773,6.422,0.313
52,ec.gp.GPIndividual@1176635558{-645110514},3C_20_66-02.txt,154.245,0.250,38.561,0,0.000,0.00,0.000,6.422,0.313
52,ec.gp.GPIndividual@1176635558{-645110514},3C_20_66-02.txt,154.245,0.250,38.561,2,1.313,3.40,0.656,6.422,0.000
52,ec.gp.GPIndividual@1176635558{-645110514},3C_20_50-03.txt,30.993,0.250,7.748,5,7.281,93.97,1.456,6.422,0.000
52,ec.gp.GPIndividual@1176635558{-645110514},3C_20_80-03.txt,169.439,0.250,42.360,1,1.250,2.95,1.250,6.422,0.000
52,ec.gp.GPIndividual@1176635558{-645110514},3C_20_66-02.txt,154.245,0.250,38.561,17,38.391,99.56,2.258,6.422,0.000
52,ec.gp.GPIndividual@821752276{264653431},3C_20_50-02.txt,61.404,0.250,15.351,8,16.344,106.47,2.043,4.984,0.500
52,ec.gp.GPIndividual@821752276{264653431},3C_20_66-01.txt,7.322,0.250,1.831,2,1.609,87.92,0.805,4.984,0.000
52,ec.gp.GPIndividual@821752276{264653431},3C_20_66-01.txt,7.322,0.250,1.831,2,3.547,193.76,1.773,4.984,0.000
52,ec.gp.GPIndividual@821752276{264653431},3C_20_50-03.txt,30.993,0.250,7.748,3,6.531,84.29,2.177,5.172,0.000
52,ec.gp.GPIndividual@821752276{264653431},3C_20_66-03.txt,118.340,0.250,29.585,1,3.000,10.14,3.000,5.172,0.000
52,ec.gp.GPIndividual@821752276{264653431},3C_20_66-03.txt,118.340,0.250,29.585,1,5.672,19.17,5.672,5.672,0.000
52,ec.gp.GPIndividual@821752276{264653431},3C_20_66-03.txt,118.340,0.250,29.585,4,4.766,16.11,1.191,5.672,0.000
52,ec.gp.GPIndividual@821752276{264653431},3C_20_66-02.txt,154.245,0.250,38.561,11,36.656,95.06,3.332,6.344,0.000
52,ec.gp.GPIndividual@821752276{264653431},3C_20_66-01.txt,7.322,0.250,1.831,3,5.375,293.63,1.792,6.344,0.000
52,ec.gp.GPIndividual@821752276{264653431},3C_20_80-01.txt,4.194,0.250,1.049,2,0.156,14.90,0.078,6.344,0.000
52,ec.gp.GPIndividual@821752276{264653431},3C_20_66-03.txt,118.340,0.250,29.585,13,40.297,136.21,3.100,13.125,0.000
52,ec.gp.GPIndividual@821752276{264653431},3C_20_66-02.txt,154.245,0.250,38.561,1,1.063,2.76,1.063,13.125,0.000
52,ec.gp.GPIndividual@821752276{264653431},3C_20_80-02.txt,35.738,0.250,8.935,1,8.703,97.41,8.703,13.125,0.000
52,ec.gp.GPIndividual@821752276{264653431},3C_20_80-01.txt,4.194,0.250,1.049,1,2.703,257.78,2.703,13.125,0.000
52,ec.gp.GPIndividual@821752276{264653431},3C_20_80-01.txt,4.194,0.250,1.049,2,1.063,101.32,0.531,13.125,0.000
52,ec.gp.GPIndividual@821752276{264653431},3C_20_80-02.txt,35.738,0.250,8.935,2,10.359,115.95,5.180,13.125,0.000
52,ec.gp.GPIndividual@821752276{264653431},3C_20_80-01.txt,4.194,0.250,1.049,2,4.875,464.90,2.438,13.125,0.000
52,ec.gp.GPIndividual@821752276{264653431},3C_20_66-03.txt,118.340,0.250,29.585,0,0.000,0.00,0.000,13.125,0.000
52,ec.gp.GPIndividual@821752276{264653431},3C_20_80-03.txt,169.439,0.250,42.360,2,5.750,13.57,2.875,13.125,0.000
52,ec.gp.GPIndividual@821752276{264653431},3C_20_66-02.txt,154.245,0.250,38.561,4,5.828,15.11,1.457,13.125,0.000
52,ec.gp.GPIndividual@821752276{264653431},3C_20_80-02.txt,35.738,0.250,8.935,5,9.094,101.78,1.819,13.125,0.000
52,ec.gp.GPIndividual@821752276{264653431},3C_20_80-03.txt,169.439,0.250,42.360,1,1.453,3.43,1.453,13.125,0.000
52,ec.gp.GPIndividual@821752276{264653431},3C_20_66-03.txt,118.340,0.250,29.585,1,0.875,2.96,0.875,13.125,0.000
52,ec.gp.GPIndividual@821752276{264653431},3C_20_80-03.txt,169.439,0.250,42.360,1,2.484,5.86,2.484,13.125,0.000
52,ec.gp.GPIndividual@821752276{264653431},3C_20_80-02.txt,35.738,0.250,8.935,2,12.172,136.23,6.086,13.125,0.000
52,ec.gp.GPIndividual@821752276{264653431},3C_20_80-01.txt,4.194,0.250,1.049,4,1.047,99.83,0.262,13.125,0.000
52,ec.gp.GPIndividual@821752276{264653431},3C_20_80-02.txt,35.738,0.250,8.935,1,1.219,13.64,1.219,13.125,0.000
52,ec.gp.GPIndividual@1360309794{-589167598},3C_20_50-02.txt,61.404,0.250,15.351,5,12.844,83.67,2.569,5.344,0.406
52,ec.gp.GPIndividual@1360309794{-589167598},3C_20_80-03.txt,169.439,0.250,42.360,3,4.125,9.74,1.375,5.344,0.406
52,ec.gp.GPIndividual@2102148743{1807617002},3C_20_50-02.txt,61.404,0.250,15.351,9,15.438,100.56,1.715,4.438,0.141
52,ec.gp.GPIndividual@2102148743{1807617002},3C_20_50-03.txt,30.993,0.250,7.748,3,5.953,76.83,1.984,4.438,0.141
52,ec.gp.GPIndividual@2102148743{1807617002},3C_20_80-03.txt,169.439,0.250,42.360,1,4.641,10.96,4.641,4.641,0.141
52,ec.gp.GPIndividual@2102148743{1807617002},3C_20_80-01.txt,4.194,0.250,1.049,2,2.375,226.49,1.188,4.641,0.141
52,ec.gp.GPIndividual@799288456{1407865925},3C_20_50-02.txt,61.404,0.250,15.351,10,13.906,90.59,1.391,2.547,0.203
52,ec.gp.GPIndividual@799288456{1407865925},3C_20_66-01.txt,7.322,0.250,1.831,1,4.109,224.49,4.109,4.109,0.203
52,ec.gp.GPIndividual@799288456{1407865925},3C_20_66-01.txt,7.322,0.250,1.831,2,1.875,102.43,0.938,4.109,0.109
52,ec.gp.GPIndividual@799288456{1407865925},3C_20_50-03.txt,30.993,0.250,7.748,3,3.813,49.21,1.271,4.109,0.109
52,ec.gp.GPIndividual@799288456{1407865925},3C_20_80-03.txt,169.439,0.250,42.360,11,32.734,77.28,2.976,12.781,0.109
52,ec.gp.GPIndividual@1758443084{28689649},3C_20_50-02.txt,61.404,0.250,15.351,0,0.000,0.00,0.000,0.000,0.000
52,ec.gp.GPIndividual@1758443084{28689649},3C_20_50-03.txt,30.993,0.250,7.748,0,0.000,0.00,0.000,0.000,0.000
52,ec.gp.GPIndividual@1758443084{28689649},3C_20_66-01.txt,7.322,0.250,1.831,0,0.000,0.00,0.000,0.000,0.000
52,ec.gp.GPIndividual@1758443084{28689649},3C_20_66-02.txt,154.245,0.250,38.561,0,0.000,0.00,0.000,0.000,0.000
52,ec.gp.GPIndividual@1758443084{28689649},3C_20_66-03.txt,118.340,0.250,29.585,0,0.000,0.00,0.000,0.000,0.000
52,ec.gp.GPIndividual@1758443084{28689649},3C_20_80-01.txt,4.194,0.250,1.049,0,0.000,0.00,0.000,0.000,0.000
52,ec.gp.GPIndividual@1758443084{28689649},3C_20_80-02.txt,35.738,0.250,8.935,0,0.000,0.00,0.000,0.000,0.000
52,ec.gp.GPIndividual@1758443084{28689649},3C_20_80-03.txt,169.439,0.250,42.360,0,0.000,0.00,0.000,0.000,0.000
52,ec.gp.GPIndividual@1575341929{-387468449},3C_20_50-02.txt,61.404,0.250,15.351,6,10.047,65.45,1.674,4.609,0.094
52,ec.gp.GPIndividual@1575341929{-387468449},3C_20_80-01.txt,4.194,0.250,1.049,2,4.344,414.23,2.172,4.609,0.094
52,ec.gp.GPIndividual@1575341929{-387468449},3C_20_50-03.txt,30.993,0.250,7.748,9,7.141,92.16,0.793,4.609,0.094
52,ec.gp.GPIndividual@1575341929{-387468449},3C_20_80-02.txt,35.738,0.250,8.935,1,0.656,7.35,0.656,4.609,0.094
52,ec.gp.GPIndividual@1575341929{-387468449},3C_20_66-01.txt,7.322,0.250,1.831,5,1.828,99.87,0.366,4.609,0.094
52,ec.gp.GPIndividual@1575341929{-387468449},3C_20_66-02.txt,154.245,0.250,38.561,1,0.141,0.36,0.141,4.609,0.094
52,ec.gp.GPIndividual@1575341929{-387468449},3C_20_80-03.txt,169.439,0.250,42.360,9,35.516,83.84,3.946,15.781,0.094
52,ec.gp.GPIndividual@1341733653{-2134971896},3C_20_50-02.txt,61.404,0.250,15.351,6,13.781,89.77,2.297,9.109,0.125
52,ec.gp.GPIndividual@1341733653{-2134971896},3C_20_66-03.txt,118.340,0.250,29.585,4,15.406,52.07,3.852,11.188,0.125
52,ec.gp.GPIndividual@1341733653{-2134971896},3C_20_50-03.txt,30.993,0.250,7.748,1,10.172,131.28,10.172,11.188,0.125
52,ec.gp.GPIndividual@1341733653{-2134971896},3C_20_80-01.txt,4.194,0.250,1.049,2,1.578,150.50,0.789,11.188,0.125
52,ec.gp.GPIndividual@1341733653{-2134971896},3C_20_66-01.txt,7.322,0.250,1.831,6,1.719,93.89,0.286,11.188,0.109
52,ec.gp.GPIndividual@1341733653{-2134971896},3C_20_66-02.txt,154.245,0.250,38.561,1,0.391,1.01,0.391,11.188,0.109
52,ec.gp.GPIndividual@1341733653{-2134971896},3C_20_80-02.txt,35.738,0.250,8.935,12,8.234,92.16,0.686,11.188,0.109
52,ec.gp.GPIndividual@1341733653{-2134971896},3C_20_80-03.txt,169.439,0.250,42.360,1,1.063,2.51,1.063,11.188,0.109
52,ec.gp.GPIndividual@1341733653{-2134971896},3C_20_66-03.txt,118.340,0.250,29.585,6,27.203,91.95,4.534,11.219,0.109
52,ec.gp.GPIndividual@1341733653{-2134971896},3C_20_80-01.txt,4.194,0.250,1.049,3,0.844,80.46,0.281,11.219,0.109
52,ec.gp.GPIndividual@1341733653{-2134971896},3C_20_80-02.txt,35.738,0.250,8.935,5,7.391,82.72,1.478,11.219,0.109
52,ec.gp.GPIndividual@1341510269{1953934578},3C_20_50-02.txt,61.404,0.250,15.351,5,6.734,43.87,1.347,5.766,0.031
52,ec.gp.GPIndividual@1341510269{1953934578},3C_20_50-03.txt,30.993,0.250,7.748,4,4.734,61.10,1.184,5.766,0.031
52,ec.gp.GPIndividual@1341510269{1953934578},3C_20_66-01.txt,7.322,0.250,1.831,7,1.438,78.53,0.205,5.766,0.000
52,ec.gp.GPIndividual@1341510269{1953934578},3C_20_66-02.txt,154.245,0.250,38.561,9,28.344,73.50,3.149,10.750,0.000
52,ec.gp.GPIndividual@1341510269{1953934578},3C_20_66-03.txt,118.340,0.250,29.585,5,20.188,68.24,4.038,10.750,0.000
52,ec.gp.GPIndividual@1341510269{1953934578},3C_20_80-01.txt,4.194,0.250,1.049,3,0.656,62.58,0.219,10.750,0.000
52,ec.gp.GPIndividual@1341510269{1953934578},3C_20_80-02.txt,35.738,0.250,8.935,6,4.234,47.39,0.706,10.750,0.000
52,ec.gp.GPIndividual@1341510269{1953934578},3C_20_80-03.txt,169.439,0.250,42.360,2,17.438,41.17,8.719,16.641,0.000
52,ec.gp.GPIndividual@423920669{-664524961},3C_20_50-02.txt,61.404,0.250,15.351,5,6.750,43.97,1.350,5.750,0.031
52,ec.gp.GPIndividual@423920669{-664524961},3C_20_50-03.txt,30.993,0.250,7.748,4,4.734,61.10,1.184,5.750,0.031
52,ec.gp.GPIndividual@423920669{-664524961},3C_20_66-01.txt,7.322,0.250,1.831,7,1.453,79.38,0.208,5.750,0.000
52,ec.gp.GPIndividual@423920669{-664524961},3C_20_66-02.txt,154.245,0.250,38.561,9,28.375,73.58,3.153,10.797,0.000
52,ec.gp.GPIndividual@423920669{-664524961},3C_20_66-03.txt,118.340,0.250,29.585,5,20.234,68.39,4.047,10.797,0.000
52,ec.gp.GPIndividual@423920669{-664524961},3C_20_80-01.txt,4.194,0.250,1.049,3,0.672,64.07,0.224,10.797,0.000
52,ec.gp.GPIndividual@423920669{-664524961},3C_20_80-02.txt,35.738,0.250,8.935,6,4.219,47.22,0.703,10.797,0.000
52,ec.gp.GPIndividual@423920669{-664524961},3C_20_80-03.txt,169.439,0.250,42.360,2,17.406,41.09,8.703,16.641,0.000
53,ec.gp.GPIndividual@214048049{-590780398},3C_20_50-02.txt,61.404,0.250,15.351,0,0.000,0.00,0.000,0.000,0.000
53,ec.gp.GPIndividual@214048049{-590780398},3C_20_50-03.txt,30.993,0.250,7.748,0,0.000,0.00,0.000,0.000,0.000
53,ec.gp.GPIndividual@214048049{-590780398},3C_20_66-01.txt,7.322,0.250,1.831,0,0.000,0.00,0.000,0.000,0.000
53,ec.gp.GPIndividual@214048049{-590780398},3C_20_66-02.txt,154.245,0.250,38.561,0,0.000,0.00,0.000,0.000,0.000
53,ec.gp.GPIndividual@214048049{-590780398},3C_20_66-03.txt,118.340,0.250,29.585,0,0.000,0.00,0.000,0.000,0.000
53,ec.gp.GPIndividual@214048049{-590780398},3C_20_80-01.txt,4.194,0.250,1.049,0,0.000,0.00,0.000,0.000,0.000
53,ec.gp.GPIndividual@214048049{-590780398},3C_20_80-02.txt,35.738,0.250,8.935,0,0.000,0.00,0.000,0.000,0.000
53,ec.gp.GPIndividual@214048049{-590780398},3C_20_80-03.txt,169.439,0.250,42.360,0,0.000,0.00,0.000,0.000,0.000
53,ec.gp.GPIndividual@2052671940{-780281233},3C_20_50-02.txt,61.404,0.250,15.351,0,0.000,0.00,0.000,0.000,0.000
53,ec.gp.GPIndividual@2052671940{-780281233},3C_20_50-03.txt,30.993,0.250,7.748,3,1.125,14.52,0.375,0.375,0.375
53,ec.gp.GPIndividual@2052671940{-780281233},3C_20_50-03.txt,30.993,0.250,7.748,6,8.156,105.27,1.359,1.906,0.375
53,ec.gp.GPIndividual@2052671940{-780281233},3C_20_50-03.txt,30.993,0.250,7.748,1,0.656,8.47,0.656,1.906,0.375
53,ec.gp.GPIndividual@2052671940{-780281233},3C_20_50-03.txt,30.993,0.250,7.748,2,3.109,40.13,1.555,3.109,0.000
53,ec.gp.GPIndividual@2052671940{-780281233},3C_20_66-01.txt,7.322,0.250,1.831,0,0.000,0.00,0.000,3.109,0.000
53,ec.gp.GPIndividual@2052671940{-780281233},3C_20_66-02.txt,154.245,0.250,38.561,0,0.000,0.00,0.000,3.109,0.000
53,ec.gp.GPIndividual@2052671940{-780281233},3C_20_66-03.txt,118.340,0.250,29.585,1,1.344,4.54,1.344,3.109,0.000
53,ec.gp.GPIndividual@2052671940{-780281233},3C_20_50-03.txt,30.993,0.250,7.748,1,3.141,40.53,3.141,3.141,0.000
53,ec.gp.GPIndividual@2052671940{-780281233},3C_20_66-01.txt,7.322,0.250,1.831,2,3.094,169.01,1.547,3.141,0.000
53,ec.gp.GPIndividual@2052671940{-780281233},3C_20_66-02.txt,154.245,0.250,38.561,0,0.000,0.00,0.000,3.141,0.000
53,ec.gp.GPIndividual@2052671940{-780281233},3C_20_50-03.txt,30.993,0.250,7.748,3,6.938,89.54,2.313,3.203,0.000
53,ec.gp.GPIndividual@2052671940{-780281233},3C_20_66-01.txt,7.322,0.250,1.831,1,3.234,176.69,3.234,3.234,0.000
53,ec.gp.GPIndividual@2052671940{-780281233},3C_20_66-01.txt,7.322,0.250,1.831,1,2.359,128.89,2.359,3.234,0.000
53,ec.gp.GPIndividual@2052671940{-780281233},3C_20_66-03.txt,118.340,0.250,29.585,13,29.688,100.35,2.284,6.141,0.000
53,ec.gp.GPIndividual@2052671940{-780281233},3C_20_66-01.txt,7.322,0.250,1.831,2,4.984,272.29,2.492,6.141,0.000
53,ec.gp.GPIndividual@2052671940{-780281233},3C_20_66-02.txt,154.245,0.250,38.561,0,0.000,0.00,0.000,6.141,0.000
53,ec.gp.GPIndividual@2052671940{-780281233},3C_20_80-01.txt,4.194,0.250,1.049,0,0.000,0.00,0.000,6.141,0.000
53,ec.gp.GPIndividual@2052671940{-780281233},3C_20_80-02.txt,35.738,0.250,8.935,3,8.344,93.39,2.781,6.141,0.000
53,ec.gp.GPIndividual@2052671940{-780281233},3C_20_80-01.txt,4.194,0.250,1.049,1,0.516,49.17,0.516,6.141,0.000
53,ec.gp.GPIndividual@2052671940{-780281233},3C_20_80-02.txt,35.738,0.250,8.935,1,1.703,19.06,1.703,6.141,0.000
53,ec.gp.GPIndividual@2052671940{-780281233},3C_20_66-01.txt,7.322,0.250,1.831,2,1.328,72.55,0.664,6.141,0.000
53,ec.gp.GPIndividual@2052671940{-780281233},3C_20_66-02.txt,154.245,0.250,38.561,5,8.531,22.12,1.706,6.141,0.000
53,ec.gp.GPIndividual@2052671940{-780281233},3C_20_80-03.txt,169.439,0.250,42.360,1,2.766,6.53,2.766,6.141,0.000
53,ec.gp.GPIndividual@2052671940{-780281233},3C_20_66-02.txt,154.245,0.250,38.561,1,1.203,3.12,1.203,6.141,0.000
53,ec.gp.GPIndividual@2052671940{-780281233},3C_20_80-03.txt,169.439,0.250,42.360,0,0.000,0.00,0.000,6.141,0.000
53,ec.gp.GPIndividual@1701594315{866465352},3C_20_50-02.txt,61.404,0.250,15.351,11,15.781,102.80,1.435,2.250,0.313
53,ec.gp.GPIndividual@1701594315{866465352},3C_20_66-03.txt,118.340,0.250,29.585,3,1.859,6.28,0.620,2.250,0.000
53,ec.gp.GPIndividual@1701594315{866465352},3C_20_50-03.txt,30.993,0.250,7.748,5,8.141,105.07,1.628,2.250,0.000
53,ec.gp.GPIndividual@1701594315{866465352},3C_20_66-02.txt,154.245,0.250,38.561,1,6.063,15.72,6.063,6.063,0.000
53,ec.gp.GPIndividual@2121870034{-1084061255},3C_20_50-02.txt,61.404,0.250,15.351,1,0.844,5.50,0.844,0.844,0.844
53,ec.gp.GPIndividual@2121870034{-1084061255},3C_20_66-03.txt,118.340,0.250,29.585,2,1.703,5.76,0.852,1.359,0.344
53,ec.gp.GPIndividual@2121870034{-1084061255},3C_20_66-03.txt,118.340,0.250,29.585,10,29.078,98.29,2.908,5.953,0.344
53,ec.gp.GPIndividual@2121870034{-1084061255},3C_20_80-01.txt,4.194,0.250,1.049,1,5.906,563.24,5.906,5.953,0.344
53,ec.gp.GPIndividual@2121870034{-1084061255},3C_20_80-01.txt,4.194,0.250,1.049,1,1.563,149.01,1.563,5.953,0.344
53,ec.gp.GPIndividual@2121870034{-1084061255},3C_20_66-03.txt,118.340,0.250,29.585,12,31.000,104.78,2.583,6.563,0.344
53,ec.gp.GPIndividual@2121870034{-1084061255},3C_20_80-02.txt,35.738,0.250,8.935,2,6.781,75.90,3.391,6.781,0.000
53,ec.gp.GPIndividual@2121870034{-1084061255},3C_20_66-01.txt,7.322,0.250,1.831,1,1.250,68.29,1.250,6.781,0.000
53,ec.gp.GPIndividual@2121870034{-1084061255},3C_20_80-02.txt,35.738,0.250,8.935,2,3.703,41.45,1.852,6.781,0.000
53,ec.gp.GPIndividual@2121870034{-1084061255},3C_20_80-01.txt,4.194,0.250,1.049,1,2.141,204.14,2.141,6.781,0.000
53,ec.gp.GPIndividual@2121870034{-1084061255},3C_20_80-03.txt,169.439,0.250,42.360,2,9.438,22.28,4.719,8.984,0.000
53,ec.gp.GPIndividual@2121870034{-1084061255},3C_20_50-03.txt,30.993,0.250,7.748,3,13.781,177.87,4.594,10.672,0.000
53,ec.gp.GPIndividual@2121870034{-1084061255},3C_20_80-01.txt,4.194,0.250,1.049,3,1.672,159.44,0.557,10.672,0.000
53,ec.gp.GPIndividual@2121870034{-1084061255},3C_20_80-02.txt,35.738,0.250,8.935,0,0.000,0.00,0.000,10.672,0.000
53,ec.gp.GPIndividual@2121870034{-1084061255},3C_20_80-02.txt,35.738,0.250,8.935,6,10.609,118.75,1.768,10.672,0.000
53,ec.gp.GPIndividual@2121870034{-1084061255},3C_20_80-03.txt,169.439,0.250,42.360,1,0.156,0.37,0.156,10.672,0.000
53,ec.gp.GPIndividual@2121870034{-1084061255},3C_20_66-01.txt,7.322,0.250,1.831,1,2.094,114.38,2.094,10.672,0.000
53,ec.gp.GPIndividual@2121870034{-1084061255},3C_20_80-03.txt,169.439,0.250,42.360,12,34.344,81.08,2.862,10.672,0.000
53,ec.gp.GPIndividual@2121870034{-1084061255},3C_20_66-02.txt,154.245,0.250,38.561,1,5.938,15.40,5.938,10.672,0.000
53,ec.gp.GPIndividual@296590246{-1724672689},3C_20_50-02.txt,61.404,0.250,15.351,2,8.828,57.51,4.414,8.484,0.344
53,ec.gp.GPIndividual@467866050{-537152893},3C_20_50-02.txt,61.404,0.250,15.351,0,0.000,0.00,0.000,0.000,0.000
53,ec.gp.GPIndividual@467866050{-537152893},3C_20_50-03.txt,30.993,0.250,7.748,0,0.000,0.00,0.000,0.000,0.000
53,ec.gp.GPIndividual@467866050{-537152893},3C_20_66-01.txt,7.322,0.250,1.831,1,2.734,149.37,2.734,2.734,2.734
53,ec.gp.GPIndividual@467866050{-537152893},3C_20_66-01.txt,7.322,0.250,1.831,1,2.734,149.37,2.734,2.734,2.734
53,ec.gp.GPIndividual@467866050{-537152893},3C_20_66-03.txt,118.340,0.250,29.585,0,0.000,0.00,0.000,2.734,2.734
53,ec.gp.GPIndividual@467866050{-537152893},3C_20_66-03.txt,118.340,0.250,29.585,0,0.000,0.00,0.000,2.734,2.734
53,ec.gp.GPIndividual@467866050{-537152893},3C_20_80-01.txt,4.194,0.250,1.049,0,0.000,0.00,0.000,2.734,2.734
53,ec.gp.GPIndividual@467866050{-537152893},3C_20_80-02.txt,35.738,0.250,8.935,0,0.000,0.00,0.000,2.734,2.734
53,ec.gp.GPIndividual@467866050{-537152893},3C_20_80-03.txt,169.439,0.250,42.360,0,0.000,0.00,0.000,2.734,2.734
53,ec.gp.GPIndividual@459578659{650642151},3C_20_50-02.txt,61.404,0.250,15.351,3,15.375,100.16,5.125,13.063,0.375
53,ec.gp.GPIndividual@499802890{1259844374},3C_20_50-02.txt,61.404,0.250,15.351,1,12.141,79.09,12.141,12.141,12.141
53,ec.gp.GPIndividual@499802890{1259844374},3C_20_80-03.txt,169.439,0.250,42.360,10,43.438,102.54,4.344,16.594,0.484
53,ec.gp.GPIndividual@1722631801{70589686},3C_20_50-02.txt,61.404,0.250,15.351,3,5.688,37.05,1.896,3.016,0.531
53,ec.gp.GPIndividual@1722631801{70589686},3C_20_80-01.txt,4.194,0.250,1.049,1,3.016,287.58,3.016,3.016,0.531
53,ec.gp.GPIndividual@1722631801{70589686},3C_20_50-03.txt,30.993,0.250,7.748,3,2.531,32.67,0.844,3.016,0.359
53,ec.gp.GPIndividual@1722631801{70589686},3C_20_50-03.txt,30.993,0.250,7.748,3,6.688,86.31,2.229,4.547,0.359
53,ec.gp.GPIndividual@1722631801{70589686},3C_20_80-02.txt,35.738,0.250,8.935,2,8.500,95.14,4.250,8.500,0.000
53,ec.gp.GPIndividual@1722631801{70589686},3C_20_66-02.txt,154.245,0.250,38.561,3,9.313,24.15,3.104,8.500,0.000
53,ec.gp.GPIndividual@1722631801{70589686},3C_20_50-03.txt,30.993,0.250,7.748,3,7.922,102.24,2.641,8.500,0.000
53,ec.gp.GPIndividual@1722631801{70589686},3C_20_66-03.txt,118.340,0.250,29.585,1,1.078,3.64,1.078,8.500,0.000
53,ec.gp.GPIndividual@1722631801{70589686},3C_20_80-03.txt,169.439,0.250,42.360,10,42.234,99.70,4.223,8.500,0.000
53,ec.gp.GPIndividual@1722631801{70589686},3C_20_80-01.txt,4.194,0.250,1.049,3,5.438,518.54,1.813,8.500,0.000
53,ec.gp.GPIndividual@1722631801{70589686},3C_20_66-01.txt,7.322,0.250,1.831,2,0.156,8.54,0.078,8.500,0.000
53,ec.gp.GPIndividual@1722631801{70589686},3C_20_80-02.txt,35.738,0.250,8.935,1,1.547,17.31,1.547,8.500,0.000
53,ec.gp.GPIndividual@1722631801{70589686},3C_20_66-01.txt,7.322,0.250,1.831,3,1.906,104.14,0.635,8.500,0.000
53,ec.gp.GPIndividual@1722631801{70589686},3C_20_66-02.txt,154.245,0.250,38.561,2,15.391,39.91,7.695,14.859,0.000
53,ec.gp.GPIndividual@1722631801{70589686},3C_20_66-02.txt,154.245,0.250,38.561,0,0.000,0.00,0.000,14.859,0.000
53,ec.gp.GPIndividual@1722631801{70589686},3C_20_50-03.txt,30.993,0.250,7.748,1,6.391,82.48,6.391,14.859,0.000
53,ec.gp.GPIndividual@1669012760{823432481},3C_20_50-02.txt,61.404,0.250,15.351,0,0.000,0.00,0.000,0.000,0.000
53,ec.gp.GPIndividual@1669012760{823432481},3C_20_50-03.txt,30.993,0.250,7.748,0,0.000,0.00,0.000,0.000,0.000
53,ec.gp.GPIndividual@1669012760{823432481},3C_20_66-01.txt,7.322,0.250,1.831,0,0.000,0.00,0.000,0.000,0.000
53,ec.gp.GPIndividual@1669012760{823432481},3C_20_66-02.txt,154.245,0.250,38.561,0,0.000,0.00,0.000,0.000,0.000
53,ec.gp.GPIndividual@1669012760{823432481},3C_20_66-03.txt,118.340,0.250,29.585,0,0.000,0.00,0.000,0.000,0.000
53,ec.gp.GPIndividual@1669012760{823432481},3C_20_80-01.txt,4.194,0.250,1.049,0,0.000,0.00,0.000,0.000,0.000
53,ec.gp.GPIndividual@1669012760{823432481},3C_20_80-02.txt,35.738,0.250,8.935,0,0.000,0.00,0.000,0.000,0.000
53,ec.gp.GPIndividual@1669012760{823432481},3C_20_80-03.txt,169.439,0.250,42.360,0,0.000,0.00,0.000,0.000,0.000
53,ec.gp.GPIndividual@510127983{-1925018847},3C_20_50-02.txt,61.404,0.250,15.351,8,15.484,100.87,1.936,3.266,0.516
53,ec.gp.GPIndividual@510127983{-1925018847},3C_20_80-03.txt,169.439,0.250,42.360,4,14.469,34.16,3.617,11.469,0.516
53,ec.gp.GPIndividual@510127983{-1925018847},3C_20_66-01.txt,7.322,0.250,1.831,1,1.875,102.43,1.875,11.469,0.516
53,ec.gp.GPIndividual@510127983{-1925018847},3C_20_50-03.txt,30.993,0.250,7.748,6,8.516,109.91,1.419,11.469,0.516
53,ec.gp.GPIndividual@510127983{-1925018847},3C_20_66-02.txt,154.245,0.250,38.561,1,0.313,0.81,0.313,11.469,0.313
53,ec.gp.GPIndividual@510127983{-1925018847},3C_20_66-03.txt,118.340,0.250,29.585,1,1.031,3.49,1.031,11.469,0.313
53,ec.gp.GPIndividual@510127983{-1925018847},3C_20_66-03.txt,118.340,0.250,29.585,5,16.625,56.19,3.325,11.469,0.313
53,ec.gp.GPIndividual@510127983{-1925018847},3C_20_66-03.txt,118.340,0.250,29.585,5,30.703,103.78,6.141,11.469,0.313
53,ec.gp.GPIndividual@2034824935{616484766},3C_20_50-02.txt,61.404,0.250,15.351,3,10.484,68.30,3.495,6.328,0.359
53,ec.gp.GPIndividual@2034824935{616484766},3C_20_80-01.txt,4.194,0.250,1.049,2,4.266,406.78,2.133,6.328,0.359
53,ec.gp.GPIndividual@2034824935{616484766},3C_20_80-01.txt,4.194,0.250,1.049,2,2.781,265.23,1.391,6.328,0.344
53,ec.gp.GPIndividual@2034824935{616484766},3C_20_66-01.txt,7.322,0.250,1.831,3,2.656,145.11,0.885,6.328,0.313
53,ec.gp.GPIndividual@2034824935{616484766},3C_20_50-03.txt,30.993,0.250,7.748,1,0.500,6.45,0.500,6.328,0.313
53,ec.gp.GPIndividual@2034824935{616484766},3C_20_80-02.txt,35.738,0.250,8.935,4,8.516,95.31,2.129,6.844,0.313
53,ec.gp.GPIndividual@2034824935{616484766},3C_20_66-01.txt,7.322,0.250,1.831,2,2.547,139.13,1.273,6.844,0.313
53,ec.gp.GPIndividual@2034824935{616484766},3C_20_80-02.txt,35.738,0.250,8.935,5,8.953,100.21,1.791,6.844,0.313
53,ec.gp.GPIndividual@2034824935{616484766},3C_20_80-01.txt,4.194,0.250,1.049,1,3.125,298.01,3.125,6.844,0.313
53,ec.gp.GPIndividual@2034824935{616484766},3C_20_66-01.txt,7.322,0.250,1.831,2,2.906,158.76,1.453,6.844,0.313
53,ec.gp.GPIndividual@2034824935{616484766},3C_20_80-03.txt,169.439,0.250,42.360,3,2.625,6.20,0.875,6.844,0.156
53,ec.gp.GPIndividual@2034824935{616484766},3C_20_80-03.txt,169.439,0.250,42.360,11,13.875,32.76,1.261,6.844,0.156
53,ec.gp.GPIndividual@2034824935{616484766},3C_20_66-02.txt,154.245,0.250,38.561,1,6.063,15.72,6.063,6.844,0.156
53,ec.gp.GPIndividual@1414744830{-761722024},3C_20_50-02.txt,61.404,0.250,15.351,7,15.719,102.39,2.246,6.422,0.328
53,ec.gp.GPIndividual@1414744830{-761722024},3C_20_80-02.txt,35.738,0.250,8.935,0,0.000,0.00,0.000,6.422,0.328
53,ec.gp.GPIndividual@1414744830{-761722024},3C_20_66-03.txt,118.340,0.250,29.585,2,5.484,18.54,2.742,6.422,0.328
53,ec.gp.GPIndividual@1869956563{2004285173},3C_20_50-02.txt,61.404,0.250,15.351,0,0.000,0.00,0.000,0.000,0.000
53,ec.gp.GPIndividual@1869956563{2004285173},3C_20_50-03.txt,30.993,0.250,7.748,0,0.000,0.00,0.000,0.000,0.000
53,ec.gp.GPIndividual@1869956563{2004285173},3C_20_66-01.txt,7.322,0.250,1.831,0,0.000,0.00,0.000,0.000,0.000
53,ec.gp.GPIndividual@1869956563{2004285173},3C_20_66-02.txt,154.245,0.250,38.561,0,0.000,0.00,0.000,0.000,0.000
53,ec.gp.GPIndividual@1869956563{2004285173},3C_20_66-03.txt,118.340,0.250,29.585,0,0.000,0.00,0.000,0.000,0.000
53,ec.gp.GPIndividual@1869956563{2004285173},3C_20_80-01.txt,4.194,0.250,1.049,0,0.000,0.00,0.000,0.000,0.000
53,ec.gp.GPIndividual@1869956563{2004285173},3C_20_80-02.txt,35.738,0.250,8.935,0,0.000,0.00,0.000,0.000,0.000
53,ec.gp.GPIndividual@1869956563{2004285173},3C_20_80-03.txt,169.439,0.250,42.360,0,0.000,0.00,0.000,0.000,0.000
53,ec.gp.GPIndividual@178031676{1655750742},3C_20_50-02.txt,61.404,0.250,15.351,8,18.953,123.46,2.369,6.125,0.500
53,ec.gp.GPIndividual@178031676{1655750742},3C_20_80-01.txt,4.194,0.250,1.049,1,1.422,135.59,1.422,6.125,0.500
53,ec.gp.GPIndividual@178031676{1655750742},3C_20_80-03.txt,169.439,0.250,42.360,2,1.563,3.69,0.781,6.125,0.500
53,ec.gp.GPIndividual@178031676{1655750742},3C_20_50-03.txt,30.993,0.250,7.748,2,14.797,190.97,7.398,12.141,0.500
53,ec.gp.GPIndividual@178031676{1655750742},3C_20_66-02.txt,154.245,0.250,38.561,4,18.531,48.06,4.633,13.563,0.500
53,ec.gp.GPIndividual@178031676{1655750742},3C_20_80-02.txt,35.738,0.250,8.935,6,8.750,97.93,1.458,13.563,0.000
53,ec.gp.GPIndividual@178031676{1655750742},3C_20_66-01.txt,7.322,0.250,1.831,1,2.859,156.20,2.859,13.563,0.000
53,ec.gp.GPIndividual@178031676{1655750742},3C_20_50-03.txt,30.993,0.250,7.748,1,2.313,29.85,2.313,13.563,0.000
53,ec.gp.GPIndividual@178031676{1655750742},3C_20_80-03.txt,169.439,0.250,42.360,1,0.859,2.03,0.859,13.563,0.000
53,ec.gp.GPIndividual@178031676{1655750742},3C_20_66-03.txt,118.340,0.250,29.585,9,32.453,109.69,3.606,13.563,0.000
53,ec.gp.GPIndividual@144890665{-442530692},3C_20_50-02.txt,61.404,0.250,15.351,1,1.828,11.91,1.828,1.828,1.828
53,ec.gp.GPIndividual@144890665{-442530692},3C_20_66-02.txt,154.245,0.250,38.561,3,3.344,8.67,1.115,2.969,0.000
53,ec.gp.GPIndividual@144890665{-442530692},3C_20_66-02.txt,154.245,0.250,38.561,23,37.328,96.80,1.623,4.328,0.000
53,ec.gp.GPIndividual@144890665{-442530692},3C_20_66-03.txt,118.340,0.250,29.585,1,4.891,16.53,4.891,4.891,0.000
53,ec.gp.GPIndividual@144890665{-442530692},3C_20_66-03.txt,118.340,0.250,29.585,1,5.938,20.07,5.938,5.938,0.000
53,ec.gp.GPIndividual@144890665{-442530692},3C_20_50-03.txt,30.993,0.250,7.748,1,2.109,27.22,2.109,5.938,0.000
53,ec.gp.GPIndividual@144890665{-442530692},3C_20_66-03.txt,118.340,0.250,29.585,1,10.203,34.49,10.203,10.203,0.000
53,ec.gp.GPIndividual@144890665{-442530692},3C_20_80-03.txt,169.439,0.250,42.360,10,38.719,91.40,3.872,10.203,0.000
53,ec.gp.GPIndividual@144890665{-442530692},3C_20_80-01.txt,4.194,0.250,1.049,4,0.875,83.44,0.219,10.203,0.000
53,ec.gp.GPIndividual@144890665{-442530692},3C_20_80-02.txt,35.738,0.250,8.935,1,5.609,62.78,5.609,10.203,0.000
53,ec.gp.GPIndividual@144890665{-442530692},3C_20_80-01.txt,4.194,0.250,1.049,1,3.359,320.36,3.359,10.203,0.000
53,ec.gp.GPIndividual@144890665{-442530692},3C_20_80-01.txt,4.194,0.250,1.049,1,5.906,563.24,5.906,10.203,0.000
53,ec.gp.GPIndividual@144890665{-442530692},3C_20_66-01.txt,7.322,0.250,1.831,5,2.391,130.60,0.478,10.203,0.000
53,ec.gp.GPIndividual@144890665{-442530692},3C_20_66-02.txt,154.245,0.250,38.561,1,6.547,16.98,6.547,10.203,0.000
53,ec.gp.GPIndividual@1174523273{302822509},3C_20_50-02.txt,61.404,0.250,15.351,4,3.141,20.46,0.785,1.453,0.359
53,ec.gp.GPIndividual@1174523273{302822509},3C_20_80-02.txt,35.738,0.250,8.935,8,8.844,98.98,1.105,1.656,0.125
53,ec.gp.GPIndividual@1174523273{302822509},3C_20_80-03.txt,169.439,0.250,42.360,2,1.906,4.50,0.953,1.656,0.125
53,ec.gp.GPIndividual@1174523273{302822509},3C_20_80-03.txt,169.439,0.250,42.360,13,35.016,82.66,2.694,8.359,0.125
53,ec.gp.GPIndividual@711146896{1026188876},3C_20_50-02.txt,61.404,0.250,15.351,0,0.000,0.00,0.000,0.000,0.000
53,ec.gp.GPIndividual@711146896{1026188876},3C_20_50-03.txt,30.993,0.250,7.748,0,0.000,0.00,0.000,0.000,0.000
53,ec.gp.GPIndividual@711146896{1026188876},3C_20_66-01.txt,7.322,0.250,1.831,0,0.000,0.00,0.000,0.000,0.000
53,ec.gp.GPIndividual@711146896{1026188876},3C_20_66-02.txt,154.245,0.250,38.561,0,0.000,0.00,0.000,0.000,0.000
53,ec.gp.GPIndividual@711146896{1026188876},3C_20_66-03.txt,118.340,0.250,29.585,0,0.000,0.00,0.000,0.000,0.000
53,ec.gp.GPIndividual@711146896{1026188876},3C_20_80-01.txt,4.194,0.250,1.049,0,0.000,0.00,0.000,0.000,0.000
53,ec.gp.GPIndividual@711146896{1026188876},3C_20_80-02.txt,35.738,0.250,8.935,0,0.000,0.00,0.000,0.000,0.000
53,ec.gp.GPIndividual@711146896{1026188876},3C_20_80-03.txt,169.439,0.250,42.360,0,0.000,0.00,0.000,0.000,0.000
53,ec.gp.GPIndividual@1910317577{1029157362},3C_20_50-02.txt,61.404,0.250,15.351,2,10.578,68.91,5.289,10.141,0.438
53,ec.gp.GPIndividual@158523820{427430366},3C_20_50-02.txt,61.404,0.250,15.351,5,22.703,147.89,4.541,13.078,0.313
53,ec.gp.GPIndividual@158523820{427430366},3C_20_66-03.txt,118.340,0.250,29.585,2,15.531,52.50,7.766,13.797,0.313
53,ec.gp.GPIndividual@158523820{427430366},3C_20_50-03.txt,30.993,0.250,7.748,1,2.891,37.31,2.891,13.797,0.313
53,ec.gp.GPIndividual@158523820{427430366},3C_20_80-02.txt,35.738,0.250,8.935,4,9.016,100.91,2.254,13.797,0.313
53,ec.gp.GPIndividual@158523820{427430366},3C_20_66-01.txt,7.322,0.250,1.831,1,2.391,130.60,2.391,13.797,0.313
53,ec.gp.GPIndividual@158523820{427430366},3C_20_50-03.txt,30.993,0.250,7.748,3,3.938,50.82,1.313,13.797,0.313
53,ec.gp.GPIndividual@158523820{427430366},3C_20_50-03.txt,30.993,0.250,7.748,5,8.109,104.66,1.622,13.797,0.313
53,ec.gp.GPIndividual@158523820{427430366},3C_20_66-02.txt,154.245,0.250,38.561,1,0.281,0.73,0.281,13.797,0.281
53,ec.gp.GPIndividual@158523820{427430366},3C_20_80-03.txt,169.439,0.250,42.360,1,1.172,2.77,1.172,13.797,0.281
53,ec.gp.GPIndividual@158523820{427430366},3C_20_80-01.txt,4.194,0.250,1.049,2,3.766,359.10,1.883,13.797,0.281
53,ec.gp.GPIndividual@158523820{427430366},3C_20_66-01.txt,7.322,0.250,1.831,3,1.031,56.34,0.344,13.797,0.000
53,ec.gp.GPIndividual@158523820{427430366},3C_20_80-02.txt,35.738,0.250,8.935,5,8.016,89.72,1.603,13.797,0.000
53,ec.gp.GPIndividual@158523820{427430366},3C_20_66-03.txt,118.340,0.250,29.585,1,0.906,3.06,0.906,13.797,0.000
53,ec.gp.GPIndividual@158523820{427430366},3C_20_66-02.txt,154.245,0.250,38.561,2,4.109,10.66,2.055,13.797,0.000
53,ec.gp.GPIndividual@158523820{427430366},3C_20_66-01.txt,7.322,0.250,1.831,2,5.531,302.16,2.766,13.797,0.000
53,ec.gp.GPIndividual@1881855444{-1310510799},3C_20_50-02.txt,61.404,0.250,15.351,2,1.125,7.33,0.563,0.719,0.406
53,ec.gp.GPIndividual@1881855444{-1310510799},3C_20_80-03.txt,169.439,0.250,42.360,16,33.328,78.68,2.083,6.031,0.266
53,ec.gp.GPIndividual@1881855444{-1310510799},3C_20_80-01.txt,4.194,0.250,1.049,2,0.734,70.03,0.367,6.031,0.266
53,ec.gp.GPIndividual@1881855444{-1310510799},3C_20_80-02.txt,35.738,0.250,8.935,1,7.359,82.37,7.359,7.359,0.266
53,ec.gp.GPIndividual@1881855444{-1310510799},3C_20_50-03.txt,30.993,0.250,7.748,1,8.281,106.88,8.281,8.281,0.266
53,ec.gp.GPIndividual@1881855444{-1310510799},3C_20_66-03.txt,118.340,0.250,29.585,1,8.734,29.52,8.734,8.734,0.266
53,ec.gp.GPIndividual@737148466{1428743410},3C_20_50-02.txt,61.404,0.250,15.351,6,15.438,100.56,2.573,11.000,0.141
53,ec.gp.GPIndividual@737148466{1428743410},3C_20_80-03.txt,169.439,0.250,42.360,1,1.047,2.47,1.047,11.000,0.141
53,ec.gp.GPIndividual@737148466{1428743410},3C_20_66-02.txt,154.245,0.250,38.561,7,13.094,33.96,1.871,11.000,0.141
53,ec.gp.GPIndividual@737148466{1428743410},3C_20_50-03.txt,30.993,0.250,7.748,4,10.047,129.67,2.512,11.000,0.141
53,ec.gp.GPIndividual@918616100{-1063007899},3C_20_50-02.txt,61.404,0.250,15.351,5,12.563,81.83,2.513,9.563,0.172
53,ec.gp.GPIndividual@918616100{-1063007899},3C_20_66-03.txt,118.340,0.250,29.585,2,16.141,54.56,8.070,13.359,0.172
53,ec.gp.GPIndividual@918616100{-1063007899},3C_20_66-03.txt,118.340,0.250,29.585,2,6.484,21.92,3.242,13.359,0.172
53,ec.gp.GPIndividual@918616100{-1063007899},3C_20_50-03.txt,30.993,0.250,7.748,6,7.438,95.99,1.240,13.359,0.000
53,ec.gp.GPIndividual@918616100{-1063007899},3C_20_66-01.txt,7.322,0.250,1.831,1,0.875,47.80,0.875,13.359,0.000
53,ec.gp.GPIndividual@918616100{-1063007899},3C_20_80-01.txt,4.194,0.250,1.049,2,0.688,65.56,0.344,13.359,0.000
53,ec.gp.GPIndividual@918616100{-1063007899},3C_20_66-02.txt,154.245,0.250,38.561,13,20.516,53.20,1.578,13.359,0.000
53,ec.gp.GPIndividual@918616100{-1063007899},3C_20_80-01.txt,4.194,0.250,1.049,8,1.125,107.28,0.141,13.359,0.000
53,ec.gp.GPIndividual@918616100{-1063007899},3C_20_80-02.txt,35.738,0.250,8.935,6,5.688,63.66,0.948,13.359,0.000
53,ec.gp.GPIndividual@918616100{-1063007899},3C_20_80-03.txt,169.439,0.250,42.360,2,15.141,35.74,7.570,13.359,0.000
53,ec.gp.GPIndividual@918616100{-1063007899},3C_20_66-03.txt,118.340,0.250,29.585,1,11.781,39.82,11.781,13.359,0.000
53,ec.gp.GPIndividual@918616100{-1063007899},3C_20_80-02.txt,35.738,0.250,8.935,8,8.250,92.34,1.031,13.359,0.000
53,ec.gp.GPIndividual@918616100{-1063007899},3C_20_80-03.txt,169.439,0.250,42.360,1,0.875,2.07,0.875,13.359,0.000
53,ec.gp.GPIndividual@918616100{-1063007899},3C_20_80-01.txt,4.194,0.250,1.049,8,1.094,104.30,0.137,13.359,0.000
53,ec.gp.GPIndividual@918616100{-1063007899},3C_20_80-02.txt,35.738,0.250,8.935,6,7.250,81.15,1.208,13.359,0.000
53,ec.gp.GPIndividual@457737698{-1200045440},3C_20_50-02.txt,61.404,0.250,15.351,6,9.953,64.84,1.659,5.859,0.141
53,ec.gp.GPIndividual@457737698{-1200045440},3C_20_80-03.txt,169.439,0.250,42.360,1,15.922,37.59,15.922,15.922,0.141
53,ec.gp.GPIndividual@1307825056{973518386},3C_20_50-02.txt,61.404,0.250,15.351,3,5.438,35.42,1.813,4.531,0.172
53,ec.gp.GPIndividual@1307825056{973518386},3C_20_50-03.txt,30.993,0.250,7.748,5,8.109,104.66,1.622,4.531,0.172
53,ec.gp.GPIndividual@190918012{2046313440},3C_20_50-02.txt,61.404,0.250,15.351,5,7.391,48.14,1.478,5.344,0.094
53,ec.gp.GPIndividual@190918012{2046313440},3C_20_50-03.txt,30.993,0.250,7.748,2,17.531,226.26,8.766,16.359,0.094
53,ec.gp.GPIndividual@1995241245{543809743},3C_20_50-02.txt,61.404,0.250,15.351,6,10.203,66.47,1.701,5.766,0.031
53,ec.gp.GPIndividual@1995241245{543809743},3C_20_50-03.txt,30.993,0.250,7.748,7,7.109,91.76,1.016,5.766,0.031
53,ec.gp.GPIndividual@1995241245{543809743},3C_20_66-01.txt,7.322,0.250,1.831,6,1.453,79.38,0.242,5.766,0.031
53,ec.gp.GPIndividual@1995241245{543809743},3C_20_66-02.txt,154.245,0.250,38.561,10,32.375,83.96,3.238,10.656,0.031
53,ec.gp.GPIndividual@1995241245{543809743},3C_20_66-03.txt,118.340,0.250,29.585,6,23.984,81.07,3.997,10.656,0.031
53,ec.gp.GPIndividual@1995241245{543809743},3C_20_80-01.txt,4.194,0.250,1.049,4,0.844,80.46,0.211,10.656,0.031
53,ec.gp.GPIndividual@1995241245{543809743},3C_20_80-02.txt,35.738,0.250,8.935,7,6.125,68.55,0.875,10.656,0.031
53,ec.gp.GPIndividual@1995241245{543809743},3C_20_80-03.txt,169.439,0.250,42.360,3,27.438,64.77,9.146,16.656,0.031
54,ec.gp.GPIndividual@2110729413{-1124620679},3C_20_50-02.txt,61.404,0.250,15.351,0,0.000,0.00,0.000,0.000,0.000
54,ec.gp.GPIndividual@2110729413{-1124620679},3C_20_50-03.txt,30.993,0.250,7.748,0,0.000,0.00,0.000,0.000,0.000
54,ec.gp.GPIndividual@2110729413{-1124620679},3C_20_66-01.txt,7.322,0.250,1.831,0,0.000,0.00,0.000,0.000,0.000
54,ec.gp.GPIndividual@2110729413{-1124620679},3C_20_66-02.txt,154.245,0.250,38.561,0,0.000,0.00,0.000,0.000,0.000
54,ec.gp.GPIndividual@2110729413{-1124620679},3C_20_66-03.txt,118.340,0.250,29.585,0,0.000,0.00,0.000,0.000,0.000
54,ec.gp.GPIndividual@2110729413{-1124620679},3C_20_80-01.txt,4.194,0.250,1.049,0,0.000,0.00,0.000,0.000,0.000
54,ec.gp.GPIndividual@2110729413{-1124620679},3C_20_80-02.txt,35.738,0.250,8.935,0,0.000,0.00,0.000,0.000,0.000
54,ec.gp.GPIndividual@2110729413{-1124620679},3C_20_80-03.txt,169.439,0.250,42.360,0,0.000,0.00,0.000,0.000,0.000
54,ec.gp.GPIndividual@491648969{-999705758},3C_20_50-02.txt,61.404,0.250,15.351,14,15.734,102.50,1.124,1.797,0.359
54,ec.gp.GPIndividual@491648969{-999705758},3C_20_50-03.txt,30.993,0.250,7.748,4,7.797,100.63,1.949,2.453,0.359
54,ec.gp.GPIndividual@491648969{-999705758},3C_20_50-03.txt,30.993,0.250,7.748,1,0.484,6.25,0.484,2.453,0.359
54,ec.gp.GPIndividual@491648969{-999705758},3C_20_50-03.txt,30.993,0.250,7.748,4,7.641,98.61,1.910,2.594,0.359
54,ec.gp.GPIndividual@491648969{-999705758},3C_20_50-03.txt,30.993,0.250,7.748,3,4.875,62.92,1.625,3.109,0.000
54,ec.gp.GPIndividual@491648969{-999705758},3C_20_50-03.txt,30.993,0.250,7.748,2,1.047,13.51,0.523,3.109,0.000
54,ec.gp.GPIndividual@491648969{-999705758},3C_20_50-03.txt,30.993,0.250,7.748,7,9.641,124.42,1.377,3.281,0.000
54,ec.gp.GPIndividual@491648969{-999705758},3C_20_66-01.txt,7.322,0.250,1.831,1,1.875,102.43,1.875,3.281,0.000
54,ec.gp.GPIndividual@491648969{-999705758},3C_20_66-01.txt,7.322,0.250,1.831,3,1.859,101.57,0.620,3.281,0.000
54,ec.gp.GPIndividual@491648969{-999705758},3C_20_66-01.txt,7.322,0.250,1.831,1,3.188,174.13,3.188,3.281,0.000
54,ec.gp.GPIndividual@491648969{-999705758},3C_20_66-01.txt,7.322,0.250,1.831,4,7.469,408.01,1.867,3.281,0.000
54,ec.gp.GPIndividual@491648969{-999705758},3C_20_66-01.txt,7.322,0.250,1.831,3,1.844,100.72,0.615,3.281,0.000
54,ec.gp.GPIndividual@491648969{-999705758},3C_20_66-02.txt,154.245,0.250,38.561,1,0.125,0.32,0.125,3.281,0.000
54,ec.gp.GPIndividual@491648969{-999705758},3C_20_66-02.txt,154.245,0.250,38.561,5,2.531,6.56,0.506,3.281,0.000
54,ec.gp.GPIndividual@491648969{-999705758},3C_20_66-01.txt,7.322,0.250,1.831,2,2.188,119.50,1.094,3.281,0.000
54,ec.gp.GPIndividual@491648969{-999705758},3C_20_66-02.txt,154.245,0.250,38.561,13,19.328,50.12,1.487,3.281,0.000
54,ec.gp.GPIndividual@491648969{-999705758},3C_20_66-02.txt,154.245,0.250,38.561,17,33.859,87.81,1.992,8.250,0.000
54,ec.gp.GPIndividual@491648969{-999705758},3C_20_66-02.txt,154.245,0.250,38.561,3,10.234,26.54,3.411,8.250,0.000
54,ec.gp.GPIndividual@491648969{-999705758},3C_20_66-03.txt,118.340,0.250,29.585,1,8.047,27.20,8.047,8.250,0.000
54,ec.gp.GPIndividual@491648969{-999705758},3C_20_66-03.txt,118.340,0.250,29.585,2,10.859,36.71,5.430,9.234,0.000
54,ec.gp.GPIndividual@491648969{-999705758},3C_20_66-03.txt,118.340,0.250,29.585,6,30.125,101.83,5.021,12.844,0.000
54,ec.gp.GPIndividual@491648969{-999705758},3C_20_80-01.txt,4.194,0.250,1.049,2,6.719,640.72,3.359,12.844,0.000
54,ec.gp.GPIndividual@491648969{-999705758},3C_20_80-01.txt,4.194,0.250,1.049,1,0.344,32.78,0.344,12.844,0.000
54,ec.gp.GPIndividual@491648969{-999705758},3C_20_80-02.txt,35.738,0.250,8.935,3,9.156,102.48,3.052,12.844,0.000
54,ec.gp.GPIndividual@491648969{-999705758},3C_20_80-01.txt,4.194,0.250,1.049,2,1.563,149.01,0.781,12.844,0.000
54,ec.gp.GPIndividual@491648969{-999705758},3C_20_80-02.txt,35.738,0.250,8.935,2,1.359,15.21,0.680,12.844,0.000
54,ec.gp.GPIndividual@491648969{-999705758},3C_20_66-02.txt,154.245,0.250,38.561,2,6.969,18.07,3.484,12.844,0.000
54,ec.gp.GPIndividual@491648969{-999705758},3C_20_66-03.txt,118.340,0.250,29.585,1,1.219,4.12,1.219,12.844,0.000
54,ec.gp.GPIndividual@491648969{-999705758},3C_20_80-02.txt,35.738,0.250,8.935,3,18.281,204.61,6.094,14.750,0.000
54,ec.gp.GPIndividual@491648969{-999705758},3C_20_66-03.txt,118.340,0.250,29.585,13,25.031,84.61,1.925,14.750,0.000
54,ec.gp.GPIndividual@491648969{-999705758},3C_20_80-01.txt,4.194,0.250,1.049,1,1.578,150.50,1.578,14.750,0.000
54,ec.gp.GPIndividual@491648969{-999705758},3C_20_66-03.txt,118.340,0.250,29.585,9,19.797,66.92,2.200,14.750,0.000
54,ec.gp.GPIndividual@491648969{-999705758},3C_20_80-03.txt,169.439,0.250,42.360,3,17.250,40.72,5.750,14.750,0.000
54,ec.gp.GPIndividual@491648969{-999705758},3C_20_80-03.txt,169.439,0.250,42.360,1,7.016,16.56,7.016,14.750,0.000
54,ec.gp.GPIndividual@491648969{-999705758},3C_20_80-03.txt,169.439,0.250,42.360,2,9.531,22.50,4.766,14.750,0.000
54,ec.gp.GPIndividual@491648969{-999705758},3C_20_80-02.txt,35.738,0.250,8.935,2,7.328,82.02,3.664,14.750,0.000
54,ec.gp.GPIndividual@856005944{-621323747},3C_20_50-02.txt,61.404,0.250,15.351,1,2.156,14.05,2.156,2.156,2.156
54,ec.gp.GPIndividual@856005944{-621323747},3C_20_80-03.txt,169.439,0.250,42.360,6,22.703,53.60,3.784,6.219,0.484
54,ec.gp.GPIndividual@57917211{866465352},3C_20_50-02.txt,61.404,0.250,15.351,3,19.344,126.01,6.448,15.688,0.531
54,ec.gp.GPIndividual@57917211{866465352},3C_20_80-01.txt,4.194,0.250,1.049,1,2.016,192.22,2.016,15.688,0.531
54,ec.gp.GPIndividual@57917211{866465352},3C_20_50-03.txt,30.993,0.250,7.748,5,11.313,146.00,2.263,15.688,0.500
54,ec.gp.GPIndividual@57917211{866465352},3C_20_50-03.txt,30.993,0.250,7.748,1,0.531,6.86,0.531,15.688,0.500
54,ec.gp.GPIndividual@57917211{866465352},3C_20_80-02.txt,35.738,0.250,8.935,2,16.969,189.92,8.484,15.750,0.500
54,ec.gp.GPIndividual@57917211{866465352},3C_20_80-01.txt,4.194,0.250,1.049,3,1.063,101.32,0.354,15.750,0.172
54,ec.gp.GPIndividual@57917211{866465352},3C_20_80-02.txt,35.738,0.250,8.935,2,13.500,151.10,6.750,15.750,0.172
54,ec.gp.GPIndividual@53221965{178630199},3C_20_50-02.txt,61.404,0.250,15.351,0,0.000,0.00,0.000,0.000,0.000
54,ec.gp.GPIndividual@53221965{178630199},3C_20_50-03.txt,30.993,0.250,7.748,4,7.625,98.41,1.906,3.188,0.000
54,ec.gp.GPIndividual@53221965{178630199},3C_20_66-01.txt,7.322,0.250,1.831,1,2.297,125.47,2.297,3.188,0.000
54,ec.gp.GPIndividual@53221965{178630199},3C_20_80-03.txt,169.439,0.250,42.360,1,13.891,32.79,13.891,13.891,0.000
54,ec.gp.GPIndividual@1269929378{-1289882603},3C_20_50-02.txt,61.404,0.250,15.351,3,2.531,16.49,0.844,1.359,0.328
54,ec.gp.GPIndividual@1269929378{-1289882603},3C_20_80-03.txt,169.439,0.250,42.360,1,1.891,4.46,1.891,1.891,0.328
54,ec.gp.GPIndividual@1269929378{-1289882603},3C_20_66-01.txt,7.322,0.250,1.831,1,3.109,169.86,3.109,3.109,0.328
54,ec.gp.GPIndividual@1269929378{-1289882603},3C_20_66-01.txt,7.322,0.250,1.831,0,0.000,0.00,0.000,3.109,0.328
54,ec.gp.GPIndividual@1269929378{-1289882603},3C_20_66-02.txt,154.245,0.250,38.561,0,0.000,0.00,0.000,3.109,0.328
54,ec.gp.GPIndividual@1269929378{-1289882603},3C_20_66-03.txt,118.340,0.250,29.585,14,33.547,113.39,2.396,6.141,0.328
54,ec.gp.GPIndividual@1269929378{-1289882603},3C_20_80-01.txt,4.194,0.250,1.049,0,0.000,0.00,0.000,6.141,0.328
54,ec.gp.GPIndividual@1269929378{-1289882603},3C_20_80-02.txt,35.738,0.250,8.935,2,3.828,42.85,1.914,6.141,0.328
54,ec.gp.GPIndividual@1269929378{-1289882603},3C_20_66-02.txt,154.245,0.250,38.561,1,1.547,4.01,1.547,6.141,0.328
54,ec.gp.GPIndividual@1244729543{-256605407},3C_20_50-02.txt,61.404,0.250,15.351,4,9.078,59.14,2.270,3.844,0.500
54,ec.gp.GPIndividual@1244729543{-256605407},3C_20_50-03.txt,30.993,0.250,7.748,1,4.516,58.28,4.516,4.516,0.500
54,ec.gp.GPIndividual@378687424{-1659412685},3C_20_50-02.txt,61.404,0.250,15.351,0,0.000,0.00,0.000,0.000,0.000
54,ec.gp.GPIndividual@378687424{-1659412685},3C_20_50-03.txt,30.993,0.250,7.748,0,0.000,0.00,0.000,0.000,0.000
54,ec.gp.GPIndividual@378687424{-1659412685},3C_20_66-01.txt,7.322,0.250,1.831,0,0.000,0.00,0.000,0.000,0.000
54,ec.gp.GPIndividual@378687424{-1659412685},3C_20_66-02.txt,154.245,0.250,38.561,0,0.000,0.00,0.000,0.000,0.000
54,ec.gp.GPIndividual@378687424{-1659412685},3C_20_66-03.txt,118.340,0.250,29.585,0,0.000,0.00,0.000,0.000,0.000
54,ec.gp.GPIndividual@378687424{-1659412685},3C_20_80-01.txt,4.194,0.250,1.049,0,0.000,0.00,0.000,0.000,0.000
54,ec.gp.GPIndividual@378687424{-1659412685},3C_20_80-02.txt,35.738,0.250,8.935,0,0.000,0.00,0.000,0.000,0.000
54,ec.gp.GPIndividual@378687424{-1659412685},3C_20_80-03.txt,169.439,0.250,42.360,0,0.000,0.00,0.000,0.000,0.000
54,ec.gp.GPIndividual@299830213{-618074676},3C_20_50-02.txt,61.404,0.250,15.351,0,0.000,0.00,0.000,0.000,0.000
54,ec.gp.GPIndividual@299830213{-618074676},3C_20_50-03.txt,30.993,0.250,7.748,0,0.000,0.00,0.000,0.000,0.000
54,ec.gp.GPIndividual@299830213{-618074676},3C_20_66-01.txt,7.322,0.250,1.831,0,0.000,0.00,0.000,0.000,0.000
54,ec.gp.GPIndividual@299830213{-618074676},3C_20_66-02.txt,154.245,0.250,38.561,0,0.000,0.00,0.000,0.000,0.000
54,ec.gp.GPIndividual@299830213{-618074676},3C_20_66-03.txt,118.340,0.250,29.585,0,0.000,0.00,0.000,0.000,0.000
54,ec.gp.GPIndividual@299830213{-618074676},3C_20_80-01.txt,4.194,0.250,1.049,0,0.000,0.00,0.000,0.000,0.000
54,ec.gp.GPIndividual@299830213{-618074676},3C_20_80-02.txt,35.738,0.250,8.935,0,0.000,0.00,0.000,0.000,0.000
54,ec.gp.GPIndividual@299830213{-618074676},3C_20_80-03.txt,169.439,0.250,42.360,0,0.000,0.00,0.000,0.000,0.000
54,ec.gp.GPIndividual@798894295{-66757793},3C_20_50-02.txt,61.404,0.250,15.351,4,5.984,38.98,1.496,2.594,0.469
54,ec.gp.GPIndividual@798894295{-66757793},3C_20_80-03.txt,169.439,0.250,42.360,0,0.000,0.00,0.000,2.594,0.469
54,ec.gp.GPIndividual@849138644{94699327},3C_20_50-02.txt,61.404,0.250,15.351,0,0.000,0.00,0.000,0.000,0.000
54,ec.gp.GPIndividual@849138644{94699327},3C_20_50-03.txt,30.993,0.250,7.748,0,0.000,0.00,0.000,0.000,0.000
54,ec.gp.GPIndividual@849138644{94699327},3C_20_66-01.txt,7.322,0.250,1.831,0,0.000,0.00,0.000,0.000,0.000
54,ec.gp.GPIndividual@849138644{94699327},3C_20_66-02.txt,154.245,0.250,38.561,0,0.000,0.00,0.000,0.000,0.000
54,ec.gp.GPIndividual@849138644{94699327},3C_20_66-03.txt,118.340,0.250,29.585,0,0.000,0.00,0.000,0.000,0.000
54,ec.gp.GPIndividual@849138644{94699327},3C_20_80-01.txt,4.194,0.250,1.049,0,0.000,0.00,0.000,0.000,0.000
54,ec.gp.GPIndividual@849138644{94699327},3C_20_80-02.txt,35.738,0.250,8.935,0,0.000,0.00,0.000,0.000,0.000
54,ec.gp.GPIndividual@849138644{94699327},3C_20_80-03.txt,169.439,0.250,42.360,0,0.000,0.00,0.000,0.000,0.000
54,ec.gp.GPIndividual@839201933{436416575},3C_20_50-02.txt,61.404,0.250,15.351,8,16.938,110.33,2.117,4.516,0.531
54,ec.gp.GPIndividual@839201933{436416575},3C_20_66-02.txt,154.245,0.250,38.561,1,1.250,3.24,1.250,4.516,0.531
54,ec.gp.GPIndividual@839201933{436416575},3C_20_66-03.txt,118.340,0.250,29.585,11,31.859,107.69,2.896,6.094,0.531
54,ec.gp.GPIndividual@839201933{436416575},3C_20_80-01.txt,4.194,0.250,1.049,1,1.641,156.46,1.641,6.094,0.531
54,ec.gp.GPIndividual@839201933{436416575},3C_20_66-03.txt,118.340,0.250,29.585,3,7.203,24.35,2.401,6.094,0.531
54,ec.gp.GPIndividual@839201933{436416575},3C_20_50-03.txt,30.993,0.250,7.748,2,7.000,90.34,3.500,6.094,0.531
54,ec.gp.GPIndividual@839201933{436416575},3C_20_50-03.txt,30.993,0.250,7.748,1,8.125,104.86,8.125,8.125,0.531
54,ec.gp.GPIndividual@839201933{436416575},3C_20_50-03.txt,30.993,0.250,7.748,3,7.422,95.79,2.474,8.125,0.531
54,ec.gp.GPIndividual@839201933{436416575},3C_20_80-02.txt,35.738,0.250,8.935,2,4.516,50.54,2.258,8.125,0.531
54,ec.gp.GPIndividual@839201933{436416575},3C_20_66-01.txt,7.322,0.250,1.831,1,3.250,177.54,3.250,8.125,0.531
54,ec.gp.GPIndividual@839201933{436416575},3C_20_66-01.txt,7.322,0.250,1.831,1,6.234,340.57,6.234,8.125,0.531
54,ec.gp.GPIndividual@839201933{436416575},3C_20_80-01.txt,4.194,0.250,1.049,2,0.984,93.87,0.492,8.125,0.156
54,ec.gp.GPIndividual@839201933{436416575},3C_20_66-02.txt,154.245,0.250,38.561,9,20.406,52.92,2.267,8.688,0.156
54,ec.gp.GPIndividual@839201933{436416575},3C_20_66-01.txt,7.322,0.250,1.831,4,3.594,196.32,0.898,8.688,0.141
54,ec.gp.GPIndividual@839201933{436416575},3C_20_66-02.txt,154.245,0.250,38.561,0,0.000,0.00,0.000,8.688,0.141
54,ec.gp.GPIndividual@839201933{436416575},3C_20_80-02.txt,35.738,0.250,8.935,7,9.406,105.28,1.344,8.688,0.141
54,ec.gp.GPIndividual@839201933{436416575},3C_20_66-03.txt,118.340,0.250,29.585,3,7.109,24.03,2.370,8.688,0.141
54,ec.gp.GPIndividual@839201933{436416575},3C_20_80-03.txt,169.439,0.250,42.360,2,2.891,6.82,1.445,8.688,0.141
54,ec.gp.GPIndividual@839201933{436416575},3C_20_80-03.txt,169.439,0.250,42.360,8,21.391,50.50,2.674,8.688,0.141
54,ec.gp.GPIndividual@839201933{436416575},3C_20_66-01.txt,7.322,0.250,1.831,1,6.141,335.45,6.141,8.688,0.141
54,ec.gp.GPIndividual@24864964{-967243609},3C_20_50-02.txt,61.404,0.250,15.351,8,15.453,100.66,1.932,5.938,0.188
54,ec.gp.GPIndividual@24864964{-967243609},3C_20_66-02.txt,154.245,0.250,38.561,1,0.688,1.78,0.688,5.938,0.188
54,ec.gp.GPIndividual@24864964{-967243609},3C_20_80-01.txt,4.194,0.250,1.049,2,4.453,424.66,2.227,5.938,0.188
54,ec.gp.GPIndividual@12171637{-1956203827},3C_20_50-02.txt,61.404,0.250,15.351,2,2.594,16.90,1.297,2.266,0.328
54,ec.gp.GPIndividual@12171637{-1956203827},3C_20_80-02.txt,35.738,0.250,8.935,5,9.516,106.50,1.903,2.422,0.328
54,ec.gp.GPIndividual@12171637{-1956203827},3C_20_50-03.txt,30.993,0.250,7.748,2,1.703,21.98,0.852,2.422,0.328
54,ec.gp.GPIndividual@12171637{-1956203827},3C_20_50-03.txt,30.993,0.250,7.748,1,0.828,10.69,0.828,2.422,0.328
54,ec.gp.GPIndividual@12171637{-1956203827},3C_20_80-03.txt,169.439,0.250,42.360,9,45.203,106.71,5.023,13.969,0.328
54,ec.gp.GPIndividual@12171637{-1956203827},3C_20_66-03.txt,118.340,0.250,29.585,1,0.344,1.16,0.344,13.969,0.328
54,ec.gp.GPIndividual@1074032315{-497760486},3C_20_50-02.txt,61.404,0.250,15.351,1,2.734,17.81,2.734,2.734,2.734
54,ec.gp.GPIndividual@1074032315{-497760486},3C_20_66-03.txt,118.340,0.250,29.585,5,18.984,64.17,3.797,7.813,0.484
54,ec.gp.GPIndividual@1074032315{-497760486},3C_20_66-02.txt,154.245,0.250,38.561,9,37.500,97.25,4.167,7.813,0.484
54,ec.gp.GPIndividual@1074032315{-497760486},3C_20_66-03.txt,118.340,0.250,29.585,1,1.438,4.86,1.438,7.813,0.484
54,ec.gp.GPIndividual@1074032315{-497760486},3C_20_66-01.txt,7.322,0.250,1.831,1,3.516,192.05,3.516,7.813,0.484
54,ec.gp.GPIndividual@1074032315{-497760486},3C_20_80-01.txt,4.194,0.250,1.049,1,3.516,335.26,3.516,7.813,0.484
54,ec.gp.GPIndividual@1074032315{-497760486},3C_20_80-01.txt,4.194,0.250,1.049,3,1.625,154.97,0.542,7.813,0.250
54,ec.gp.GPIndividual@1074032315{-497760486},3C_20_66-02.txt,154.245,0.250,38.561,9,21.938,56.89,2.438,7.813,0.250
54,ec.gp.GPIndividual@1074032315{-497760486},3C_20_50-03.txt,30.993,0.250,7.748,2,7.031,90.75,3.516,7.813,0.250
54,ec.gp.GPIndividual@1074032315{-497760486},3C_20_80-01.txt,4.194,0.250,1.049,1,1.422,135.59,1.422,7.813,0.250
54,ec.gp.GPIndividual@1074032315{-497760486},3C_20_66-03.txt,118.340,0.250,29.585,11,31.688,107.11,2.881,9.359,0.250
54,ec.gp.GPIndividual@1074032315{-497760486},3C_20_80-02.txt,35.738,0.250,8.935,1,0.328,3.67,0.328,9.359,0.250
54,ec.gp.GPIndividual@1074032315{-497760486},3C_20_80-02.txt,35.738,0.250,8.935,2,10.484,117.35,5.242,9.359,0.250
54,ec.gp.GPIndividual@1074032315{-497760486},3C_20_66-01.txt,7.322,0.250,1.831,2,1.688,92.19,0.844,9.359,0.172
54,ec.gp.GPIndividual@1074032315{-497760486},3C_20_66-01.txt,7.322,0.250,1.831,2,4.797,262.05,2.398,9.359,0.172
54,ec.gp.GPIndividual@1074032315{-497760486},3C_20_80-02.txt,35.738,0.250,8.935,1,1.203,13.47,1.203,9.359,0.172
54,ec.gp.GPIndividual@1074032315{-497760486},3C_20_80-01.txt,4.194,0.250,1.049,3,3.344,318.87,1.115,9.359,0.172
54,ec.gp.GPIndividual@1074032315{-497760486},3C_20_80-03.txt,169.439,0.250,42.360,8,8.313,19.62,1.039,9.359,0.000
54,ec.gp.GPIndividual@1074032315{-497760486},3C_20_66-02.txt,154.245,0.250,38.561,19,37.781,97.98,1.988,9.359,0.000
54,ec.gp.GPIndividual@1074032315{-497760486},3C_20_80-03.txt,169.439,0.250,42.360,1,1.078,2.55,1.078,9.359,0.000
54,ec.gp.GPIndividual@1074032315{-497760486},3C_20_66-03.txt,118.340,0.250,29.585,1,3.047,10.30,3.047,9.359,0.000
54,ec.gp.GPIndividual@1074032315{-497760486},3C_20_80-02.txt,35.738,0.250,8.935,1,4.078,45.64,4.078,9.359,0.000
54,ec.gp.GPIndividual@1074032315{-497760486},3C_20_80-03.txt,169.439,0.250,42.360,11,41.969,99.08,3.815,9.359,0.000
54,ec.gp.GPIndividual@169834996{1852342155},3C_20_50-02.txt,61.404,0.250,15.351,2,1.406,9.16,0.703,0.875,0.531
54,ec.gp.GPIndividual@169834996{1852342155},3C_20_80-03.txt,169.439,0.250,42.360,3,10.031,23.68,3.344,4.844,0.531
54,ec.gp.GPIndividual@536607880{610178051},3C_20_50-02.txt,61.404,0.250,15.351,4,15.422,100.46,3.855,10.500,0.516
54,ec.gp.GPIndividual@536607880{610178051},3C_20_66-02.txt,154.245,0.250,38.561,3,23.594,61.19,7.865,15.078,0.516
54,ec.gp.GPIndividual@1804374649{-664524961},3C_20_50-02.txt,61.404,0.250,15.351,8,19.281,125.60,2.410,6.016,0.531
54,ec.gp.GPIndividual@409734657{-333964708},3C_20_50-02.txt,61.404,0.250,15.351,1,4.750,30.94,4.750,4.750,4.750
54,ec.gp.GPIndividual@409734657{-333964708},3C_20_50-03.txt,30.993,0.250,7.748,4,3.125,40.33,0.781,4.750,0.000
54,ec.gp.GPIndividual@409734657{-333964708},3C_20_50-03.txt,30.993,0.250,7.748,5,22.875,295.23,4.575,15.625,0.000
54,ec.gp.GPIndividual@409734657{-333964708},3C_20_66-01.txt,7.322,0.250,1.831,0,0.000,0.00,0.000,15.625,0.000
54,ec.gp.GPIndividual@409734657{-333964708},3C_20_80-01.txt,4.194,0.250,1.049,1,3.125,298.01,3.125,15.625,0.000
54,ec.gp.GPIndividual@409734657{-333964708},3C_20_66-01.txt,7.322,0.250,1.831,2,1.938,105.84,0.969,15.625,0.000
54,ec.gp.GPIndividual@409734657{-333964708},3C_20_50-03.txt,30.993,0.250,7.748,7,8.000,103.25,1.143,15.625,0.000
54,ec.gp.GPIndividual@409734657{-333964708},3C_20_66-02.txt,154.245,0.250,38.561,1,0.344,0.89,0.344,15.625,0.000
54,ec.gp.GPIndividual@409734657{-333964708},3C_20_66-02.txt,154.245,0.250,38.561,1,0.859,2.23,0.859,15.625,0.000
54,ec.gp.GPIndividual@409734657{-333964708},3C_20_80-02.txt,35.738,0.250,8.935,1,1.922,21.51,1.922,15.625,0.000
54,ec.gp.GPIndividual@409734657{-333964708},3C_20_66-03.txt,118.340,0.250,29.585,1,12.109,40.93,12.109,15.625,0.000
54,ec.gp.GPIndividual@409734657{-333964708},3C_20_50-03.txt,30.993,0.250,7.748,3,8.031,103.65,2.677,15.625,0.000
54,ec.gp.GPIndividual@409734657{-333964708},3C_20_66-03.txt,118.340,0.250,29.585,8,13.906,47.00,1.738,15.625,0.000
54,ec.gp.GPIndividual@409734657{-333964708},3C_20_66-03.txt,118.340,0.250,29.585,3,11.875,40.14,3.958,15.625,0.000
54,ec.gp.GPIndividual@409734657{-333964708},3C_20_66-01.txt,7.322,0.250,1.831,2,2.906,158.76,1.453,15.625,0.000
54,ec.gp.GPIndividual@409734657{-333964708},3C_20_80-03.txt,169.439,0.250,42.360,5,15.609,36.85,3.122,15.625,0.000
54,ec.gp.GPIndividual@409734657{-333964708},3C_20_66-02.txt,154.245,0.250,38.561,5,19.938,51.70,3.988,15.625,0.000
54,ec.gp.GPIndividual@409734657{-333964708},3C_20_66-01.txt,7.322,0.250,1.831,1,6.219,339.72,6.219,15.625,0.000
54,ec.gp.GPIndividual@1078140160{-1084061255},3C_20_50-02.txt,61.404,0.250,15.351,9,16.734,109.01,1.859,4.938,0.281
54,ec.gp.GPIndividual@1078140160{-1084061255},3C_20_80-01.txt,4.194,0.250,1.049,1,1.047,99.83,1.047,4.938,0.281
54,ec.gp.GPIndividual@1078140160{-1084061255},3C_20_50-03.txt,30.993,0.250,7.748,2,1.203,15.53,0.602,4.938,0.281
54,ec.gp.GPIndividual@1078140160{-1084061255},3C_20_80-03.txt,169.439,0.250,42.360,4,15.922,37.59,3.980,10.516,0.281
54,ec.gp.GPIndividual@1078140160{-1084061255},3C_20_80-03.txt,169.439,0.250,42.360,1,13.953,32.94,13.953,13.953,0.281
54,ec.gp.GPIndividual@1078140160{-1084061255},3C_20_80-01.txt,4.194,0.250,1.049,2,5.281,503.64,2.641,13.953,0.281
54,ec.gp.GPIndividual@589915908{-582937929},3C_20_50-02.txt,61.404,0.250,15.351,10,17.625,114.81,1.763,4.422,0.266
54,ec.gp.GPIndividual@403321608{1785438066},3C_20_50-02.txt,61.404,0.250,15.351,4,24.313,158.38,6.078,12.219,0.234
54,ec.gp.GPIndividual@280900585{87593028},3C_20_50-02.txt,61.404,0.250,15.351,2,11.719,76.34,5.859,11.516,0.203
54,ec.gp.GPIndividual@280900585{87593028},3C_20_66-03.txt,118.340,0.250,29.585,9,24.609,83.18,2.734,11.516,0.203
54,ec.gp.GPIndividual@280900585{87593028},3C_20_50-03.txt,30.993,0.250,7.748,1,8.359,107.89,8.359,11.516,0.203
54,ec.gp.GPIndividual@280900585{87593028},3C_20_80-01.txt,4.194,0.250,1.049,2,0.734,70.03,0.367,11.516,0.203
54,ec.gp.GPIndividual@280900585{87593028},3C_20_80-02.txt,35.738,0.250,8.935,2,7.438,83.24,3.719,11.516,0.203
54,ec.gp.GPIndividual@280900585{87593028},3C_20_66-01.txt,7.322,0.250,1.831,2,1.328,72.55,0.664,11.516,0.203
54,ec.gp.GPIndividual@280900585{87593028},3C_20_80-03.txt,169.439,0.250,42.360,8,14.516,34.27,1.814,11.516,0.203
54,ec.gp.GPIndividual@280900585{87593028},3C_20_66-01.txt,7.322,0.250,1.831,2,1.078,58.90,0.539,11.516,0.203
54,ec.gp.GPIndividual@280900585{87593028},3C_20_66-02.txt,154.245,0.250,38.561,6,17.484,45.34,2.914,13.984,0.203
54,ec.gp.GPIndividual@912005981{311913006},3C_20_50-02.txt,61.404,0.250,15.351,3,16.781,109.32,5.594,15.875,0.172
54,ec.gp.GPIndividual@912005981{311913006},3C_20_66-02.txt,154.245,0.250,38.561,8,19.984,51.83,2.498,15.875,0.172
54,ec.gp.GPIndividual@912005981{311913006},3C_20_66-03.txt,118.340,0.250,29.585,4,30.906,104.47,7.727,15.875,0.172
54,ec.gp.GPIndividual@912005981{311913006},3C_20_66-03.txt,118.340,0.250,29.585,2,7.375,24.93,3.688,15.875,0.172
54,ec.gp.GPIndividual@912005981{311913006},3C_20_50-03.txt,30.993,0.250,7.748,3,5.906,76.23,1.969,15.875,0.172
54,ec.gp.GPIndividual@912005981{311913006},3C_20_80-01.txt,4.194,0.250,1.049,2,0.734,70.03,0.367,15.875,0.172
54,ec.gp.GPIndividual@912005981{311913006},3C_20_80-02.txt,35.738,0.250,8.935,2,12.141,135.88,6.070,15.875,0.172
54,ec.gp.GPIndividual@912005981{311913006},3C_20_80-01.txt,4.194,0.250,1.049,2,1.313,125.16,0.656,15.875,0.172
54,ec.gp.GPIndividual@912005981{311913006},3C_20_80-03.txt,169.439,0.250,42.360,3,1.422,3.36,0.474,15.875,0.172
54,ec.gp.GPIndividual@912005981{311913006},3C_20_80-02.txt,35.738,0.250,8.935,1,2.844,31.83,2.844,15.875,0.172
54,ec.gp.GPIndividual@912005981{311913006},3C_20_66-01.txt,7.322,0.250,1.831,2,3.391,185.22,1.695,15.875,0.172
54,ec.gp.GPIndividual@1518317542{1964507634},3C_20_50-02.txt,61.404,0.250,15.351,3,0.953,6.21,0.318,0.406,0.156
54,ec.gp.GPIndividual@1518317542{1964507634},3C_20_80-03.txt,169.439,0.250,42.360,8,21.297,50.28,2.662,14.063,0.156
54,ec.gp.GPIndividual@1518317542{1964507634},3C_20_50-03.txt,30.993,0.250,7.748,1,14.594,188.35,14.594,14.594,0.156
54,ec.gp.GPIndividual@814984335{2046313440},3C_20_50-02.txt,61.404,0.250,15.351,2,15.953,103.92,7.977,15.813,0.141
54,ec.gp.GPIndividual@814984335{2046313440},3C_20_66-02.txt,154.245,0.250,38.561,12,27.672,71.76,2.306,15.813,0.141
54,ec.gp.GPIndividual@814984335{2046313440},3C_20_50-03.txt,30.993,0.250,7.748,1,12.188,157.30,12.188,15.813,0.141
54,ec.gp.GPIndividual@814984335{2046313440},3C_20_66-03.txt,118.340,0.250,29.585,2,11.219,37.92,5.609,15.813,0.141
54,ec.gp.GPIndividual@814984335{2046313440},3C_20_66-01.txt,7.322,0.250,1.831,2,2.984,163.03,1.492,15.813,0.141
54,ec.gp.GPIndividual@814984335{2046313440},3C_20_80-01.txt,4.194,0.250,1.049,1,0.594,56.62,0.594,15.813,0.141
54,ec.gp.GPIndividual@814984335{2046313440},3C_20_66-02.txt,154.245,0.250,38.561,16,34.391,89.18,2.149,15.813,0.141
54,ec.gp.GPIndividual@814984335{2046313440},3C_20_66-01.txt,7.322,0.250,1.831,1,11.359,620.55,11.359,15.813,0.141
54,ec.gp.GPIndividual@814984335{2046313440},3C_20_66-03.txt,118.340,0.250,29.585,7,11.703,39.56,1.672,15.813,0.141
54,ec.gp.GPIndividual@814984335{2046313440},3C_20_80-02.txt,35.738,0.250,8.935,7,7.125,79.75,1.018,15.813,0.141
54,ec.gp.GPIndividual@814984335{2046313440},3C_20_80-03.txt,169.439,0.250,42.360,2,19.672,46.44,9.836,15.813,0.141
54,ec.gp.GPIndividual@814984335{2046313440},3C_20_80-01.txt,4.194,0.250,1.049,4,0.891,84.93,0.223,15.813,0.000
54,ec.gp.GPIndividual@814984335{2046313440},3C_20_80-02.txt,35.738,0.250,8.935,8,8.703,97.41,1.088,15.813,0.000
54,ec.gp.GPIndividual@814984335{2046313440},3C_20_80-03.txt,169.439,0.250,42.360,1,0.531,1.25,0.531,15.813,0.000
54,ec.gp.GPIndividual@1896322225{-1657096330},3C_20_50-02.txt,61.404,0.250,15.351,6,10.141,66.06,1.690,4.469,0.125
54,ec.gp.GPIndividual@1441788298{-1719606860},3C_20_50-02.txt,61.404,0.250,15.351,2,4.094,26.67,2.047,3.906,0.188
54,ec.gp.GPIndividual@1441788298{-1719606860},3C_20_50-03.txt,30.993,0.250,7.748,1,12.844,165.77,12.844,12.844,0.188
54,ec.gp.GPIndividual@1441788298{-1719606860},3C_20_66-02.txt,154.245,0.250,38.561,12,27.859,72.25,2.322,12.844,0.188
54,ec.gp.GPIndividual@1441788298{-1719606860},3C_20_50-03.txt,30.993,0.250,7.748,1,12.172,157.09,12.172,12.844,0.188
54,ec.gp.GPIndividual@1441788298{-1719606860},3C_20_66-03.txt,118.340,0.250,29.585,2,11.188,37.81,5.594,12.844,0.188
54,ec.gp.GPIndividual@1441788298{-1719606860},3C_20_66-01.txt,7.322,0.250,1.831,1,2.563,139.99,2.563,12.844,0.188
54,ec.gp.GPIndividual@1441788298{-1719606860},3C_20_80-01.txt,4.194,0.250,1.049,3,1.094,104.30,0.365,12.844,0.188
54,ec.gp.GPIndividual@1441788298{-1719606860},3C_20_66-02.txt,154.245,0.250,38.561,3,2.172,5.63,0.724,12.844,0.188
54,ec.gp.GPIndividual@1441788298{-1719606860},3C_20_80-02.txt,35.738,0.250,8.935,9,10.000,111.93,1.111,12.844,0.188
54,ec.gp.GPIndividual@1441788298{-1719606860},3C_20_66-01.txt,7.322,0.250,1.831,2,1.141,62.31,0.570,12.844,0.188
54,ec.gp.GPIndividual@1441788298{-1719606860},3C_20_66-03.txt,118.340,0.250,29.585,2,1.031,3.49,0.516,12.844,0.188
54,ec.gp.GPIndividual@1441788298{-1719606860},3C_20_80-03.txt,169.439,0.250,42.360,7,22.500,53.12,3.214,14.328,0.188
54,ec.gp.GPIndividual@772167393{-979581849},3C_20_50-02.txt,61.404,0.250,15.351,4,30.328,197.56,7.582,16.313,0.078
54,ec.gp.GPIndividual@772167393{-979581849},3C_20_66-02.txt,154.245,0.250,38.561,1,0.797,2.07,0.797,16.313,0.078
54,ec.gp.GPIndividual@772167393{-979581849},3C_20_80-01.txt,4.194,0.250,1.049,2,1.063,101.32,0.531,16.313,0.078
54,ec.gp.GPIndividual@772167393{-979581849},3C_20_80-02.txt,35.738,0.250,8.935,2,0.266,2.97,0.133,16.313,0.000
54,ec.gp.GPIndividual@772167393{-979581849},3C_20_50-03.txt,30.993,0.250,7.748,10,7.609,98.21,0.761,16.313,0.000
54,ec.gp.GPIndividual@772167393{-979581849},3C_20_80-03.txt,169.439,0.250,42.360,1,0.422,1.00,0.422,16.313,0.000
54,ec.gp.GPIndividual@772167393{-979581849},3C_20_66-03.txt,118.340,0.250,29.585,6,14.719,49.75,2.453,16.313,0.000
54,ec.gp.GPIndividual@772167393{-979581849},3C_20_66-01.txt,7.322,0.250,1.831,2,1.063,58.04,0.531,16.313,0.000
54,ec.gp.GPIndividual@772167393{-979581849},3C_20_66-02.txt,154.245,0.250,38.561,6,10.938,28.36,1.823,16.313,0.000
54,ec.gp.GPIndividual@772167393{-979581849},3C_20_80-01.txt,4.194,0.250,1.049,4,0.875,83.44,0.219,16.313,0.000
54,ec.gp.GPIndividual@772167393{-979581849},3C_20_80-02.txt,35.738,0.250,8.935,1,10.500,117.52,10.500,16.313,0.000
54,ec.gp.GPIndividual@827861413{1029157362},3C_20_50-02.txt,61.404,0.250,15.351,10,10.125,65.96,1.013,3.594,0.188
54,ec.gp.GPIndividual@827861413{1029157362},3C_20_50-03.txt,30.993,0.250,7.748,1,4.047,52.23,4.047,4.047,0.188
54,ec.gp.GPIndividual@827861413{1029157362},3C_20_80-03.txt,169.439,0.250,42.360,4,21.328,50.35,5.332,14.125,0.188
54,ec.gp.GPIndividual@827861413{1029157362},3C_20_66-03.txt,118.340,0.250,29.585,4,23.281,78.69,5.820,15.266,0.188
54,ec.gp.GPIndividual@1952528045{973518386},3C_20_50-02.txt,61.404,0.250,15.351,5,12.797,83.36,2.559,10.797,0.125
54,ec.gp.GPIndividual@1952528045{973518386},3C_20_80-01.txt,4.194,0.250,1.049,2,0.688,65.56,0.344,10.797,0.125
54,ec.gp.GPIndividual@1952528045{973518386},3C_20_80-02.txt,35.738,0.250,8.935,6,7.609,85.17,1.268,10.797,0.125
54,ec.gp.GPIndividual@1952528045{973518386},3C_20_50-03.txt,30.993,0.250,7.748,1,2.734,35.29,2.734,10.797,0.125
54,ec.gp.GPIndividual@1952528045{973518386},3C_20_80-03.txt,169.439,0.250,42.360,6,29.891,70.56,4.982,15.891,0.125
54,ec.gp.GPIndividual@1772849555{-1497179},3C_20_50-02.txt,61.404,0.250,15.351,5,13.453,87.64,2.691,11.391,0.109
54,ec.gp.GPIndividual@1772849555{-1497179},3C_20_66-01.txt,7.322,0.250,1.831,4,6.359,347.40,1.590,11.391,0.109
54,ec.gp.GPIndividual@1772849555{-1497179},3C_20_50-03.txt,30.993,0.250,7.748,4,4.531,58.48,1.133,11.391,0.109
54,ec.gp.GPIndividual@1772849555{-1497179},3C_20_66-02.txt,154.245,0.250,38.561,10,30.094,78.04,3.009,11.391,0.109
54,ec.gp.GPIndividual@1772849555{-1497179},3C_20_66-03.txt,118.340,0.250,29.585,1,10.125,34.22,10.125,11.391,0.109
54,ec.gp.GPIndividual@1772849555{-1497179},3C_20_66-01.txt,7.322,0.250,1.831,5,3.016,164.74,0.603,11.391,0.109
54,ec.gp.GPIndividual@1772849555{-1497179},3C_20_80-01.txt,4.194,0.250,1.049,2,0.203,19.37,0.102,11.391,0.000
54,ec.gp.GPIndividual@1772849555{-1497179},3C_20_66-02.txt,154.245,0.250,38.561,13,30.109,78.08,2.316,13.172,0.000
54,ec.gp.GPIndividual@1772849555{-1497179},3C_20_80-02.txt,35.738,0.250,8.935,6,4.938,55.26,0.823,13.172,0.000
54,ec.gp.GPIndividual@1772849555{-1497179},3C_20_80-03.txt,169.439,0.250,42.360,1,8.688,20.51,8.688,13.172,0.000
54,ec.gp.GPIndividual@1772849555{-1497179},3C_20_66-03.txt,118.340,0.250,29.585,4,15.391,52.02,3.848,13.172,0.000
55,ec.gp.GPIndividual@251124536{-1939566138},3C_20_50-02.txt,61.404,0.250,15.351,0,0.000,0.00,0.000,0.000,0.000
55,ec.gp.GPIndividual@251124536{-1939566138},3C_20_50-03.txt,30.993,0.250,7.748,0,0.000,0.00,0.000,0.000,0.000
55,ec.gp.GPIndividual@251124536{-1939566138},3C_20_66-01.txt,7.322,0.250,1.831,0,0.000,0.00,0.000,0.000,0.000
55,ec.gp.GPIndividual@251124536{-1939566138},3C_20_66-02.txt,154.245,0.250,38.561,0,0.000,0.00,0.000,0.000,0.000
55,ec.gp.GPIndividual@251124536{-1939566138},3C_20_66-03.txt,118.340,0.250,29.585,0,0.000,0.00,0.000,0.000,0.000
55,ec.gp.GPIndividual@251124536{-1939566138},3C_20_80-01.txt,4.194,0.250,1.049,0,0.000,0.00,0.000,0.000,0.000
55,ec.gp.GPIndividual@251124536{-1939566138},3C_20_80-02.txt,35.738,0.250,8.935,0,0.000,0.00,0.000,0.000,0.000
55,ec.gp.GPIndividual@251124536{-1939566138},3C_20_80-03.txt,169.439,0.250,42.360,0,0.000,0.00,0.000,0.000,0.000
55,ec.gp.GPIndividual@947606364{452605500},3C_20_50-02.txt,61.404,0.250,15.351,16,16.406,106.87,1.025,1.875,0.000
55,ec.gp.GPIndividual@947606364{452605500},3C_20_50-03.txt,30.993,0.250,7.748,1,0.328,4.23,0.328,1.875,0.000
55,ec.gp.GPIndividual@947606364{452605500},3C_20_50-03.txt,30.993,0.250,7.748,4,9.141,117.97,2.285,2.391,0.000
55,ec.gp.GPIndividual@947606364{452605500},3C_20_50-03.txt,30.993,0.250,7.748,1,0.484,6.25,0.484,2.391,0.000
55,ec.gp.GPIndividual@947606364{452605500},3C_20_50-03.txt,30.993,0.250,7.748,4,10.031,129.47,2.508,3.172,0.000
55,ec.gp.GPIndividual@947606364{452605500},3C_20_66-01.txt,7.322,0.250,1.831,2,3.734,204.00,1.867,3.219,0.000
55,ec.gp.GPIndividual@947606364{452605500},3C_20_66-01.txt,7.322,0.250,1.831,2,4.078,222.78,2.039,3.219,0.000
55,ec.gp.GPIndividual@947606364{452605500},3C_20_66-01.txt,7.322,0.250,1.831,3,2.375,129.74,0.792,3.219,0.000
55,ec.gp.GPIndividual@947606364{452605500},3C_20_50-03.txt,30.993,0.250,7.748,2,2.625,33.88,1.313,3.219,0.000
55,ec.gp.GPIndividual@947606364{452605500},3C_20_50-03.txt,30.993,0.250,7.748,8,6.719,86.71,0.840,3.219,0.000
55,ec.gp.GPIndividual@947606364{452605500},3C_20_66-02.txt,154.245,0.250,38.561,4,4.984,12.93,1.246,3.219,0.000
55,ec.gp.GPIndividual@947606364{452605500},3C_20_66-02.txt,154.245,0.250,38.561,17,40.875,106.00,2.404,4.688,0.000
55,ec.gp.GPIndividual@947606364{452605500},3C_20_66-01.txt,7.322,0.250,1.831,1,0.328,17.92,0.328,4.688,0.000
55,ec.gp.GPIndividual@947606364{452605500},3C_20_66-03.txt,118.340,0.250,29.585,1,1.219,4.12,1.219,4.688,0.000
55,ec.gp.GPIndividual@947606364{452605500},3C_20_66-03.txt,118.340,0.250,29.585,5,14.578,49.28,2.916,7.234,0.000
55,ec.gp.GPIndividual@947606364{452605500},3C_20_66-01.txt,7.322,0.250,1.831,2,1.813,99.01,0.906,7.234,0.000
55,ec.gp.GPIndividual@947606364{452605500},3C_20_66-02.txt,154.245,0.250,38.561,11,39.594,102.68,3.599,10.266,0.000
55,ec.gp.GPIndividual@947606364{452605500},3C_20_66-01.txt,7.322,0.250,1.831,3,1.938,105.84,0.646,10.266,0.000
55,ec.gp.GPIndividual@947606364{452605500},3C_20_66-02.txt,154.245,0.250,38.561,15,37.188,96.44,2.479,11.141,0.000
55,ec.gp.GPIndividual@947606364{452605500},3C_20_66-02.txt,154.245,0.250,38.561,1,1.453,3.77,1.453,11.141,0.000
55,ec.gp.GPIndividual@947606364{452605500},3C_20_66-03.txt,118.340,0.250,29.585,3,16.594,56.09,5.531,12.719,0.000
55,ec.gp.GPIndividual@947606364{452605500},3C_20_80-01.txt,4.194,0.250,1.049,1,7.328,698.83,7.328,12.719,0.000
55,ec.gp.GPIndividual@947606364{452605500},3C_20_66-02.txt,154.245,0.250,38.561,1,10.594,27.47,10.594,12.719,0.000
55,ec.gp.GPIndividual@947606364{452605500},3C_20_66-03.txt,118.340,0.250,29.585,3,15.938,53.87,5.313,14.094,0.000
55,ec.gp.GPIndividual@947606364{452605500},3C_20_80-01.txt,4.194,0.250,1.049,1,1.250,119.20,1.250,14.094,0.000
55,ec.gp.GPIndividual@947606364{452605500},3C_20_80-02.txt,35.738,0.250,8.935,4,10.391,116.30,2.598,14.094,0.000
55,ec.gp.GPIndividual@947606364{452605500},3C_20_66-03.txt,118.340,0.250,29.585,3,2.703,9.14,0.901,14.094,0.000
55,ec.gp.GPIndividual@947606364{452605500},3C_20_80-01.txt,4.194,0.250,1.049,2,2.750,262.25,1.375,14.094,0.000
55,ec.gp.GPIndividual@947606364{452605500},3C_20_80-03.txt,169.439,0.250,42.360,6,11.859,28.00,1.977,14.094,0.000
55,ec.gp.GPIndividual@947606364{452605500},3C_20_80-02.txt,35.738,0.250,8.935,2,10.297,115.25,5.148,14.094,0.000
55,ec.gp.GPIndividual@947606364{452605500},3C_20_80-01.txt,4.194,0.250,1.049,1,2.203,210.10,2.203,14.094,0.000
55,ec.gp.GPIndividual@947606364{452605500},3C_20_80-03.txt,169.439,0.250,42.360,13,50.328,118.81,3.871,16.406,0.000
55,ec.gp.GPIndividual@947606364{452605500},3C_20_66-03.txt,118.340,0.250,29.585,1,12.500,42.25,12.500,16.406,0.000
55,ec.gp.GPIndividual@62001712{-1139606731},3C_20_50-02.txt,61.404,0.250,15.351,2,8.750,57.00,4.375,6.750,2.000
55,ec.gp.GPIndividual@609663980{-312392708},3C_20_50-02.txt,61.404,0.250,15.351,3,10.109,65.85,3.370,9.453,0.328
55,ec.gp.GPIndividual@609663980{-312392708},3C_20_80-02.txt,35.738,0.250,8.935,1,14.922,167.01,14.922,14.922,0.328
55,ec.gp.GPIndividual@609663980{-312392708},3C_20_80-01.txt,4.194,0.250,1.049,1,1.781,169.87,1.781,14.922,0.328
55,ec.gp.GPIndividual@609663980{-312392708},3C_20_50-03.txt,30.993,0.250,7.748,5,11.922,153.87,2.384,14.922,0.328
55,ec.gp.GPIndividual@609663980{-312392708},3C_20_80-01.txt,4.194,0.250,1.049,1,0.875,83.44,0.875,14.922,0.328
55,ec.gp.GPIndividual@609663980{-312392708},3C_20_80-02.txt,35.738,0.250,8.935,3,4.391,49.14,1.464,14.922,0.328
55,ec.gp.GPIndividual@609663980{-312392708},3C_20_80-03.txt,169.439,0.250,42.360,1,5.391,12.73,5.391,14.922,0.328
55,ec.gp.GPIndividual@609663980{-312392708},3C_20_80-02.txt,35.738,0.250,8.935,5,8.875,99.33,1.775,14.922,0.000
55,ec.gp.GPIndividual@609663980{-312392708},3C_20_50-03.txt,30.993,0.250,7.748,4,7.156,92.36,1.789,14.922,0.000
55,ec.gp.GPIndividual@609663980{-312392708},3C_20_80-03.txt,169.439,0.250,42.360,4,3.297,7.78,0.824,14.922,0.000
55,ec.gp.GPIndividual@609663980{-312392708},3C_20_66-01.txt,7.322,0.250,1.831,2,2.344,128.04,1.172,14.922,0.000
55,ec.gp.GPIndividual@609663980{-312392708},3C_20_80-03.txt,169.439,0.250,42.360,6,15.953,37.66,2.659,14.922,0.000
55,ec.gp.GPIndividual@609663980{-312392708},3C_20_66-02.txt,154.245,0.250,38.561,12,39.297,101.91,3.275,14.922,0.000
55,ec.gp.GPIndividual@609663980{-312392708},3C_20_66-03.txt,118.340,0.250,29.585,1,0.328,1.11,0.328,14.922,0.000
55,ec.gp.GPIndividual@609663980{-312392708},3C_20_66-01.txt,7.322,0.250,1.831,1,4.734,258.63,4.734,14.922,0.000
55,ec.gp.GPIndividual@609663980{-312392708},3C_20_80-02.txt,35.738,0.250,8.935,2,8.109,90.76,4.055,14.922,0.000
55,ec.gp.GPIndividual@1730115584{1029157362},3C_20_50-02.txt,61.404,0.250,15.351,1,13.234,86.21,13.234,13.234,13.234
55,ec.gp.GPIndividual@2010091328{-136461678},3C_20_50-02.txt,61.404,0.250,15.351,7,9.234,60.15,1.319,2.281,0.344
55,ec.gp.GPIndividual@2010091328{-136461678},3C_20_50-03.txt,30.993,0.250,7.748,2,13.891,179.28,6.945,12.641,0.344
55,ec.gp.GPIndividual@1913931850{-30830433},3C_20_50-02.txt,61.404,0.250,15.351,8,17.516,114.10,2.189,5.969,0.344
55,ec.gp.GPIndividual@1913931850{-30830433},3C_20_66-01.txt,7.322,0.250,1.831,2,1.938,105.84,0.969,5.969,0.344
55,ec.gp.GPIndividual@1913931850{-30830433},3C_20_50-03.txt,30.993,0.250,7.748,4,4.109,53.04,1.027,5.969,0.328
55,ec.gp.GPIndividual@1913931850{-30830433},3C_20_80-01.txt,4.194,0.250,1.049,2,3.453,329.30,1.727,5.969,0.328
55,ec.gp.GPIndividual@1913931850{-30830433},3C_20_50-03.txt,30.993,0.250,7.748,2,1.469,18.96,0.734,5.969,0.328
55,ec.gp.GPIndividual@1913931850{-30830433},3C_20_66-02.txt,154.245,0.250,38.561,3,4.297,11.14,1.432,5.969,0.000
55,ec.gp.GPIndividual@1913931850{-30830433},3C_20_66-02.txt,154.245,0.250,38.561,4,8.672,22.49,2.168,5.969,0.000
55,ec.gp.GPIndividual@1913931850{-30830433},3C_20_80-02.txt,35.738,0.250,8.935,3,7.281,81.50,2.427,5.969,0.000
55,ec.gp.GPIndividual@1913931850{-30830433},3C_20_66-03.txt,118.340,0.250,29.585,3,5.859,19.81,1.953,5.969,0.000
55,ec.gp.GPIndividual@1913931850{-30830433},3C_20_66-01.txt,7.322,0.250,1.831,1,4.453,243.27,4.453,5.969,0.000
55,ec.gp.GPIndividual@1913931850{-30830433},3C_20_66-01.txt,7.322,0.250,1.831,2,2.266,123.77,1.133,5.969,0.000
55,ec.gp.GPIndividual@1913931850{-30830433},3C_20_80-03.txt,169.439,0.250,42.360,3,2.688,6.34,0.896,5.969,0.000
55,ec.gp.GPIndividual@1913931850{-30830433},3C_20_66-02.txt,154.245,0.250,38.561,2,2.422,6.28,1.211,5.969,0.000
55,ec.gp.GPIndividual@1913931850{-30830433},3C_20_66-03.txt,118.340,0.250,29.585,9,25.500,86.19,2.833,6.359,0.000
55,ec.gp.GPIndividual@1913931850{-30830433},3C_20_80-01.txt,4.194,0.250,1.049,1,1.828,174.34,1.828,6.359,0.000
55,ec.gp.GPIndividual@1913931850{-30830433},3C_20_66-03.txt,118.340,0.250,29.585,4,24.688,83.45,6.172,14.844,0.000
55,ec.gp.GPIndividual@1317892386{-1741341607},3C_20_50-02.txt,61.404,0.250,15.351,1,1.250,8.14,1.250,1.250,1.250
55,ec.gp.GPIndividual@1317892386{-1741341607},3C_20_80-02.txt,35.738,0.250,8.935,4,12.063,135.01,3.016,6.141,0.516
55,ec.gp.GPIndividual@1317892386{-1741341607},3C_20_66-02.txt,154.245,0.250,38.561,1,3.234,8.39,3.234,6.141,0.516
55,ec.gp.GPIndividual@1317892386{-1741341607},3C_20_80-03.txt,169.439,0.250,42.360,2,3.734,8.82,1.867,6.141,0.516
55,ec.gp.GPIndividual@1317892386{-1741341607},3C_20_50-03.txt,30.993,0.250,7.748,1,1.406,18.15,1.406,6.141,0.516
55,ec.gp.GPIndividual@1317892386{-1741341607},3C_20_80-03.txt,169.439,0.250,42.360,1,2.109,4.98,2.109,6.141,0.516
55,ec.gp.GPIndividual@1317892386{-1741341607},3C_20_80-01.txt,4.194,0.250,1.049,2,6.750,643.70,3.375,6.234,0.516
55,ec.gp.GPIndividual@1317892386{-1741341607},3C_20_80-01.txt,4.194,0.250,1.049,2,2.563,244.37,1.281,6.234,0.234
55,ec.gp.GPIndividual@1317892386{-1741341607},3C_20_66-03.txt,118.340,0.250,29.585,3,0.953,3.22,0.318,6.234,0.000
55,ec.gp.GPIndividual@1317892386{-1741341607},3C_20_80-02.txt,35.738,0.250,8.935,5,8.438,94.44,1.688,6.234,0.000
55,ec.gp.GPIndividual@1317892386{-1741341607},3C_20_80-02.txt,35.738,0.250,8.935,2,7.156,80.10,3.578,6.234,0.000
55,ec.gp.GPIndividual@1317892386{-1741341607},3C_20_80-03.txt,169.439,0.250,42.360,1,1.953,4.61,1.953,6.234,0.000
55,ec.gp.GPIndividual@1317892386{-1741341607},3C_20_66-01.txt,7.322,0.250,1.831,1,5.875,320.94,5.875,6.234,0.000
55,ec.gp.GPIndividual@1828027496{-1964830762},3C_20_50-02.txt,61.404,0.250,15.351,9,15.984,104.13,1.776,6.016,0.500
55,ec.gp.GPIndividual@1828027496{-1964830762},3C_20_50-03.txt,30.993,0.250,7.748,1,0.578,7.46,0.578,6.016,0.500
55,ec.gp.GPIndividual@1828027496{-1964830762},3C_20_66-02.txt,154.245,0.250,38.561,1,1.516,3.93,1.516,6.016,0.500
55,ec.gp.GPIndividual@1828027496{-1964830762},3C_20_80-01.txt,4.194,0.250,1.049,1,1.094,104.30,1.094,6.016,0.500
55,ec.gp.GPIndividual@1828027496{-1964830762},3C_20_80-03.txt,169.439,0.250,42.360,14,41.141,97.12,2.939,6.375,0.500
55,ec.gp.GPIndividual@1828027496{-1964830762},3C_20_80-02.txt,35.738,0.250,8.935,4,9.484,106.15,2.371,6.375,0.500
55,ec.gp.GPIndividual@1828027496{-1964830762},3C_20_66-03.txt,118.340,0.250,29.585,2,1.844,6.23,0.922,6.375,0.000
55,ec.gp.GPIndividual@1828027496{-1964830762},3C_20_66-01.txt,7.322,0.250,1.831,1,1.078,58.90,1.078,6.375,0.000
55,ec.gp.GPIndividual@1828027496{-1964830762},3C_20_80-03.txt,169.439,0.250,42.360,1,5.313,12.54,5.313,6.375,0.000
55,ec.gp.GPIndividual@957955236{781213232},3C_20_50-02.txt,61.404,0.250,15.351,4,14.266,92.93,3.566,11.844,0.500
55,ec.gp.GPIndividual@1951222717{-621323747},3C_20_50-02.txt,61.404,0.250,15.351,4,17.516,114.10,4.379,13.953,0.344
55,ec.gp.GPIndividual@1501504917{1538802644},3C_20_50-02.txt,61.404,0.250,15.351,7,15.625,101.78,2.232,5.984,0.531
55,ec.gp.GPIndividual@1501504917{1538802644},3C_20_50-03.txt,30.993,0.250,7.748,4,7.375,95.18,1.844,6.328,0.000
55,ec.gp.GPIndividual@1501504917{1538802644},3C_20_66-02.txt,154.245,0.250,38.561,1,1.219,3.16,1.219,6.328,0.000
55,ec.gp.GPIndividual@1501504917{1538802644},3C_20_80-01.txt,4.194,0.250,1.049,1,0.688,65.56,0.688,6.328,0.000
55,ec.gp.GPIndividual@40981164{1966310265},3C_20_50-02.txt,61.404,0.250,15.351,10,16.344,106.47,1.634,3.109,0.297
55,ec.gp.GPIndividual@40981164{1966310265},3C_20_80-02.txt,35.738,0.250,8.935,3,3.141,35.15,1.047,3.109,0.000
55,ec.gp.GPIndividual@40981164{1966310265},3C_20_66-03.txt,118.340,0.250,29.585,2,5.313,17.96,2.656,3.750,0.000
55,ec.gp.GPIndividual@40981164{1966310265},3C_20_50-03.txt,30.993,0.250,7.748,3,7.344,94.78,2.448,3.750,0.000
55,ec.gp.GPIndividual@40981164{1966310265},3C_20_50-03.txt,30.993,0.250,7.748,1,1.266,16.33,1.266,3.750,0.000
55,ec.gp.GPIndividual@40981164{1966310265},3C_20_80-03.txt,169.439,0.250,42.360,3,9.797,23.13,3.266,4.359,0.000
55,ec.gp.GPIndividual@40981164{1966310265},3C_20_66-01.txt,7.322,0.250,1.831,1,3.234,176.69,3.234,4.359,0.000
55,ec.gp.GPIndividual@40981164{1966310265},3C_20_66-01.txt,7.322,0.250,1.831,2,6.641,362.77,3.320,5.766,0.000
55,ec.gp.GPIndividual@40981164{1966310265},3C_20_80-01.txt,4.194,0.250,1.049,3,1.156,110.26,0.385,5.766,0.000
55,ec.gp.GPIndividual@40981164{1966310265},3C_20_66-02.txt,154.245,0.250,38.561,10,22.375,58.02,2.238,5.938,0.000
55,ec.gp.GPIndividual@40981164{1966310265},3C_20_80-02.txt,35.738,0.250,8.935,7,8.719,97.58,1.246,5.938,0.000
55,ec.gp.GPIndividual@40981164{1966310265},3C_20_66-03.txt,118.340,0.250,29.585,1,1.078,3.64,1.078,5.938,0.000
55,ec.gp.GPIndividual@40981164{1966310265},3C_20_66-02.txt,154.245,0.250,38.561,6,21.234,55.07,3.539,7.281,0.000
55,ec.gp.GPIndividual@912876276{-1592834751},3C_20_50-02.txt,61.404,0.250,15.351,8,15.531,101.17,1.941,5.906,0.516
55,ec.gp.GPIndividual@912876276{-1592834751},3C_20_80-01.txt,4.194,0.250,1.049,1,0.516,49.17,0.516,5.906,0.516
55,ec.gp.GPIndividual@912876276{-1592834751},3C_20_66-03.txt,118.340,0.250,29.585,2,14.641,49.49,7.320,14.125,0.516
55,ec.gp.GPIndividual@912876276{-1592834751},3C_20_50-03.txt,30.993,0.250,7.748,3,8.484,109.50,2.828,14.125,0.516
55,ec.gp.GPIndividual@912876276{-1592834751},3C_20_80-03.txt,169.439,0.250,42.360,4,8.594,20.29,2.148,14.125,0.516
55,ec.gp.GPIndividual@912876276{-1592834751},3C_20_80-02.txt,35.738,0.250,8.935,1,9.219,103.18,9.219,14.125,0.516
55,ec.gp.GPIndividual@912876276{-1592834751},3C_20_66-01.txt,7.322,0.250,1.831,2,3.953,215.95,1.977,14.125,0.516
55,ec.gp.GPIndividual@912876276{-1592834751},3C_20_50-03.txt,30.993,0.250,7.748,3,9.016,116.36,3.005,14.125,0.500
55,ec.gp.GPIndividual@912876276{-1592834751},3C_20_80-03.txt,169.439,0.250,42.360,2,0.531,1.25,0.266,14.125,0.000
55,ec.gp.GPIndividual@912876276{-1592834751},3C_20_66-02.txt,154.245,0.250,38.561,1,0.703,1.82,0.703,14.125,0.000
55,ec.gp.GPIndividual@912876276{-1592834751},3C_20_80-01.txt,4.194,0.250,1.049,2,4.891,466.39,2.445,14.125,0.000
55,ec.gp.GPIndividual@912876276{-1592834751},3C_20_66-01.txt,7.322,0.250,1.831,1,0.344,18.78,0.344,14.125,0.000
55,ec.gp.GPIndividual@912876276{-1592834751},3C_20_80-02.txt,35.738,0.250,8.935,3,9.906,110.88,3.302,14.125,0.000
55,ec.gp.GPIndividual@912876276{-1592834751},3C_20_66-01.txt,7.322,0.250,1.831,2,3.297,180.10,1.648,14.125,0.000
55,ec.gp.GPIndividual@912876276{-1592834751},3C_20_66-03.txt,118.340,0.250,29.585,1,1.203,4.07,1.203,14.125,0.000
55,ec.gp.GPIndividual@266839803{-66757793},3C_20_50-02.txt,61.404,0.250,15.351,8,9.688,63.11,1.211,2.031,0.484
55,ec.gp.GPIndividual@266839803{-66757793},3C_20_66-02.txt,154.245,0.250,38.561,16,38.078,98.75,2.380,6.109,0.359
55,ec.gp.GPIndividual@266839803{-66757793},3C_20_66-03.txt,118.340,0.250,29.585,1,1.078,3.64,1.078,6.109,0.359
55,ec.gp.GPIndividual@266839803{-66757793},3C_20_80-01.txt,4.194,0.250,1.049,1,3.266,311.42,3.266,6.109,0.359
55,ec.gp.GPIndividual@266839803{-66757793},3C_20_50-03.txt,30.993,0.250,7.748,2,5.563,71.79,2.781,6.109,0.359
55,ec.gp.GPIndividual@266839803{-66757793},3C_20_80-03.txt,169.439,0.250,42.360,8,42.563,100.48,5.320,12.594,0.359
55,ec.gp.GPIndividual@266839803{-66757793},3C_20_80-02.txt,35.738,0.250,8.935,2,6.203,69.43,3.102,12.594,0.359
55,ec.gp.GPIndividual@1399511629{-1208264400},3C_20_50-02.txt,61.404,0.250,15.351,0,0.000,0.00,0.000,0.000,0.000
55,ec.gp.GPIndividual@1399511629{-1208264400},3C_20_50-03.txt,30.993,0.250,7.748,0,0.000,0.00,0.000,0.000,0.000
55,ec.gp.GPIndividual@1399511629{-1208264400},3C_20_66-01.txt,7.322,0.250,1.831,0,0.000,0.00,0.000,0.000,0.000
55,ec.gp.GPIndividual@1399511629{-1208264400},3C_20_66-02.txt,154.245,0.250,38.561,0,0.000,0.00,0.000,0.000,0.000
55,ec.gp.GPIndividual@1399511629{-1208264400},3C_20_66-03.txt,118.340,0.250,29.585,0,0.000,0.00,0.000,0.000,0.000
55,ec.gp.GPIndividual@1399511629{-1208264400},3C_20_80-01.txt,4.194,0.250,1.049,0,0.000,0.00,0.000,0.000,0.000
55,ec.gp.GPIndividual@1399511629{-1208264400},3C_20_80-02.txt,35.738,0.250,8.935,0,0.000,0.00,0.000,0.000,0.000
55,ec.gp.GPIndividual@1399511629{-1208264400},3C_20_80-03.txt,169.439,0.250,42.360,0,0.000,0.00,0.000,0.000,0.000
55,ec.gp.GPIndividual@2032341515{1304860473},3C_20_50-02.txt,61.404,0.250,15.351,0,0.000,0.00,0.000,0.000,0.000
55,ec.gp.GPIndividual@2032341515{1304860473},3C_20_50-03.txt,30.993,0.250,7.748,0,0.000,0.00,0.000,0.000,0.000
55,ec.gp.GPIndividual@2032341515{1304860473},3C_20_66-01.txt,7.322,0.250,1.831,0,0.000,0.00,0.000,0.000,0.000
55,ec.gp.GPIndividual@2032341515{1304860473},3C_20_66-02.txt,154.245,0.250,38.561,0,0.000,0.00,0.000,0.000,0.000
55,ec.gp.GPIndividual@2032341515{1304860473},3C_20_66-03.txt,118.340,0.250,29.585,0,0.000,0.00,0.000,0.000,0.000
55,ec.gp.GPIndividual@2032341515{1304860473},3C_20_80-01.txt,4.194,0.250,1.049,0,0.000,0.00,0.000,0.000,0.000
55,ec.gp.GPIndividual@2032341515{1304860473},3C_20_80-02.txt,35.738,0.250,8.935,0,0.000,0.00,0.000,0.000,0.000
55,ec.gp.GPIndividual@2032341515{1304860473},3C_20_80-03.txt,169.439,0.250,42.360,0,0.000,0.00,0.000,0.000,0.000
55,ec.gp.GPIndividual@1901522262{233148475},3C_20_50-02.txt,61.404,0.250,15.351,7,17.672,115.12,2.525,6.328,0.531
55,ec.gp.GPIndividual@1211638442{-170186634},3C_20_50-02.txt,61.404,0.250,15.351,8,19.281,125.60,2.410,4.969,0.281
55,ec.gp.GPIndividual@1211638442{-170186634},3C_20_80-01.txt,4.194,0.250,1.049,1,1.922,183.28,1.922,4.969,0.281
55,ec.gp.GPIndividual@1211638442{-170186634},3C_20_50-03.txt,30.993,0.250,7.748,5,5.531,71.39,1.106,4.969,0.281
55,ec.gp.GPIndividual@925082720{-1713904478},3C_20_50-02.txt,61.404,0.250,15.351,0,0.000,0.00,0.000,0.000,0.000
55,ec.gp.GPIndividual@925082720{-1713904478},3C_20_50-03.txt,30.993,0.250,7.748,2,4.078,52.63,2.039,2.719,1.359
55,ec.gp.GPIndividual@925082720{-1713904478},3C_20_80-01.txt,4.194,0.250,1.049,1,2.984,284.60,2.984,2.984,1.359
55,ec.gp.GPIndividual@925082720{-1713904478},3C_20_66-02.txt,154.245,0.250,38.561,6,9.500,24.64,1.583,3.234,0.000
55,ec.gp.GPIndividual@925082720{-1713904478},3C_20_66-01.txt,7.322,0.250,1.831,0,0.000,0.00,0.000,3.234,0.000
55,ec.gp.GPIndividual@925082720{-1713904478},3C_20_66-02.txt,154.245,0.250,38.561,0,0.000,0.00,0.000,3.234,0.000
55,ec.gp.GPIndividual@925082720{-1713904478},3C_20_66-03.txt,118.340,0.250,29.585,1,2.641,8.93,2.641,3.234,0.000
55,ec.gp.GPIndividual@925082720{-1713904478},3C_20_80-02.txt,35.738,0.250,8.935,6,8.766,98.11,1.461,3.234,0.000
55,ec.gp.GPIndividual@925082720{-1713904478},3C_20_80-03.txt,169.439,0.250,42.360,3,5.141,12.14,1.714,3.234,0.000
55,ec.gp.GPIndividual@925082720{-1713904478},3C_20_66-03.txt,118.340,0.250,29.585,2,6.031,20.39,3.016,3.234,0.000
55,ec.gp.GPIndividual@925082720{-1713904478},3C_20_80-02.txt,35.738,0.250,8.935,2,9.547,106.85,4.773,4.922,0.000
55,ec.gp.GPIndividual@925082720{-1713904478},3C_20_80-01.txt,4.194,0.250,1.049,2,2.016,192.22,1.008,4.922,0.000
55,ec.gp.GPIndividual@925082720{-1713904478},3C_20_80-03.txt,169.439,0.250,42.360,3,7.703,18.19,2.568,5.594,0.000
55,ec.gp.GPIndividual@1673932873{306056567},3C_20_50-02.txt,61.404,0.250,15.351,0,0.000,0.00,0.000,0.000,0.000
55,ec.gp.GPIndividual@1673932873{306056567},3C_20_50-03.txt,30.993,0.250,7.748,0,0.000,0.00,0.000,0.000,0.000
55,ec.gp.GPIndividual@1673932873{306056567},3C_20_66-01.txt,7.322,0.250,1.831,0,0.000,0.00,0.000,0.000,0.000
55,ec.gp.GPIndividual@1673932873{306056567},3C_20_66-02.txt,154.245,0.250,38.561,0,0.000,0.00,0.000,0.000,0.000
55,ec.gp.GPIndividual@1673932873{306056567},3C_20_66-03.txt,118.340,0.250,29.585,0,0.000,0.00,0.000,0.000,0.000
55,ec.gp.GPIndividual@1673932873{306056567},3C_20_80-01.txt,4.194,0.250,1.049,0,0.000,0.00,0.000,0.000,0.000
55,ec.gp.GPIndividual@1673932873{306056567},3C_20_80-02.txt,35.738,0.250,8.935,0,0.000,0.00,0.000,0.000,0.000
55,ec.gp.GPIndividual@1673932873{306056567},3C_20_80-03.txt,169.439,0.250,42.360,0,0.000,0.00,0.000,0.000,0.000
55,ec.gp.GPIndividual@666889004{966103311},3C_20_50-02.txt,61.404,0.250,15.351,11,24.531,159.80,2.230,15.406,0.203
55,ec.gp.GPIndividual@666889004{966103311},3C_20_80-01.txt,4.194,0.250,1.049,0,0.000,0.00,0.000,15.406,0.203
55,ec.gp.GPIndividual@666889004{966103311},3C_20_80-02.txt,35.738,0.250,8.935,0,0.000,0.00,0.000,15.406,0.203
55,ec.gp.GPIndividual@666889004{966103311},3C_20_80-03.txt,169.439,0.250,42.360,0,0.000,0.00,0.000,15.406,0.203
55,ec.gp.GPIndividual@1462788141{1016280273},3C_20_50-02.txt,61.404,0.250,15.351,3,6.031,39.29,2.010,4.828,0.219
55,ec.gp.GPIndividual@1462788141{1016280273},3C_20_80-03.txt,169.439,0.250,42.360,2,5.859,13.83,2.930,4.828,0.219
55,ec.gp.GPIndividual@1462788141{1016280273},3C_20_50-03.txt,30.993,0.250,7.748,4,9.250,119.38,2.313,4.828,0.219
55,ec.gp.GPIndividual@1868054626{2017885464},3C_20_50-02.txt,61.404,0.250,15.351,3,3.109,20.26,1.036,1.922,0.234
55,ec.gp.GPIndividual@1868054626{2017885464},3C_20_50-03.txt,30.993,0.250,7.748,5,10.672,137.73,2.134,4.078,0.234
55,ec.gp.GPIndividual@1868054626{2017885464},3C_20_66-01.txt,7.322,0.250,1.831,3,1.734,94.75,0.578,4.078,0.094
55,ec.gp.GPIndividual@1868054626{2017885464},3C_20_66-01.txt,7.322,0.250,1.831,1,0.578,31.58,0.578,4.078,0.094
55,ec.gp.GPIndividual@1868054626{2017885464},3C_20_50-03.txt,30.993,0.250,7.748,10,8.266,106.68,0.827,4.078,0.094
55,ec.gp.GPIndividual@1868054626{2017885464},3C_20_66-02.txt,154.245,0.250,38.561,2,0.078,0.20,0.039,4.078,0.000
55,ec.gp.GPIndividual@1868054626{2017885464},3C_20_66-02.txt,154.245,0.250,38.561,12,28.109,72.90,2.342,14.969,0.000
55,ec.gp.GPIndividual@1868054626{2017885464},3C_20_66-02.txt,154.245,0.250,38.561,7,10.438,27.07,1.491,14.969,0.000
55,ec.gp.GPIndividual@1868054626{2017885464},3C_20_66-01.txt,7.322,0.250,1.831,3,1.750,95.60,0.583,14.969,0.000
55,ec.gp.GPIndividual@1868054626{2017885464},3C_20_66-03.txt,118.340,0.250,29.585,7,23.625,79.85,3.375,14.969,0.000
55,ec.gp.GPIndividual@1868054626{2017885464},3C_20_66-03.txt,118.340,0.250,29.585,1,15.188,51.34,15.188,15.188,0.000
55,ec.gp.GPIndividual@1868054626{2017885464},3C_20_66-03.txt,118.340,0.250,29.585,1,10.656,36.02,10.656,15.188,0.000
55,ec.gp.GPIndividual@1868054626{2017885464},3C_20_66-02.txt,154.245,0.250,38.561,3,15.578,40.40,5.193,15.188,0.000
55,ec.gp.GPIndividual@1868054626{2017885464},3C_20_80-01.txt,4.194,0.250,1.049,2,1.859,177.32,0.930,15.188,0.000
55,ec.gp.GPIndividual@1868054626{2017885464},3C_20_66-03.txt,118.340,0.250,29.585,5,5.703,19.28,1.141,15.188,0.000
55,ec.gp.GPIndividual@1868054626{2017885464},3C_20_80-02.txt,35.738,0.250,8.935,7,9.000,100.73,1.286,15.188,0.000
55,ec.gp.GPIndividual@1868054626{2017885464},3C_20_80-03.txt,169.439,0.250,42.360,1,0.453,1.07,0.453,15.188,0.000
55,ec.gp.GPIndividual@1868054626{2017885464},3C_20_80-01.txt,4.194,0.250,1.049,3,0.906,86.42,0.302,15.188,0.000
55,ec.gp.GPIndividual@1868054626{2017885464},3C_20_80-02.txt,35.738,0.250,8.935,6,8.688,97.24,1.448,15.188,0.000
55,ec.gp.GPIndividual@2024152718{1067470123},3C_20_50-02.txt,61.404,0.250,15.351,3,10.844,70.64,3.615,9.938,0.219
55,ec.gp.GPIndividual@2024152718{1067470123},3C_20_80-01.txt,4.194,0.250,1.049,3,1.750,166.89,0.583,9.938,0.219
55,ec.gp.GPIndividual@2024152718{1067470123},3C_20_50-03.txt,30.993,0.250,7.748,1,10.734,138.54,10.734,10.734,0.219
55,ec.gp.GPIndividual@2024152718{1067470123},3C_20_80-01.txt,4.194,0.250,1.049,2,0.188,17.88,0.094,10.734,0.000
55,ec.gp.GPIndividual@2024152718{1067470123},3C_20_80-02.txt,35.738,0.250,8.935,9,8.547,95.66,0.950,10.734,0.000
55,ec.gp.GPIndividual@2024152718{1067470123},3C_20_80-03.txt,169.439,0.250,42.360,2,3.922,9.26,1.961,10.734,0.000
55,ec.gp.GPIndividual@2024152718{1067470123},3C_20_80-03.txt,169.439,0.250,42.360,1,1.656,3.91,1.656,10.734,0.000
55,ec.gp.GPIndividual@2024152718{1067470123},3C_20_80-02.txt,35.738,0.250,8.935,5,10.016,112.10,2.003,10.734,0.000
55,ec.gp.GPIndividual@1793415030{-356839922},3C_20_50-02.txt,61.404,0.250,15.351,0,0.000,0.00,0.000,0.000,0.000
55,ec.gp.GPIndividual@1793415030{-356839922},3C_20_50-03.txt,30.993,0.250,7.748,0,0.000,0.00,0.000,0.000,0.000
55,ec.gp.GPIndividual@1793415030{-356839922},3C_20_66-01.txt,7.322,0.250,1.831,0,0.000,0.00,0.000,0.000,0.000
55,ec.gp.GPIndividual@1793415030{-356839922},3C_20_66-02.txt,154.245,0.250,38.561,0,0.000,0.00,0.000,0.000,0.000
55,ec.gp.GPIndividual@1793415030{-356839922},3C_20_66-03.txt,118.340,0.250,29.585,0,0.000,0.00,0.000,0.000,0.000
55,ec.gp.GPIndividual@1793415030{-356839922},3C_20_80-01.txt,4.194,0.250,1.049,0,0.000,0.00,0.000,0.000,0.000
55,ec.gp.GPIndividual@1793415030{-356839922},3C_20_80-02.txt,35.738,0.250,8.935,0,0.000,0.00,0.000,0.000,0.000
55,ec.gp.GPIndividual@1793415030{-356839922},3C_20_80-03.txt,169.439,0.250,42.360,0,0.000,0.00,0.000,0.000,0.000
55,ec.gp.GPIndividual@873422457{-347001345},3C_20_50-02.txt,61.404,0.250,15.351,2,0.828,5.39,0.414,0.500,0.328
55,ec.gp.GPIndividual@873422457{-347001345},3C_20_80-03.txt,169.439,0.250,42.360,2,0.781,1.84,0.391,0.563,0.219
55,ec.gp.GPIndividual@873422457{-347001345},3C_20_66-02.txt,154.245,0.250,38.561,10,21.172,54.90,2.117,12.531,0.219
55,ec.gp.GPIndividual@873422457{-347001345},3C_20_50-03.txt,30.993,0.250,7.748,1,13.234,170.81,13.234,13.234,0.219
55,ec.gp.GPIndividual@129381529{-1296215303},3C_20_50-02.txt,61.404,0.250,15.351,5,15.953,103.92,3.191,11.969,0.156
55,ec.gp.GPIndividual@129381529{-1296215303},3C_20_66-03.txt,118.340,0.250,29.585,7,14.000,47.32,2.000,11.969,0.156
55,ec.gp.GPIndividual@129381529{-1296215303},3C_20_66-01.txt,7.322,0.250,1.831,2,1.078,58.90,0.539,11.969,0.156
55,ec.gp.GPIndividual@129381529{-1296215303},3C_20_66-02.txt,154.245,0.250,38.561,7,21.922,56.85,3.132,11.969,0.156
55,ec.gp.GPIndividual@129381529{-1296215303},3C_20_50-03.txt,30.993,0.250,7.748,4,5.672,73.20,1.418,11.969,0.000
55,ec.gp.GPIndividual@129381529{-1296215303},3C_20_66-01.txt,7.322,0.250,1.831,2,1.078,58.90,0.539,11.969,0.000
55,ec.gp.GPIndividual@129381529{-1296215303},3C_20_66-02.txt,154.245,0.250,38.561,5,13.703,35.54,2.741,11.969,0.000
55,ec.gp.GPIndividual@129381529{-1296215303},3C_20_80-01.txt,4.194,0.250,1.049,2,0.875,83.44,0.438,11.969,0.000
55,ec.gp.GPIndividual@129381529{-1296215303},3C_20_66-03.txt,118.340,0.250,29.585,5,18.250,61.69,3.650,14.094,0.000
55,ec.gp.GPIndividual@129381529{-1296215303},3C_20_66-03.txt,118.340,0.250,29.585,9,28.703,97.02,3.189,14.094,0.000
55,ec.gp.GPIndividual@129381529{-1296215303},3C_20_80-01.txt,4.194,0.250,1.049,2,8.516,812.08,4.258,14.094,0.000
55,ec.gp.GPIndividual@129381529{-1296215303},3C_20_80-01.txt,4.194,0.250,1.049,5,1.109,105.79,0.222,14.094,0.000
55,ec.gp.GPIndividual@129381529{-1296215303},3C_20_80-02.txt,35.738,0.250,8.935,4,2.141,23.96,0.535,14.094,0.000
55,ec.gp.GPIndividual@129381529{-1296215303},3C_20_80-02.txt,35.738,0.250,8.935,6,7.844,87.79,1.307,14.094,0.000
55,ec.gp.GPIndividual@129381529{-1296215303},3C_20_80-02.txt,35.738,0.250,8.935,9,8.703,97.41,0.967,14.094,0.000
55,ec.gp.GPIndividual@129381529{-1296215303},3C_20_80-03.txt,169.439,0.250,42.360,1,2.047,4.83,2.047,14.094,0.000
55,ec.gp.GPIndividual@129381529{-1296215303},3C_20_80-03.txt,169.439,0.250,42.360,5,37.313,88.08,7.463,16.688,0.000
55,ec.gp.GPIndividual@266003185{248270272},3C_20_50-02.txt,61.404,0.250,15.351,3,1.313,8.55,0.438,0.734,0.094
55,ec.gp.GPIndividual@266003185{248270272},3C_20_50-03.txt,30.993,0.250,7.748,3,5.094,65.74,1.698,2.047,0.094
55,ec.gp.GPIndividual@266003185{248270272},3C_20_66-01.txt,7.322,0.250,1.831,1,0.313,17.07,0.313,2.047,0.094
55,ec.gp.GPIndividual@266003185{248270272},3C_20_66-02.txt,154.245,0.250,38.561,1,7.906,20.50,7.906,7.906,0.094
55,ec.gp.GPIndividual@266003185{248270272},3C_20_80-03.txt,169.439,0.250,42.360,3,1.422,3.36,0.474,7.906,0.094
55,ec.gp.GPIndividual@266003185{248270272},3C_20_66-03.txt,118.340,0.250,29.585,2,3.203,10.83,1.602,7.906,0.094
55,ec.gp.GPIndividual@266003185{248270272},3C_20_80-01.txt,4.194,0.250,1.049,1,0.406,38.74,0.406,7.906,0.094
55,ec.gp.GPIndividual@266003185{248270272},3C_20_80-02.txt,35.738,0.250,8.935,1,0.563,6.30,0.563,7.906,0.094
55,ec.gp.GPIndividual@266003185{248270272},3C_20_80-03.txt,169.439,0.250,42.360,1,1.672,3.95,1.672,7.906,0.094
56,ec.gp.GPIndividual@188199787{1899337100},3C_20_50-02.txt,61.404,0.250,15.351,0,0.000,0.00,0.000,0.000,0.000
56,ec.gp.GPIndividual@188199787{1899337100},3C_20_50-03.txt,30.993,0.250,7.748,1,0.000,0.00,0.000,0.000,0.000
56,ec.gp.GPIndividual@188199787{1899337100},3C_20_66-01.txt,7.322,0.250,1.831,1,0.000,0.00,0.000,0.000,0.000
56,ec.gp.GPIndividual@188199787{1899337100},3C_20_66-02.txt,154.245,0.250,38.561,1,0.000,0.00,0.000,0.000,0.000
56,ec.gp.GPIndividual@188199787{1899337100},3C_20_66-03.txt,118.340,0.250,29.585,1,0.000,0.00,0.000,0.000,0.000
56,ec.gp.GPIndividual@188199787{1899337100},3C_20_80-01.txt,4.194,0.250,1.049,1,0.000,0.00,0.000,0.000,0.000
56,ec.gp.GPIndividual@188199787{1899337100},3C_20_80-02.txt,35.738,0.250,8.935,1,0.000,0.00,0.000,0.000,0.000
56,ec.gp.GPIndividual@188199787{1899337100},3C_20_80-03.txt,169.439,0.250,42.360,1,0.000,0.00,0.000,0.000,0.000
56,ec.gp.GPIndividual@1897228869{781213232},3C_20_50-02.txt,61.404,0.250,15.351,13,13.313,86.72,1.024,1.859,0.297
56,ec.gp.GPIndividual@1897228869{781213232},3C_20_50-03.txt,30.993,0.250,7.748,4,7.781,100.43,1.945,2.547,0.297
56,ec.gp.GPIndividual@1897228869{781213232},3C_20_50-03.txt,30.993,0.250,7.748,4,9.516,122.81,2.379,3.234,0.297
56,ec.gp.GPIndividual@1897228869{781213232},3C_20_50-03.txt,30.993,0.250,7.748,2,2.094,27.02,1.047,3.234,0.000
56,ec.gp.GPIndividual@1897228869{781213232},3C_20_50-03.txt,30.993,0.250,7.748,4,4.453,57.47,1.113,3.234,0.000
56,ec.gp.GPIndividual@1897228869{781213232},3C_20_50-03.txt,30.993,0.250,7.748,3,5.328,68.77,1.776,3.234,0.000
56,ec.gp.GPIndividual@1897228869{781213232},3C_20_50-03.txt,30.993,0.250,7.748,3,9.500,122.61,3.167,3.234,0.000
56,ec.gp.GPIndividual@1897228869{781213232},3C_20_66-01.txt,7.322,0.250,1.831,1,1.953,106.70,1.953,3.234,0.000
56,ec.gp.GPIndividual@1897228869{781213232},3C_20_66-01.txt,7.322,0.250,1.831,4,2.203,120.35,0.551,3.234,0.000
56,ec.gp.GPIndividual@1897228869{781213232},3C_20_66-02.txt,154.245,0.250,38.561,17,38.688,100.33,2.276,4.719,0.000
56,ec.gp.GPIndividual@1897228869{781213232},3C_20_66-03.txt,118.340,0.250,29.585,3,6.719,22.71,2.240,4.719,0.000
56,ec.gp.GPIndividual@1897228869{781213232},3C_20_66-01.txt,7.322,0.250,1.831,3,7.063,385.81,2.354,5.609,0.000
56,ec.gp.GPIndividual@1897228869{781213232},3C_20_66-01.txt,7.322,0.250,1.831,2,0.156,8.54,0.078,5.609,0.000
56,ec.gp.GPIndividual@1897228869{781213232},3C_20_66-02.txt,154.245,0.250,38.561,3,10.156,26.34,3.385,8.406,0.000
56,ec.gp.GPIndividual@1897228869{781213232},3C_20_66-01.txt,7.322,0.250,1.831,1,2.469,134.86,2.469,8.406,0.000
56,ec.gp.GPIndividual@1897228869{781213232},3C_20_66-03.txt,118.340,0.250,29.585,5,16.703,56.46,3.341,8.406,0.000
56,ec.gp.GPIndividual@1897228869{781213232},3C_20_66-02.txt,154.245,0.250,38.561,6,20.719,53.73,3.453,10.203,0.000
56,ec.gp.GPIndividual@1897228869{781213232},3C_20_66-03.txt,118.340,0.250,29.585,2,12.297,41.56,6.148,10.203,0.000
56,ec.gp.GPIndividual@1897228869{781213232},3C_20_66-01.txt,7.322,0.250,1.831,4,1.625,88.77,0.406,10.203,0.000
56,ec.gp.GPIndividual@1897228869{781213232},3C_20_66-02.txt,154.245,0.250,38.561,3,12.922,33.51,4.307,10.203,0.000
56,ec.gp.GPIndividual@1897228869{781213232},3C_20_80-01.txt,4.194,0.250,1.049,2,1.781,169.87,0.891,10.203,0.000
56,ec.gp.GPIndividual@1897228869{781213232},3C_20_66-03.txt,118.340,0.250,29.585,2,8.281,27.99,4.141,10.203,0.000
56,ec.gp.GPIndividual@1897228869{781213232},3C_20_66-02.txt,154.245,0.250,38.561,1,1.234,3.20,1.234,10.203,0.000
56,ec.gp.GPIndividual@1897228869{781213232},3C_20_80-02.txt,35.738,0.250,8.935,2,15.453,172.96,7.727,12.938,0.000
56,ec.gp.GPIndividual@1897228869{781213232},3C_20_80-01.txt,4.194,0.250,1.049,1,2.203,210.10,2.203,12.938,0.000
56,ec.gp.GPIndividual@1897228869{781213232},3C_20_80-03.txt,169.439,0.250,42.360,10,36.281,85.65,3.628,14.297,0.000
56,ec.gp.GPIndividual@342444742{47832141},3C_20_50-02.txt,61.404,0.250,15.351,4,22.094,143.92,5.523,13.984,0.516
56,ec.gp.GPIndividual@342444742{47832141},3C_20_80-01.txt,4.194,0.250,1.049,3,1.078,102.81,0.359,13.984,0.172
56,ec.gp.GPIndividual@342444742{47832141},3C_20_80-02.txt,35.738,0.250,8.935,2,3.047,34.10,1.523,13.984,0.172
56,ec.gp.GPIndividual@342444742{47832141},3C_20_50-03.txt,30.993,0.250,7.748,1,5.078,65.54,5.078,13.984,0.172
56,ec.gp.GPIndividual@342444742{47832141},3C_20_66-03.txt,118.340,0.250,29.585,3,16.969,57.36,5.656,13.984,0.172
56,ec.gp.GPIndividual@342444742{47832141},3C_20_80-01.txt,4.194,0.250,1.049,1,2.813,268.21,2.813,13.984,0.172
56,ec.gp.GPIndividual@342444742{47832141},3C_20_80-02.txt,35.738,0.250,8.935,3,3.609,40.40,1.203,13.984,0.000
56,ec.gp.GPIndividual@342444742{47832141},3C_20_66-01.txt,7.322,0.250,1.831,0,0.000,0.00,0.000,13.984,0.000
56,ec.gp.GPIndividual@342444742{47832141},3C_20_66-02.txt,154.245,0.250,38.561,0,0.000,0.00,0.000,13.984,0.000
56,ec.gp.GPIndividual@342444742{47832141},3C_20_66-03.txt,118.340,0.250,29.585,13,33.859,114.45,2.605,13.984,0.000
56,ec.gp.GPIndividual@342444742{47832141},3C_20_80-01.txt,4.194,0.250,1.049,0,0.000,0.00,0.000,13.984,0.000
56,ec.gp.GPIndividual@342444742{47832141},3C_20_80-02.txt,35.738,0.250,8.935,0,0.000,0.00,0.000,13.984,0.000
56,ec.gp.GPIndividual@342444742{47832141},3C_20_80-03.txt,169.439,0.250,42.360,0,0.000,0.00,0.000,13.984,0.000
56,ec.gp.GPIndividual@499980179{2101357420},3C_20_50-02.txt,61.404,0.250,15.351,3,5.406,35.22,1.802,4.000,0.516
56,ec.gp.GPIndividual@499980179{2101357420},3C_20_66-02.txt,154.245,0.250,38.561,5,11.953,31.00,2.391,4.141,0.516
56,ec.gp.GPIndividual@499980179{2101357420},3C_20_80-03.txt,169.439,0.250,42.360,11,38.609,91.15,3.510,13.141,0.516
56,ec.gp.GPIndividual@499980179{2101357420},3C_20_80-03.txt,169.439,0.250,42.360,1,13.672,32.28,13.672,13.672,0.516
56,ec.gp.GPIndividual@499980179{2101357420},3C_20_80-01.txt,4.194,0.250,1.049,3,1.063,101.32,0.354,13.672,0.172
56,ec.gp.GPIndividual@499980179{2101357420},3C_20_80-02.txt,35.738,0.250,8.935,1,6.922,77.47,6.922,13.672,0.172
56,ec.gp.GPIndividual@499980179{2101357420},3C_20_66-03.txt,118.340,0.250,29.585,1,7.469,25.25,7.469,13.672,0.172
56,ec.gp.GPIndividual@1296941830{-1939474694},3C_20_50-02.txt,61.404,0.250,15.351,3,13.125,85.50,4.375,10.672,0.313
56,ec.gp.GPIndividual@1296941830{-1939474694},3C_20_50-03.txt,30.993,0.250,7.748,1,12.516,161.53,12.516,12.516,0.313
56,ec.gp.GPIndividual@1296941830{-1939474694},3C_20_80-02.txt,35.738,0.250,8.935,3,9.031,101.08,3.010,12.516,0.313
56,ec.gp.GPIndividual@1823310760{-1516215094},3C_20_50-02.txt,61.404,0.250,15.351,8,18.844,122.75,2.355,6.188,0.500
56,ec.gp.GPIndividual@1823310760{-1516215094},3C_20_80-01.txt,4.194,0.250,1.049,1,1.797,171.36,1.797,6.188,0.500
56,ec.gp.GPIndividual@1823310760{-1516215094},3C_20_50-03.txt,30.993,0.250,7.748,2,1.719,22.18,0.859,6.188,0.500
56,ec.gp.GPIndividual@1823310760{-1516215094},3C_20_80-03.txt,169.439,0.250,42.360,14,38.563,91.04,2.754,6.188,0.500
56,ec.gp.GPIndividual@1823310760{-1516215094},3C_20_80-02.txt,35.738,0.250,8.935,1,6.734,75.37,6.734,6.734,0.500
56,ec.gp.GPIndividual@1823310760{-1516215094},3C_20_66-01.txt,7.322,0.250,1.831,1,4.922,268.87,4.922,6.734,0.500
56,ec.gp.GPIndividual@1823310760{-1516215094},3C_20_66-01.txt,7.322,0.250,1.831,3,8.328,454.95,2.776,6.734,0.500
56,ec.gp.GPIndividual@791224741{1590947380},3C_20_50-02.txt,61.404,0.250,15.351,6,15.500,100.97,2.583,10.953,0.156
56,ec.gp.GPIndividual@791224741{1590947380},3C_20_80-03.txt,169.439,0.250,42.360,4,19.094,45.08,4.773,14.594,0.156
56,ec.gp.GPIndividual@791224741{1590947380},3C_20_50-03.txt,30.993,0.250,7.748,1,0.328,4.23,0.328,14.594,0.156
56,ec.gp.GPIndividual@791224741{1590947380},3C_20_50-03.txt,30.993,0.250,7.748,1,1.484,19.16,1.484,14.594,0.156
56,ec.gp.GPIndividual@791224741{1590947380},3C_20_66-02.txt,154.245,0.250,38.561,1,1.344,3.48,1.344,14.594,0.156
56,ec.gp.GPIndividual@791224741{1590947380},3C_20_66-02.txt,154.245,0.250,38.561,16,40.266,104.42,2.517,14.594,0.156
56,ec.gp.GPIndividual@791224741{1590947380},3C_20_66-01.txt,7.322,0.250,1.831,1,1.234,67.43,1.234,14.594,0.156
56,ec.gp.GPIndividual@791224741{1590947380},3C_20_66-03.txt,118.340,0.250,29.585,3,4.141,14.00,1.380,14.594,0.156
56,ec.gp.GPIndividual@791224741{1590947380},3C_20_66-01.txt,7.322,0.250,1.831,2,2.141,116.94,1.070,14.594,0.156
56,ec.gp.GPIndividual@791224741{1590947380},3C_20_66-02.txt,154.245,0.250,38.561,1,5.500,14.26,5.500,14.594,0.156
56,ec.gp.GPIndividual@626436838{314708402},3C_20_50-02.txt,61.404,0.250,15.351,1,0.469,3.05,0.469,0.469,0.469
56,ec.gp.GPIndividual@626436838{314708402},3C_20_66-02.txt,154.245,0.250,38.561,4,13.656,35.41,3.414,9.031,0.313
56,ec.gp.GPIndividual@626436838{314708402},3C_20_80-03.txt,169.439,0.250,42.360,2,3.938,9.30,1.969,9.031,0.313
56,ec.gp.GPIndividual@626436838{314708402},3C_20_66-03.txt,118.340,0.250,29.585,10,39.109,132.19,3.911,11.438,0.313
56,ec.gp.GPIndividual@626436838{314708402},3C_20_66-03.txt,118.340,0.250,29.585,1,0.906,3.06,0.906,11.438,0.313
56,ec.gp.GPIndividual@626436838{314708402},3C_20_66-03.txt,118.340,0.250,29.585,1,1.438,4.86,1.438,11.438,0.313
56,ec.gp.GPIndividual@1202817538{866465352},3C_20_50-02.txt,61.404,0.250,15.351,1,6.266,40.82,6.266,6.266,6.266
56,ec.gp.GPIndividual@1202817538{866465352},3C_20_80-01.txt,4.194,0.250,1.049,3,1.313,125.16,0.438,6.266,0.344
56,ec.gp.GPIndividual@1202817538{866465352},3C_20_50-03.txt,30.993,0.250,7.748,1,3.828,49.41,3.828,6.266,0.344
56,ec.gp.GPIndividual@1202817538{866465352},3C_20_80-01.txt,4.194,0.250,1.049,1,1.266,120.69,1.266,6.266,0.344
56,ec.gp.GPIndividual@1202817538{866465352},3C_20_80-02.txt,35.738,0.250,8.935,2,5.828,65.23,2.914,6.266,0.344
56,ec.gp.GPIndividual@1202817538{866465352},3C_20_50-03.txt,30.993,0.250,7.748,3,6.594,85.10,2.198,6.266,0.344
56,ec.gp.GPIndividual@1202817538{866465352},3C_20_80-03.txt,169.439,0.250,42.360,11,42.516,100.37,3.865,6.531,0.344
56,ec.gp.GPIndividual@491494085{1145540275},3C_20_50-02.txt,61.404,0.250,15.351,4,10.641,69.32,2.660,4.563,0.500
56,ec.gp.GPIndividual@491494085{1145540275},3C_20_66-01.txt,7.322,0.250,1.831,1,1.844,100.72,1.844,4.563,0.500
56,ec.gp.GPIndividual@491494085{1145540275},3C_20_50-03.txt,30.993,0.250,7.748,2,5.875,75.82,2.938,5.016,0.500
56,ec.gp.GPIndividual@491494085{1145540275},3C_20_80-01.txt,4.194,0.250,1.049,2,1.422,135.59,0.711,5.016,0.500
56,ec.gp.GPIndividual@491494085{1145540275},3C_20_80-02.txt,35.738,0.250,8.935,1,0.172,1.92,0.172,5.016,0.172
56,ec.gp.GPIndividual@491494085{1145540275},3C_20_66-02.txt,154.245,0.250,38.561,3,13.094,33.96,4.365,6.531,0.172
56,ec.gp.GPIndividual@491494085{1145540275},3C_20_80-01.txt,4.194,0.250,1.049,1,3.156,300.99,3.156,6.531,0.172
56,ec.gp.GPIndividual@491494085{1145540275},3C_20_66-01.txt,7.322,0.250,1.831,3,1.922,104.99,0.641,6.531,0.172
56,ec.gp.GPIndividual@491494085{1145540275},3C_20_66-02.txt,154.245,0.250,38.561,3,2.391,6.20,0.797,6.531,0.000
56,ec.gp.GPIndividual@491494085{1145540275},3C_20_80-02.txt,35.738,0.250,8.935,5,9.719,108.78,1.944,6.531,0.000
56,ec.gp.GPIndividual@491494085{1145540275},3C_20_66-03.txt,118.340,0.250,29.585,2,2.453,8.29,1.227,6.531,0.000
56,ec.gp.GPIndividual@491494085{1145540275},3C_20_80-03.txt,169.439,0.250,42.360,9,42.891,101.25,4.766,14.766,0.000
56,ec.gp.GPIndividual@491494085{1145540275},3C_20_80-02.txt,35.738,0.250,8.935,2,5.734,64.18,2.867,14.766,0.000
56,ec.gp.GPIndividual@491494085{1145540275},3C_20_80-01.txt,4.194,0.250,1.049,1,2.203,210.10,2.203,14.766,0.000
56,ec.gp.GPIndividual@491494085{1145540275},3C_20_80-03.txt,169.439,0.250,42.360,1,9.766,23.05,9.766,14.766,0.000
56,ec.gp.GPIndividual@491494085{1145540275},3C_20_66-01.txt,7.322,0.250,1.831,2,6.266,342.28,3.133,14.766,0.000
56,ec.gp.GPIndividual@882107290{1481862196},3C_20_50-02.txt,61.404,0.250,15.351,6,15.063,98.12,2.510,10.891,0.516
56,ec.gp.GPIndividual@882107290{1481862196},3C_20_66-03.txt,118.340,0.250,29.585,1,11.625,39.29,11.625,11.625,0.516
56,ec.gp.GPIndividual@882107290{1481862196},3C_20_80-03.txt,169.439,0.250,42.360,3,4.688,11.07,1.563,11.625,0.516
56,ec.gp.GPIndividual@882107290{1481862196},3C_20_80-02.txt,35.738,0.250,8.935,3,9.578,107.20,3.193,11.625,0.516
56,ec.gp.GPIndividual@1431779530{-44680860},3C_20_50-02.txt,61.404,0.250,15.351,8,16.844,109.72,2.105,6.188,0.484
56,ec.gp.GPIndividual@1431779530{-44680860},3C_20_80-03.txt,169.439,0.250,42.360,1,0.156,0.37,0.156,6.188,0.156
56,ec.gp.GPIndividual@1431779530{-44680860},3C_20_80-01.txt,4.194,0.250,1.049,1,6.172,588.57,6.172,6.188,0.156
56,ec.gp.GPIndividual@1614533021{-1480460271},3C_20_50-02.txt,61.404,0.250,15.351,4,6.203,40.41,1.551,2.797,0.484
56,ec.gp.GPIndividual@1614533021{-1480460271},3C_20_50-03.txt,30.993,0.250,7.748,3,8.813,113.74,2.938,5.781,0.484
56,ec.gp.GPIndividual@1614533021{-1480460271},3C_20_66-02.txt,154.245,0.250,38.561,5,14.156,36.71,2.831,5.781,0.484
56,ec.gp.GPIndividual@1614533021{-1480460271},3C_20_50-03.txt,30.993,0.250,7.748,3,10.094,130.27,3.365,6.188,0.484
56,ec.gp.GPIndividual@1614533021{-1480460271},3C_20_50-03.txt,30.993,0.250,7.748,1,0.156,2.02,0.156,6.188,0.156
56,ec.gp.GPIndividual@1614533021{-1480460271},3C_20_66-03.txt,118.340,0.250,29.585,1,0.703,2.38,0.703,6.188,0.156
56,ec.gp.GPIndividual@1339925853{-991523949},3C_20_50-02.txt,61.404,0.250,15.351,7,15.266,99.44,2.181,4.563,0.281
56,ec.gp.GPIndividual@1339925853{-991523949},3C_20_66-01.txt,7.322,0.250,1.831,1,3.109,169.86,3.109,4.563,0.281
56,ec.gp.GPIndividual@1339925853{-991523949},3C_20_66-01.txt,7.322,0.250,1.831,3,1.922,104.99,0.641,4.563,0.172
56,ec.gp.GPIndividual@1339925853{-991523949},3C_20_66-02.txt,154.245,0.250,38.561,2,0.516,1.34,0.258,4.563,0.000
56,ec.gp.GPIndividual@1339925853{-991523949},3C_20_66-02.txt,154.245,0.250,38.561,2,4.797,12.44,2.398,4.563,0.000
56,ec.gp.GPIndividual@1339925853{-991523949},3C_20_50-03.txt,30.993,0.250,7.748,2,9.203,118.78,4.602,6.297,0.000
56,ec.gp.GPIndividual@1339925853{-991523949},3C_20_80-01.txt,4.194,0.250,1.049,1,1.969,187.75,1.969,6.297,0.000
56,ec.gp.GPIndividual@1339925853{-991523949},3C_20_80-02.txt,35.738,0.250,8.935,5,7.469,83.59,1.494,6.297,0.000
56,ec.gp.GPIndividual@1339925853{-991523949},3C_20_66-01.txt,7.322,0.250,1.831,1,3.172,173.27,3.172,6.297,0.000
56,ec.gp.GPIndividual@1339925853{-991523949},3C_20_66-01.txt,7.322,0.250,1.831,2,2.078,113.52,1.039,6.297,0.000
56,ec.gp.GPIndividual@1339925853{-991523949},3C_20_66-02.txt,154.245,0.250,38.561,3,2.859,7.42,0.953,6.297,0.000
56,ec.gp.GPIndividual@1339925853{-991523949},3C_20_66-03.txt,118.340,0.250,29.585,3,4.234,14.31,1.411,6.297,0.000
56,ec.gp.GPIndividual@1339925853{-991523949},3C_20_66-03.txt,118.340,0.250,29.585,16,29.172,98.60,1.823,6.297,0.000
56,ec.gp.GPIndividual@1339925853{-991523949},3C_20_80-02.txt,35.738,0.250,8.935,2,2.406,26.93,1.203,6.297,0.000
56,ec.gp.GPIndividual@1339925853{-991523949},3C_20_80-03.txt,169.439,0.250,42.360,1,1.563,3.69,1.563,6.297,0.000
56,ec.gp.GPIndividual@1339925853{-991523949},3C_20_66-02.txt,154.245,0.250,38.561,1,6.094,15.80,6.094,6.297,0.000
56,ec.gp.GPIndividual@1339925853{-991523949},3C_20_80-01.txt,4.194,0.250,1.049,1,2.078,198.18,2.078,6.297,0.000
56,ec.gp.GPIndividual@1339925853{-991523949},3C_20_80-01.txt,4.194,0.250,1.049,3,1.531,146.03,0.510,6.297,0.000
56,ec.gp.GPIndividual@1339925853{-991523949},3C_20_80-02.txt,35.738,0.250,8.935,6,9.078,101.61,1.513,6.297,0.000
56,ec.gp.GPIndividual@1339925853{-991523949},3C_20_80-03.txt,169.439,0.250,42.360,1,0.719,1.70,0.719,6.297,0.000
56,ec.gp.GPIndividual@1339925853{-991523949},3C_20_66-03.txt,118.340,0.250,29.585,1,2.109,7.13,2.109,6.297,0.000
56,ec.gp.GPIndividual@1339925853{-991523949},3C_20_80-03.txt,169.439,0.250,42.360,1,1.328,3.14,1.328,6.297,0.000
56,ec.gp.GPIndividual@1339925853{-991523949},3C_20_80-02.txt,35.738,0.250,8.935,1,3.078,34.45,3.078,6.297,0.000
56,ec.gp.GPIndividual@1339925853{-991523949},3C_20_66-03.txt,118.340,0.250,29.585,6,23.750,80.28,3.958,6.375,0.000
56,ec.gp.GPIndividual@483153460{-586536300},3C_20_50-02.txt,61.404,0.250,15.351,5,15.188,98.93,3.038,6.625,0.172
56,ec.gp.GPIndividual@483153460{-586536300},3C_20_80-01.txt,4.194,0.250,1.049,3,2.656,253.31,0.885,6.625,0.172
56,ec.gp.GPIndividual@483153460{-586536300},3C_20_50-03.txt,30.993,0.250,7.748,2,0.156,2.02,0.078,6.625,0.000
56,ec.gp.GPIndividual@483153460{-586536300},3C_20_80-02.txt,35.738,0.250,8.935,3,8.641,96.71,2.880,6.625,0.000
56,ec.gp.GPIndividual@885976187{1022771044},3C_20_50-02.txt,61.404,0.250,15.351,3,4.094,26.67,1.365,1.906,0.531
56,ec.gp.GPIndividual@885976187{1022771044},3C_20_80-01.txt,4.194,0.250,1.049,2,0.891,84.93,0.445,1.906,0.359
56,ec.gp.GPIndividual@885976187{1022771044},3C_20_80-02.txt,35.738,0.250,8.935,2,6.234,69.78,3.117,3.188,0.359
56,ec.gp.GPIndividual@885976187{1022771044},3C_20_80-03.txt,169.439,0.250,42.360,1,9.359,22.09,9.359,9.359,0.359
56,ec.gp.GPIndividual@522466671{-1338760636},3C_20_50-02.txt,61.404,0.250,15.351,2,3.125,20.36,1.563,1.734,1.391
56,ec.gp.GPIndividual@522466671{-1338760636},3C_20_50-03.txt,30.993,0.250,7.748,5,8.156,105.27,1.631,2.359,0.406
56,ec.gp.GPIndividual@522466671{-1338760636},3C_20_50-03.txt,30.993,0.250,7.748,2,0.719,9.28,0.359,2.359,0.000
56,ec.gp.GPIndividual@522466671{-1338760636},3C_20_66-01.txt,7.322,0.250,1.831,2,1.578,86.21,0.789,2.359,0.000
56,ec.gp.GPIndividual@522466671{-1338760636},3C_20_80-03.txt,169.439,0.250,42.360,10,24.109,56.92,2.411,6.047,0.000
56,ec.gp.GPIndividual@522466671{-1338760636},3C_20_66-01.txt,7.322,0.250,1.831,4,1.813,99.01,0.453,6.047,0.000
56,ec.gp.GPIndividual@522466671{-1338760636},3C_20_66-02.txt,154.245,0.250,38.561,4,9.375,24.31,2.344,6.047,0.000
56,ec.gp.GPIndividual@522466671{-1338760636},3C_20_66-02.txt,154.245,0.250,38.561,5,12.328,31.97,2.466,6.047,0.000
56,ec.gp.GPIndividual@522466671{-1338760636},3C_20_66-03.txt,118.340,0.250,29.585,3,13.031,44.05,4.344,9.875,0.000
56,ec.gp.GPIndividual@547714059{-904188307},3C_20_50-02.txt,61.404,0.250,15.351,5,13.359,87.03,2.672,7.156,0.344
56,ec.gp.GPIndividual@547714059{-904188307},3C_20_66-01.txt,7.322,0.250,1.831,1,6.250,341.43,6.250,7.156,0.344
56,ec.gp.GPIndividual@547714059{-904188307},3C_20_80-01.txt,4.194,0.250,1.049,2,2.438,232.45,1.219,7.156,0.344
56,ec.gp.GPIndividual@547714059{-904188307},3C_20_50-03.txt,30.993,0.250,7.748,2,1.172,15.12,0.586,7.156,0.344
56,ec.gp.GPIndividual@547714059{-904188307},3C_20_80-02.txt,35.738,0.250,8.935,1,12.172,136.23,12.172,12.172,0.344
56,ec.gp.GPIndividual@2057412583{781213232},3C_20_50-02.txt,61.404,0.250,15.351,3,6.906,44.99,2.302,5.531,0.328
56,ec.gp.GPIndividual@2057412583{781213232},3C_20_66-03.txt,118.340,0.250,29.585,2,17.094,57.78,8.547,14.813,0.328
56,ec.gp.GPIndividual@2057412583{781213232},3C_20_80-03.txt,169.439,0.250,42.360,4,7.703,18.19,1.926,14.813,0.328
56,ec.gp.GPIndividual@2057412583{781213232},3C_20_80-03.txt,169.439,0.250,42.360,10,38.359,90.56,3.836,14.813,0.328
56,ec.gp.GPIndividual@2057412583{781213232},3C_20_80-01.txt,4.194,0.250,1.049,1,4.250,405.29,4.250,14.813,0.328
56,ec.gp.GPIndividual@339551482{392795966},3C_20_50-02.txt,61.404,0.250,15.351,4,15.516,101.07,3.879,7.797,0.328
56,ec.gp.GPIndividual@339551482{392795966},3C_20_50-03.txt,30.993,0.250,7.748,2,9.422,121.60,4.711,8.172,0.328
56,ec.gp.GPIndividual@1118638097{-312392708},3C_20_50-02.txt,61.404,0.250,15.351,5,21.422,139.55,4.284,12.531,0.438
56,ec.gp.GPIndividual@1118638097{-312392708},3C_20_80-01.txt,4.194,0.250,1.049,4,0.875,83.44,0.219,12.531,0.000
56,ec.gp.GPIndividual@1118638097{-312392708},3C_20_80-02.txt,35.738,0.250,8.935,3,19.656,220.00,6.552,14.578,0.000
56,ec.gp.GPIndividual@1118638097{-312392708},3C_20_66-03.txt,118.340,0.250,29.585,2,3.297,11.14,1.648,14.578,0.000
56,ec.gp.GPIndividual@1118638097{-312392708},3C_20_50-03.txt,30.993,0.250,7.748,1,10.453,134.91,10.453,14.578,0.000
56,ec.gp.GPIndividual@1118638097{-312392708},3C_20_66-03.txt,118.340,0.250,29.585,2,3.516,11.88,1.758,14.578,0.000
56,ec.gp.GPIndividual@1118638097{-312392708},3C_20_80-01.txt,4.194,0.250,1.049,2,0.750,71.52,0.375,14.578,0.000
56,ec.gp.GPIndividual@1118638097{-312392708},3C_20_80-02.txt,35.738,0.250,8.935,5,11.594,129.76,2.319,14.578,0.000
56,ec.gp.GPIndividual@1118638097{-312392708},3C_20_80-01.txt,4.194,0.250,1.049,1,0.859,81.95,0.859,14.578,0.000
56,ec.gp.GPIndividual@1118638097{-312392708},3C_20_80-03.txt,169.439,0.250,42.360,13,32.891,77.65,2.530,14.578,0.000
56,ec.gp.GPIndividual@1118638097{-312392708},3C_20_66-01.txt,7.322,0.250,1.831,2,1.813,99.01,0.906,14.578,0.000
56,ec.gp.GPIndividual@1118638097{-312392708},3C_20_80-02.txt,35.738,0.250,8.935,5,13.234,148.13,2.647,14.578,0.000
56,ec.gp.GPIndividual@2080840822{-1795304355},3C_20_50-02.txt,61.404,0.250,15.351,6,16.844,109.72,2.807,11.813,0.422
56,ec.gp.GPIndividual@2080840822{-1795304355},3C_20_80-01.txt,4.194,0.250,1.049,1,1.219,116.22,1.219,11.813,0.422
56,ec.gp.GPIndividual@2080840822{-1795304355},3C_20_80-03.txt,169.439,0.250,42.360,2,16.719,39.47,8.359,16.297,0.422
56,ec.gp.GPIndividual@2080840822{-1795304355},3C_20_80-03.txt,169.439,0.250,42.360,12,38.391,90.63,3.199,16.297,0.422
56,ec.gp.GPIndividual@436348669{1154088003},3C_20_50-02.txt,61.404,0.250,15.351,2,10.594,69.01,5.297,10.313,0.281
56,ec.gp.GPIndividual@944623458{-544587262},3C_20_50-02.txt,61.404,0.250,15.351,3,6.688,43.56,2.229,5.031,0.297
56,ec.gp.GPIndividual@944623458{-544587262},3C_20_80-02.txt,35.738,0.250,8.935,1,12.250,137.11,12.250,12.250,0.297
56,ec.gp.GPIndividual@944623458{-544587262},3C_20_50-03.txt,30.993,0.250,7.748,1,13.109,169.19,13.109,13.109,0.297
56,ec.gp.GPIndividual@944623458{-544587262},3C_20_66-02.txt,154.245,0.250,38.561,19,37.547,97.37,1.976,13.109,0.297
56,ec.gp.GPIndividual@944623458{-544587262},3C_20_66-03.txt,118.340,0.250,29.585,2,11.641,39.35,5.820,13.109,0.297
56,ec.gp.GPIndividual@944623458{-544587262},3C_20_80-03.txt,169.439,0.250,42.360,1,8.328,19.66,8.328,13.109,0.297
56,ec.gp.GPIndividual@944623458{-544587262},3C_20_50-03.txt,30.993,0.250,7.748,2,1.922,24.80,0.961,13.109,0.000
56,ec.gp.GPIndividual@944623458{-544587262},3C_20_66-01.txt,7.322,0.250,1.831,9,1.922,104.99,0.214,13.109,0.000
56,ec.gp.GPIndividual@944623458{-544587262},3C_20_66-02.txt,154.245,0.250,38.561,10,34.297,88.94,3.430,13.109,0.000
56,ec.gp.GPIndividual@944623458{-544587262},3C_20_50-03.txt,30.993,0.250,7.748,2,3.859,49.81,1.930,13.109,0.000
56,ec.gp.GPIndividual@944623458{-544587262},3C_20_66-03.txt,118.340,0.250,29.585,3,19.000,64.22,6.333,13.109,0.000
56,ec.gp.GPIndividual@373241759{1852342155},3C_20_50-02.txt,61.404,0.250,15.351,1,7.922,51.60,7.922,7.922,7.922
56,ec.gp.GPIndividual@373241759{1852342155},3C_20_80-01.txt,4.194,0.250,1.049,3,1.125,107.28,0.375,7.922,0.281
56,ec.gp.GPIndividual@373241759{1852342155},3C_20_50-03.txt,30.993,0.250,7.748,3,9.344,120.59,3.115,7.922,0.281
56,ec.gp.GPIndividual@373241759{1852342155},3C_20_80-01.txt,4.194,0.250,1.049,1,1.203,114.73,1.203,7.922,0.281
56,ec.gp.GPIndividual@373241759{1852342155},3C_20_80-02.txt,35.738,0.250,8.935,4,10.344,115.77,2.586,7.922,0.281
56,ec.gp.GPIndividual@373241759{1852342155},3C_20_66-01.txt,7.322,0.250,1.831,3,3.047,166.45,1.016,7.922,0.281
56,ec.gp.GPIndividual@373241759{1852342155},3C_20_80-03.txt,169.439,0.250,42.360,0,0.000,0.00,0.000,7.922,0.281
56,ec.gp.GPIndividual@373241759{1852342155},3C_20_80-02.txt,35.738,0.250,8.935,3,5.359,59.98,1.786,7.922,0.281
56,ec.gp.GPIndividual@373241759{1852342155},3C_20_66-01.txt,7.322,0.250,1.831,2,2.828,154.50,1.414,7.922,0.281
56,ec.gp.GPIndividual@373241759{1852342155},3C_20_80-03.txt,169.439,0.250,42.360,1,0.250,0.59,0.250,7.922,0.250
56,ec.gp.GPIndividual@373241759{1852342155},3C_20_66-02.txt,154.245,0.250,38.561,5,6.672,17.30,1.334,7.922,0.000
56,ec.gp.GPIndividual@373241759{1852342155},3C_20_66-01.txt,7.322,0.250,1.831,2,5.156,281.68,2.578,7.922,0.000
56,ec.gp.GPIndividual@925492824{1054239353},3C_20_50-02.txt,61.404,0.250,15.351,11,14.625,95.27,1.330,4.672,0.250
56,ec.gp.GPIndividual@925492824{1054239353},3C_20_66-02.txt,154.245,0.250,38.561,1,1.297,3.36,1.297,4.672,0.250
56,ec.gp.GPIndividual@1813420170{1147493422},3C_20_50-02.txt,61.404,0.250,15.351,1,0.703,4.58,0.703,0.703,0.703
56,ec.gp.GPIndividual@1813420170{1147493422},3C_20_66-03.txt,118.340,0.250,29.585,2,2.281,7.71,1.141,2.000,0.281
56,ec.gp.GPIndividual@1813420170{1147493422},3C_20_50-03.txt,30.993,0.250,7.748,5,7.719,99.62,1.544,4.219,0.141
56,ec.gp.GPIndividual@1813420170{1147493422},3C_20_66-02.txt,154.245,0.250,38.561,10,18.422,47.77,1.842,4.563,0.141
56,ec.gp.GPIndividual@1813420170{1147493422},3C_20_50-03.txt,30.993,0.250,7.748,4,8.594,110.91,2.148,4.563,0.141
56,ec.gp.GPIndividual@1813420170{1147493422},3C_20_80-01.txt,4.194,0.250,1.049,1,1.344,128.14,1.344,4.563,0.141
56,ec.gp.GPIndividual@1813420170{1147493422},3C_20_66-03.txt,118.340,0.250,29.585,2,1.266,4.28,0.633,4.563,0.141
56,ec.gp.GPIndividual@1813420170{1147493422},3C_20_66-01.txt,7.322,0.250,1.831,1,2.625,143.40,2.625,4.563,0.141
56,ec.gp.GPIndividual@1813420170{1147493422},3C_20_66-03.txt,118.340,0.250,29.585,6,8.125,27.46,1.354,4.563,0.141
56,ec.gp.GPIndividual@1813420170{1147493422},3C_20_66-02.txt,154.245,0.250,38.561,8,21.750,56.40,2.719,5.078,0.141
56,ec.gp.GPIndividual@1813420170{1147493422},3C_20_66-03.txt,118.340,0.250,29.585,6,20.141,68.08,3.357,5.563,0.141
56,ec.gp.GPIndividual@1813420170{1147493422},3C_20_80-01.txt,4.194,0.250,1.049,3,0.734,70.03,0.245,5.563,0.000
56,ec.gp.GPIndividual@1813420170{1147493422},3C_20_80-02.txt,35.738,0.250,8.935,1,1.844,20.64,1.844,5.563,0.000
56,ec.gp.GPIndividual@1813420170{1147493422},3C_20_80-03.txt,169.439,0.250,42.360,1,5.781,13.65,5.781,5.781,0.000
56,ec.gp.GPIndividual@1813420170{1147493422},3C_20_66-01.txt,7.322,0.250,1.831,4,1.484,81.09,0.371,5.781,0.000
56,ec.gp.GPIndividual@1813420170{1147493422},3C_20_66-02.txt,154.245,0.250,38.561,1,8.688,22.53,8.688,8.688,0.000
56,ec.gp.GPIndividual@1813420170{1147493422},3C_20_80-01.txt,4.194,0.250,1.049,2,8.578,818.04,4.289,8.688,0.000
56,ec.gp.GPIndividual@1813420170{1147493422},3C_20_80-02.txt,35.738,0.250,8.935,2,10.984,122.94,5.492,10.719,0.000
56,ec.gp.GPIndividual@1813420170{1147493422},3C_20_80-01.txt,4.194,0.250,1.049,2,1.313,125.16,0.656,10.719,0.000
56,ec.gp.GPIndividual@1813420170{1147493422},3C_20_80-02.txt,35.738,0.250,8.935,3,6.766,75.72,2.255,10.719,0.000
56,ec.gp.GPIndividual@796400711{468377407},3C_20_50-02.txt,61.404,0.250,15.351,5,6.750,43.97,1.350,5.750,0.031
56,ec.gp.GPIndividual@796400711{468377407},3C_20_50-03.txt,30.993,0.250,7.748,4,4.750,61.31,1.188,5.750,0.031
56,ec.gp.GPIndividual@796400711{468377407},3C_20_66-01.txt,7.322,0.250,1.831,7,1.438,78.53,0.205,5.750,0.000
56,ec.gp.GPIndividual@796400711{468377407},3C_20_66-02.txt,154.245,0.250,38.561,9,28.281,73.34,3.142,10.641,0.000
56,ec.gp.GPIndividual@796400711{468377407},3C_20_66-03.txt,118.340,0.250,29.585,5,20.281,68.55,4.056,10.641,0.000
56,ec.gp.GPIndividual@796400711{468377407},3C_20_80-01.txt,4.194,0.250,1.049,3,0.672,64.07,0.224,10.641,0.000
56,ec.gp.GPIndividual@796400711{468377407},3C_20_80-02.txt,35.738,0.250,8.935,6,4.203,47.04,0.701,10.641,0.000
56,ec.gp.GPIndividual@796400711{468377407},3C_20_80-03.txt,169.439,0.250,42.360,2,17.406,41.09,8.703,16.641,0.000
57,ec.gp.GPIndividual@1532234015{-1980410021},3C_20_50-02.txt,61.404,0.250,15.351,0,0.000,0.00,0.000,0.000,0.000
57,ec.gp.GPIndividual@1532234015{-1980410021},3C_20_50-02.txt,61.404,0.250,15.351,0,0.000,0.00,0.000,0.000,0.000
57,ec.gp.GPIndividual@1532234015{-1980410021},3C_20_50-03.txt,30.993,0.250,7.748,0,0.000,0.00,0.000,0.000,0.000
57,ec.gp.GPIndividual@1532234015{-1980410021},3C_20_50-03.txt,30.993,0.250,7.748,0,0.000,0.00,0.000,0.000,0.000
57,ec.gp.GPIndividual@1532234015{-1980410021},3C_20_66-01.txt,7.322,0.250,1.831,0,0.000,0.00,0.000,0.000,0.000
57,ec.gp.GPIndividual@1532234015{-1980410021},3C_20_66-02.txt,154.245,0.250,38.561,0,0.000,0.00,0.000,0.000,0.000
57,ec.gp.GPIndividual@1532234015{-1980410021},3C_20_66-02.txt,154.245,0.250,38.561,0,0.000,0.00,0.000,0.000,0.000
57,ec.gp.GPIndividual@1532234015{-1980410021},3C_20_66-03.txt,118.340,0.250,29.585,0,0.000,0.00,0.000,0.000,0.000
57,ec.gp.GPIndividual@1532234015{-1980410021},3C_20_80-01.txt,4.194,0.250,1.049,0,0.000,0.00,0.000,0.000,0.000
57,ec.gp.GPIndividual@1532234015{-1980410021},3C_20_80-01.txt,4.194,0.250,1.049,0,0.000,0.00,0.000,0.000,0.000
57,ec.gp.GPIndividual@1532234015{-1980410021},3C_20_66-03.txt,118.340,0.250,29.585,0,0.000,0.00,0.000,0.000,0.000
57,ec.gp.GPIndividual@1532234015{-1980410021},3C_20_66-03.txt,118.340,0.250,29.585,0,0.000,0.00,0.000,0.000,0.000
57,ec.gp.GPIndividual@1532234015{-1980410021},3C_20_80-01.txt,4.194,0.250,1.049,0,0.000,0.00,0.000,0.000,0.000
57,ec.gp.GPIndividual@188746672{-66757793},3C_20_50-02.txt,61.404,0.250,15.351,0,0.000,0.00,0.000,0.000,0.000
57,ec.gp.GPIndividual@188746672{-66757793},3C_20_80-02.txt,35.738,0.250,8.935,0,0.000,0.00,0.000,0.000,0.000
57,ec.gp.GPIndividual@188746672{-66757793},3C_20_80-03.txt,169.439,0.250,42.360,0,0.000,0.00,0.000,0.000,0.000
57,ec.gp.GPIndividual@33072373{2017885464},3C_20_50-02.txt,61.404,0.250,15.351,15,14.531,94.66,0.969,1.922,0.000
57,ec.gp.GPIndividual@33072373{2017885464},3C_20_50-03.txt,30.993,0.250,7.748,4,9.172,118.38,2.293,2.547,0.000
57,ec.gp.GPIndividual@33072373{2017885464},3C_20_50-03.txt,30.993,0.250,7.748,4,3.734,48.20,0.934,2.547,0.000
57,ec.gp.GPIndividual@33072373{2017885464},3C_20_50-03.txt,30.993,0.250,7.748,2,1.531,19.76,0.766,2.547,0.000
57,ec.gp.GPIndividual@33072373{2017885464},3C_20_50-03.txt,30.993,0.250,7.748,3,2.391,30.85,0.797,2.547,0.000
57,ec.gp.GPIndividual@33072373{2017885464},3C_20_50-03.txt,30.993,0.250,7.748,2,2.250,29.04,1.125,2.547,0.000
57,ec.gp.GPIndividual@33072373{2017885464},3C_20_50-03.txt,30.993,0.250,7.748,4,7.313,94.38,1.828,3.266,0.000
57,ec.gp.GPIndividual@33072373{2017885464},3C_20_66-01.txt,7.322,0.250,1.831,2,1.969,107.55,0.984,3.266,0.000
57,ec.gp.GPIndividual@33072373{2017885464},3C_20_66-01.txt,7.322,0.250,1.831,1,3.188,174.13,3.188,3.266,0.000
57,ec.gp.GPIndividual@33072373{2017885464},3C_20_66-01.txt,7.322,0.250,1.831,1,3.188,174.13,3.188,3.266,0.000
57,ec.gp.GPIndividual@33072373{2017885464},3C_20_66-01.txt,7.322,0.250,1.831,2,3.953,215.95,1.977,3.266,0.000
57,ec.gp.GPIndividual@33072373{2017885464},3C_20_66-01.txt,7.322,0.250,1.831,4,2.797,152.79,0.699,3.266,0.000
57,ec.gp.GPIndividual@33072373{2017885464},3C_20_66-02.txt,154.245,0.250,38.561,0,0.000,0.00,0.000,3.266,0.000
57,ec.gp.GPIndividual@33072373{2017885464},3C_20_66-02.txt,154.245,0.250,38.561,4,4.781,12.40,1.195,3.266,0.000
57,ec.gp.GPIndividual@33072373{2017885464},3C_20_66-02.txt,154.245,0.250,38.561,6,9.578,24.84,1.596,3.266,0.000
57,ec.gp.GPIndividual@33072373{2017885464},3C_20_66-02.txt,154.245,0.250,38.561,22,43.969,114.02,1.999,7.297,0.000
57,ec.gp.GPIndividual@33072373{2017885464},3C_20_66-01.txt,7.322,0.250,1.831,2,4.859,265.46,2.430,7.297,0.000
57,ec.gp.GPIndividual@33072373{2017885464},3C_20_66-03.txt,118.340,0.250,29.585,0,0.000,0.00,0.000,7.297,0.000
57,ec.gp.GPIndividual@33072373{2017885464},3C_20_66-03.txt,118.340,0.250,29.585,1,0.813,2.75,0.813,7.297,0.000
57,ec.gp.GPIndividual@33072373{2017885464},3C_20_66-03.txt,118.340,0.250,29.585,11,32.594,110.17,2.963,7.516,0.000
57,ec.gp.GPIndividual@33072373{2017885464},3C_20_80-01.txt,4.194,0.250,1.049,1,1.594,151.99,1.594,7.516,0.000
57,ec.gp.GPIndividual@33072373{2017885464},3C_20_66-02.txt,154.245,0.250,38.561,1,1.219,3.16,1.219,7.516,0.000
57,ec.gp.GPIndividual@33072373{2017885464},3C_20_66-03.txt,118.340,0.250,29.585,4,8.016,27.09,2.004,7.516,0.000
57,ec.gp.GPIndividual@33072373{2017885464},3C_20_80-01.txt,4.194,0.250,1.049,1,1.063,101.32,1.063,7.516,0.000
57,ec.gp.GPIndividual@33072373{2017885464},3C_20_80-02.txt,35.738,0.250,8.935,4,7.609,85.17,1.902,7.516,0.000
57,ec.gp.GPIndividual@33072373{2017885464},3C_20_66-02.txt,154.245,0.250,38.561,19,38.766,100.53,2.040,7.516,0.000
57,ec.gp.GPIndividual@33072373{2017885464},3C_20_80-02.txt,35.738,0.250,8.935,2,4.563,51.07,2.281,7.516,0.000
57,ec.gp.GPIndividual@33072373{2017885464},3C_20_66-03.txt,118.340,0.250,29.585,1,0.500,1.69,0.500,7.516,0.000
57,ec.gp.GPIndividual@33072373{2017885464},3C_20_66-03.txt,118.340,0.250,29.585,9,34.797,117.62,3.866,11.766,0.000
57,ec.gp.GPIndividual@33072373{2017885464},3C_20_80-01.txt,4.194,0.250,1.049,1,0.500,47.68,0.500,11.766,0.000
57,ec.gp.GPIndividual@33072373{2017885464},3C_20_80-01.txt,4.194,0.250,1.049,3,1.391,132.61,0.464,11.766,0.000
57,ec.gp.GPIndividual@33072373{2017885464},3C_20_80-02.txt,35.738,0.250,8.935,3,9.172,102.66,3.057,11.766,0.000
57,ec.gp.GPIndividual@33072373{2017885464},3C_20_80-02.txt,35.738,0.250,8.935,2,4.016,44.94,2.008,11.766,0.000
57,ec.gp.GPIndividual@33072373{2017885464},3C_20_80-01.txt,4.194,0.250,1.049,1,2.078,198.18,2.078,11.766,0.000
57,ec.gp.GPIndividual@33072373{2017885464},3C_20_80-03.txt,169.439,0.250,42.360,4,5.563,13.13,1.391,11.766,0.000
57,ec.gp.GPIndividual@33072373{2017885464},3C_20_80-03.txt,169.439,0.250,42.360,2,12.391,29.25,6.195,11.766,0.000
57,ec.gp.GPIndividual@33072373{2017885464},3C_20_80-03.txt,169.439,0.250,42.360,2,4.766,11.25,2.383,11.766,0.000
57,ec.gp.GPIndividual@33072373{2017885464},3C_20_80-01.txt,4.194,0.250,1.049,1,1.578,150.50,1.578,11.766,0.000
57,ec.gp.GPIndividual@33072373{2017885464},3C_20_80-02.txt,35.738,0.250,8.935,6,12.969,145.15,2.161,11.766,0.000
57,ec.gp.GPIndividual@823585065{-449644308},3C_20_50-02.txt,61.404,0.250,15.351,4,4.938,32.16,1.234,1.766,0.531
57,ec.gp.GPIndividual@823585065{-449644308},3C_20_80-03.txt,169.439,0.250,42.360,14,40.172,94.84,2.869,5.906,0.531
57,ec.gp.GPIndividual@823585065{-449644308},3C_20_80-02.txt,35.738,0.250,8.935,1,2.750,30.78,2.750,5.906,0.531
57,ec.gp.GPIndividual@823585065{-449644308},3C_20_50-03.txt,30.993,0.250,7.748,1,3.828,49.41,3.828,5.906,0.531
57,ec.gp.GPIndividual@626493879{781213232},3C_20_50-02.txt,61.404,0.250,15.351,3,9.000,58.63,3.000,6.172,0.516
57,ec.gp.GPIndividual@626493879{781213232},3C_20_80-03.txt,169.439,0.250,42.360,4,18.391,43.42,4.598,11.922,0.516
57,ec.gp.GPIndividual@5125119{781213232},3C_20_50-02.txt,61.404,0.250,15.351,5,20.594,134.15,4.119,14.766,0.328
57,ec.gp.GPIndividual@695904942{1436680561},3C_20_50-02.txt,61.404,0.250,15.351,6,16.297,106.16,2.716,6.063,0.500
57,ec.gp.GPIndividual@695904942{1436680561},3C_20_50-03.txt,30.993,0.250,7.748,4,6.875,88.73,1.719,6.063,0.500
57,ec.gp.GPIndividual@695904942{1436680561},3C_20_50-03.txt,30.993,0.250,7.748,2,4.141,53.44,2.070,6.063,0.500
57,ec.gp.GPIndividual@1076136893{-5656488},3C_20_50-02.txt,61.404,0.250,15.351,0,0.000,0.00,0.000,0.000,0.000
57,ec.gp.GPIndividual@1076136893{-5656488},3C_20_50-03.txt,30.993,0.250,7.748,0,0.000,0.00,0.000,0.000,0.000
57,ec.gp.GPIndividual@1076136893{-5656488},3C_20_66-01.txt,7.322,0.250,1.831,0,0.000,0.00,0.000,0.000,0.000
57,ec.gp.GPIndividual@1076136893{-5656488},3C_20_66-02.txt,154.245,0.250,38.561,0,0.000,0.00,0.000,0.000,0.000
57,ec.gp.GPIndividual@1076136893{-5656488},3C_20_66-03.txt,118.340,0.250,29.585,0,0.000,0.00,0.000,0.000,0.000
57,ec.gp.GPIndividual@1076136893{-5656488},3C_20_80-01.txt,4.194,0.250,1.049,0,0.000,0.00,0.000,0.000,0.000
57,ec.gp.GPIndividual@1076136893{-5656488},3C_20_80-02.txt,35.738,0.250,8.935,0,0.000,0.00,0.000,0.000,0.000
57,ec.gp.GPIndividual@1076136893{-5656488},3C_20_80-03.txt,169.439,0.250,42.360,0,0.000,0.00,0.000,0.000,0.000
57,ec.gp.GPIndividual@1659976105{-1632515468},3C_20_50-02.txt,61.404,0.250,15.351,1,2.828,18.42,2.828,2.828,2.828
57,ec.gp.GPIndividual@1659976105{-1632515468},3C_20_66-01.txt,7.322,0.250,1.831,3,4.547,248.39,1.516,3.188,0.500
57,ec.gp.GPIndividual@1659976105{-1632515468},3C_20_66-01.txt,7.322,0.250,1.831,1,0.328,17.92,0.328,3.188,0.328
57,ec.gp.GPIndividual@1659976105{-1632515468},3C_20_66-02.txt,154.245,0.250,38.561,3,6.234,16.17,2.078,4.703,0.328
57,ec.gp.GPIndividual@1659976105{-1632515468},3C_20_80-03.txt,169.439,0.250,42.360,3,5.531,13.06,1.844,4.703,0.000
57,ec.gp.GPIndividual@1659976105{-1632515468},3C_20_50-03.txt,30.993,0.250,7.748,2,2.781,35.90,1.391,4.703,0.000
57,ec.gp.GPIndividual@1659976105{-1632515468},3C_20_50-03.txt,30.993,0.250,7.748,4,8.391,108.29,2.098,4.703,0.000
57,ec.gp.GPIndividual@1659976105{-1632515468},3C_20_66-01.txt,7.322,0.250,1.831,1,1.625,88.77,1.625,4.703,0.000
57,ec.gp.GPIndividual@1659976105{-1632515468},3C_20_66-02.txt,154.245,0.250,38.561,1,1.047,2.71,1.047,4.703,0.000
57,ec.gp.GPIndividual@1659976105{-1632515468},3C_20_66-03.txt,118.340,0.250,29.585,12,28.688,96.97,2.391,5.844,0.000
57,ec.gp.GPIndividual@1659976105{-1632515468},3C_20_66-03.txt,118.340,0.250,29.585,5,21.188,71.62,4.238,6.656,0.000
57,ec.gp.GPIndividual@381658415{-802965319},3C_20_50-02.txt,61.404,0.250,15.351,5,18.219,118.68,3.644,6.016,0.531
57,ec.gp.GPIndividual@381658415{-802965319},3C_20_66-01.txt,7.322,0.250,1.831,1,2.703,147.67,2.703,6.016,0.531
57,ec.gp.GPIndividual@381658415{-802965319},3C_20_50-03.txt,30.993,0.250,7.748,1,1.266,16.33,1.266,6.016,0.531
57,ec.gp.GPIndividual@381658415{-802965319},3C_20_80-01.txt,4.194,0.250,1.049,1,7.219,688.40,7.219,7.219,0.531
57,ec.gp.GPIndividual@381658415{-802965319},3C_20_66-01.txt,7.322,0.250,1.831,5,1.781,97.31,0.356,7.219,0.000
57,ec.gp.GPIndividual@381658415{-802965319},3C_20_66-02.txt,154.245,0.250,38.561,3,6.063,15.72,2.021,7.219,0.000
57,ec.gp.GPIndividual@381658415{-802965319},3C_20_80-01.txt,4.194,0.250,1.049,2,1.359,129.63,0.680,7.219,0.000
57,ec.gp.GPIndividual@381658415{-802965319},3C_20_80-02.txt,35.738,0.250,8.935,4,14.453,161.77,3.613,10.109,0.000
57,ec.gp.GPIndividual@381658415{-802965319},3C_20_66-02.txt,154.245,0.250,38.561,2,3.719,9.64,1.859,10.109,0.000
57,ec.gp.GPIndividual@381658415{-802965319},3C_20_80-02.txt,35.738,0.250,8.935,5,8.297,92.86,1.659,10.109,0.000
57,ec.gp.GPIndividual@381658415{-802965319},3C_20_66-02.txt,154.245,0.250,38.561,5,6.938,17.99,1.388,10.109,0.000
57,ec.gp.GPIndividual@381658415{-802965319},3C_20_66-01.txt,7.322,0.250,1.831,2,1.703,93.04,0.852,10.109,0.000
57,ec.gp.GPIndividual@381658415{-802965319},3C_20_66-03.txt,118.340,0.250,29.585,22,29.703,100.40,1.350,10.109,0.000
57,ec.gp.GPIndividual@381658415{-802965319},3C_20_66-03.txt,118.340,0.250,29.585,3,8.250,27.89,2.750,10.109,0.000
57,ec.gp.GPIndividual@381658415{-802965319},3C_20_80-03.txt,169.439,0.250,42.360,1,2.266,5.35,2.266,10.109,0.000
57,ec.gp.GPIndividual@381658415{-802965319},3C_20_66-03.txt,118.340,0.250,29.585,1,3.891,13.15,3.891,10.109,0.000
57,ec.gp.GPIndividual@381658415{-802965319},3C_20_80-03.txt,169.439,0.250,42.360,7,38.234,90.26,5.462,10.109,0.000
57,ec.gp.GPIndividual@381658415{-802965319},3C_20_66-02.txt,154.245,0.250,38.561,4,15.391,39.91,3.848,10.109,0.000
57,ec.gp.GPIndividual@1195247179{-1275687607},3C_20_50-02.txt,61.404,0.250,15.351,6,17.328,112.88,2.888,10.406,0.359
57,ec.gp.GPIndividual@390823331{-1856685228},3C_20_50-02.txt,61.404,0.250,15.351,4,20.172,131.40,5.043,15.500,0.531
57,ec.gp.GPIndividual@390823331{-1856685228},3C_20_80-01.txt,4.194,0.250,1.049,1,1.766,168.38,1.766,15.500,0.531
57,ec.gp.GPIndividual@390823331{-1856685228},3C_20_50-03.txt,30.993,0.250,7.748,4,9.078,117.17,2.270,15.500,0.500
57,ec.gp.GPIndividual@390823331{-1856685228},3C_20_66-03.txt,118.340,0.250,29.585,1,1.297,4.38,1.297,15.500,0.500
57,ec.gp.GPIndividual@390823331{-1856685228},3C_20_50-03.txt,30.993,0.250,7.748,3,19.016,245.42,6.339,15.500,0.500
57,ec.gp.GPIndividual@390823331{-1856685228},3C_20_80-01.txt,4.194,0.250,1.049,1,12.734,1214.39,12.734,15.500,0.500
57,ec.gp.GPIndividual@390823331{-1856685228},3C_20_80-01.txt,4.194,0.250,1.049,2,1.688,160.93,0.844,15.500,0.500
57,ec.gp.GPIndividual@390823331{-1856685228},3C_20_66-01.txt,7.322,0.250,1.831,4,2.203,120.35,0.551,15.500,0.313
57,ec.gp.GPIndividual@390823331{-1856685228},3C_20_80-02.txt,35.738,0.250,8.935,3,3.422,38.30,1.141,15.500,0.156
57,ec.gp.GPIndividual@390823331{-1856685228},3C_20_80-02.txt,35.738,0.250,8.935,5,9.188,102.83,1.838,15.500,0.156
57,ec.gp.GPIndividual@390823331{-1856685228},3C_20_80-02.txt,35.738,0.250,8.935,1,1.438,16.09,1.438,15.500,0.156
57,ec.gp.GPIndividual@390823331{-1856685228},3C_20_66-02.txt,154.245,0.250,38.561,10,20.891,54.18,2.089,15.500,0.156
57,ec.gp.GPIndividual@390823331{-1856685228},3C_20_80-03.txt,169.439,0.250,42.360,14,36.422,85.98,2.602,15.500,0.156
57,ec.gp.GPIndividual@390823331{-1856685228},3C_20_66-01.txt,7.322,0.250,1.831,4,1.625,88.77,0.406,15.500,0.000
57,ec.gp.GPIndividual@390823331{-1856685228},3C_20_66-02.txt,154.245,0.250,38.561,3,15.047,39.02,5.016,15.500,0.000
57,ec.gp.GPIndividual@390823331{-1856685228},3C_20_66-03.txt,118.340,0.250,29.585,1,8.047,27.20,8.047,15.500,0.000
57,ec.gp.GPIndividual@390823331{-1856685228},3C_20_80-03.txt,169.439,0.250,42.360,1,10.219,24.12,10.219,15.500,0.000
57,ec.gp.GPIndividual@390823331{-1856685228},3C_20_80-03.txt,169.439,0.250,42.360,3,16.859,39.80,5.620,15.500,0.000
57,ec.gp.GPIndividual@390823331{-1856685228},3C_20_80-01.txt,4.194,0.250,1.049,3,1.063,101.32,0.354,15.500,0.000
57,ec.gp.GPIndividual@390823331{-1856685228},3C_20_80-02.txt,35.738,0.250,8.935,4,11.344,126.97,2.836,15.500,0.000
57,ec.gp.GPIndividual@390823331{-1856685228},3C_20_80-01.txt,4.194,0.250,1.049,1,6.094,581.12,6.094,15.500,0.000
57,ec.gp.GPIndividual@1864527782{468377407},3C_20_50-02.txt,61.404,0.250,15.351,4,8.609,56.08,2.152,6.266,0.328
57,ec.gp.GPIndividual@1864527782{468377407},3C_20_80-03.txt,169.439,0.250,42.360,2,3.594,8.48,1.797,6.266,0.328
57,ec.gp.GPIndividual@1864527782{468377407},3C_20_66-03.txt,118.340,0.250,29.585,3,7.094,23.98,2.365,6.266,0.328
57,ec.gp.GPIndividual@256915604{781213232},3C_20_50-02.txt,61.404,0.250,15.351,3,16.766,109.21,5.589,13.563,0.516
57,ec.gp.GPIndividual@1364576044{-1848868278},3C_20_50-02.txt,61.404,0.250,15.351,6,20.422,133.03,3.404,6.375,0.516
57,ec.gp.GPIndividual@1364576044{-1848868278},3C_20_80-01.txt,4.194,0.250,1.049,1,2.969,283.11,2.969,6.375,0.516
57,ec.gp.GPIndividual@1364576044{-1848868278},3C_20_50-03.txt,30.993,0.250,7.748,3,2.297,29.64,0.766,6.375,0.484
57,ec.gp.GPIndividual@1364576044{-1848868278},3C_20_50-03.txt,30.993,0.250,7.748,1,1.328,17.14,1.328,6.375,0.484
57,ec.gp.GPIndividual@1312144826{-979581849},3C_20_50-02.txt,61.404,0.250,15.351,4,7.016,45.70,1.754,2.750,0.500
57,ec.gp.GPIndividual@1312144826{-979581849},3C_20_80-02.txt,35.738,0.250,8.935,4,10.109,113.15,2.527,3.250,0.500
57,ec.gp.GPIndividual@1312144826{-979581849},3C_20_66-01.txt,7.322,0.250,1.831,1,2.984,163.03,2.984,3.250,0.500
57,ec.gp.GPIndividual@1312144826{-979581849},3C_20_50-03.txt,30.993,0.250,7.748,5,8.484,109.50,1.697,3.250,0.500
57,ec.gp.GPIndividual@1312144826{-979581849},3C_20_80-02.txt,35.738,0.250,8.935,5,9.188,102.83,1.838,3.250,0.500
57,ec.gp.GPIndividual@1312144826{-979581849},3C_20_66-01.txt,7.322,0.250,1.831,1,1.438,78.53,1.438,3.250,0.500
57,ec.gp.GPIndividual@1312144826{-979581849},3C_20_66-02.txt,154.245,0.250,38.561,6,8.297,21.52,1.383,3.250,0.000
57,ec.gp.GPIndividual@1312144826{-979581849},3C_20_50-03.txt,30.993,0.250,7.748,6,7.031,90.75,1.172,3.250,0.000
57,ec.gp.GPIndividual@1312144826{-979581849},3C_20_66-03.txt,118.340,0.250,29.585,3,4.688,15.84,1.563,3.250,0.000
57,ec.gp.GPIndividual@1312144826{-979581849},3C_20_80-03.txt,169.439,0.250,42.360,8,24.547,57.95,3.068,6.109,0.000
57,ec.gp.GPIndividual@1312144826{-979581849},3C_20_80-01.txt,4.194,0.250,1.049,1,5.984,570.69,5.984,6.109,0.000
57,ec.gp.GPIndividual@1093375735{576093204},3C_20_50-02.txt,61.404,0.250,15.351,5,10.313,67.18,2.063,6.266,0.469
57,ec.gp.GPIndividual@1093375735{576093204},3C_20_66-01.txt,7.322,0.250,1.831,2,2.359,128.89,1.180,6.266,0.469
57,ec.gp.GPIndividual@1093375735{576093204},3C_20_80-02.txt,35.738,0.250,8.935,4,6.656,74.50,1.664,6.266,0.469
57,ec.gp.GPIndividual@1093375735{576093204},3C_20_80-03.txt,169.439,0.250,42.360,1,1.609,3.80,1.609,6.266,0.469
57,ec.gp.GPIndividual@1093375735{576093204},3C_20_66-02.txt,154.245,0.250,38.561,3,20.953,54.34,6.984,11.531,0.469
57,ec.gp.GPIndividual@1093375735{576093204},3C_20_80-03.txt,169.439,0.250,42.360,3,17.656,41.68,5.885,12.234,0.469
57,ec.gp.GPIndividual@1093375735{576093204},3C_20_50-03.txt,30.993,0.250,7.748,2,7.578,97.81,3.789,12.234,0.469
57,ec.gp.GPIndividual@357441279{1145352450},3C_20_50-02.txt,61.404,0.250,15.351,7,14.938,97.31,2.134,5.922,0.344
57,ec.gp.GPIndividual@1283515807{-616938345},3C_20_50-02.txt,61.404,0.250,15.351,5,15.500,100.97,3.100,9.156,0.344
57,ec.gp.GPIndividual@1283515807{-616938345},3C_20_50-03.txt,30.993,0.250,7.748,2,4.922,63.52,2.461,9.156,0.344
57,ec.gp.GPIndividual@1283515807{-616938345},3C_20_50-03.txt,30.993,0.250,7.748,1,1.750,22.59,1.750,9.156,0.344
57,ec.gp.GPIndividual@1283515807{-616938345},3C_20_66-01.txt,7.322,0.250,1.831,1,1.594,87.06,1.594,9.156,0.344
57,ec.gp.GPIndividual@1283515807{-616938345},3C_20_66-01.txt,7.322,0.250,1.831,3,2.313,126.33,0.771,9.156,0.344
57,ec.gp.GPIndividual@1283515807{-616938345},3C_20_66-02.txt,154.245,0.250,38.561,3,8.797,22.81,2.932,9.156,0.156
57,ec.gp.GPIndividual@1283515807{-616938345},3C_20_66-03.txt,118.340,0.250,29.585,1,1.078,3.64,1.078,9.156,0.156
57,ec.gp.GPIndividual@1283515807{-616938345},3C_20_66-02.txt,154.245,0.250,38.561,3,15.250,39.55,5.083,12.063,0.000
57,ec.gp.GPIndividual@1283515807{-616938345},3C_20_66-02.txt,154.245,0.250,38.561,17,38.484,99.80,2.264,12.063,0.000
57,ec.gp.GPIndividual@1283515807{-616938345},3C_20_66-03.txt,118.340,0.250,29.585,1,2.344,7.92,2.344,12.063,0.000
57,ec.gp.GPIndividual@1283515807{-616938345},3C_20_80-01.txt,4.194,0.250,1.049,2,1.203,114.73,0.602,12.063,0.000
57,ec.gp.GPIndividual@1283515807{-616938345},3C_20_66-03.txt,118.340,0.250,29.585,2,2.203,7.45,1.102,12.063,0.000
57,ec.gp.GPIndividual@1283515807{-616938345},3C_20_66-03.txt,118.340,0.250,29.585,8,29.453,99.55,3.682,12.063,0.000
57,ec.gp.GPIndividual@1283515807{-616938345},3C_20_80-01.txt,4.194,0.250,1.049,1,6.391,609.43,6.391,12.063,0.000
57,ec.gp.GPIndividual@1283515807{-616938345},3C_20_80-01.txt,4.194,0.250,1.049,1,3.859,368.04,3.859,12.063,0.000
57,ec.gp.GPIndividual@1283515807{-616938345},3C_20_80-02.txt,35.738,0.250,8.935,3,3.750,41.97,1.250,12.063,0.000
57,ec.gp.GPIndividual@1283515807{-616938345},3C_20_80-01.txt,4.194,0.250,1.049,1,5.953,567.71,5.953,12.063,0.000
57,ec.gp.GPIndividual@1283515807{-616938345},3C_20_66-01.txt,7.322,0.250,1.831,2,2.531,138.28,1.266,12.063,0.000
57,ec.gp.GPIndividual@1283515807{-616938345},3C_20_80-02.txt,35.738,0.250,8.935,5,10.672,119.45,2.134,12.063,0.000
57,ec.gp.GPIndividual@1283515807{-616938345},3C_20_66-01.txt,7.322,0.250,1.831,3,2.438,133.16,0.813,12.063,0.000
57,ec.gp.GPIndividual@1283515807{-616938345},3C_20_80-02.txt,35.738,0.250,8.935,2,2.609,29.21,1.305,12.063,0.000
57,ec.gp.GPIndividual@1283515807{-616938345},3C_20_80-02.txt,35.738,0.250,8.935,7,9.016,100.91,1.288,12.063,0.000
57,ec.gp.GPIndividual@1283515807{-616938345},3C_20_80-03.txt,169.439,0.250,42.360,3,4.750,11.21,1.583,12.063,0.000
57,ec.gp.GPIndividual@1283515807{-616938345},3C_20_80-03.txt,169.439,0.250,42.360,1,1.156,2.73,1.156,12.063,0.000
57,ec.gp.GPIndividual@1283515807{-616938345},3C_20_66-02.txt,154.245,0.250,38.561,1,1.484,3.85,1.484,12.063,0.000
57,ec.gp.GPIndividual@1283515807{-616938345},3C_20_66-02.txt,154.245,0.250,38.561,19,39.203,101.66,2.063,12.063,0.000
57,ec.gp.GPIndividual@2008220672{779008407},3C_20_50-02.txt,61.404,0.250,15.351,2,1.031,6.72,0.516,0.688,0.344
57,ec.gp.GPIndividual@2008220672{779008407},3C_20_66-03.txt,118.340,0.250,29.585,1,1.188,4.01,1.188,1.188,0.344
57,ec.gp.GPIndividual@2008220672{779008407},3C_20_66-03.txt,118.340,0.250,29.585,1,4.281,14.47,4.281,4.281,0.344
57,ec.gp.GPIndividual@2008220672{779008407},3C_20_80-03.txt,169.439,0.250,42.360,3,14.625,34.53,4.875,7.031,0.344
57,ec.gp.GPIndividual@557845023{304176336},3C_20_50-02.txt,61.404,0.250,15.351,0,0.000,0.00,0.000,0.000,0.000
57,ec.gp.GPIndividual@557845023{304176336},3C_20_50-03.txt,30.993,0.250,7.748,0,0.000,0.00,0.000,0.000,0.000
57,ec.gp.GPIndividual@557845023{304176336},3C_20_66-01.txt,7.322,0.250,1.831,0,0.000,0.00,0.000,0.000,0.000
57,ec.gp.GPIndividual@557845023{304176336},3C_20_66-02.txt,154.245,0.250,38.561,0,0.000,0.00,0.000,0.000,0.000
57,ec.gp.GPIndividual@557845023{304176336},3C_20_66-03.txt,118.340,0.250,29.585,0,0.000,0.00,0.000,0.000,0.000
57,ec.gp.GPIndividual@557845023{304176336},3C_20_80-01.txt,4.194,0.250,1.049,0,0.000,0.00,0.000,0.000,0.000
57,ec.gp.GPIndividual@557845023{304176336},3C_20_80-02.txt,35.738,0.250,8.935,0,0.000,0.00,0.000,0.000,0.000
57,ec.gp.GPIndividual@557845023{304176336},3C_20_80-03.txt,169.439,0.250,42.360,0,0.000,0.00,0.000,0.000,0.000
57,ec.gp.GPIndividual@206568278{547188090},3C_20_50-02.txt,61.404,0.250,15.351,0,0.000,0.00,0.000,0.000,0.000
57,ec.gp.GPIndividual@206568278{547188090},3C_20_50-03.txt,30.993,0.250,7.748,0,0.000,0.00,0.000,0.000,0.000
57,ec.gp.GPIndividual@206568278{547188090},3C_20_66-01.txt,7.322,0.250,1.831,0,0.000,0.00,0.000,0.000,0.000
57,ec.gp.GPIndividual@206568278{547188090},3C_20_66-02.txt,154.245,0.250,38.561,0,0.000,0.00,0.000,0.000,0.000
57,ec.gp.GPIndividual@206568278{547188090},3C_20_66-03.txt,118.340,0.250,29.585,0,0.000,0.00,0.000,0.000,0.000
57,ec.gp.GPIndividual@206568278{547188090},3C_20_80-01.txt,4.194,0.250,1.049,0,0.000,0.00,0.000,0.000,0.000
57,ec.gp.GPIndividual@206568278{547188090},3C_20_80-02.txt,35.738,0.250,8.935,0,0.000,0.00,0.000,0.000,0.000
57,ec.gp.GPIndividual@206568278{547188090},3C_20_80-03.txt,169.439,0.250,42.360,0,0.000,0.00,0.000,0.000,0.000
57,ec.gp.GPIndividual@378522900{233668574},3C_20_50-02.txt,61.404,0.250,15.351,3,0.938,6.11,0.313,0.531,0.000
57,ec.gp.GPIndividual@378522900{233668574},3C_20_80-02.txt,35.738,0.250,8.935,6,9.109,101.96,1.518,3.156,0.000
57,ec.gp.GPIndividual@378522900{233668574},3C_20_80-02.txt,35.738,0.250,8.935,1,0.563,6.30,0.563,3.156,0.000
57,ec.gp.GPIndividual@378522900{233668574},3C_20_80-03.txt,169.439,0.250,42.360,1,1.297,3.06,1.297,3.156,0.000
57,ec.gp.GPIndividual@378522900{233668574},3C_20_50-03.txt,30.993,0.250,7.748,5,7.125,91.96,1.425,3.156,0.000
57,ec.gp.GPIndividual@378522900{233668574},3C_20_66-01.txt,7.322,0.250,1.831,2,3.891,212.54,1.945,3.156,0.000
57,ec.gp.GPIndividual@378522900{233668574},3C_20_66-01.txt,7.322,0.250,1.831,2,1.453,79.38,0.727,3.156,0.000
57,ec.gp.GPIndividual@378522900{233668574},3C_20_80-03.txt,169.439,0.250,42.360,6,8.766,20.69,1.461,4.563,0.000
57,ec.gp.GPIndividual@378522900{233668574},3C_20_66-02.txt,154.245,0.250,38.561,2,15.281,39.63,7.641,14.063,0.000
57,ec.gp.GPIndividual@378522900{233668574},3C_20_80-03.txt,169.439,0.250,42.360,5,9.891,23.35,1.978,14.063,0.000
57,ec.gp.GPIndividual@378522900{233668574},3C_20_66-03.txt,118.340,0.250,29.585,3,12.922,43.68,4.307,14.063,0.000
57,ec.gp.GPIndividual@378522900{233668574},3C_20_80-01.txt,4.194,0.250,1.049,4,0.891,84.93,0.223,14.063,0.000
57,ec.gp.GPIndividual@378522900{233668574},3C_20_80-02.txt,35.738,0.250,8.935,1,14.578,163.17,14.578,14.578,0.000
57,ec.gp.GPIndividual@1141677615{-130534225},3C_20_50-02.txt,61.404,0.250,15.351,3,3.344,21.78,1.115,1.688,0.438
57,ec.gp.GPIndividual@1141677615{-130534225},3C_20_80-03.txt,169.439,0.250,42.360,2,15.000,35.41,7.500,13.500,0.438
57,ec.gp.GPIndividual@1141677615{-130534225},3C_20_66-02.txt,154.245,0.250,38.561,1,13.922,36.10,13.922,13.922,0.438
57,ec.gp.GPIndividual@1901270664{641431651},3C_20_50-02.txt,61.404,0.250,15.351,3,11.938,77.76,3.979,9.766,0.422
57,ec.gp.GPIndividual@1901270664{641431651},3C_20_50-03.txt,30.993,0.250,7.748,3,5.656,73.00,1.885,9.766,0.422
57,ec.gp.GPIndividual@206894872{-829455676},3C_20_50-02.txt,61.404,0.250,15.351,1,0.453,2.95,0.453,0.453,0.453
57,ec.gp.GPIndividual@206894872{-829455676},3C_20_66-03.txt,118.340,0.250,29.585,11,25.203,85.19,2.291,4.484,0.328
57,ec.gp.GPIndividual@206894872{-829455676},3C_20_66-01.txt,7.322,0.250,1.831,1,3.594,196.32,3.594,4.484,0.328
57,ec.gp.GPIndividual@206894872{-829455676},3C_20_80-01.txt,4.194,0.250,1.049,2,1.016,96.85,0.508,4.484,0.328
57,ec.gp.GPIndividual@206894872{-829455676},3C_20_66-02.txt,154.245,0.250,38.561,1,0.328,0.85,0.328,4.484,0.328
57,ec.gp.GPIndividual@206894872{-829455676},3C_20_80-02.txt,35.738,0.250,8.935,1,6.094,68.20,6.094,6.094,0.328
57,ec.gp.GPIndividual@206894872{-829455676},3C_20_50-03.txt,30.993,0.250,7.748,1,8.906,114.95,8.906,8.906,0.328
57,ec.gp.GPIndividual@206894872{-829455676},3C_20_50-03.txt,30.993,0.250,7.748,6,7.594,98.01,1.266,8.906,0.328
57,ec.gp.GPIndividual@206894872{-829455676},3C_20_66-03.txt,118.340,0.250,29.585,6,9.203,31.11,1.534,8.906,0.328
57,ec.gp.GPIndividual@206894872{-829455676},3C_20_80-01.txt,4.194,0.250,1.049,3,0.813,77.48,0.271,8.906,0.000
57,ec.gp.GPIndividual@206894872{-829455676},3C_20_80-02.txt,35.738,0.250,8.935,4,8.719,97.58,2.180,8.906,0.000
57,ec.gp.GPIndividual@206894872{-829455676},3C_20_66-01.txt,7.322,0.250,1.831,2,1.797,98.16,0.898,8.906,0.000
57,ec.gp.GPIndividual@206894872{-829455676},3C_20_80-03.txt,169.439,0.250,42.360,2,2.578,6.09,1.289,8.906,0.000
57,ec.gp.GPIndividual@206894872{-829455676},3C_20_66-01.txt,7.322,0.250,1.831,2,1.391,75.97,0.695,8.906,0.000
57,ec.gp.GPIndividual@206894872{-829455676},3C_20_66-02.txt,154.245,0.250,38.561,1,0.578,1.50,0.578,8.906,0.000
57,ec.gp.GPIndividual@206894872{-829455676},3C_20_66-02.txt,154.245,0.250,38.561,2,4.750,12.32,2.375,8.906,0.000
57,ec.gp.GPIndividual@1112893478{1852342155},3C_20_50-02.txt,61.404,0.250,15.351,9,16.359,106.57,1.818,9.641,0.250
57,ec.gp.GPIndividual@1112893478{1852342155},3C_20_80-03.txt,169.439,0.250,42.360,8,40.188,94.87,5.023,15.688,0.250
57,ec.gp.GPIndividual@1112893478{1852342155},3C_20_66-03.txt,118.340,0.250,29.585,1,14.672,49.59,14.672,15.688,0.250
57,ec.gp.GPIndividual@1112893478{1852342155},3C_20_50-03.txt,30.993,0.250,7.748,1,13.422,173.23,13.422,15.688,0.250
57,ec.gp.GPIndividual@488196606{1060032199},3C_20_50-02.txt,61.404,0.250,15.351,8,19.516,127.13,2.439,7.141,0.250
57,ec.gp.GPIndividual@488196606{1060032199},3C_20_66-03.txt,118.340,0.250,29.585,1,1.234,4.17,1.234,7.141,0.250
57,ec.gp.GPIndividual@488196606{1060032199},3C_20_80-01.txt,4.194,0.250,1.049,1,4.234,403.80,4.234,7.141,0.250
57,ec.gp.GPIndividual@488196606{1060032199},3C_20_66-01.txt,7.322,0.250,1.831,1,2.031,110.96,2.031,7.141,0.250
57,ec.gp.GPIndividual@488196606{1060032199},3C_20_50-03.txt,30.993,0.250,7.748,9,7.906,102.04,0.878,7.141,0.250
57,ec.gp.GPIndividual@488196606{1060032199},3C_20_66-02.txt,154.245,0.250,38.561,2,0.219,0.57,0.109,7.141,0.000
57,ec.gp.GPIndividual@488196606{1060032199},3C_20_66-01.txt,7.322,0.250,1.831,1,3.281,179.25,3.281,7.141,0.000
57,ec.gp.GPIndividual@488196606{1060032199},3C_20_80-01.txt,4.194,0.250,1.049,3,1.125,107.28,0.375,7.141,0.000
57,ec.gp.GPIndividual@488196606{1060032199},3C_20_66-02.txt,154.245,0.250,38.561,1,1.750,4.54,1.750,7.141,0.000
57,ec.gp.GPIndividual@488196606{1060032199},3C_20_80-02.txt,35.738,0.250,8.935,3,2.188,24.48,0.729,7.141,0.000
57,ec.gp.GPIndividual@488196606{1060032199},3C_20_80-02.txt,35.738,0.250,8.935,11,8.969,100.38,0.815,7.141,0.000
57,ec.gp.GPIndividual@488196606{1060032199},3C_20_66-03.txt,118.340,0.250,29.585,1,0.906,3.06,0.906,7.141,0.000
57,ec.gp.GPIndividual@488196606{1060032199},3C_20_66-03.txt,118.340,0.250,29.585,1,0.422,1.43,0.422,7.141,0.000
57,ec.gp.GPIndividual@488196606{1060032199},3C_20_80-03.txt,169.439,0.250,42.360,2,1.500,3.54,0.750,7.141,0.000
57,ec.gp.GPIndividual@488196606{1060032199},3C_20_80-03.txt,169.439,0.250,42.360,7,28.094,66.32,4.013,9.719,0.000
57,ec.gp.GPIndividual@488196606{1060032199},3C_20_80-01.txt,4.194,0.250,1.049,3,11.234,1071.35,3.745,10.531,0.000
57,ec.gp.GPIndividual@488196606{1060032199},3C_20_80-01.txt,4.194,0.250,1.049,1,11.266,1074.33,11.266,11.266,0.000
57,ec.gp.GPIndividual@444876154{63817539},3C_20_50-02.txt,61.404,0.250,15.351,1,12.797,83.36,12.797,12.797,12.797
57,ec.gp.GPIndividual@366468372{1187883291},3C_20_50-02.txt,61.404,0.250,15.351,3,0.656,4.27,0.219,0.438,0.000
57,ec.gp.GPIndividual@366468372{1187883291},3C_20_80-02.txt,35.738,0.250,8.935,10,8.906,99.68,0.891,1.406,0.000
57,ec.gp.GPIndividual@366468372{1187883291},3C_20_50-03.txt,30.993,0.250,7.748,3,3.016,38.92,1.005,1.516,0.000
57,ec.gp.GPIndividual@366468372{1187883291},3C_20_80-02.txt,35.738,0.250,8.935,7,8.547,95.66,1.221,2.594,0.000
57,ec.gp.GPIndividual@366468372{1187883291},3C_20_80-03.txt,169.439,0.250,42.360,2,0.672,1.59,0.336,2.594,0.000
57,ec.gp.GPIndividual@366468372{1187883291},3C_20_66-01.txt,7.322,0.250,1.831,1,1.719,93.89,1.719,2.594,0.000
57,ec.gp.GPIndividual@366468372{1187883291},3C_20_80-03.txt,169.439,0.250,42.360,1,0.578,1.36,0.578,2.594,0.000
57,ec.gp.GPIndividual@366468372{1187883291},3C_20_66-02.txt,154.245,0.250,38.561,1,2.156,5.59,2.156,2.594,0.000
57,ec.gp.GPIndividual@366468372{1187883291},3C_20_50-03.txt,30.993,0.250,7.748,4,7.984,103.05,1.996,3.297,0.000
57,ec.gp.GPIndividual@366468372{1187883291},3C_20_66-01.txt,7.322,0.250,1.831,1,0.813,44.39,0.813,3.297,0.000
57,ec.gp.GPIndividual@366468372{1187883291},3C_20_66-03.txt,118.340,0.250,29.585,1,1.031,3.49,1.031,3.297,0.000
57,ec.gp.GPIndividual@1970156153{129277497},3C_20_50-02.txt,61.404,0.250,15.351,9,12.516,81.53,1.391,3.531,0.203
57,ec.gp.GPIndividual@1970156153{129277497},3C_20_80-01.txt,4.194,0.250,1.049,3,0.703,67.05,0.234,3.531,0.000
57,ec.gp.GPIndividual@1970156153{129277497},3C_20_80-02.txt,35.738,0.250,8.935,2,6.438,72.05,3.219,4.766,0.000
57,ec.gp.GPIndividual@1815695465{576030778},3C_20_50-02.txt,61.404,0.250,15.351,0,0.000,0.00,0.000,0.000,0.000
57,ec.gp.GPIndividual@1815695465{576030778},3C_20_50-03.txt,30.993,0.250,7.748,0,0.000,0.00,0.000,0.000,0.000
57,ec.gp.GPIndividual@1815695465{576030778},3C_20_66-01.txt,7.322,0.250,1.831,0,0.000,0.00,0.000,0.000,0.000
57,ec.gp.GPIndividual@1815695465{576030778},3C_20_66-02.txt,154.245,0.250,38.561,0,0.000,0.00,0.000,0.000,0.000
57,ec.gp.GPIndividual@1815695465{576030778},3C_20_66-03.txt,118.340,0.250,29.585,0,0.000,0.00,0.000,0.000,0.000
57,ec.gp.GPIndividual@1815695465{576030778},3C_20_80-01.txt,4.194,0.250,1.049,0,0.000,0.00,0.000,0.000,0.000
57,ec.gp.GPIndividual@1815695465{576030778},3C_20_80-02.txt,35.738,0.250,8.935,0,0.000,0.00,0.000,0.000,0.000
57,ec.gp.GPIndividual@1815695465{576030778},3C_20_80-03.txt,169.439,0.250,42.360,0,0.000,0.00,0.000,0.000,0.000
58,ec.gp.GPIndividual@1696042401{94699327},3C_20_50-02.txt,61.404,0.250,15.351,0,0.000,0.00,0.000,0.000,0.000
58,ec.gp.GPIndividual@1696042401{94699327},3C_20_50-03.txt,30.993,0.250,7.748,0,0.000,0.00,0.000,0.000,0.000
58,ec.gp.GPIndividual@1696042401{94699327},3C_20_66-01.txt,7.322,0.250,1.831,0,0.000,0.00,0.000,0.000,0.000
58,ec.gp.GPIndividual@1696042401{94699327},3C_20_66-02.txt,154.245,0.250,38.561,0,0.000,0.00,0.000,0.000,0.000
58,ec.gp.GPIndividual@1696042401{94699327},3C_20_66-03.txt,118.340,0.250,29.585,0,0.000,0.00,0.000,0.000,0.000
58,ec.gp.GPIndividual@1696042401{94699327},3C_20_80-01.txt,4.194,0.250,1.049,0,0.000,0.00,0.000,0.000,0.000
58,ec.gp.GPIndividual@1696042401{94699327},3C_20_80-02.txt,35.738,0.250,8.935,0,0.000,0.00,0.000,0.000,0.000
58,ec.gp.GPIndividual@1696042401{94699327},3C_20_80-03.txt,169.439,0.250,42.360,0,0.000,0.00,0.000,0.000,0.000
58,ec.gp.GPIndividual@4967962{-2078489945},3C_20_50-02.txt,61.404,0.250,15.351,8,5.797,37.76,0.725,1.906,0.359
58,ec.gp.GPIndividual@4967962{-2078489945},3C_20_50-03.txt,30.993,0.250,7.748,5,7.719,99.62,1.544,1.906,0.094
58,ec.gp.GPIndividual@4967962{-2078489945},3C_20_50-03.txt,30.993,0.250,7.748,5,7.781,100.43,1.556,2.625,0.094
58,ec.gp.GPIndividual@4967962{-2078489945},3C_20_50-03.txt,30.993,0.250,7.748,3,8.906,114.95,2.969,3.234,0.094
58,ec.gp.GPIndividual@4967962{-2078489945},3C_20_50-03.txt,30.993,0.250,7.748,2,1.219,15.73,0.609,3.234,0.000
58,ec.gp.GPIndividual@4967962{-2078489945},3C_20_50-03.txt,30.993,0.250,7.748,1,2.094,27.02,2.094,3.234,0.000
58,ec.gp.GPIndividual@4967962{-2078489945},3C_20_50-03.txt,30.993,0.250,7.748,1,0.656,8.47,0.656,3.234,0.000
58,ec.gp.GPIndividual@4967962{-2078489945},3C_20_66-01.txt,7.322,0.250,1.831,2,2.781,151.94,1.391,3.234,0.000
58,ec.gp.GPIndividual@4967962{-2078489945},3C_20_66-01.txt,7.322,0.250,1.831,1,0.516,28.17,0.516,3.234,0.000
58,ec.gp.GPIndividual@4967962{-2078489945},3C_20_66-02.txt,154.245,0.250,38.561,5,11.391,29.54,2.278,3.234,0.000
58,ec.gp.GPIndividual@4967962{-2078489945},3C_20_66-02.txt,154.245,0.250,38.561,8,21.063,54.62,2.633,4.469,0.000
58,ec.gp.GPIndividual@4967962{-2078489945},3C_20_66-03.txt,118.340,0.250,29.585,7,33.188,112.18,4.741,7.750,0.000
58,ec.gp.GPIndividual@4967962{-2078489945},3C_20_66-01.txt,7.322,0.250,1.831,1,7.906,431.91,7.906,7.906,0.000
58,ec.gp.GPIndividual@4967962{-2078489945},3C_20_66-01.txt,7.322,0.250,1.831,1,1.781,97.31,1.781,7.906,0.000
58,ec.gp.GPIndividual@4967962{-2078489945},3C_20_80-01.txt,4.194,0.250,1.049,1,7.922,755.46,7.922,7.922,0.000
58,ec.gp.GPIndividual@4967962{-2078489945},3C_20_66-01.txt,7.322,0.250,1.831,4,2.531,138.28,0.633,7.922,0.000
58,ec.gp.GPIndividual@4967962{-2078489945},3C_20_66-02.txt,154.245,0.250,38.561,1,0.328,0.85,0.328,7.922,0.000
58,ec.gp.GPIndividual@4967962{-2078489945},3C_20_80-02.txt,35.738,0.250,8.935,4,10.469,117.17,2.617,7.922,0.000
58,ec.gp.GPIndividual@4967962{-2078489945},3C_20_66-03.txt,118.340,0.250,29.585,1,4.250,14.37,4.250,7.922,0.000
58,ec.gp.GPIndividual@4967962{-2078489945},3C_20_66-01.txt,7.322,0.250,1.831,1,2.047,111.82,2.047,7.922,0.000
58,ec.gp.GPIndividual@4967962{-2078489945},3C_20_80-03.txt,169.439,0.250,42.360,4,6.266,14.79,1.566,7.922,0.000
58,ec.gp.GPIndividual@4967962{-2078489945},3C_20_66-02.txt,154.245,0.250,38.561,17,36.438,94.49,2.143,7.922,0.000
58,ec.gp.GPIndividual@4967962{-2078489945},3C_20_66-03.txt,118.340,0.250,29.585,4,13.531,45.74,3.383,7.922,0.000
58,ec.gp.GPIndividual@1949390815{1598547450},3C_20_50-02.txt,61.404,0.250,15.351,5,16.703,108.81,3.341,10.469,0.516
58,ec.gp.GPIndividual@1949390815{1598547450},3C_20_50-03.txt,30.993,0.250,7.748,2,7.031,90.75,3.516,10.469,0.516
58,ec.gp.GPIndividual@1949390815{1598547450},3C_20_66-02.txt,154.245,0.250,38.561,1,0.703,1.82,0.703,10.469,0.516
58,ec.gp.GPIndividual@1949390815{1598547450},3C_20_80-01.txt,4.194,0.250,1.049,3,1.063,101.32,0.354,10.469,0.172
58,ec.gp.GPIndividual@1949390815{1598547450},3C_20_80-02.txt,35.738,0.250,8.935,2,10.656,119.27,5.328,10.469,0.172
58,ec.gp.GPIndividual@1949390815{1598547450},3C_20_66-02.txt,154.245,0.250,38.561,3,14.344,37.20,4.781,10.469,0.172
58,ec.gp.GPIndividual@1949390815{1598547450},3C_20_66-03.txt,118.340,0.250,29.585,2,12.734,43.04,6.367,10.578,0.172
58,ec.gp.GPIndividual@1949390815{1598547450},3C_20_80-01.txt,4.194,0.250,1.049,2,0.875,83.44,0.438,10.578,0.172
58,ec.gp.GPIndividual@1949390815{1598547450},3C_20_80-02.txt,35.738,0.250,8.935,7,10.188,114.02,1.455,10.578,0.172
58,ec.gp.GPIndividual@1949390815{1598547450},3C_20_80-02.txt,35.738,0.250,8.935,7,10.188,114.02,1.455,10.578,0.172
58,ec.gp.GPIndividual@1949390815{1598547450},3C_20_80-03.txt,169.439,0.250,42.360,3,7.531,17.78,2.510,10.578,0.172
58,ec.gp.GPIndividual@1949390815{1598547450},3C_20_66-03.txt,118.340,0.250,29.585,8,30.016,101.46,3.752,10.578,0.172
58,ec.gp.GPIndividual@1949390815{1598547450},3C_20_80-01.txt,4.194,0.250,1.049,1,3.406,324.83,3.406,10.578,0.172
58,ec.gp.GPIndividual@1949390815{1598547450},3C_20_80-01.txt,4.194,0.250,1.049,4,1.438,137.08,0.359,10.578,0.172
58,ec.gp.GPIndividual@1949390815{1598547450},3C_20_80-02.txt,35.738,0.250,8.935,3,10.031,112.28,3.344,10.578,0.172
58,ec.gp.GPIndividual@1949390815{1598547450},3C_20_80-03.txt,169.439,0.250,42.360,0,0.000,0.00,0.000,10.578,0.172
58,ec.gp.GPIndividual@1949390815{1598547450},3C_20_66-01.txt,7.322,0.250,1.831,3,1.703,93.04,0.568,10.578,0.172
58,ec.gp.GPIndividual@1949390815{1598547450},3C_20_80-02.txt,35.738,0.250,8.935,6,9.922,111.05,1.654,10.578,0.172
58,ec.gp.GPIndividual@1949390815{1598547450},3C_20_80-03.txt,169.439,0.250,42.360,1,1.063,2.51,1.063,10.578,0.172
58,ec.gp.GPIndividual@1949390815{1598547450},3C_20_66-02.txt,154.245,0.250,38.561,1,0.531,1.38,0.531,10.578,0.172
58,ec.gp.GPIndividual@1949390815{1598547450},3C_20_80-03.txt,169.439,0.250,42.360,1,5.375,12.69,5.375,10.578,0.172
58,ec.gp.GPIndividual@67704860{1122259734},3C_20_50-02.txt,61.404,0.250,15.351,1,2.547,16.59,2.547,2.547,2.547
58,ec.gp.GPIndividual@67704860{1122259734},3C_20_80-01.txt,4.194,0.250,1.049,4,1.500,143.04,0.375,2.547,0.172
58,ec.gp.GPIndividual@67704860{1122259734},3C_20_80-02.txt,35.738,0.250,8.935,4,12.578,140.78,3.145,6.031,0.172
58,ec.gp.GPIndividual@1774550989{-1996969409},3C_20_50-02.txt,61.404,0.250,15.351,4,4.922,32.06,1.230,1.953,0.516
58,ec.gp.GPIndividual@1774550989{-1996969409},3C_20_50-03.txt,30.993,0.250,7.748,2,2.688,34.69,1.344,1.953,0.516
58,ec.gp.GPIndividual@1774550989{-1996969409},3C_20_80-03.txt,169.439,0.250,42.360,6,20.938,49.43,3.490,5.859,0.516
58,ec.gp.GPIndividual@1774550989{-1996969409},3C_20_50-03.txt,30.993,0.250,7.748,2,4.234,54.65,2.117,5.859,0.516
58,ec.gp.GPIndividual@1774550989{-1996969409},3C_20_66-03.txt,118.340,0.250,29.585,5,30.516,103.15,6.103,11.750,0.516
58,ec.gp.GPIndividual@508858702{-1243284462},3C_20_50-02.txt,61.404,0.250,15.351,4,27.031,176.09,6.758,14.047,0.328
58,ec.gp.GPIndividual@1504147929{-1550043133},3C_20_50-02.txt,61.404,0.250,15.351,3,2.719,17.71,0.906,1.672,0.000
58,ec.gp.GPIndividual@1504147929{-1550043133},3C_20_66-01.txt,7.322,0.250,1.831,1,8.203,448.12,8.203,8.203,0.000
58,ec.gp.GPIndividual@2014696813{1870459341},3C_20_50-02.txt,61.404,0.250,15.351,2,4.906,31.96,2.453,4.438,0.469
58,ec.gp.GPIndividual@2014696813{1870459341},3C_20_66-01.txt,7.322,0.250,1.831,4,2.344,128.04,0.586,4.438,0.359
58,ec.gp.GPIndividual@2014696813{1870459341},3C_20_50-03.txt,30.993,0.250,7.748,4,8.156,105.27,2.039,4.438,0.359
58,ec.gp.GPIndividual@2014696813{1870459341},3C_20_50-03.txt,30.993,0.250,7.748,4,5.422,69.98,1.355,4.438,0.359
58,ec.gp.GPIndividual@2014696813{1870459341},3C_20_80-01.txt,4.194,0.250,1.049,2,1.922,183.28,0.961,4.438,0.359
58,ec.gp.GPIndividual@2014696813{1870459341},3C_20_66-02.txt,154.245,0.250,38.561,2,1.688,4.38,0.844,4.438,0.328
58,ec.gp.GPIndividual@2014696813{1870459341},3C_20_66-02.txt,154.245,0.250,38.561,2,4.156,10.78,2.078,4.438,0.328
58,ec.gp.GPIndividual@2014696813{1870459341},3C_20_80-02.txt,35.738,0.250,8.935,2,2.406,26.93,1.203,4.438,0.000
58,ec.gp.GPIndividual@2014696813{1870459341},3C_20_50-03.txt,30.993,0.250,7.748,3,8.000,103.25,2.667,4.438,0.000
58,ec.gp.GPIndividual@2014696813{1870459341},3C_20_66-03.txt,118.340,0.250,29.585,8,16.484,55.72,2.061,4.438,0.000
58,ec.gp.GPIndividual@2014696813{1870459341},3C_20_66-03.txt,118.340,0.250,29.585,4,13.469,45.53,3.367,6.078,0.000
58,ec.gp.GPIndividual@2014696813{1870459341},3C_20_80-01.txt,4.194,0.250,1.049,1,4.297,409.76,4.297,6.078,0.000
58,ec.gp.GPIndividual@2014696813{1870459341},3C_20_66-01.txt,7.322,0.250,1.831,2,2.266,123.77,1.133,6.078,0.000
58,ec.gp.GPIndividual@2014696813{1870459341},3C_20_80-03.txt,169.439,0.250,42.360,3,1.563,3.69,0.521,6.078,0.000
58,ec.gp.GPIndividual@2014696813{1870459341},3C_20_80-02.txt,35.738,0.250,8.935,3,8.328,93.21,2.776,6.922,0.000
58,ec.gp.GPIndividual@2014696813{1870459341},3C_20_66-01.txt,7.322,0.250,1.831,1,2.156,117.79,2.156,6.922,0.000
58,ec.gp.GPIndividual@2014696813{1870459341},3C_20_80-03.txt,169.439,0.250,42.360,6,16.969,40.06,2.828,6.922,0.000
58,ec.gp.GPIndividual@2014696813{1870459341},3C_20_66-01.txt,7.322,0.250,1.831,2,2.125,116.09,1.063,6.922,0.000
58,ec.gp.GPIndividual@2014696813{1870459341},3C_20_66-02.txt,154.245,0.250,38.561,8,17.203,44.61,2.150,6.922,0.000
58,ec.gp.GPIndividual@2014696813{1870459341},3C_20_66-02.txt,154.245,0.250,38.561,2,7.500,19.45,3.750,6.922,0.000
58,ec.gp.GPIndividual@1364346906{-197490164},3C_20_50-02.txt,61.404,0.250,15.351,10,15.188,98.93,1.519,2.734,0.156
58,ec.gp.GPIndividual@1364346906{-197490164},3C_20_66-03.txt,118.340,0.250,29.585,4,15.406,52.07,3.852,11.141,0.156
58,ec.gp.GPIndividual@1601602166{-530403113},3C_20_50-02.txt,61.404,0.250,15.351,4,18.953,123.46,4.738,13.484,0.516
58,ec.gp.GPIndividual@1601602166{-530403113},3C_20_80-01.txt,4.194,0.250,1.049,1,2.000,190.73,2.000,13.484,0.516
58,ec.gp.GPIndividual@1601602166{-530403113},3C_20_50-03.txt,30.993,0.250,7.748,1,2.000,25.81,2.000,13.484,0.516
58,ec.gp.GPIndividual@1601602166{-530403113},3C_20_50-03.txt,30.993,0.250,7.748,3,7.078,91.35,2.359,13.484,0.469
58,ec.gp.GPIndividual@1601602166{-530403113},3C_20_80-01.txt,4.194,0.250,1.049,2,1.734,165.40,0.867,13.484,0.469
58,ec.gp.GPIndividual@1601602166{-530403113},3C_20_80-02.txt,35.738,0.250,8.935,2,14.219,159.14,7.109,13.891,0.328
58,ec.gp.GPIndividual@1601602166{-530403113},3C_20_66-02.txt,154.245,0.250,38.561,2,6.844,17.75,3.422,13.891,0.328
58,ec.gp.GPIndividual@1601602166{-530403113},3C_20_66-03.txt,118.340,0.250,29.585,4,10.328,34.91,2.582,13.891,0.328
58,ec.gp.GPIndividual@1601602166{-530403113},3C_20_80-02.txt,35.738,0.250,8.935,6,9.000,100.73,1.500,13.891,0.172
58,ec.gp.GPIndividual@1601602166{-530403113},3C_20_80-03.txt,169.439,0.250,42.360,13,50.000,118.04,3.846,13.891,0.172
58,ec.gp.GPIndividual@1601602166{-530403113},3C_20_66-01.txt,7.322,0.250,1.831,1,0.156,8.54,0.156,13.891,0.156
58,ec.gp.GPIndividual@1601602166{-530403113},3C_20_66-01.txt,7.322,0.250,1.831,2,4.109,224.49,2.055,13.891,0.156
58,ec.gp.GPIndividual@357413163{781213232},3C_20_50-02.txt,61.404,0.250,15.351,3,1.359,8.86,0.453,0.859,0.000
58,ec.gp.GPIndividual@357413163{781213232},3C_20_66-02.txt,154.245,0.250,38.561,3,9.859,25.57,3.286,8.500,0.000
58,ec.gp.GPIndividual@357413163{781213232},3C_20_80-03.txt,169.439,0.250,42.360,2,7.688,18.15,3.844,8.500,0.000
58,ec.gp.GPIndividual@357413163{781213232},3C_20_80-01.txt,4.194,0.250,1.049,1,1.609,153.48,1.609,8.500,0.000
58,ec.gp.GPIndividual@357413163{781213232},3C_20_66-02.txt,154.245,0.250,38.561,3,10.141,26.30,3.380,8.500,0.000
58,ec.gp.GPIndividual@357413163{781213232},3C_20_66-03.txt,118.340,0.250,29.585,14,29.703,100.40,2.122,8.500,0.000
58,ec.gp.GPIndividual@357413163{781213232},3C_20_80-02.txt,35.738,0.250,8.935,3,8.469,94.79,2.823,8.500,0.000
58,ec.gp.GPIndividual@357413163{781213232},3C_20_66-03.txt,118.340,0.250,29.585,1,2.188,7.39,2.188,8.500,0.000
58,ec.gp.GPIndividual@632875632{1755075080},3C_20_50-02.txt,61.404,0.250,15.351,4,3.438,22.39,0.859,1.750,0.000
58,ec.gp.GPIndividual@632875632{1755075080},3C_20_66-03.txt,118.340,0.250,29.585,4,10.422,35.23,2.605,5.344,0.000
58,ec.gp.GPIndividual@632875632{1755075080},3C_20_50-03.txt,30.993,0.250,7.748,6,8.984,115.96,1.497,5.344,0.000
58,ec.gp.GPIndividual@632875632{1755075080},3C_20_50-03.txt,30.993,0.250,7.748,0,0.000,0.00,0.000,5.344,0.000
58,ec.gp.GPIndividual@632875632{1755075080},3C_20_80-03.txt,169.439,0.250,42.360,1,1.734,4.09,1.734,5.344,0.000
58,ec.gp.GPIndividual@632875632{1755075080},3C_20_80-01.txt,4.194,0.250,1.049,1,6.000,572.18,6.000,6.000,0.000
58,ec.gp.GPIndividual@632875632{1755075080},3C_20_80-01.txt,4.194,0.250,1.049,1,3.141,299.50,3.141,6.000,0.000
58,ec.gp.GPIndividual@632875632{1755075080},3C_20_66-01.txt,7.322,0.250,1.831,3,6.922,378.13,2.307,6.000,0.000
58,ec.gp.GPIndividual@632875632{1755075080},3C_20_80-01.txt,4.194,0.250,1.049,2,1.500,143.04,0.750,6.000,0.000
58,ec.gp.GPIndividual@632875632{1755075080},3C_20_66-02.txt,154.245,0.250,38.561,2,0.766,1.99,0.383,6.000,0.000
58,ec.gp.GPIndividual@632875632{1755075080},3C_20_80-02.txt,35.738,0.250,8.935,6,10.297,115.25,1.716,6.000,0.000
58,ec.gp.GPIndividual@632875632{1755075080},3C_20_80-03.txt,169.439,0.250,42.360,1,1.188,2.80,1.188,6.000,0.000
58,ec.gp.GPIndividual@632875632{1755075080},3C_20_80-02.txt,35.738,0.250,8.935,4,9.188,102.83,2.297,6.000,0.000
58,ec.gp.GPIndividual@2007621370{1163106165},3C_20_50-02.txt,61.404,0.250,15.351,1,1.438,9.36,1.438,1.438,1.438
58,ec.gp.GPIndividual@2007621370{1163106165},3C_20_50-03.txt,30.993,0.250,7.748,0,0.000,0.00,0.000,1.438,1.438
58,ec.gp.GPIndividual@2007621370{1163106165},3C_20_66-01.txt,7.322,0.250,1.831,0,0.000,0.00,0.000,1.438,1.438
58,ec.gp.GPIndividual@2007621370{1163106165},3C_20_66-02.txt,154.245,0.250,38.561,0,0.000,0.00,0.000,1.438,1.438
58,ec.gp.GPIndividual@2007621370{1163106165},3C_20_66-03.txt,118.340,0.250,29.585,0,0.000,0.00,0.000,1.438,1.438
58,ec.gp.GPIndividual@2007621370{1163106165},3C_20_80-01.txt,4.194,0.250,1.049,0,0.000,0.00,0.000,1.438,1.438
58,ec.gp.GPIndividual@2007621370{1163106165},3C_20_80-02.txt,35.738,0.250,8.935,0,0.000,0.00,0.000,1.438,1.438
58,ec.gp.GPIndividual@2007621370{1163106165},3C_20_80-03.txt,169.439,0.250,42.360,0,0.000,0.00,0.000,1.438,1.438
58,ec.gp.GPIndividual@1934673804{1481862196},3C_20_50-02.txt,61.404,0.250,15.351,4,5.031,32.77,1.258,2.281,0.000
58,ec.gp.GPIndividual@1934673804{1481862196},3C_20_80-02.txt,35.738,0.250,8.935,1,1.516,16.96,1.516,2.281,0.000
58,ec.gp.GPIndividual@1934673804{1481862196},3C_20_66-03.txt,118.340,0.250,29.585,13,29.844,100.87,2.296,5.938,0.000
58,ec.gp.GPIndividual@1934673804{1481862196},3C_20_80-03.txt,169.439,0.250,42.360,1,0.547,1.29,0.547,5.938,0.000
58,ec.gp.GPIndividual@1934673804{1481862196},3C_20_80-03.txt,169.439,0.250,42.360,1,1.766,4.17,1.766,5.938,0.000
58,ec.gp.GPIndividual@1934673804{1481862196},3C_20_66-01.txt,7.322,0.250,1.831,1,6.422,350.82,6.422,6.422,0.000
58,ec.gp.GPIndividual@1934673804{1481862196},3C_20_80-01.txt,4.194,0.250,1.049,1,3.016,287.58,3.016,6.422,0.000
58,ec.gp.GPIndividual@1934673804{1481862196},3C_20_50-03.txt,30.993,0.250,7.748,5,9.125,117.77,1.825,6.422,0.000
58,ec.gp.GPIndividual@798242088{1082900019},3C_20_50-02.txt,61.404,0.250,15.351,7,16.516,107.59,2.359,6.047,0.359
58,ec.gp.GPIndividual@1952635889{1059815389},3C_20_50-02.txt,61.404,0.250,15.351,5,13.844,90.18,2.769,6.047,0.500
58,ec.gp.GPIndividual@1952635889{1059815389},3C_20_80-02.txt,35.738,0.250,8.935,3,8.203,91.81,2.734,6.047,0.500
58,ec.gp.GPIndividual@1952635889{1059815389},3C_20_50-03.txt,30.993,0.250,7.748,4,10.438,134.71,2.609,6.047,0.500
58,ec.gp.GPIndividual@147587419{-1745190360},3C_20_50-02.txt,61.404,0.250,15.351,1,5.594,36.44,5.594,5.594,5.594
58,ec.gp.GPIndividual@147587419{-1745190360},3C_20_66-01.txt,7.322,0.250,1.831,4,1.875,102.43,0.469,5.594,0.125
58,ec.gp.GPIndividual@147587419{-1745190360},3C_20_66-02.txt,154.245,0.250,38.561,2,0.406,1.05,0.203,5.594,0.000
58,ec.gp.GPIndividual@147587419{-1745190360},3C_20_50-03.txt,30.993,0.250,7.748,1,7.766,100.23,7.766,7.766,0.000
58,ec.gp.GPIndividual@147587419{-1745190360},3C_20_66-03.txt,118.340,0.250,29.585,2,27.250,92.11,13.625,14.078,0.000
58,ec.gp.GPIndividual@147587419{-1745190360},3C_20_66-03.txt,118.340,0.250,29.585,4,5.156,17.43,1.289,14.078,0.000
58,ec.gp.GPIndividual@147587419{-1745190360},3C_20_66-03.txt,118.340,0.250,29.585,8,28.141,95.12,3.518,14.078,0.000
58,ec.gp.GPIndividual@147587419{-1745190360},3C_20_80-01.txt,4.194,0.250,1.049,3,3.000,286.09,1.000,14.078,0.000
58,ec.gp.GPIndividual@147587419{-1745190360},3C_20_80-01.txt,4.194,0.250,1.049,2,2.938,280.13,1.469,14.078,0.000
58,ec.gp.GPIndividual@147587419{-1745190360},3C_20_80-01.txt,4.194,0.250,1.049,4,1.359,129.63,0.340,14.078,0.000
58,ec.gp.GPIndividual@147587419{-1745190360},3C_20_80-02.txt,35.738,0.250,8.935,3,2.484,27.81,0.828,14.078,0.000
58,ec.gp.GPIndividual@147587419{-1745190360},3C_20_80-02.txt,35.738,0.250,8.935,3,17.359,194.30,5.786,14.078,0.000
58,ec.gp.GPIndividual@147587419{-1745190360},3C_20_66-02.txt,154.245,0.250,38.561,1,1.141,2.96,1.141,14.078,0.000
58,ec.gp.GPIndividual@147587419{-1745190360},3C_20_80-02.txt,35.738,0.250,8.935,1,0.859,9.62,0.859,14.078,0.000
58,ec.gp.GPIndividual@147587419{-1745190360},3C_20_80-03.txt,169.439,0.250,42.360,2,1.594,3.76,0.797,14.078,0.000
58,ec.gp.GPIndividual@147587419{-1745190360},3C_20_66-01.txt,7.322,0.250,1.831,2,1.828,99.87,0.914,14.078,0.000
58,ec.gp.GPIndividual@147587419{-1745190360},3C_20_80-03.txt,169.439,0.250,42.360,18,40.422,95.43,2.246,14.078,0.000
58,ec.gp.GPIndividual@147587419{-1745190360},3C_20_80-03.txt,169.439,0.250,42.360,0,0.000,0.00,0.000,14.078,0.000
58,ec.gp.GPIndividual@29869580{2004285173},3C_20_50-02.txt,61.404,0.250,15.351,0,0.000,0.00,0.000,0.000,0.000
58,ec.gp.GPIndividual@29869580{2004285173},3C_20_50-03.txt,30.993,0.250,7.748,0,0.000,0.00,0.000,0.000,0.000
58,ec.gp.GPIndividual@29869580{2004285173},3C_20_66-01.txt,7.322,0.250,1.831,0,0.000,0.00,0.000,0.000,0.000
58,ec.gp.GPIndividual@29869580{2004285173},3C_20_66-02.txt,154.245,0.250,38.561,0,0.000,0.00,0.000,0.000,0.000
58,ec.gp.GPIndividual@29869580{2004285173},3C_20_66-03.txt,118.340,0.250,29.585,0,0.000,0.00,0.000,0.000,0.000
58,ec.gp.GPIndividual@29869580{2004285173},3C_20_80-01.txt,4.194,0.250,1.049,0,0.000,0.00,0.000,0.000,0.000
58,ec.gp.GPIndividual@29869580{2004285173},3C_20_80-02.txt,35.738,0.250,8.935,0,0.000,0.00,0.000,0.000,0.000
58,ec.gp.GPIndividual@29869580{2004285173},3C_20_80-03.txt,169.439,0.250,42.360,0,0.000,0.00,0.000,0.000,0.000
58,ec.gp.GPIndividual@2142697028{-1799775342},3C_20_50-02.txt,61.404,0.250,15.351,0,0.000,0.00,0.000,0.000,0.000
58,ec.gp.GPIndividual@2142697028{-1799775342},3C_20_50-03.txt,30.993,0.250,7.748,0,0.000,0.00,0.000,0.000,0.000
58,ec.gp.GPIndividual@2142697028{-1799775342},3C_20_66-01.txt,7.322,0.250,1.831,0,0.000,0.00,0.000,0.000,0.000
58,ec.gp.GPIndividual@2142697028{-1799775342},3C_20_66-02.txt,154.245,0.250,38.561,0,0.000,0.00,0.000,0.000,0.000
58,ec.gp.GPIndividual@2142697028{-1799775342},3C_20_66-03.txt,118.340,0.250,29.585,0,0.000,0.00,0.000,0.000,0.000
58,ec.gp.GPIndividual@2142697028{-1799775342},3C_20_80-01.txt,4.194,0.250,1.049,0,0.000,0.00,0.000,0.000,0.000
58,ec.gp.GPIndividual@2142697028{-1799775342},3C_20_80-02.txt,35.738,0.250,8.935,0,0.000,0.00,0.000,0.000,0.000
58,ec.gp.GPIndividual@2142697028{-1799775342},3C_20_80-03.txt,169.439,0.250,42.360,0,0.000,0.00,0.000,0.000,0.000
58,ec.gp.GPIndividual@347647734{-382075802},3C_20_50-02.txt,61.404,0.250,15.351,1,7.250,47.23,7.250,7.250,7.250
58,ec.gp.GPIndividual@347647734{-382075802},3C_20_66-03.txt,118.340,0.250,29.585,3,12.125,40.98,4.042,10.484,0.266
58,ec.gp.GPIndividual@1457402074{284698542},3C_20_50-02.txt,61.404,0.250,15.351,6,15.391,100.26,2.565,11.344,0.141
58,ec.gp.GPIndividual@1457402074{284698542},3C_20_50-03.txt,30.993,0.250,7.748,2,5.703,73.61,2.852,11.344,0.141
58,ec.gp.GPIndividual@1457402074{284698542},3C_20_66-02.txt,154.245,0.250,38.561,3,6.594,17.10,2.198,11.344,0.141
58,ec.gp.GPIndividual@29427597{-1774020238},3C_20_50-02.txt,61.404,0.250,15.351,3,4.406,28.70,1.469,2.234,0.281
58,ec.gp.GPIndividual@29427597{-1774020238},3C_20_50-03.txt,30.993,0.250,7.748,4,8.703,112.33,2.176,3.203,0.281
58,ec.gp.GPIndividual@29427597{-1774020238},3C_20_50-03.txt,30.993,0.250,7.748,1,0.266,3.43,0.266,3.203,0.266
58,ec.gp.GPIndividual@29427597{-1774020238},3C_20_80-01.txt,4.194,0.250,1.049,3,1.891,180.30,0.630,3.203,0.266
58,ec.gp.GPIndividual@29427597{-1774020238},3C_20_66-03.txt,118.340,0.250,29.585,2,0.125,0.42,0.063,3.203,0.000
58,ec.gp.GPIndividual@29427597{-1774020238},3C_20_80-02.txt,35.738,0.250,8.935,4,9.609,107.55,2.402,3.203,0.000
58,ec.gp.GPIndividual@29427597{-1774020238},3C_20_66-01.txt,7.322,0.250,1.831,1,1.063,58.04,1.063,3.203,0.000
58,ec.gp.GPIndividual@29427597{-1774020238},3C_20_80-03.txt,169.439,0.250,42.360,4,5.344,12.62,1.336,3.203,0.000
58,ec.gp.GPIndividual@29427597{-1774020238},3C_20_66-01.txt,7.322,0.250,1.831,2,1.344,73.41,0.672,3.203,0.000
58,ec.gp.GPIndividual@29427597{-1774020238},3C_20_66-02.txt,154.245,0.250,38.561,6,12.516,32.46,2.086,4.688,0.000
58,ec.gp.GPIndividual@29427597{-1774020238},3C_20_66-01.txt,7.322,0.250,1.831,2,5.453,297.90,2.727,4.688,0.000
58,ec.gp.GPIndividual@151552683{289809121},3C_20_50-02.txt,61.404,0.250,15.351,7,7.656,49.87,1.094,2.672,0.328
58,ec.gp.GPIndividual@151552683{289809121},3C_20_66-03.txt,118.340,0.250,29.585,1,0.844,2.85,0.844,2.672,0.328
58,ec.gp.GPIndividual@151552683{289809121},3C_20_66-02.txt,154.245,0.250,38.561,6,14.734,38.21,2.456,4.672,0.328
58,ec.gp.GPIndividual@151552683{289809121},3C_20_80-01.txt,4.194,0.250,1.049,2,1.719,163.91,0.859,4.672,0.328
58,ec.gp.GPIndividual@151552683{289809121},3C_20_66-03.txt,118.340,0.250,29.585,2,4.969,16.79,2.484,4.688,0.281
58,ec.gp.GPIndividual@151552683{289809121},3C_20_80-01.txt,4.194,0.250,1.049,1,2.125,202.65,2.125,4.688,0.281
58,ec.gp.GPIndividual@151552683{289809121},3C_20_50-03.txt,30.993,0.250,7.748,4,3.453,44.57,0.863,4.688,0.281
58,ec.gp.GPIndividual@151552683{289809121},3C_20_80-02.txt,35.738,0.250,8.935,1,1.375,15.39,1.375,4.688,0.281
58,ec.gp.GPIndividual@151552683{289809121},3C_20_80-02.txt,35.738,0.250,8.935,4,10.719,119.97,2.680,4.859,0.281
58,ec.gp.GPIndividual@151552683{289809121},3C_20_80-01.txt,4.194,0.250,1.049,1,1.766,168.38,1.766,4.859,0.281
58,ec.gp.GPIndividual@151552683{289809121},3C_20_80-03.txt,169.439,0.250,42.360,9,16.547,39.06,1.839,4.859,0.281
58,ec.gp.GPIndividual@1000679450{1589892140},3C_20_50-02.txt,61.404,0.250,15.351,4,14.563,94.86,3.641,11.406,0.000
58,ec.gp.GPIndividual@1000679450{1589892140},3C_20_66-02.txt,154.245,0.250,38.561,7,14.641,37.97,2.092,11.406,0.000
58,ec.gp.GPIndividual@1000679450{1589892140},3C_20_66-01.txt,7.322,0.250,1.831,3,1.922,104.99,0.641,11.406,0.000
58,ec.gp.GPIndividual@1000679450{1589892140},3C_20_66-03.txt,118.340,0.250,29.585,5,6.656,22.50,1.331,11.406,0.000
58,ec.gp.GPIndividual@1000679450{1589892140},3C_20_66-02.txt,154.245,0.250,38.561,4,22.000,57.05,5.500,13.828,0.000
58,ec.gp.GPIndividual@1000679450{1589892140},3C_20_80-03.txt,169.439,0.250,42.360,5,16.938,39.98,3.388,13.828,0.000
58,ec.gp.GPIndividual@1000679450{1589892140},3C_20_50-03.txt,30.993,0.250,7.748,1,11.203,144.59,11.203,13.828,0.000
58,ec.gp.GPIndividual@1000679450{1589892140},3C_20_80-02.txt,35.738,0.250,8.935,3,8.047,90.06,2.682,13.828,0.000
58,ec.gp.GPIndividual@167355457{1620678198},3C_20_50-02.txt,61.404,0.250,15.351,4,5.531,36.03,1.383,3.250,0.281
58,ec.gp.GPIndividual@167355457{1620678198},3C_20_80-03.txt,169.439,0.250,42.360,6,29.859,70.49,4.977,15.344,0.281
58,ec.gp.GPIndividual@167355457{1620678198},3C_20_80-01.txt,4.194,0.250,1.049,1,13.594,1296.34,13.594,15.344,0.281
58,ec.gp.GPIndividual@167355457{1620678198},3C_20_66-03.txt,118.340,0.250,29.585,9,36.063,121.89,4.007,15.344,0.281
58,ec.gp.GPIndividual@167355457{1620678198},3C_20_50-03.txt,30.993,0.250,7.748,3,17.328,223.64,5.776,15.344,0.281
58,ec.gp.GPIndividual@1994867395{998000354},3C_20_50-02.txt,61.404,0.250,15.351,2,2.188,14.25,1.094,1.891,0.297
58,ec.gp.GPIndividual@1994867395{998000354},3C_20_66-01.txt,7.322,0.250,1.831,1,1.172,64.02,1.172,1.891,0.297
58,ec.gp.GPIndividual@1994867395{998000354},3C_20_80-02.txt,35.738,0.250,8.935,1,1.891,21.16,1.891,1.891,0.297
58,ec.gp.GPIndividual@1994867395{998000354},3C_20_80-01.txt,4.194,0.250,1.049,2,2.000,190.73,1.000,1.891,0.297
58,ec.gp.GPIndividual@1994867395{998000354},3C_20_50-03.txt,30.993,0.250,7.748,1,0.219,2.82,0.219,1.891,0.219
58,ec.gp.GPIndividual@1994867395{998000354},3C_20_66-02.txt,154.245,0.250,38.561,21,37.375,96.92,1.780,3.578,0.219
58,ec.gp.GPIndividual@1994867395{998000354},3C_20_66-03.txt,118.340,0.250,29.585,3,8.688,29.36,2.896,5.484,0.000
58,ec.gp.GPIndividual@1994867395{998000354},3C_20_66-01.txt,7.322,0.250,1.831,1,1.484,81.09,1.484,5.484,0.000
58,ec.gp.GPIndividual@1994867395{998000354},3C_20_80-02.txt,35.738,0.250,8.935,1,4.375,48.97,4.375,5.484,0.000
58,ec.gp.GPIndividual@1994867395{998000354},3C_20_80-03.txt,169.439,0.250,42.360,14,34.922,82.44,2.494,7.359,0.000
58,ec.gp.GPIndividual@1994867395{998000354},3C_20_80-03.txt,169.439,0.250,42.360,2,5.734,13.54,2.867,7.359,0.000
58,ec.gp.GPIndividual@1994867395{998000354},3C_20_66-01.txt,7.322,0.250,1.831,3,1.234,67.43,0.411,7.359,0.000
58,ec.gp.GPIndividual@1994867395{998000354},3C_20_66-02.txt,154.245,0.250,38.561,1,10.125,26.26,10.125,10.125,0.000
58,ec.gp.GPIndividual@605542629{781213232},3C_20_50-02.txt,61.404,0.250,15.351,1,8.594,55.98,8.594,8.594,8.594
58,ec.gp.GPIndividual@605542629{781213232},3C_20_80-01.txt,4.194,0.250,1.049,2,2.234,213.08,1.117,8.594,0.297
58,ec.gp.GPIndividual@605542629{781213232},3C_20_66-03.txt,118.340,0.250,29.585,7,22.422,75.79,3.203,14.375,0.000
58,ec.gp.GPIndividual@605542629{781213232},3C_20_66-02.txt,154.245,0.250,38.561,2,3.344,8.67,1.672,14.375,0.000
58,ec.gp.GPIndividual@605542629{781213232},3C_20_50-03.txt,30.993,0.250,7.748,3,8.438,108.90,2.813,14.375,0.000
58,ec.gp.GPIndividual@605542629{781213232},3C_20_66-03.txt,118.340,0.250,29.585,3,3.109,10.51,1.036,14.375,0.000
58,ec.gp.GPIndividual@605542629{781213232},3C_20_80-01.txt,4.194,0.250,1.049,3,0.719,68.54,0.240,14.375,0.000
58,ec.gp.GPIndividual@605542629{781213232},3C_20_80-02.txt,35.738,0.250,8.935,5,9.844,110.18,1.969,14.375,0.000
58,ec.gp.GPIndividual@605542629{781213232},3C_20_66-01.txt,7.322,0.250,1.831,2,1.531,83.65,0.766,14.375,0.000
58,ec.gp.GPIndividual@605542629{781213232},3C_20_80-02.txt,35.738,0.250,8.935,2,0.422,4.72,0.211,14.375,0.000
58,ec.gp.GPIndividual@605542629{781213232},3C_20_80-03.txt,169.439,0.250,42.360,4,15.797,37.29,3.949,14.375,0.000
58,ec.gp.GPIndividual@1261966440{1918273744},3C_20_50-02.txt,61.404,0.250,15.351,11,17.234,112.27,1.567,4.688,0.266
58,ec.gp.GPIndividual@37912474{-377651702},3C_20_50-02.txt,61.404,0.250,15.351,3,11.031,71.86,3.677,10.797,0.000
58,ec.gp.GPIndividual@37912474{-377651702},3C_20_80-02.txt,35.738,0.250,8.935,2,9.625,107.73,4.813,10.797,0.000
58,ec.gp.GPIndividual@37912474{-377651702},3C_20_66-01.txt,7.322,0.250,1.831,2,15.875,867.23,7.938,14.656,0.000
58,ec.gp.GPIndividual@37912474{-377651702},3C_20_66-03.txt,118.340,0.250,29.585,2,0.328,1.11,0.164,14.656,0.000
58,ec.gp.GPIndividual@37912474{-377651702},3C_20_80-03.txt,169.439,0.250,42.360,11,26.922,63.56,2.447,14.656,0.000
58,ec.gp.GPIndividual@491785951{-554006178},3C_20_50-02.txt,61.404,0.250,15.351,5,12.953,84.38,2.591,10.906,0.094
58,ec.gp.GPIndividual@491785951{-554006178},3C_20_80-01.txt,4.194,0.250,1.049,2,0.656,62.58,0.328,10.906,0.094
58,ec.gp.GPIndividual@491785951{-554006178},3C_20_80-02.txt,35.738,0.250,8.935,2,5.328,59.64,2.664,10.906,0.000
58,ec.gp.GPIndividual@491785951{-554006178},3C_20_50-03.txt,30.993,0.250,7.748,8,7.141,92.16,0.893,10.906,0.000
58,ec.gp.GPIndividual@491785951{-554006178},3C_20_80-03.txt,169.439,0.250,42.360,2,0.969,2.29,0.484,10.906,0.000
58,ec.gp.GPIndividual@491785951{-554006178},3C_20_66-01.txt,7.322,0.250,1.831,4,2.750,150.23,0.688,10.906,0.000
58,ec.gp.GPIndividual@2002494713{781213232},3C_20_50-02.txt,61.404,0.250,15.351,2,0.297,1.93,0.148,0.297,0.000
58,ec.gp.GPIndividual@2002494713{781213232},3C_20_66-02.txt,154.245,0.250,38.561,11,29.641,76.87,2.695,13.844,0.000
58,ec.gp.GPIndividual@2002494713{781213232},3C_20_50-03.txt,30.993,0.250,7.748,3,4.969,64.13,1.656,13.844,0.000
58,ec.gp.GPIndividual@2002494713{781213232},3C_20_66-01.txt,7.322,0.250,1.831,6,1.625,88.77,0.271,13.844,0.000
58,ec.gp.GPIndividual@2002494713{781213232},3C_20_66-02.txt,154.245,0.250,38.561,8,23.063,59.81,2.883,13.844,0.000
58,ec.gp.GPIndividual@2002494713{781213232},3C_20_66-03.txt,118.340,0.250,29.585,1,11.000,37.18,11.000,13.844,0.000
58,ec.gp.GPIndividual@2002494713{781213232},3C_20_66-03.txt,118.340,0.250,29.585,6,16.047,54.24,2.674,13.844,0.000
58,ec.gp.GPIndividual@2002494713{781213232},3C_20_80-01.txt,4.194,0.250,1.049,1,9.797,934.26,9.797,13.844,0.000
58,ec.gp.GPIndividual@2002494713{781213232},3C_20_80-01.txt,4.194,0.250,1.049,4,0.969,92.38,0.242,13.844,0.000
58,ec.gp.GPIndividual@2002494713{781213232},3C_20_80-02.txt,35.738,0.250,8.935,1,0.203,2.27,0.203,13.844,0.000
58,ec.gp.GPIndividual@2002494713{781213232},3C_20_80-02.txt,35.738,0.250,8.935,11,6.266,70.13,0.570,13.844,0.000
58,ec.gp.GPIndividual@2002494713{781213232},3C_20_80-03.txt,169.439,0.250,42.360,2,2.031,4.80,1.016,13.844,0.000
58,ec.gp.GPIndividual@2002494713{781213232},3C_20_80-03.txt,169.439,0.250,42.360,4,18.906,44.63,4.727,15.672,0.000
59,ec.gp.GPIndividual@1236209077{1098398301},3C_20_50-02.txt,61.404,0.250,15.351,0,0.000,0.00,0.000,0.000,0.000
59,ec.gp.GPIndividual@1236209077{1098398301},3C_20_50-03.txt,30.993,0.250,7.748,0,0.000,0.00,0.000,0.000,0.000
59,ec.gp.GPIndividual@1236209077{1098398301},3C_20_66-01.txt,7.322,0.250,1.831,0,0.000,0.00,0.000,0.000,0.000
59,ec.gp.GPIndividual@1236209077{1098398301},3C_20_66-02.txt,154.245,0.250,38.561,0,0.000,0.00,0.000,0.000,0.000
59,ec.gp.GPIndividual@1236209077{1098398301},3C_20_66-03.txt,118.340,0.250,29.585,0,0.000,0.00,0.000,0.000,0.000
59,ec.gp.GPIndividual@1236209077{1098398301},3C_20_80-01.txt,4.194,0.250,1.049,0,0.000,0.00,0.000,0.000,0.000
59,ec.gp.GPIndividual@1236209077{1098398301},3C_20_80-02.txt,35.738,0.250,8.935,0,0.000,0.00,0.000,0.000,0.000
59,ec.gp.GPIndividual@1236209077{1098398301},3C_20_80-03.txt,169.439,0.250,42.360,0,0.000,0.00,0.000,0.000,0.000
59,ec.gp.GPIndividual@1826110167{1149015235},3C_20_50-02.txt,61.404,0.250,15.351,13,14.406,93.85,1.108,2.000,0.375
59,ec.gp.GPIndividual@1826110167{1149015235},3C_20_50-03.txt,30.993,0.250,7.748,1,1.609,20.77,1.609,2.000,0.375
59,ec.gp.GPIndividual@1826110167{1149015235},3C_20_50-03.txt,30.993,0.250,7.748,4,9.672,124.83,2.418,2.578,0.375
59,ec.gp.GPIndividual@1826110167{1149015235},3C_20_50-03.txt,30.993,0.250,7.748,3,1.734,22.38,0.578,2.578,0.000
59,ec.gp.GPIndividual@1826110167{1149015235},3C_20_50-03.txt,30.993,0.250,7.748,3,5.469,70.58,1.823,3.188,0.000
59,ec.gp.GPIndividual@1826110167{1149015235},3C_20_50-03.txt,30.993,0.250,7.748,3,8.266,106.68,2.755,3.250,0.000
59,ec.gp.GPIndividual@1826110167{1149015235},3C_20_66-01.txt,7.322,0.250,1.831,1,3.063,167.30,3.063,3.250,0.000
59,ec.gp.GPIndividual@1826110167{1149015235},3C_20_50-03.txt,30.993,0.250,7.748,3,1.688,21.78,0.563,3.250,0.000
59,ec.gp.GPIndividual@1826110167{1149015235},3C_20_66-01.txt,7.322,0.250,1.831,1,1.922,104.99,1.922,3.250,0.000
59,ec.gp.GPIndividual@1826110167{1149015235},3C_20_66-01.txt,7.322,0.250,1.831,1,3.156,172.42,3.156,3.250,0.000
59,ec.gp.GPIndividual@1826110167{1149015235},3C_20_66-01.txt,7.322,0.250,1.831,3,1.813,99.01,0.604,3.250,0.000
59,ec.gp.GPIndividual@1826110167{1149015235},3C_20_66-02.txt,154.245,0.250,38.561,24,38.641,100.21,1.610,4.563,0.000
59,ec.gp.GPIndividual@1826110167{1149015235},3C_20_66-01.txt,7.322,0.250,1.831,2,2.469,134.86,1.234,4.563,0.000
59,ec.gp.GPIndividual@1826110167{1149015235},3C_20_66-02.txt,154.245,0.250,38.561,1,0.156,0.41,0.156,4.563,0.000
59,ec.gp.GPIndividual@1826110167{1149015235},3C_20_66-03.txt,118.340,0.250,29.585,3,5.266,17.80,1.755,4.563,0.000
59,ec.gp.GPIndividual@1826110167{1149015235},3C_20_66-02.txt,154.245,0.250,38.561,1,3.688,9.56,3.688,4.563,0.000
59,ec.gp.GPIndividual@1826110167{1149015235},3C_20_66-02.txt,154.245,0.250,38.561,16,40.578,105.23,2.536,7.266,0.000
59,ec.gp.GPIndividual@1826110167{1149015235},3C_20_66-01.txt,7.322,0.250,1.831,2,4.438,242.41,2.219,7.266,0.000
59,ec.gp.GPIndividual@1826110167{1149015235},3C_20_80-01.txt,4.194,0.250,1.049,1,1.625,154.97,1.625,7.266,0.000
59,ec.gp.GPIndividual@1826110167{1149015235},3C_20_66-03.txt,118.340,0.250,29.585,4,4.797,16.21,1.199,7.266,0.000
59,ec.gp.GPIndividual@1826110167{1149015235},3C_20_66-03.txt,118.340,0.250,29.585,2,11.063,37.39,5.531,11.063,0.000
59,ec.gp.GPIndividual@1826110167{1149015235},3C_20_66-02.txt,154.245,0.250,38.561,4,5.688,14.75,1.422,11.063,0.000
59,ec.gp.GPIndividual@1826110167{1149015235},3C_20_66-02.txt,154.245,0.250,38.561,14,39.078,101.34,2.791,11.063,0.000
59,ec.gp.GPIndividual@1826110167{1149015235},3C_20_66-03.txt,118.340,0.250,29.585,2,2.078,7.02,1.039,11.063,0.000
59,ec.gp.GPIndividual@1826110167{1149015235},3C_20_80-01.txt,4.194,0.250,1.049,1,11.313,1078.80,11.313,11.313,0.000
59,ec.gp.GPIndividual@1826110167{1149015235},3C_20_66-03.txt,118.340,0.250,29.585,4,5.109,17.27,1.277,11.313,0.000
59,ec.gp.GPIndividual@1826110167{1149015235},3C_20_80-01.txt,4.194,0.250,1.049,1,1.469,140.06,1.469,11.313,0.000
59,ec.gp.GPIndividual@1826110167{1149015235},3C_20_66-03.txt,118.340,0.250,29.585,10,29.813,100.77,2.981,11.313,0.000
59,ec.gp.GPIndividual@1826110167{1149015235},3C_20_80-01.txt,4.194,0.250,1.049,2,4.500,429.13,2.250,11.313,0.000
59,ec.gp.GPIndividual@1826110167{1149015235},3C_20_80-02.txt,35.738,0.250,8.935,5,9.219,103.18,1.844,11.313,0.000
59,ec.gp.GPIndividual@1826110167{1149015235},3C_20_80-01.txt,4.194,0.250,1.049,1,2.047,195.20,2.047,11.313,0.000
59,ec.gp.GPIndividual@1826110167{1149015235},3C_20_80-03.txt,169.439,0.250,42.360,2,1.734,4.09,0.867,11.313,0.000
59,ec.gp.GPIndividual@1826110167{1149015235},3C_20_80-02.txt,35.738,0.250,8.935,1,1.719,19.24,1.719,11.313,0.000
59,ec.gp.GPIndividual@1826110167{1149015235},3C_20_80-01.txt,4.194,0.250,1.049,1,2.625,250.33,2.625,11.313,0.000
59,ec.gp.GPIndividual@1826110167{1149015235},3C_20_80-02.txt,35.738,0.250,8.935,5,15.234,170.51,3.047,11.313,0.000
59,ec.gp.GPIndividual@1826110167{1149015235},3C_20_80-02.txt,35.738,0.250,8.935,7,10.594,118.57,1.513,11.313,0.000
59,ec.gp.GPIndividual@1826110167{1149015235},3C_20_80-03.txt,169.439,0.250,42.360,0,0.000,0.00,0.000,11.313,0.000
59,ec.gp.GPIndividual@1826110167{1149015235},3C_20_80-03.txt,169.439,0.250,42.360,1,1.063,2.51,1.063,11.313,0.000
59,ec.gp.GPIndividual@1826110167{1149015235},3C_20_80-02.txt,35.738,0.250,8.935,2,4.328,48.44,2.164,11.313,0.000
59,ec.gp.GPIndividual@1826110167{1149015235},3C_20_80-02.txt,35.738,0.250,8.935,3,9.313,104.23,3.104,11.313,0.000
59,ec.gp.GPIndividual@1826110167{1149015235},3C_20_80-03.txt,169.439,0.250,42.360,1,0.781,1.84,0.781,11.313,0.000
59,ec.gp.GPIndividual@1826110167{1149015235},3C_20_80-03.txt,169.439,0.250,42.360,2,1.281,3.02,0.641,11.313,0.000
59,ec.gp.GPIndividual@23320082{-410209212},3C_20_50-02.txt,61.404,0.250,15.351,0,0.000,0.00,0.000,0.000,0.000
59,ec.gp.GPIndividual@23320082{-410209212},3C_20_50-03.txt,30.993,0.250,7.748,0,0.000,0.00,0.000,0.000,0.000
59,ec.gp.GPIndividual@23320082{-410209212},3C_20_66-01.txt,7.322,0.250,1.831,0,0.000,0.00,0.000,0.000,0.000
59,ec.gp.GPIndividual@23320082{-410209212},3C_20_66-02.txt,154.245,0.250,38.561,0,0.000,0.00,0.000,0.000,0.000
59,ec.gp.GPIndividual@23320082{-410209212},3C_20_66-03.txt,118.340,0.250,29.585,0,0.000,0.00,0.000,0.000,0.000
59,ec.gp.GPIndividual@23320082{-410209212},3C_20_80-01.txt,4.194,0.250,1.049,0,0.000,0.00,0.000,0.000,0.000
59,ec.gp.GPIndividual@23320082{-410209212},3C_20_80-02.txt,35.738,0.250,8.935,0,0.000,0.00,0.000,0.000,0.000
59,ec.gp.GPIndividual@23320082{-410209212},3C_20_80-03.txt,169.439,0.250,42.360,0,0.000,0.00,0.000,0.000,0.000
59,ec.gp.GPIndividual@1350375382{-348287024},3C_20_50-02.txt,61.404,0.250,15.351,0,0.000,0.00,0.000,0.000,0.000
59,ec.gp.GPIndividual@1350375382{-348287024},3C_20_50-03.txt,30.993,0.250,7.748,0,0.000,0.00,0.000,0.000,0.000
59,ec.gp.GPIndividual@1350375382{-348287024},3C_20_66-01.txt,7.322,0.250,1.831,0,0.000,0.00,0.000,0.000,0.000
59,ec.gp.GPIndividual@1350375382{-348287024},3C_20_66-02.txt,154.245,0.250,38.561,0,0.000,0.00,0.000,0.000,0.000
59,ec.gp.GPIndividual@1350375382{-348287024},3C_20_66-03.txt,118.340,0.250,29.585,0,0.000,0.00,0.000,0.000,0.000
59,ec.gp.GPIndividual@1350375382{-348287024},3C_20_80-01.txt,4.194,0.250,1.049,0,0.000,0.00,0.000,0.000,0.000
59,ec.gp.GPIndividual@1350375382{-348287024},3C_20_80-02.txt,35.738,0.250,8.935,0,0.000,0.00,0.000,0.000,0.000
59,ec.gp.GPIndividual@1350375382{-348287024},3C_20_80-03.txt,169.439,0.250,42.360,0,0.000,0.00,0.000,0.000,0.000
59,ec.gp.GPIndividual@474003008{-1208264400},3C_20_50-02.txt,61.404,0.250,15.351,6,17.766,115.73,2.961,6.031,0.500
59,ec.gp.GPIndividual@323902890{1813115438},3C_20_50-02.txt,61.404,0.250,15.351,4,6.016,39.19,1.504,2.609,0.453
59,ec.gp.GPIndividual@169570715{1401004124},3C_20_50-02.txt,61.404,0.250,15.351,5,15.625,101.78,3.125,5.938,0.500
59,ec.gp.GPIndividual@169570715{1401004124},3C_20_50-03.txt,30.993,0.250,7.748,1,0.672,8.67,0.672,5.938,0.500
59,ec.gp.GPIndividual@2113349241{-2061273603},3C_20_50-02.txt,61.404,0.250,15.351,9,15.109,98.43,1.679,3.188,0.000
59,ec.gp.GPIndividual@2113349241{-2061273603},3C_20_66-01.txt,7.322,0.250,1.831,1,2.469,134.86,2.469,3.188,0.000
59,ec.gp.GPIndividual@2113349241{-2061273603},3C_20_50-03.txt,30.993,0.250,7.748,2,2.438,31.46,1.219,3.188,0.000
59,ec.gp.GPIndividual@1444190494{1238213125},3C_20_50-02.txt,61.404,0.250,15.351,0,0.000,0.00,0.000,0.000,0.000
59,ec.gp.GPIndividual@1444190494{1238213125},3C_20_50-03.txt,30.993,0.250,7.748,0,0.000,0.00,0.000,0.000,0.000
59,ec.gp.GPIndividual@1444190494{1238213125},3C_20_66-01.txt,7.322,0.250,1.831,0,0.000,0.00,0.000,0.000,0.000
59,ec.gp.GPIndividual@1444190494{1238213125},3C_20_66-02.txt,154.245,0.250,38.561,0,0.000,0.00,0.000,0.000,0.000
59,ec.gp.GPIndividual@1444190494{1238213125},3C_20_66-03.txt,118.340,0.250,29.585,0,0.000,0.00,0.000,0.000,0.000
59,ec.gp.GPIndividual@1444190494{1238213125},3C_20_80-01.txt,4.194,0.250,1.049,0,0.000,0.00,0.000,0.000,0.000
59,ec.gp.GPIndividual@1444190494{1238213125},3C_20_80-02.txt,35.738,0.250,8.935,0,0.000,0.00,0.000,0.000,0.000
59,ec.gp.GPIndividual@1444190494{1238213125},3C_20_80-03.txt,169.439,0.250,42.360,0,0.000,0.00,0.000,0.000,0.000
59,ec.gp.GPIndividual@342736646{390745726},3C_20_50-02.txt,61.404,0.250,15.351,1,0.000,0.00,0.000,0.000,0.000
59,ec.gp.GPIndividual@342736646{390745726},3C_20_50-03.txt,30.993,0.250,7.748,1,0.000,0.00,0.000,0.000,0.000
59,ec.gp.GPIndividual@342736646{390745726},3C_20_66-01.txt,7.322,0.250,1.831,1,0.000,0.00,0.000,0.000,0.000
59,ec.gp.GPIndividual@342736646{390745726},3C_20_66-02.txt,154.245,0.250,38.561,1,0.000,0.00,0.000,0.000,0.000
59,ec.gp.GPIndividual@342736646{390745726},3C_20_66-03.txt,118.340,0.250,29.585,1,0.000,0.00,0.000,0.000,0.000
59,ec.gp.GPIndividual@342736646{390745726},3C_20_80-01.txt,4.194,0.250,1.049,1,0.000,0.00,0.000,0.000,0.000
59,ec.gp.GPIndividual@342736646{390745726},3C_20_80-02.txt,35.738,0.250,8.935,1,0.000,0.00,0.000,0.000,0.000
59,ec.gp.GPIndividual@342736646{390745726},3C_20_80-03.txt,169.439,0.250,42.360,1,0.000,0.00,0.000,0.000,0.000
59,ec.gp.GPIndividual@1471952649{1016280273},3C_20_50-02.txt,61.404,0.250,15.351,2,4.047,26.36,2.023,3.531,0.516
59,ec.gp.GPIndividual@1471952649{1016280273},3C_20_50-03.txt,30.993,0.250,7.748,3,9.313,120.19,3.104,5.484,0.516
59,ec.gp.GPIndividual@1471952649{1016280273},3C_20_80-03.txt,169.439,0.250,42.360,3,6.547,15.46,2.182,5.484,0.516
59,ec.gp.GPIndividual@1471952649{1016280273},3C_20_66-02.txt,154.245,0.250,38.561,1,2.109,5.47,2.109,5.484,0.516
59,ec.gp.GPIndividual@1471952649{1016280273},3C_20_50-03.txt,30.993,0.250,7.748,3,8.141,105.07,2.714,5.484,0.516
59,ec.gp.GPIndividual@1471952649{1016280273},3C_20_66-03.txt,118.340,0.250,29.585,6,19.422,65.65,3.237,6.109,0.516
59,ec.gp.GPIndividual@1471952649{1016280273},3C_20_50-03.txt,30.993,0.250,7.748,2,9.469,122.21,4.734,6.109,0.516
59,ec.gp.GPIndividual@1471952649{1016280273},3C_20_66-01.txt,7.322,0.250,1.831,2,4.188,228.76,2.094,6.109,0.516
59,ec.gp.GPIndividual@1471952649{1016280273},3C_20_66-01.txt,7.322,0.250,1.831,1,1.234,67.43,1.234,6.109,0.516
59,ec.gp.GPIndividual@1471952649{1016280273},3C_20_66-01.txt,7.322,0.250,1.831,1,6.484,354.23,6.484,6.484,0.516
59,ec.gp.GPIndividual@1471952649{1016280273},3C_20_80-01.txt,4.194,0.250,1.049,3,0.797,75.99,0.266,6.484,0.000
59,ec.gp.GPIndividual@1471952649{1016280273},3C_20_66-02.txt,154.245,0.250,38.561,4,7.375,19.13,1.844,6.484,0.000
59,ec.gp.GPIndividual@1588822069{-1762434740},3C_20_50-02.txt,61.404,0.250,15.351,8,16.453,107.18,2.057,7.375,0.484
59,ec.gp.GPIndividual@1588822069{-1762434740},3C_20_66-02.txt,154.245,0.250,38.561,1,0.344,0.89,0.344,7.375,0.344
59,ec.gp.GPIndividual@1588822069{-1762434740},3C_20_66-02.txt,154.245,0.250,38.561,1,1.563,4.05,1.563,7.375,0.344
59,ec.gp.GPIndividual@1588822069{-1762434740},3C_20_80-02.txt,35.738,0.250,8.935,3,4.391,49.14,1.464,7.375,0.344
59,ec.gp.GPIndividual@1588822069{-1762434740},3C_20_66-01.txt,7.322,0.250,1.831,2,1.188,64.87,0.594,7.375,0.344
59,ec.gp.GPIndividual@1588822069{-1762434740},3C_20_50-03.txt,30.993,0.250,7.748,3,4.250,54.85,1.417,7.375,0.344
59,ec.gp.GPIndividual@1588822069{-1762434740},3C_20_80-03.txt,169.439,0.250,42.360,4,6.984,16.49,1.746,7.375,0.344
59,ec.gp.GPIndividual@1588822069{-1762434740},3C_20_66-03.txt,118.340,0.250,29.585,11,22.719,76.79,2.065,7.375,0.344
59,ec.gp.GPIndividual@2078298177{-1489329792},3C_20_50-02.txt,61.404,0.250,15.351,0,0.000,0.00,0.000,0.000,0.000
59,ec.gp.GPIndividual@2078298177{-1489329792},3C_20_50-03.txt,30.993,0.250,7.748,3,7.906,102.04,2.635,4.688,1.609
59,ec.gp.GPIndividual@2078298177{-1489329792},3C_20_66-01.txt,7.322,0.250,1.831,1,5.938,324.36,5.938,5.938,1.609
59,ec.gp.GPIndividual@2078298177{-1489329792},3C_20_80-01.txt,4.194,0.250,1.049,2,1.313,125.16,0.656,5.938,0.516
59,ec.gp.GPIndividual@2078298177{-1489329792},3C_20_66-02.txt,154.245,0.250,38.561,2,2.188,5.67,1.094,5.938,0.344
59,ec.gp.GPIndividual@2078298177{-1489329792},3C_20_66-03.txt,118.340,0.250,29.585,1,2.563,8.66,2.563,5.938,0.344
59,ec.gp.GPIndividual@2078298177{-1489329792},3C_20_66-03.txt,118.340,0.250,29.585,4,8.391,28.36,2.098,5.938,0.344
59,ec.gp.GPIndividual@2078298177{-1489329792},3C_20_80-02.txt,35.738,0.250,8.935,3,8.656,96.89,2.885,5.938,0.344
59,ec.gp.GPIndividual@2078298177{-1489329792},3C_20_66-02.txt,154.245,0.250,38.561,2,0.703,1.82,0.352,5.938,0.000
59,ec.gp.GPIndividual@2078298177{-1489329792},3C_20_66-03.txt,118.340,0.250,29.585,11,31.656,107.00,2.878,5.938,0.000
59,ec.gp.GPIndividual@2078298177{-1489329792},3C_20_80-01.txt,4.194,0.250,1.049,1,3.172,302.48,3.172,5.938,0.000
59,ec.gp.GPIndividual@2078298177{-1489329792},3C_20_80-01.txt,4.194,0.250,1.049,1,0.766,73.01,0.766,5.938,0.000
59,ec.gp.GPIndividual@2078298177{-1489329792},3C_20_66-03.txt,118.340,0.250,29.585,1,1.250,4.23,1.250,5.938,0.000
59,ec.gp.GPIndividual@2078298177{-1489329792},3C_20_80-03.txt,169.439,0.250,42.360,9,25.719,60.72,2.858,9.297,0.000
59,ec.gp.GPIndividual@2078298177{-1489329792},3C_20_66-01.txt,7.322,0.250,1.831,0,0.000,0.00,0.000,9.297,0.000
59,ec.gp.GPIndividual@2078298177{-1489329792},3C_20_66-02.txt,154.245,0.250,38.561,0,0.000,0.00,0.000,9.297,0.000
59,ec.gp.GPIndividual@2078298177{-1489329792},3C_20_66-03.txt,118.340,0.250,29.585,0,0.000,0.00,0.000,9.297,0.000
59,ec.gp.GPIndividual@2078298177{-1489329792},3C_20_80-01.txt,4.194,0.250,1.049,0,0.000,0.00,0.000,9.297,0.000
59,ec.gp.GPIndividual@2078298177{-1489329792},3C_20_80-02.txt,35.738,0.250,8.935,0,0.000,0.00,0.000,9.297,0.000
59,ec.gp.GPIndividual@2078298177{-1489329792},3C_20_80-03.txt,169.439,0.250,42.360,0,0.000,0.00,0.000,9.297,0.000
59,ec.gp.GPIndividual@1065302224{-1137319385},3C_20_50-02.txt,61.404,0.250,15.351,5,18.516,120.61,3.703,6.563,0.531
59,ec.gp.GPIndividual@1065302224{-1137319385},3C_20_80-02.txt,35.738,0.250,8.935,4,8.750,97.93,2.188,6.563,0.297
59,ec.gp.GPIndividual@1065302224{-1137319385},3C_20_80-01.txt,4.194,0.250,1.049,1,0.469,44.70,0.469,6.563,0.297
59,ec.gp.GPIndividual@1065302224{-1137319385},3C_20_50-03.txt,30.993,0.250,7.748,1,0.609,7.86,0.609,6.563,0.297
59,ec.gp.GPIndividual@1065302224{-1137319385},3C_20_80-02.txt,35.738,0.250,8.935,4,6.109,68.38,1.527,6.563,0.297
59,ec.gp.GPIndividual@1065302224{-1137319385},3C_20_80-01.txt,4.194,0.250,1.049,1,3.578,341.22,3.578,6.563,0.297
59,ec.gp.GPIndividual@1470179666{791567231},3C_20_50-02.txt,61.404,0.250,15.351,11,15.609,101.68,1.419,3.266,0.328
59,ec.gp.GPIndividual@1470179666{791567231},3C_20_80-02.txt,35.738,0.250,8.935,1,0.516,5.77,0.516,3.266,0.328
59,ec.gp.GPIndividual@1470179666{791567231},3C_20_80-03.txt,169.439,0.250,42.360,9,17.031,40.21,1.892,3.656,0.328
59,ec.gp.GPIndividual@1470179666{791567231},3C_20_80-03.txt,169.439,0.250,42.360,1,0.516,1.22,0.516,3.656,0.328
59,ec.gp.GPIndividual@1470179666{791567231},3C_20_50-03.txt,30.993,0.250,7.748,2,6.078,78.45,3.039,4.391,0.328
59,ec.gp.GPIndividual@1470179666{791567231},3C_20_66-01.txt,7.322,0.250,1.831,1,5.781,315.82,5.781,5.781,0.328
59,ec.gp.GPIndividual@766755544{1353354524},3C_20_50-02.txt,61.404,0.250,15.351,4,6.469,42.14,1.617,2.641,0.484
59,ec.gp.GPIndividual@766755544{1353354524},3C_20_80-03.txt,169.439,0.250,42.360,13,38.813,91.63,2.986,6.016,0.484
59,ec.gp.GPIndividual@1386260983{-197490164},3C_20_50-02.txt,61.404,0.250,15.351,4,18.328,119.39,4.582,7.516,0.516
59,ec.gp.GPIndividual@1386260983{-197490164},3C_20_66-02.txt,154.245,0.250,38.561,3,14.203,36.83,4.734,10.766,0.516
59,ec.gp.GPIndividual@1386260983{-197490164},3C_20_66-01.txt,7.322,0.250,1.831,2,3.563,194.61,1.781,10.766,0.516
59,ec.gp.GPIndividual@1386260983{-197490164},3C_20_66-03.txt,118.340,0.250,29.585,3,8.031,27.15,2.677,10.766,0.516
59,ec.gp.GPIndividual@1386260983{-197490164},3C_20_50-03.txt,30.993,0.250,7.748,1,14.563,187.95,14.563,14.563,0.516
59,ec.gp.GPIndividual@1386260983{-197490164},3C_20_80-02.txt,35.738,0.250,8.935,2,2.875,32.18,1.438,14.563,0.516
59,ec.gp.GPIndividual@1386260983{-197490164},3C_20_66-02.txt,154.245,0.250,38.561,15,42.109,109.20,2.807,14.563,0.516
59,ec.gp.GPIndividual@1386260983{-197490164},3C_20_80-01.txt,4.194,0.250,1.049,1,0.156,14.90,0.156,14.563,0.156
59,ec.gp.GPIndividual@1386260983{-197490164},3C_20_66-03.txt,118.340,0.250,29.585,3,2.828,9.56,0.943,14.563,0.156
59,ec.gp.GPIndividual@1386260983{-197490164},3C_20_80-03.txt,169.439,0.250,42.360,3,13.922,32.87,4.641,14.563,0.156
59,ec.gp.GPIndividual@1428378847{1136498803},3C_20_50-02.txt,61.404,0.250,15.351,4,26.578,173.14,6.645,13.344,0.531
59,ec.gp.GPIndividual@1428378847{1136498803},3C_20_50-03.txt,30.993,0.250,7.748,0,0.000,0.00,0.000,13.344,0.531
59,ec.gp.GPIndividual@761579746{1023723025},3C_20_50-02.txt,61.404,0.250,15.351,5,14.734,95.98,2.947,7.484,0.469
59,ec.gp.GPIndividual@761579746{1023723025},3C_20_66-01.txt,7.322,0.250,1.831,2,2.141,116.94,1.070,7.484,0.469
59,ec.gp.GPIndividual@761579746{1023723025},3C_20_66-02.txt,154.245,0.250,38.561,7,16.203,42.02,2.315,7.484,0.359
59,ec.gp.GPIndividual@761579746{1023723025},3C_20_80-02.txt,35.738,0.250,8.935,5,10.047,112.45,2.009,7.484,0.359
59,ec.gp.GPIndividual@761579746{1023723025},3C_20_80-03.txt,169.439,0.250,42.360,1,0.531,1.25,0.531,7.484,0.359
59,ec.gp.GPIndividual@761579746{1023723025},3C_20_66-03.txt,118.340,0.250,29.585,7,36.969,124.96,5.281,12.313,0.359
59,ec.gp.GPIndividual@761579746{1023723025},3C_20_80-01.txt,4.194,0.250,1.049,1,7.516,716.71,7.516,12.313,0.359
59,ec.gp.GPIndividual@761579746{1023723025},3C_20_66-01.txt,7.322,0.250,1.831,2,2.578,140.84,1.289,12.313,0.359
59,ec.gp.GPIndividual@1201498356{-1569846193},3C_20_50-02.txt,61.404,0.250,15.351,7,15.078,98.22,2.154,7.297,0.328
59,ec.gp.GPIndividual@1201498356{-1569846193},3C_20_50-03.txt,30.993,0.250,7.748,3,14.766,190.57,4.922,11.422,0.328
59,ec.gp.GPIndividual@1201498356{-1569846193},3C_20_50-03.txt,30.993,0.250,7.748,1,1.594,20.57,1.594,11.422,0.328
59,ec.gp.GPIndividual@1201498356{-1569846193},3C_20_80-02.txt,35.738,0.250,8.935,4,10.750,120.32,2.688,11.422,0.328
59,ec.gp.GPIndividual@1201498356{-1569846193},3C_20_66-01.txt,7.322,0.250,1.831,1,2.141,116.94,2.141,11.422,0.328
59,ec.gp.GPIndividual@1201498356{-1569846193},3C_20_80-03.txt,169.439,0.250,42.360,2,1.984,4.68,0.992,11.422,0.328
59,ec.gp.GPIndividual@1201498356{-1569846193},3C_20_80-01.txt,4.194,0.250,1.049,1,3.141,299.50,3.141,11.422,0.328
59,ec.gp.GPIndividual@1201498356{-1569846193},3C_20_66-01.txt,7.322,0.250,1.831,4,2.156,117.79,0.539,11.422,0.328
59,ec.gp.GPIndividual@1201498356{-1569846193},3C_20_66-02.txt,154.245,0.250,38.561,1,0.156,0.41,0.156,11.422,0.156
59,ec.gp.GPIndividual@1201498356{-1569846193},3C_20_80-02.txt,35.738,0.250,8.935,3,2.953,33.05,0.984,11.422,0.000
59,ec.gp.GPIndividual@1201498356{-1569846193},3C_20_50-03.txt,30.993,0.250,7.748,6,7.844,101.23,1.307,11.422,0.000
59,ec.gp.GPIndividual@1201498356{-1569846193},3C_20_66-02.txt,154.245,0.250,38.561,8,17.859,46.31,2.232,11.422,0.000
59,ec.gp.GPIndividual@1201498356{-1569846193},3C_20_66-03.txt,118.340,0.250,29.585,9,37.000,125.06,4.111,16.422,0.000
59,ec.gp.GPIndividual@1201498356{-1569846193},3C_20_66-02.txt,154.245,0.250,38.561,2,18.609,48.26,9.305,16.422,0.000
59,ec.gp.GPIndividual@1355740158{1038485135},3C_20_50-02.txt,61.404,0.250,15.351,4,13.281,86.52,3.320,7.672,0.531
59,ec.gp.GPIndividual@1355740158{1038485135},3C_20_80-01.txt,4.194,0.250,1.049,1,2.484,236.92,2.484,7.672,0.531
59,ec.gp.GPIndividual@1355740158{1038485135},3C_20_66-03.txt,118.340,0.250,29.585,4,11.922,40.30,2.980,7.672,0.484
59,ec.gp.GPIndividual@1355740158{1038485135},3C_20_80-03.txt,169.439,0.250,42.360,2,3.578,8.45,1.789,7.672,0.484
59,ec.gp.GPIndividual@1355740158{1038485135},3C_20_50-03.txt,30.993,0.250,7.748,2,4.063,52.43,2.031,7.672,0.484
59,ec.gp.GPIndividual@1355740158{1038485135},3C_20_80-02.txt,35.738,0.250,8.935,2,9.453,105.80,4.727,7.672,0.484
59,ec.gp.GPIndividual@1355740158{1038485135},3C_20_80-01.txt,4.194,0.250,1.049,2,9.625,917.87,4.813,9.094,0.484
59,ec.gp.GPIndividual@1355740158{1038485135},3C_20_66-01.txt,7.322,0.250,1.831,4,8.188,447.27,2.047,9.094,0.328
59,ec.gp.GPIndividual@2104321458{-1733138570},3C_20_50-02.txt,61.404,0.250,15.351,2,20.859,135.88,10.430,11.422,9.438
59,ec.gp.GPIndividual@2104321458{-1733138570},3C_20_80-03.txt,169.439,0.250,42.360,0,0.000,0.00,0.000,11.422,9.438
59,ec.gp.GPIndividual@2104321458{-1733138570},3C_20_80-01.txt,4.194,0.250,1.049,2,9.328,889.56,4.664,11.422,0.406
59,ec.gp.GPIndividual@2104321458{-1733138570},3C_20_66-03.txt,118.340,0.250,29.585,7,11.094,37.50,1.585,11.422,0.391
59,ec.gp.GPIndividual@2104321458{-1733138570},3C_20_50-03.txt,30.993,0.250,7.748,2,9.547,123.22,4.773,11.422,0.391
59,ec.gp.GPIndividual@2104321458{-1733138570},3C_20_80-01.txt,4.194,0.250,1.049,2,3.422,326.32,1.711,11.422,0.391
59,ec.gp.GPIndividual@2104321458{-1733138570},3C_20_80-02.txt,35.738,0.250,8.935,2,1.813,20.29,0.906,11.422,0.391
59,ec.gp.GPIndividual@546182868{-1374452747},3C_20_50-02.txt,61.404,0.250,15.351,6,8.844,57.61,1.474,3.172,0.391
59,ec.gp.GPIndividual@546182868{-1374452747},3C_20_80-02.txt,35.738,0.250,8.935,5,9.359,104.76,1.872,3.297,0.391
59,ec.gp.GPIndividual@546182868{-1374452747},3C_20_66-01.txt,7.322,0.250,1.831,3,2.766,151.08,0.922,3.297,0.391
59,ec.gp.GPIndividual@546182868{-1374452747},3C_20_80-03.txt,169.439,0.250,42.360,3,8.875,20.95,2.958,8.328,0.125
59,ec.gp.GPIndividual@925822299{-1156085466},3C_20_50-02.txt,61.404,0.250,15.351,6,7.625,49.67,1.271,2.250,0.281
59,ec.gp.GPIndividual@925822299{-1156085466},3C_20_66-02.txt,154.245,0.250,38.561,6,19.422,50.37,3.237,5.281,0.281
59,ec.gp.GPIndividual@925822299{-1156085466},3C_20_50-03.txt,30.993,0.250,7.748,4,6.609,85.30,1.652,5.281,0.281
59,ec.gp.GPIndividual@925822299{-1156085466},3C_20_50-03.txt,30.993,0.250,7.748,1,1.203,15.53,1.203,5.281,0.281
59,ec.gp.GPIndividual@925822299{-1156085466},3C_20_66-03.txt,118.340,0.250,29.585,1,3.141,10.62,3.141,5.281,0.281
59,ec.gp.GPIndividual@925822299{-1156085466},3C_20_66-01.txt,7.322,0.250,1.831,1,0.750,40.97,0.750,5.281,0.281
59,ec.gp.GPIndividual@925822299{-1156085466},3C_20_66-02.txt,154.245,0.250,38.561,7,25.313,65.64,3.616,9.813,0.281
59,ec.gp.GPIndividual@925822299{-1156085466},3C_20_80-03.txt,169.439,0.250,42.360,3,15.797,37.29,5.266,11.906,0.281
59,ec.gp.GPIndividual@652205728{289809121},3C_20_50-02.txt,61.404,0.250,15.351,6,15.766,102.70,2.628,5.594,0.281
59,ec.gp.GPIndividual@652205728{289809121},3C_20_66-01.txt,7.322,0.250,1.831,2,1.203,65.72,0.602,5.594,0.281
59,ec.gp.GPIndividual@652205728{289809121},3C_20_66-02.txt,154.245,0.250,38.561,1,5.625,14.59,5.625,5.625,0.281
59,ec.gp.GPIndividual@652205728{289809121},3C_20_66-03.txt,118.340,0.250,29.585,11,37.266,125.96,3.388,15.516,0.281
59,ec.gp.GPIndividual@652205728{289809121},3C_20_80-01.txt,4.194,0.250,1.049,4,0.969,92.38,0.242,15.516,0.000
59,ec.gp.GPIndividual@652205728{289809121},3C_20_80-02.txt,35.738,0.250,8.935,1,8.172,91.46,8.172,15.516,0.000
59,ec.gp.GPIndividual@652205728{289809121},3C_20_50-03.txt,30.993,0.250,7.748,1,9.828,126.84,9.828,15.516,0.000
59,ec.gp.GPIndividual@1217961554{745755268},3C_20_50-02.txt,61.404,0.250,15.351,1,4.500,29.31,4.500,4.500,4.500
59,ec.gp.GPIndividual@1217961554{745755268},3C_20_66-03.txt,118.340,0.250,29.585,2,3.609,12.20,1.805,4.500,0.406
59,ec.gp.GPIndividual@1217961554{745755268},3C_20_80-01.txt,4.194,0.250,1.049,1,1.422,135.59,1.422,4.500,0.406
59,ec.gp.GPIndividual@1217961554{745755268},3C_20_80-03.txt,169.439,0.250,42.360,1,0.547,1.29,0.547,4.500,0.406
59,ec.gp.GPIndividual@1217961554{745755268},3C_20_80-02.txt,35.738,0.250,8.935,5,9.047,101.26,1.809,4.500,0.406
59,ec.gp.GPIndividual@1217961554{745755268},3C_20_50-03.txt,30.993,0.250,7.748,2,1.875,24.20,0.938,4.500,0.406
59,ec.gp.GPIndividual@1217961554{745755268},3C_20_80-03.txt,169.439,0.250,42.360,4,12.359,29.18,3.090,4.828,0.000
59,ec.gp.GPIndividual@1217961554{745755268},3C_20_66-01.txt,7.322,0.250,1.831,1,3.156,172.42,3.156,4.828,0.000
59,ec.gp.GPIndividual@1217961554{745755268},3C_20_66-01.txt,7.322,0.250,1.831,3,4.625,252.66,1.542,4.828,0.000
59,ec.gp.GPIndividual@1217961554{745755268},3C_20_80-01.txt,4.194,0.250,1.049,3,0.531,50.66,0.177,4.828,0.000
59,ec.gp.GPIndividual@1217961554{745755268},3C_20_66-02.txt,154.245,0.250,38.561,7,10.453,27.11,1.493,4.828,0.000
59,ec.gp.GPIndividual@1217961554{745755268},3C_20_66-02.txt,154.245,0.250,38.561,15,34.156,88.58,2.277,13.250,0.000
59,ec.gp.GPIndividual@971849864{292442493},3C_20_50-02.txt,61.404,0.250,15.351,3,15.094,98.32,5.031,13.266,0.281
59,ec.gp.GPIndividual@1499600972{1223054080},3C_20_50-02.txt,61.404,0.250,15.351,4,13.531,88.15,3.383,9.750,0.281
59,ec.gp.GPIndividual@1499600972{1223054080},3C_20_66-03.txt,118.340,0.250,29.585,2,10.156,34.33,5.078,9.750,0.281
59,ec.gp.GPIndividual@1499600972{1223054080},3C_20_66-03.txt,118.340,0.250,29.585,1,7.125,24.08,7.125,9.750,0.281
59,ec.gp.GPIndividual@1499600972{1223054080},3C_20_80-02.txt,35.738,0.250,8.935,6,8.500,95.14,1.417,9.750,0.281
59,ec.gp.GPIndividual@1499600972{1223054080},3C_20_80-03.txt,169.439,0.250,42.360,1,0.906,2.14,0.906,9.750,0.281
59,ec.gp.GPIndividual@1499600972{1223054080},3C_20_50-03.txt,30.993,0.250,7.748,2,10.188,131.48,5.094,9.750,0.281
59,ec.gp.GPIndividual@1499600972{1223054080},3C_20_80-01.txt,4.194,0.250,1.049,2,1.500,143.04,0.750,9.750,0.281
59,ec.gp.GPIndividual@1499600972{1223054080},3C_20_80-01.txt,4.194,0.250,1.049,4,1.266,120.69,0.316,9.750,0.141
59,ec.gp.GPIndividual@1499600972{1223054080},3C_20_80-02.txt,35.738,0.250,8.935,2,0.109,1.22,0.055,9.750,0.000
59,ec.gp.GPIndividual@1499600972{1223054080},3C_20_80-02.txt,35.738,0.250,8.935,6,13.109,146.73,2.185,9.750,0.000
59,ec.gp.GPIndividual@1211068616{1880281898},3C_20_50-02.txt,61.404,0.250,15.351,1,0.234,1.53,0.234,0.234,0.234
59,ec.gp.GPIndividual@1211068616{1880281898},3C_20_80-03.txt,169.439,0.250,42.360,2,0.891,2.10,0.445,0.656,0.234
59,ec.gp.GPIndividual@1211068616{1880281898},3C_20_80-03.txt,169.439,0.250,42.360,3,14.563,34.38,4.854,10.984,0.234
59,ec.gp.GPIndividual@1211068616{1880281898},3C_20_50-03.txt,30.993,0.250,7.748,3,9.969,128.66,3.323,10.984,0.234
59,ec.gp.GPIndividual@1598349410{781213232},3C_20_50-02.txt,61.404,0.250,15.351,3,4.500,29.31,1.500,3.219,0.281
59,ec.gp.GPIndividual@1598349410{781213232},3C_20_66-01.txt,7.322,0.250,1.831,1,4.984,272.29,4.984,4.984,0.281
59,ec.gp.GPIndividual@1104926828{-1194255688},3C_20_50-02.txt,61.404,0.250,15.351,10,15.438,100.56,1.544,3.469,0.234
59,ec.gp.GPIndividual@1104926828{-1194255688},3C_20_50-03.txt,30.993,0.250,7.748,5,10.578,136.52,2.116,5.266,0.234
59,ec.gp.GPIndividual@1104926828{-1194255688},3C_20_50-03.txt,30.993,0.250,7.748,2,1.047,13.51,0.523,5.266,0.000
59,ec.gp.GPIndividual@1104926828{-1194255688},3C_20_50-03.txt,30.993,0.250,7.748,2,2.828,36.50,1.414,5.266,0.000
59,ec.gp.GPIndividual@1104926828{-1194255688},3C_20_66-01.txt,7.322,0.250,1.831,1,1.922,104.99,1.922,5.266,0.000
59,ec.gp.GPIndividual@1104926828{-1194255688},3C_20_66-02.txt,154.245,0.250,38.561,17,36.813,95.47,2.165,5.266,0.000
59,ec.gp.GPIndividual@1104926828{-1194255688},3C_20_66-01.txt,7.322,0.250,1.831,1,3.266,178.40,3.266,5.266,0.000
59,ec.gp.GPIndividual@1104926828{-1194255688},3C_20_66-01.txt,7.322,0.250,1.831,1,0.734,40.12,0.734,5.266,0.000
59,ec.gp.GPIndividual@1104926828{-1194255688},3C_20_66-02.txt,154.245,0.250,38.561,1,2.719,7.05,2.719,5.266,0.000
59,ec.gp.GPIndividual@1104926828{-1194255688},3C_20_66-03.txt,118.340,0.250,29.585,9,20.234,68.39,2.248,6.641,0.000
59,ec.gp.GPIndividual@1104926828{-1194255688},3C_20_66-03.txt,118.340,0.250,29.585,6,20.813,70.35,3.469,6.641,0.000
59,ec.gp.GPIndividual@1104926828{-1194255688},3C_20_66-02.txt,154.245,0.250,38.561,1,5.328,13.82,5.328,6.641,0.000
59,ec.gp.GPIndividual@1104926828{-1194255688},3C_20_80-01.txt,4.194,0.250,1.049,2,2.406,229.47,1.203,6.641,0.000
59,ec.gp.GPIndividual@1104926828{-1194255688},3C_20_66-03.txt,118.340,0.250,29.585,2,0.266,0.90,0.133,6.641,0.000
59,ec.gp.GPIndividual@1104926828{-1194255688},3C_20_80-02.txt,35.738,0.250,8.935,1,1.719,19.24,1.719,6.641,0.000
59,ec.gp.GPIndividual@1104926828{-1194255688},3C_20_80-03.txt,169.439,0.250,42.360,1,7.344,17.34,7.344,7.344,0.000
59,ec.gp.GPIndividual@1104926828{-1194255688},3C_20_66-01.txt,7.322,0.250,1.831,1,6.219,339.72,6.219,7.344,0.000
59,ec.gp.GPIndividual@1104926828{-1194255688},3C_20_80-01.txt,4.194,0.250,1.049,3,1.313,125.16,0.438,7.344,0.000
59,ec.gp.GPIndividual@1104926828{-1194255688},3C_20_80-02.txt,35.738,0.250,8.935,2,0.125,1.40,0.063,7.344,0.000
59,ec.gp.GPIndividual@1104926828{-1194255688},3C_20_66-02.txt,154.245,0.250,38.561,5,24.063,62.40,4.813,11.031,0.000
59,ec.gp.GPIndividual@1867544598{1420652578},3C_20_50-02.txt,61.404,0.250,15.351,0,0.000,0.00,0.000,0.000,0.000
59,ec.gp.GPIndividual@1867544598{1420652578},3C_20_50-03.txt,30.993,0.250,7.748,0,0.000,0.00,0.000,0.000,0.000
59,ec.gp.GPIndividual@1867544598{1420652578},3C_20_66-01.txt,7.322,0.250,1.831,0,0.000,0.00,0.000,0.000,0.000
59,ec.gp.GPIndividual@1867544598{1420652578},3C_20_66-02.txt,154.245,0.250,38.561,0,0.000,0.00,0.000,0.000,0.000
59,ec.gp.GPIndividual@1867544598{1420652578},3C_20_66-03.txt,118.340,0.250,29.585,0,0.000,0.00,0.000,0.000,0.000
59,ec.gp.GPIndividual@1867544598{1420652578},3C_20_80-01.txt,4.194,0.250,1.049,0,0.000,0.00,0.000,0.000,0.000
59,ec.gp.GPIndividual@1867544598{1420652578},3C_20_80-02.txt,35.738,0.250,8.935,0,0.000,0.00,0.000,0.000,0.000
59,ec.gp.GPIndividual@1867544598{1420652578},3C_20_80-03.txt,169.439,0.250,42.360,0,0.000,0.00,0.000,0.000,0.000
59,ec.gp.GPIndividual@426334207{-161542712},3C_20_50-02.txt,61.404,0.250,15.351,3,2.719,17.71,0.906,2.078,0.094
59,ec.gp.GPIndividual@426334207{-161542712},3C_20_80-03.txt,169.439,0.250,42.360,4,18.813,44.41,4.703,15.703,0.094
59,ec.gp.GPIndividual@306294760{-1870218117},3C_20_50-02.txt,61.404,0.250,15.351,5,6.766,44.07,1.353,5.750,0.047
59,ec.gp.GPIndividual@306294760{-1870218117},3C_20_50-03.txt,30.993,0.250,7.748,4,4.750,61.31,1.188,5.750,0.047
59,ec.gp.GPIndividual@306294760{-1870218117},3C_20_66-01.txt,7.322,0.250,1.831,6,1.453,79.38,0.242,5.750,0.047
59,ec.gp.GPIndividual@306294760{-1870218117},3C_20_66-02.txt,154.245,0.250,38.561,9,28.344,73.50,3.149,10.734,0.047
59,ec.gp.GPIndividual@306294760{-1870218117},3C_20_66-03.txt,118.340,0.250,29.585,5,20.297,68.61,4.059,10.734,0.047
59,ec.gp.GPIndividual@306294760{-1870218117},3C_20_80-01.txt,4.194,0.250,1.049,3,0.656,62.58,0.219,10.734,0.047
59,ec.gp.GPIndividual@306294760{-1870218117},3C_20_80-02.txt,35.738,0.250,8.935,6,4.234,47.39,0.706,10.734,0.047
59,ec.gp.GPIndividual@306294760{-1870218117},3C_20_80-03.txt,169.439,0.250,42.360,2,17.438,41.17,8.719,16.656,0.047
60,ec.gp.GPIndividual@954768154{1379661563},3C_20_50-02.txt,61.404,0.250,15.351,0,0.000,0.00,0.000,0.000,0.000
60,ec.gp.GPIndividual@954768154{1379661563},3C_20_50-03.txt,30.993,0.250,7.748,1,0.000,0.00,0.000,0.000,0.000
60,ec.gp.GPIndividual@954768154{1379661563},3C_20_66-01.txt,7.322,0.250,1.831,1,0.000,0.00,0.000,0.000,0.000
60,ec.gp.GPIndividual@954768154{1379661563},3C_20_66-02.txt,154.245,0.250,38.561,1,0.000,0.00,0.000,0.000,0.000
60,ec.gp.GPIndividual@954768154{1379661563},3C_20_66-03.txt,118.340,0.250,29.585,1,0.000,0.00,0.000,0.000,0.000
60,ec.gp.GPIndividual@954768154{1379661563},3C_20_80-01.txt,4.194,0.250,1.049,1,0.000,0.00,0.000,0.000,0.000
60,ec.gp.GPIndividual@954768154{1379661563},3C_20_80-02.txt,35.738,0.250,8.935,1,0.000,0.00,0.000,0.000,0.000
60,ec.gp.GPIndividual@954768154{1379661563},3C_20_80-03.txt,169.439,0.250,42.360,1,0.000,0.00,0.000,0.000,0.000
60,ec.gp.GPIndividual@1076779864{-611208802},3C_20_50-02.txt,61.404,0.250,15.351,13,14.063,91.61,1.082,1.875,0.328
60,ec.gp.GPIndividual@1076779864{-611208802},3C_20_50-03.txt,30.993,0.250,7.748,4,9.609,124.02,2.402,2.609,0.328
60,ec.gp.GPIndividual@1076779864{-611208802},3C_20_50-03.txt,30.993,0.250,7.748,3,3.172,40.94,1.057,2.703,0.000
60,ec.gp.GPIndividual@1076779864{-611208802},3C_20_50-03.txt,30.993,0.250,7.748,4,7.484,96.60,1.871,3.188,0.000
60,ec.gp.GPIndividual@1076779864{-611208802},3C_20_50-03.txt,30.993,0.250,7.748,1,0.328,4.23,0.328,3.188,0.000
60,ec.gp.GPIndividual@1076779864{-611208802},3C_20_66-01.txt,7.322,0.250,1.831,1,2.063,112.67,2.063,3.188,0.000
60,ec.gp.GPIndividual@1076779864{-611208802},3C_20_50-03.txt,30.993,0.250,7.748,3,5.719,73.81,1.906,3.188,0.000
60,ec.gp.GPIndividual@1076779864{-611208802},3C_20_50-03.txt,30.993,0.250,7.748,4,8.719,112.53,2.180,3.188,0.000
60,ec.gp.GPIndividual@1076779864{-611208802},3C_20_66-01.txt,7.322,0.250,1.831,2,4.594,250.95,2.297,3.188,0.000
60,ec.gp.GPIndividual@1076779864{-611208802},3C_20_66-01.txt,7.322,0.250,1.831,1,0.313,17.07,0.313,3.188,0.000
60,ec.gp.GPIndividual@1076779864{-611208802},3C_20_66-02.txt,154.245,0.250,38.561,2,1.906,4.94,0.953,3.188,0.000
60,ec.gp.GPIndividual@1076779864{-611208802},3C_20_66-01.txt,7.322,0.250,1.831,3,1.766,96.45,0.589,3.188,0.000
60,ec.gp.GPIndividual@1076779864{-611208802},3C_20_66-01.txt,7.322,0.250,1.831,3,2.109,115.23,0.703,3.188,0.000
60,ec.gp.GPIndividual@1076779864{-611208802},3C_20_66-02.txt,154.245,0.250,38.561,2,0.156,0.41,0.078,3.188,0.000
60,ec.gp.GPIndividual@1076779864{-611208802},3C_20_66-02.txt,154.245,0.250,38.561,11,18.875,48.95,1.716,3.219,0.000
60,ec.gp.GPIndividual@1076779864{-611208802},3C_20_66-02.txt,154.245,0.250,38.561,21,38.703,100.37,1.843,7.047,0.000
60,ec.gp.GPIndividual@1076779864{-611208802},3C_20_66-03.txt,118.340,0.250,29.585,1,0.703,2.38,0.703,7.047,0.000
60,ec.gp.GPIndividual@1076779864{-611208802},3C_20_66-01.txt,7.322,0.250,1.831,2,5.781,315.82,2.891,7.047,0.000
60,ec.gp.GPIndividual@1076779864{-611208802},3C_20_66-03.txt,118.340,0.250,29.585,1,5.938,20.07,5.938,7.047,0.000
60,ec.gp.GPIndividual@1076779864{-611208802},3C_20_66-03.txt,118.340,0.250,29.585,3,5.875,19.86,1.958,7.047,0.000
60,ec.gp.GPIndividual@1076779864{-611208802},3C_20_66-03.txt,118.340,0.250,29.585,3,12.359,41.78,4.120,9.844,0.000
60,ec.gp.GPIndividual@1076779864{-611208802},3C_20_66-02.txt,154.245,0.250,38.561,9,41.250,106.97,4.583,9.844,0.000
60,ec.gp.GPIndividual@1076779864{-611208802},3C_20_66-02.txt,154.245,0.250,38.561,5,15.328,39.75,3.066,9.844,0.000
60,ec.gp.GPIndividual@1076779864{-611208802},3C_20_80-01.txt,4.194,0.250,1.049,3,2.484,236.92,0.828,9.844,0.000
60,ec.gp.GPIndividual@1076779864{-611208802},3C_20_66-03.txt,118.340,0.250,29.585,3,2.609,8.82,0.870,9.844,0.000
60,ec.gp.GPIndividual@1076779864{-611208802},3C_20_80-02.txt,35.738,0.250,8.935,5,8.188,91.64,1.638,9.844,0.000
60,ec.gp.GPIndividual@1076779864{-611208802},3C_20_66-03.txt,118.340,0.250,29.585,1,1.047,3.54,1.047,9.844,0.000
60,ec.gp.GPIndividual@1076779864{-611208802},3C_20_80-03.txt,169.439,0.250,42.360,3,17.172,40.54,5.724,11.063,0.000
60,ec.gp.GPIndividual@1076779864{-611208802},3C_20_80-01.txt,4.194,0.250,1.049,2,4.266,406.78,2.133,11.063,0.000
60,ec.gp.GPIndividual@1076779864{-611208802},3C_20_80-01.txt,4.194,0.250,1.049,2,0.328,31.29,0.164,11.063,0.000
60,ec.gp.GPIndividual@1076779864{-611208802},3C_20_80-02.txt,35.738,0.250,8.935,2,13.109,146.73,6.555,12.609,0.000
60,ec.gp.GPIndividual@1076779864{-611208802},3C_20_80-01.txt,4.194,0.250,1.049,1,6.313,601.98,6.313,12.609,0.000
60,ec.gp.GPIndividual@1076779864{-611208802},3C_20_80-01.txt,4.194,0.250,1.049,1,6.313,601.98,6.313,12.609,0.000
60,ec.gp.GPIndividual@176431124{-1569846193},3C_20_50-02.txt,61.404,0.250,15.351,5,16.578,107.99,3.316,13.938,0.469
60,ec.gp.GPIndividual@176431124{-1569846193},3C_20_80-01.txt,4.194,0.250,1.049,2,2.719,259.27,1.359,13.938,0.469
60,ec.gp.GPIndividual@176431124{-1569846193},3C_20_80-03.txt,169.439,0.250,42.360,9,12.094,28.55,1.344,13.938,0.297
60,ec.gp.GPIndividual@176431124{-1569846193},3C_20_80-02.txt,35.738,0.250,8.935,4,8.828,98.81,2.207,13.938,0.172
60,ec.gp.GPIndividual@176431124{-1569846193},3C_20_80-03.txt,169.439,0.250,42.360,1,1.063,2.51,1.063,13.938,0.172
60,ec.gp.GPIndividual@176431124{-1569846193},3C_20_80-02.txt,35.738,0.250,8.935,2,9.797,109.65,4.898,13.938,0.172
60,ec.gp.GPIndividual@1450763802{1801589874},3C_20_50-02.txt,61.404,0.250,15.351,0,0.000,0.00,0.000,0.000,0.000
60,ec.gp.GPIndividual@1450763802{1801589874},3C_20_50-03.txt,30.993,0.250,7.748,0,0.000,0.00,0.000,0.000,0.000
60,ec.gp.GPIndividual@1450763802{1801589874},3C_20_66-01.txt,7.322,0.250,1.831,0,0.000,0.00,0.000,0.000,0.000
60,ec.gp.GPIndividual@1450763802{1801589874},3C_20_66-02.txt,154.245,0.250,38.561,0,0.000,0.00,0.000,0.000,0.000
60,ec.gp.GPIndividual@1450763802{1801589874},3C_20_66-03.txt,118.340,0.250,29.585,0,0.000,0.00,0.000,0.000,0.000
60,ec.gp.GPIndividual@1450763802{1801589874},3C_20_80-01.txt,4.194,0.250,1.049,0,0.000,0.00,0.000,0.000,0.000
60,ec.gp.GPIndividual@1450763802{1801589874},3C_20_80-02.txt,35.738,0.250,8.935,0,0.000,0.00,0.000,0.000,0.000
60,ec.gp.GPIndividual@1450763802{1801589874},3C_20_80-03.txt,169.439,0.250,42.360,0,0.000,0.00,0.000,0.000,0.000
60,ec.gp.GPIndividual@96601437{1472468712},3C_20_50-02.txt,61.404,0.250,15.351,9,15.359,100.05,1.707,3.969,0.281
60,ec.gp.GPIndividual@96601437{1472468712},3C_20_50-03.txt,30.993,0.250,7.748,1,0.500,6.45,0.500,3.969,0.281
60,ec.gp.GPIndividual@96601437{1472468712},3C_20_80-03.txt,169.439,0.250,42.360,1,2.484,5.86,2.484,3.969,0.281
60,ec.gp.GPIndividual@96601437{1472468712},3C_20_80-02.txt,35.738,0.250,8.935,3,6.969,78.00,2.323,3.969,0.281
60,ec.gp.GPIndividual@96601437{1472468712},3C_20_80-02.txt,35.738,0.250,8.935,3,10.641,119.10,3.547,5.906,0.281
60,ec.gp.GPIndividual@96601437{1472468712},3C_20_50-03.txt,30.993,0.250,7.748,1,0.344,4.44,0.344,5.906,0.281
60,ec.gp.GPIndividual@96601437{1472468712},3C_20_80-03.txt,169.439,0.250,42.360,2,4.500,10.62,2.250,5.906,0.281
60,ec.gp.GPIndividual@1744831077{1696472204},3C_20_50-02.txt,61.404,0.250,15.351,7,15.234,99.24,2.176,6.172,0.359
60,ec.gp.GPIndividual@1281450844{1560037623},3C_20_50-02.txt,61.404,0.250,15.351,7,19.719,128.45,2.817,6.188,0.500
60,ec.gp.GPIndividual@1642028910{556482278},3C_20_50-02.txt,61.404,0.250,15.351,4,2.938,19.14,0.734,1.781,0.000
60,ec.gp.GPIndividual@1642028910{556482278},3C_20_66-01.txt,7.322,0.250,1.831,2,1.922,104.99,0.961,1.781,0.000
60,ec.gp.GPIndividual@1642028910{556482278},3C_20_80-03.txt,169.439,0.250,42.360,16,41.984,99.11,2.624,7.625,0.000
60,ec.gp.GPIndividual@1642028910{556482278},3C_20_66-01.txt,7.322,0.250,1.831,3,4.938,269.73,1.646,7.625,0.000
60,ec.gp.GPIndividual@1642028910{556482278},3C_20_50-03.txt,30.993,0.250,7.748,2,0.156,2.02,0.078,7.625,0.000
60,ec.gp.GPIndividual@1642028910{556482278},3C_20_66-02.txt,154.245,0.250,38.561,1,4.734,12.28,4.734,7.625,0.000
60,ec.gp.GPIndividual@894303209{287993805},3C_20_50-02.txt,61.404,0.250,15.351,0,0.000,0.00,0.000,0.000,0.000
60,ec.gp.GPIndividual@894303209{287993805},3C_20_50-03.txt,30.993,0.250,7.748,0,0.000,0.00,0.000,0.000,0.000
60,ec.gp.GPIndividual@894303209{287993805},3C_20_66-01.txt,7.322,0.250,1.831,0,0.000,0.00,0.000,0.000,0.000
60,ec.gp.GPIndividual@894303209{287993805},3C_20_66-02.txt,154.245,0.250,38.561,0,0.000,0.00,0.000,0.000,0.000
60,ec.gp.GPIndividual@894303209{287993805},3C_20_66-03.txt,118.340,0.250,29.585,0,0.000,0.00,0.000,0.000,0.000
60,ec.gp.GPIndividual@894303209{287993805},3C_20_80-01.txt,4.194,0.250,1.049,0,0.000,0.00,0.000,0.000,0.000
60,ec.gp.GPIndividual@894303209{287993805},3C_20_80-02.txt,35.738,0.250,8.935,0,0.000,0.00,0.000,0.000,0.000
60,ec.gp.GPIndividual@894303209{287993805},3C_20_80-03.txt,169.439,0.250,42.360,0,0.000,0.00,0.000,0.000,0.000
60,ec.gp.GPIndividual@1841240382{-1374452747},3C_20_50-02.txt,61.404,0.250,15.351,2,8.094,52.72,4.047,7.609,0.484
60,ec.gp.GPIndividual@1841240382{-1374452747},3C_20_50-03.txt,30.993,0.250,7.748,3,9.547,123.22,3.182,7.609,0.344
60,ec.gp.GPIndividual@1841240382{-1374452747},3C_20_66-02.txt,154.245,0.250,38.561,3,16.203,42.02,5.401,10.609,0.344
60,ec.gp.GPIndividual@1841240382{-1374452747},3C_20_50-03.txt,30.993,0.250,7.748,4,9.094,117.37,2.273,10.609,0.344
60,ec.gp.GPIndividual@1841240382{-1374452747},3C_20_50-03.txt,30.993,0.250,7.748,4,6.563,84.70,1.641,10.609,0.344
60,ec.gp.GPIndividual@1841240382{-1374452747},3C_20_66-01.txt,7.322,0.250,1.831,2,2.828,154.50,1.414,10.609,0.344
60,ec.gp.GPIndividual@1841240382{-1374452747},3C_20_66-03.txt,118.340,0.250,29.585,1,0.344,1.16,0.344,10.609,0.344
60,ec.gp.GPIndividual@1841240382{-1374452747},3C_20_66-03.txt,118.340,0.250,29.585,1,0.859,2.90,0.859,10.609,0.344
60,ec.gp.GPIndividual@1841240382{-1374452747},3C_20_66-02.txt,154.245,0.250,38.561,3,6.188,16.05,2.063,10.609,0.000
60,ec.gp.GPIndividual@1841240382{-1374452747},3C_20_66-01.txt,7.322,0.250,1.831,1,3.219,175.84,3.219,10.609,0.000
60,ec.gp.GPIndividual@1841240382{-1374452747},3C_20_66-01.txt,7.322,0.250,1.831,2,1.766,96.45,0.883,10.609,0.000
60,ec.gp.GPIndividual@1841240382{-1374452747},3C_20_66-02.txt,154.245,0.250,38.561,6,10.000,25.93,1.667,10.609,0.000
60,ec.gp.GPIndividual@1841240382{-1374452747},3C_20_66-02.txt,154.245,0.250,38.561,13,39.719,103.00,3.055,10.609,0.000
60,ec.gp.GPIndividual@1841240382{-1374452747},3C_20_80-01.txt,4.194,0.250,1.049,4,1.031,98.34,0.258,10.609,0.000
60,ec.gp.GPIndividual@1841240382{-1374452747},3C_20_80-02.txt,35.738,0.250,8.935,2,2.406,26.93,1.203,10.609,0.000
60,ec.gp.GPIndividual@1841240382{-1374452747},3C_20_80-01.txt,4.194,0.250,1.049,1,1.516,144.53,1.516,10.609,0.000
60,ec.gp.GPIndividual@1841240382{-1374452747},3C_20_66-03.txt,118.340,0.250,29.585,4,6.922,23.40,1.730,10.609,0.000
60,ec.gp.GPIndividual@1841240382{-1374452747},3C_20_66-03.txt,118.340,0.250,29.585,2,7.469,25.25,3.734,10.609,0.000
60,ec.gp.GPIndividual@1841240382{-1374452747},3C_20_66-01.txt,7.322,0.250,1.831,2,2.313,126.33,1.156,10.609,0.000
60,ec.gp.GPIndividual@1841240382{-1374452747},3C_20_66-03.txt,118.340,0.250,29.585,6,7.453,25.19,1.242,10.609,0.000
60,ec.gp.GPIndividual@1841240382{-1374452747},3C_20_66-02.txt,154.245,0.250,38.561,12,37.875,98.22,3.156,10.609,0.000
60,ec.gp.GPIndividual@1841240382{-1374452747},3C_20_80-02.txt,35.738,0.250,8.935,3,7.188,80.45,2.396,10.609,0.000
60,ec.gp.GPIndividual@1841240382{-1374452747},3C_20_80-01.txt,4.194,0.250,1.049,1,0.547,52.15,0.547,10.609,0.000
60,ec.gp.GPIndividual@1841240382{-1374452747},3C_20_80-02.txt,35.738,0.250,8.935,1,3.719,41.62,3.719,10.609,0.000
60,ec.gp.GPIndividual@1841240382{-1374452747},3C_20_80-01.txt,4.194,0.250,1.049,1,1.531,146.03,1.531,10.609,0.000
60,ec.gp.GPIndividual@1841240382{-1374452747},3C_20_66-03.txt,118.340,0.250,29.585,2,2.188,7.39,1.094,10.609,0.000
60,ec.gp.GPIndividual@1841240382{-1374452747},3C_20_80-01.txt,4.194,0.250,1.049,1,2.172,207.12,2.172,10.609,0.000
60,ec.gp.GPIndividual@1841240382{-1374452747},3C_20_80-03.txt,169.439,0.250,42.360,1,0.484,1.14,0.484,10.609,0.000
60,ec.gp.GPIndividual@1841240382{-1374452747},3C_20_80-02.txt,35.738,0.250,8.935,3,10.438,116.82,3.479,10.609,0.000
60,ec.gp.GPIndividual@1841240382{-1374452747},3C_20_80-03.txt,169.439,0.250,42.360,16,44.328,104.65,2.771,10.609,0.000
60,ec.gp.GPIndividual@1841240382{-1374452747},3C_20_80-01.txt,4.194,0.250,1.049,1,0.891,84.93,0.891,10.609,0.000
60,ec.gp.GPIndividual@1841240382{-1374452747},3C_20_80-03.txt,169.439,0.250,42.360,1,1.609,3.80,1.609,10.609,0.000
60,ec.gp.GPIndividual@334460338{-442578141},3C_20_50-02.txt,61.404,0.250,15.351,5,9.688,63.11,1.938,4.828,0.484
60,ec.gp.GPIndividual@334460338{-442578141},3C_20_80-03.txt,169.439,0.250,42.360,4,13.125,30.98,3.281,7.688,0.484
60,ec.gp.GPIndividual@580358750{-130534225},3C_20_50-02.txt,61.404,0.250,15.351,6,15.094,98.32,2.516,6.078,0.172
60,ec.gp.GPIndividual@580358750{-130534225},3C_20_80-02.txt,35.738,0.250,8.935,2,4.906,54.91,2.453,6.078,0.172
60,ec.gp.GPIndividual@580358750{-130534225},3C_20_50-03.txt,30.993,0.250,7.748,1,2.516,32.47,2.516,6.078,0.172
60,ec.gp.GPIndividual@560584529{-1275687607},3C_20_50-02.txt,61.404,0.250,15.351,4,11.547,75.22,2.887,6.453,0.500
60,ec.gp.GPIndividual@560584529{-1275687607},3C_20_50-03.txt,30.993,0.250,7.748,5,6.984,90.14,1.397,6.453,0.000
60,ec.gp.GPIndividual@560584529{-1275687607},3C_20_66-01.txt,7.322,0.250,1.831,1,3.578,195.47,3.578,6.453,0.000
60,ec.gp.GPIndividual@352363291{-1472746173},3C_20_50-02.txt,61.404,0.250,15.351,10,16.531,107.69,1.653,3.172,0.500
60,ec.gp.GPIndividual@352363291{-1472746173},3C_20_66-02.txt,154.245,0.250,38.561,3,4.188,10.86,1.396,3.172,0.313
60,ec.gp.GPIndividual@352363291{-1472746173},3C_20_80-03.txt,169.439,0.250,42.360,1,0.297,0.70,0.297,3.172,0.297
60,ec.gp.GPIndividual@352363291{-1472746173},3C_20_50-03.txt,30.993,0.250,7.748,3,7.813,100.83,2.604,3.172,0.297
60,ec.gp.GPIndividual@352363291{-1472746173},3C_20_50-03.txt,30.993,0.250,7.748,2,2.000,25.81,1.000,3.172,0.000
60,ec.gp.GPIndividual@352363291{-1472746173},3C_20_66-01.txt,7.322,0.250,1.831,1,16.297,890.27,16.297,16.297,0.000
60,ec.gp.GPIndividual@352363291{-1472746173},3C_20_80-02.txt,35.738,0.250,8.935,2,1.016,11.37,0.508,16.297,0.000
60,ec.gp.GPIndividual@352363291{-1472746173},3C_20_66-03.txt,118.340,0.250,29.585,13,29.797,100.72,2.292,16.297,0.000
60,ec.gp.GPIndividual@352363291{-1472746173},3C_20_80-03.txt,169.439,0.250,42.360,3,7.844,18.52,2.615,16.297,0.000
60,ec.gp.GPIndividual@352363291{-1472746173},3C_20_80-01.txt,4.194,0.250,1.049,2,4.906,467.88,2.453,16.297,0.000
60,ec.gp.GPIndividual@352363291{-1472746173},3C_20_66-01.txt,7.322,0.250,1.831,1,4.250,232.17,4.250,16.297,0.000
60,ec.gp.GPIndividual@844769797{1057675498},3C_20_50-02.txt,61.404,0.250,15.351,2,0.859,5.60,0.430,0.859,0.000
60,ec.gp.GPIndividual@844769797{1057675498},3C_20_80-02.txt,35.738,0.250,8.935,5,6.172,69.08,1.234,2.016,0.000
60,ec.gp.GPIndividual@844769797{1057675498},3C_20_80-03.txt,169.439,0.250,42.360,8,22.250,52.53,2.781,7.125,0.000
60,ec.gp.GPIndividual@844769797{1057675498},3C_20_50-03.txt,30.993,0.250,7.748,1,6.297,81.27,6.297,7.125,0.000
60,ec.gp.GPIndividual@273807823{1526985000},3C_20_50-02.txt,61.404,0.250,15.351,6,22.109,144.02,3.685,9.375,0.531
60,ec.gp.GPIndividual@273807823{1526985000},3C_20_66-01.txt,7.322,0.250,1.831,1,16.859,921.00,16.859,16.859,0.531
60,ec.gp.GPIndividual@273807823{1526985000},3C_20_66-02.txt,154.245,0.250,38.561,4,17.438,45.22,4.359,16.859,0.531
60,ec.gp.GPIndividual@1082597004{-455679359},3C_20_50-02.txt,61.404,0.250,15.351,0,0.000,0.00,0.000,0.000,0.000
60,ec.gp.GPIndividual@1082597004{-455679359},3C_20_50-03.txt,30.993,0.250,7.748,0,0.000,0.00,0.000,0.000,0.000
60,ec.gp.GPIndividual@1082597004{-455679359},3C_20_66-01.txt,7.322,0.250,1.831,0,0.000,0.00,0.000,0.000,0.000
60,ec.gp.GPIndividual@1082597004{-455679359},3C_20_66-02.txt,154.245,0.250,38.561,0,0.000,0.00,0.000,0.000,0.000
60,ec.gp.GPIndividual@1082597004{-455679359},3C_20_66-03.txt,118.340,0.250,29.585,0,0.000,0.00,0.000,0.000,0.000
60,ec.gp.GPIndividual@1082597004{-455679359},3C_20_80-01.txt,4.194,0.250,1.049,0,0.000,0.00,0.000,0.000,0.000
60,ec.gp.GPIndividual@1082597004{-455679359},3C_20_80-02.txt,35.738,0.250,8.935,0,0.000,0.00,0.000,0.000,0.000
60,ec.gp.GPIndividual@1082597004{-455679359},3C_20_80-03.txt,169.439,0.250,42.360,0,0.000,0.00,0.000,0.000,0.000
60,ec.gp.GPIndividual@1593882184{226409852},3C_20_50-02.txt,61.404,0.250,15.351,4,16.219,105.65,4.055,12.188,0.328
60,ec.gp.GPIndividual@1593882184{226409852},3C_20_66-03.txt,118.340,0.250,29.585,2,0.703,2.38,0.352,12.188,0.000
60,ec.gp.GPIndividual@1593882184{226409852},3C_20_66-02.txt,154.245,0.250,38.561,15,38.266,99.23,2.551,12.188,0.000
60,ec.gp.GPIndividual@1593882184{226409852},3C_20_50-03.txt,30.993,0.250,7.748,1,1.078,13.91,1.078,12.188,0.000
60,ec.gp.GPIndividual@1593882184{226409852},3C_20_66-03.txt,118.340,0.250,29.585,1,3.641,12.31,3.641,12.188,0.000
60,ec.gp.GPIndividual@1593882184{226409852},3C_20_80-01.txt,4.194,0.250,1.049,4,1.016,96.85,0.254,12.188,0.000
60,ec.gp.GPIndividual@1593882184{226409852},3C_20_80-02.txt,35.738,0.250,8.935,1,6.641,74.33,6.641,12.188,0.000
60,ec.gp.GPIndividual@1593882184{226409852},3C_20_66-01.txt,7.322,0.250,1.831,2,4.078,222.78,2.039,12.188,0.000
60,ec.gp.GPIndividual@1593882184{226409852},3C_20_66-01.txt,7.322,0.250,1.831,2,2.641,144.25,1.320,12.188,0.000
60,ec.gp.GPIndividual@1593882184{226409852},3C_20_80-03.txt,169.439,0.250,42.360,3,1.500,3.54,0.500,12.188,0.000
60,ec.gp.GPIndividual@1593882184{226409852},3C_20_66-02.txt,154.245,0.250,38.561,2,23.156,60.05,11.578,13.016,0.000
60,ec.gp.GPIndividual@1593882184{226409852},3C_20_50-03.txt,30.993,0.250,7.748,3,8.391,108.29,2.797,13.016,0.000
60,ec.gp.GPIndividual@1593882184{226409852},3C_20_66-02.txt,154.245,0.250,38.561,2,2.813,7.29,1.406,13.016,0.000
60,ec.gp.GPIndividual@1593882184{226409852},3C_20_80-01.txt,4.194,0.250,1.049,3,1.063,101.32,0.354,13.016,0.000
60,ec.gp.GPIndividual@1593882184{226409852},3C_20_80-02.txt,35.738,0.250,8.935,5,14.109,157.92,2.822,13.016,0.000
60,ec.gp.GPIndividual@544854037{-645794579},3C_20_50-02.txt,61.404,0.250,15.351,0,0.000,0.00,0.000,0.000,0.000
60,ec.gp.GPIndividual@544854037{-645794579},3C_20_50-03.txt,30.993,0.250,7.748,0,0.000,0.00,0.000,0.000,0.000
60,ec.gp.GPIndividual@544854037{-645794579},3C_20_66-01.txt,7.322,0.250,1.831,0,0.000,0.00,0.000,0.000,0.000
60,ec.gp.GPIndividual@544854037{-645794579},3C_20_66-02.txt,154.245,0.250,38.561,0,0.000,0.00,0.000,0.000,0.000
60,ec.gp.GPIndividual@544854037{-645794579},3C_20_66-03.txt,118.340,0.250,29.585,0,0.000,0.00,0.000,0.000,0.000
60,ec.gp.GPIndividual@544854037{-645794579},3C_20_80-01.txt,4.194,0.250,1.049,0,0.000,0.00,0.000,0.000,0.000
60,ec.gp.GPIndividual@544854037{-645794579},3C_20_80-02.txt,35.738,0.250,8.935,0,0.000,0.00,0.000,0.000,0.000
60,ec.gp.GPIndividual@544854037{-645794579},3C_20_80-03.txt,169.439,0.250,42.360,0,0.000,0.00,0.000,0.000,0.000
60,ec.gp.GPIndividual@1751099570{513597573},3C_20_50-02.txt,61.404,0.250,15.351,1,0.344,2.24,0.344,0.344,0.344
60,ec.gp.GPIndividual@1751099570{513597573},3C_20_66-03.txt,118.340,0.250,29.585,8,11.516,38.92,1.439,2.016,0.344
60,ec.gp.GPIndividual@1751099570{513597573},3C_20_66-03.txt,118.340,0.250,29.585,5,21.906,74.05,4.381,11.438,0.344
60,ec.gp.GPIndividual@1751099570{513597573},3C_20_66-02.txt,154.245,0.250,38.561,9,33.078,85.78,3.675,11.438,0.344
60,ec.gp.GPIndividual@1751099570{513597573},3C_20_66-01.txt,7.322,0.250,1.831,2,4.391,239.85,2.195,11.438,0.344
60,ec.gp.GPIndividual@1751099570{513597573},3C_20_80-01.txt,4.194,0.250,1.049,1,1.609,153.48,1.609,11.438,0.344
60,ec.gp.GPIndividual@1751099570{513597573},3C_20_66-03.txt,118.340,0.250,29.585,5,8.984,30.37,1.797,11.438,0.344
60,ec.gp.GPIndividual@1751099570{513597573},3C_20_80-01.txt,4.194,0.250,1.049,2,2.156,205.63,1.078,11.438,0.344
60,ec.gp.GPIndividual@1751099570{513597573},3C_20_66-02.txt,154.245,0.250,38.561,5,17.984,46.64,3.597,12.281,0.328
60,ec.gp.GPIndividual@1751099570{513597573},3C_20_80-03.txt,169.439,0.250,42.360,2,10.984,25.93,5.492,12.281,0.000
60,ec.gp.GPIndividual@1751099570{513597573},3C_20_50-03.txt,30.993,0.250,7.748,2,7.688,99.22,3.844,12.281,0.000
60,ec.gp.GPIndividual@1751099570{513597573},3C_20_80-02.txt,35.738,0.250,8.935,2,1.859,20.81,0.930,12.281,0.000
60,ec.gp.GPIndividual@1751099570{513597573},3C_20_80-01.txt,4.194,0.250,1.049,2,4.781,455.96,2.391,12.281,0.000
60,ec.gp.GPIndividual@1751099570{513597573},3C_20_80-02.txt,35.738,0.250,8.935,6,10.594,118.57,1.766,12.281,0.000
60,ec.gp.GPIndividual@1751099570{513597573},3C_20_80-03.txt,169.439,0.250,42.360,4,4.891,11.55,1.223,12.281,0.000
60,ec.gp.GPIndividual@1751099570{513597573},3C_20_80-02.txt,35.738,0.250,8.935,4,9.000,100.73,2.250,12.281,0.000
60,ec.gp.GPIndividual@1395275699{292442493},3C_20_50-02.txt,61.404,0.250,15.351,6,12.125,78.98,2.021,4.406,0.344
60,ec.gp.GPIndividual@1395275699{292442493},3C_20_66-03.txt,118.340,0.250,29.585,11,29.625,100.14,2.693,6.297,0.172
60,ec.gp.GPIndividual@1395275699{292442493},3C_20_80-01.txt,4.194,0.250,1.049,3,1.078,102.81,0.359,6.297,0.172
60,ec.gp.GPIndividual@1395275699{292442493},3C_20_80-02.txt,35.738,0.250,8.935,3,7.922,88.67,2.641,6.297,0.000
60,ec.gp.GPIndividual@1395275699{292442493},3C_20_50-03.txt,30.993,0.250,7.748,1,3.766,48.60,3.766,6.297,0.000
60,ec.gp.GPIndividual@1395275699{292442493},3C_20_80-03.txt,169.439,0.250,42.360,1,7.219,17.04,7.219,7.219,0.000
60,ec.gp.GPIndividual@102813432{-1447846763},3C_20_50-02.txt,61.404,0.250,15.351,2,1.594,10.38,0.797,1.594,0.000
60,ec.gp.GPIndividual@102813432{-1447846763},3C_20_66-01.txt,7.322,0.250,1.831,2,2.625,143.40,1.313,2.094,0.000
60,ec.gp.GPIndividual@102813432{-1447846763},3C_20_80-03.txt,169.439,0.250,42.360,3,11.859,28.00,3.953,10.375,0.000
60,ec.gp.GPIndividual@102813432{-1447846763},3C_20_80-03.txt,169.439,0.250,42.360,5,6.344,14.98,1.269,10.375,0.000
60,ec.gp.GPIndividual@102813432{-1447846763},3C_20_50-03.txt,30.993,0.250,7.748,3,8.984,115.96,2.995,10.375,0.000
60,ec.gp.GPIndividual@1301650338{226271157},3C_20_50-02.txt,61.404,0.250,15.351,5,15.406,100.36,3.081,6.063,0.516
60,ec.gp.GPIndividual@1301650338{226271157},3C_20_66-01.txt,7.322,0.250,1.831,1,5.844,319.24,5.844,6.063,0.516
60,ec.gp.GPIndividual@763100489{-1733138570},3C_20_50-02.txt,61.404,0.250,15.351,7,10.859,70.74,1.551,3.125,0.469
60,ec.gp.GPIndividual@1100752611{-664524961},3C_20_50-02.txt,61.404,0.250,15.351,2,1.047,6.82,0.523,1.047,0.000
60,ec.gp.GPIndividual@1100752611{-664524961},3C_20_80-02.txt,35.738,0.250,8.935,2,10.016,112.10,5.008,9.594,0.000
60,ec.gp.GPIndividual@1100752611{-664524961},3C_20_80-01.txt,4.194,0.250,1.049,2,3.578,341.22,1.789,9.594,0.000
60,ec.gp.GPIndividual@1100752611{-664524961},3C_20_80-02.txt,35.738,0.250,8.935,3,12.344,138.16,4.115,10.750,0.000
60,ec.gp.GPIndividual@157420684{781213232},3C_20_50-02.txt,61.404,0.250,15.351,5,4.453,29.01,0.891,1.750,0.219
60,ec.gp.GPIndividual@1369732996{77537122},3C_20_50-02.txt,61.404,0.250,15.351,10,16.922,110.23,1.692,4.688,0.297
60,ec.gp.GPIndividual@1369732996{77537122},3C_20_50-03.txt,30.993,0.250,7.748,2,0.719,9.28,0.359,4.688,0.000
60,ec.gp.GPIndividual@1369732996{77537122},3C_20_66-02.txt,154.245,0.250,38.561,1,2.688,6.97,2.688,4.688,0.000
60,ec.gp.GPIndividual@1369732996{77537122},3C_20_50-03.txt,30.993,0.250,7.748,5,7.578,97.81,1.516,4.688,0.000
60,ec.gp.GPIndividual@1369732996{77537122},3C_20_66-01.txt,7.322,0.250,1.831,3,1.719,93.89,0.573,4.688,0.000
60,ec.gp.GPIndividual@1369732996{77537122},3C_20_66-03.txt,118.340,0.250,29.585,2,1.891,6.39,0.945,4.688,0.000
60,ec.gp.GPIndividual@1369732996{77537122},3C_20_66-02.txt,154.245,0.250,38.561,2,16.844,43.68,8.422,16.844,0.000
60,ec.gp.GPIndividual@1131458861{-1645838568},3C_20_50-02.txt,61.404,0.250,15.351,0,0.000,0.00,0.000,0.000,0.000
60,ec.gp.GPIndividual@1131458861{-1645838568},3C_20_50-03.txt,30.993,0.250,7.748,0,0.000,0.00,0.000,0.000,0.000
60,ec.gp.GPIndividual@1131458861{-1645838568},3C_20_66-01.txt,7.322,0.250,1.831,0,0.000,0.00,0.000,0.000,0.000
60,ec.gp.GPIndividual@1131458861{-1645838568},3C_20_66-02.txt,154.245,0.250,38.561,0,0.000,0.00,0.000,0.000,0.000
60,ec.gp.GPIndividual@1131458861{-1645838568},3C_20_66-03.txt,118.340,0.250,29.585,0,0.000,0.00,0.000,0.000,0.000
60,ec.gp.GPIndividual@1131458861{-1645838568},3C_20_80-01.txt,4.194,0.250,1.049,0,0.000,0.00,0.000,0.000,0.000
60,ec.gp.GPIndividual@1131458861{-1645838568},3C_20_80-02.txt,35.738,0.250,8.935,0,0.000,0.00,0.000,0.000,0.000
60,ec.gp.GPIndividual@1131458861{-1645838568},3C_20_80-03.txt,169.439,0.250,42.360,0,0.000,0.00,0.000,0.000,0.000
60,ec.gp.GPIndividual@727326228{43656422},3C_20_50-02.txt,61.404,0.250,15.351,10,14.750,96.08,1.475,4.063,0.203
60,ec.gp.GPIndividual@727326228{43656422},3C_20_50-03.txt,30.993,0.250,7.748,3,4.391,56.67,1.464,4.063,0.203
60,ec.gp.GPIndividual@727326228{43656422},3C_20_66-01.txt,7.322,0.250,1.831,2,1.188,64.87,0.594,4.063,0.203
60,ec.gp.GPIndividual@727326228{43656422},3C_20_66-02.txt,154.245,0.250,38.561,2,4.281,11.10,2.141,4.063,0.203
60,ec.gp.GPIndividual@727326228{43656422},3C_20_80-01.txt,4.194,0.250,1.049,2,3.188,303.97,1.594,4.063,0.203
60,ec.gp.GPIndividual@727326228{43656422},3C_20_66-03.txt,118.340,0.250,29.585,6,5.078,17.16,0.846,4.063,0.203
60,ec.gp.GPIndividual@727326228{43656422},3C_20_80-02.txt,35.738,0.250,8.935,4,9.531,106.68,2.383,4.063,0.203
60,ec.gp.GPIndividual@727326228{43656422},3C_20_80-01.txt,4.194,0.250,1.049,2,0.922,87.91,0.461,4.063,0.109
60,ec.gp.GPIndividual@727326228{43656422},3C_20_66-03.txt,118.340,0.250,29.585,1,0.469,1.58,0.469,4.063,0.109
60,ec.gp.GPIndividual@727326228{43656422},3C_20_80-02.txt,35.738,0.250,8.935,2,2.453,27.46,1.227,4.063,0.109
60,ec.gp.GPIndividual@727326228{43656422},3C_20_66-01.txt,7.322,0.250,1.831,2,2.016,110.11,1.008,4.063,0.109
60,ec.gp.GPIndividual@727326228{43656422},3C_20_80-03.txt,169.439,0.250,42.360,1,0.438,1.03,0.438,4.063,0.109
60,ec.gp.GPIndividual@727326228{43656422},3C_20_80-03.txt,169.439,0.250,42.360,9,26.016,61.42,2.891,10.984,0.109
60,ec.gp.GPIndividual@727326228{43656422},3C_20_80-01.txt,4.194,0.250,1.049,1,11.688,1114.56,11.688,11.688,0.109
60,ec.gp.GPIndividual@1243309809{-664524961},3C_20_50-02.txt,61.404,0.250,15.351,4,14.984,97.61,3.746,14.063,0.125
60,ec.gp.GPIndividual@1243309809{-664524961},3C_20_66-02.txt,154.245,0.250,38.561,12,22.438,58.19,1.870,14.063,0.125
60,ec.gp.GPIndividual@1243309809{-664524961},3C_20_80-03.txt,169.439,0.250,42.360,1,12.453,29.40,12.453,14.063,0.125
60,ec.gp.GPIndividual@1243309809{-664524961},3C_20_50-03.txt,30.993,0.250,7.748,1,11.969,154.47,11.969,14.063,0.125
60,ec.gp.GPIndividual@1243309809{-664524961},3C_20_66-03.txt,118.340,0.250,29.585,7,25.453,86.03,3.636,14.063,0.125
60,ec.gp.GPIndividual@703752117{763009356},3C_20_50-02.txt,61.404,0.250,15.351,5,6.750,43.97,1.350,5.750,0.031
60,ec.gp.GPIndividual@703752117{763009356},3C_20_50-03.txt,30.993,0.250,7.748,6,6.625,85.50,1.104,5.750,0.031
60,ec.gp.GPIndividual@703752117{763009356},3C_20_66-01.txt,7.322,0.250,1.831,6,1.438,78.53,0.240,5.750,0.031
60,ec.gp.GPIndividual@703752117{763009356},3C_20_66-02.txt,154.245,0.250,38.561,9,28.359,73.54,3.151,10.688,0.031
60,ec.gp.GPIndividual@703752117{763009356},3C_20_66-03.txt,118.340,0.250,29.585,5,20.219,68.34,4.044,10.688,0.031
60,ec.gp.GPIndividual@703752117{763009356},3C_20_80-01.txt,4.194,0.250,1.049,3,0.656,62.58,0.219,10.688,0.031
60,ec.gp.GPIndividual@703752117{763009356},3C_20_80-02.txt,35.738,0.250,8.935,6,4.234,47.39,0.706,10.688,0.031
60,ec.gp.GPIndividual@703752117{763009356},3C_20_80-03.txt,169.439,0.250,42.360,2,17.422,41.13,8.711,16.641,0.031
61,ec.gp.GPIndividual@25724393{353231141},3C_20_50-02.txt,61.404,0.250,15.351,0,0.000,0.00,0.000,0.000,0.000
61,ec.gp.GPIndividual@25724393{353231141},3C_20_50-03.txt,30.993,0.250,7.748,0,0.000,0.00,0.000,0.000,0.000
61,ec.gp.GPIndividual@25724393{353231141},3C_20_66-01.txt,7.322,0.250,1.831,0,0.000,0.00,0.000,0.000,0.000
61,ec.gp.GPIndividual@25724393{353231141},3C_20_66-02.txt,154.245,0.250,38.561,0,0.000,0.00,0.000,0.000,0.000
61,ec.gp.GPIndividual@25724393{353231141},3C_20_66-03.txt,118.340,0.250,29.585,0,0.000,0.00,0.000,0.000,0.000
61,ec.gp.GPIndividual@25724393{353231141},3C_20_80-01.txt,4.194,0.250,1.049,0,0.000,0.00,0.000,0.000,0.000
61,ec.gp.GPIndividual@25724393{353231141},3C_20_80-02.txt,35.738,0.250,8.935,0,0.000,0.00,0.000,0.000,0.000
61,ec.gp.GPIndividual@25724393{353231141},3C_20_80-03.txt,169.439,0.250,42.360,0,0.000,0.00,0.000,0.000,0.000
61,ec.gp.GPIndividual@1677680814{-117361038},3C_20_50-02.txt,61.404,0.250,15.351,0,0.000,0.00,0.000,0.000,0.000
61,ec.gp.GPIndividual@1677680814{-117361038},3C_20_50-03.txt,30.993,0.250,7.748,0,0.000,0.00,0.000,0.000,0.000
61,ec.gp.GPIndividual@1677680814{-117361038},3C_20_66-01.txt,7.322,0.250,1.831,0,0.000,0.00,0.000,0.000,0.000
61,ec.gp.GPIndividual@1677680814{-117361038},3C_20_66-02.txt,154.245,0.250,38.561,0,0.000,0.00,0.000,0.000,0.000
61,ec.gp.GPIndividual@1677680814{-117361038},3C_20_66-03.txt,118.340,0.250,29.585,0,0.000,0.00,0.000,0.000,0.000
61,ec.gp.GPIndividual@1677680814{-117361038},3C_20_80-01.txt,4.194,0.250,1.049,0,0.000,0.00,0.000,0.000,0.000
61,ec.gp.GPIndividual@1677680814{-117361038},3C_20_80-02.txt,35.738,0.250,8.935,0,0.000,0.00,0.000,0.000,0.000
61,ec.gp.GPIndividual@1677680814{-117361038},3C_20_80-03.txt,169.439,0.250,42.360,0,0.000,0.00,0.000,0.000,0.000
61,ec.gp.GPIndividual@1663575335{1853452327},3C_20_50-02.txt,61.404,0.250,15.351,13,14.172,92.32,1.090,1.859,0.281
61,ec.gp.GPIndividual@1663575335{1853452327},3C_20_50-03.txt,30.993,0.250,7.748,4,9.047,116.76,2.262,2.531,0.281
61,ec.gp.GPIndividual@1663575335{1853452327},3C_20_50-03.txt,30.993,0.250,7.748,3,3.203,41.34,1.068,2.531,0.000
61,ec.gp.GPIndividual@1663575335{1853452327},3C_20_50-03.txt,30.993,0.250,7.748,3,4.031,52.03,1.344,2.531,0.000
61,ec.gp.GPIndividual@1663575335{1853452327},3C_20_50-03.txt,30.993,0.250,7.748,3,8.609,111.12,2.870,3.188,0.000
61,ec.gp.GPIndividual@1663575335{1853452327},3C_20_66-01.txt,7.322,0.250,1.831,2,1.094,59.75,0.547,3.188,0.000
61,ec.gp.GPIndividual@1663575335{1853452327},3C_20_50-03.txt,30.993,0.250,7.748,1,1.953,25.21,1.953,3.188,0.000
61,ec.gp.GPIndividual@1663575335{1853452327},3C_20_66-01.txt,7.322,0.250,1.831,1,3.188,174.13,3.188,3.188,0.000
61,ec.gp.GPIndividual@1663575335{1853452327},3C_20_66-01.txt,7.322,0.250,1.831,2,3.453,188.64,1.727,3.188,0.000
61,ec.gp.GPIndividual@1663575335{1853452327},3C_20_50-03.txt,30.993,0.250,7.748,2,1.391,17.95,0.695,3.188,0.000
61,ec.gp.GPIndividual@1663575335{1853452327},3C_20_66-02.txt,154.245,0.250,38.561,18,38.609,100.12,2.145,4.203,0.000
61,ec.gp.GPIndividual@1663575335{1853452327},3C_20_66-01.txt,7.322,0.250,1.831,2,1.922,104.99,0.961,4.203,0.000
61,ec.gp.GPIndividual@1663575335{1853452327},3C_20_66-03.txt,118.340,0.250,29.585,5,10.781,36.44,2.156,4.203,0.000
61,ec.gp.GPIndividual@1663575335{1853452327},3C_20_66-02.txt,154.245,0.250,38.561,12,41.391,107.34,3.449,7.516,0.000
61,ec.gp.GPIndividual@1663575335{1853452327},3C_20_66-01.txt,7.322,0.250,1.831,2,1.625,88.77,0.813,7.516,0.000
61,ec.gp.GPIndividual@1663575335{1853452327},3C_20_66-03.txt,118.340,0.250,29.585,2,9.125,30.84,4.563,9.125,0.000
61,ec.gp.GPIndividual@1663575335{1853452327},3C_20_66-02.txt,154.245,0.250,38.561,2,2.797,7.25,1.398,9.125,0.000
61,ec.gp.GPIndividual@1663575335{1853452327},3C_20_80-01.txt,4.194,0.250,1.049,1,4.141,394.86,4.141,9.125,0.000
61,ec.gp.GPIndividual@1663575335{1853452327},3C_20_66-01.txt,7.322,0.250,1.831,4,2.203,120.35,0.551,9.125,0.000
61,ec.gp.GPIndividual@1663575335{1853452327},3C_20_66-02.txt,154.245,0.250,38.561,0,0.000,0.00,0.000,9.125,0.000
61,ec.gp.GPIndividual@1663575335{1853452327},3C_20_80-02.txt,35.738,0.250,8.935,6,9.016,100.91,1.503,9.125,0.000
61,ec.gp.GPIndividual@1663575335{1853452327},3C_20_66-02.txt,154.245,0.250,38.561,2,3.406,8.83,1.703,9.125,0.000
61,ec.gp.GPIndividual@1663575335{1853452327},3C_20_80-03.txt,169.439,0.250,42.360,15,41.391,97.71,2.759,10.172,0.000
61,ec.gp.GPIndividual@201974407{283454932},3C_20_50-02.txt,61.404,0.250,15.351,4,6.828,44.48,1.707,3.078,0.516
61,ec.gp.GPIndividual@201974407{283454932},3C_20_66-03.txt,118.340,0.250,29.585,1,3.609,12.20,3.609,3.609,0.516
61,ec.gp.GPIndividual@201974407{283454932},3C_20_80-01.txt,4.194,0.250,1.049,1,1.844,175.83,1.844,3.609,0.516
61,ec.gp.GPIndividual@201974407{283454932},3C_20_50-03.txt,30.993,0.250,7.748,2,6.688,86.31,3.344,6.219,0.469
61,ec.gp.GPIndividual@201974407{283454932},3C_20_66-03.txt,118.340,0.250,29.585,4,10.641,35.97,2.660,6.219,0.469
61,ec.gp.GPIndividual@201974407{283454932},3C_20_66-03.txt,118.340,0.250,29.585,1,12.891,43.57,12.891,12.891,0.469
61,ec.gp.GPIndividual@201974407{283454932},3C_20_66-02.txt,154.245,0.250,38.561,11,37.938,98.38,3.449,12.891,0.469
61,ec.gp.GPIndividual@201974407{283454932},3C_20_80-01.txt,4.194,0.250,1.049,1,3.766,359.10,3.766,12.891,0.469
61,ec.gp.GPIndividual@201974407{283454932},3C_20_80-01.txt,4.194,0.250,1.049,2,3.359,320.36,1.680,12.891,0.469
61,ec.gp.GPIndividual@201974407{283454932},3C_20_80-02.txt,35.738,0.250,8.935,4,6.047,67.68,1.512,12.891,0.359
61,ec.gp.GPIndividual@201974407{283454932},3C_20_80-01.txt,4.194,0.250,1.049,1,1.281,122.18,1.281,12.891,0.359
61,ec.gp.GPIndividual@201974407{283454932},3C_20_80-02.txt,35.738,0.250,8.935,4,9.375,104.93,2.344,12.891,0.359
61,ec.gp.GPIndividual@201974407{283454932},3C_20_66-01.txt,7.322,0.250,1.831,1,2.109,115.23,2.109,12.891,0.359
61,ec.gp.GPIndividual@201974407{283454932},3C_20_80-03.txt,169.439,0.250,42.360,3,3.578,8.45,1.193,12.891,0.359
61,ec.gp.GPIndividual@201974407{283454932},3C_20_80-02.txt,35.738,0.250,8.935,3,5.453,61.03,1.818,12.891,0.359
61,ec.gp.GPIndividual@201974407{283454932},3C_20_66-03.txt,118.340,0.250,29.585,15,29.641,100.19,1.976,12.891,0.359
61,ec.gp.GPIndividual@201974407{283454932},3C_20_80-02.txt,35.738,0.250,8.935,1,0.500,5.60,0.500,12.891,0.359
61,ec.gp.GPIndividual@201974407{283454932},3C_20_80-03.txt,169.439,0.250,42.360,2,7.203,17.00,3.602,12.891,0.359
61,ec.gp.GPIndividual@201974407{283454932},3C_20_80-03.txt,169.439,0.250,42.360,1,3.516,8.30,3.516,12.891,0.359
61,ec.gp.GPIndividual@1346543665{-2053597070},3C_20_50-02.txt,61.404,0.250,15.351,7,15.531,101.17,2.219,6.000,0.188
61,ec.gp.GPIndividual@1346543665{-2053597070},3C_20_50-03.txt,30.993,0.250,7.748,1,0.891,11.49,0.891,6.000,0.188
61,ec.gp.GPIndividual@1346543665{-2053597070},3C_20_66-02.txt,154.245,0.250,38.561,4,12.328,31.97,3.082,6.000,0.188
61,ec.gp.GPIndividual@1346543665{-2053597070},3C_20_80-01.txt,4.194,0.250,1.049,1,6.281,599.00,6.281,6.281,0.188
61,ec.gp.GPIndividual@343249000{-36860039},3C_20_50-02.txt,61.404,0.250,15.351,1,0.000,0.00,0.000,0.000,0.000
61,ec.gp.GPIndividual@343249000{-36860039},3C_20_50-03.txt,30.993,0.250,7.748,1,0.000,0.00,0.000,0.000,0.000
61,ec.gp.GPIndividual@343249000{-36860039},3C_20_66-01.txt,7.322,0.250,1.831,1,0.000,0.00,0.000,0.000,0.000
61,ec.gp.GPIndividual@343249000{-36860039},3C_20_66-02.txt,154.245,0.250,38.561,1,0.000,0.00,0.000,0.000,0.000
61,ec.gp.GPIndividual@343249000{-36860039},3C_20_66-03.txt,118.340,0.250,29.585,1,0.000,0.00,0.000,0.000,0.000
61,ec.gp.GPIndividual@343249000{-36860039},3C_20_80-01.txt,4.194,0.250,1.049,1,0.000,0.00,0.000,0.000,0.000
61,ec.gp.GPIndividual@343249000{-36860039},3C_20_80-02.txt,35.738,0.250,8.935,1,0.000,0.00,0.000,0.000,0.000
61,ec.gp.GPIndividual@343249000{-36860039},3C_20_80-03.txt,169.439,0.250,42.360,1,0.000,0.00,0.000,0.000,0.000
61,ec.gp.GPIndividual@183428570{-1744032090},3C_20_50-02.txt,61.404,0.250,15.351,10,15.297,99.65,1.530,3.172,0.313
61,ec.gp.GPIndividual@183428570{-1744032090},3C_20_50-03.txt,30.993,0.250,7.748,2,1.906,24.60,0.953,3.172,0.313
61,ec.gp.GPIndividual@183428570{-1744032090},3C_20_80-02.txt,35.738,0.250,8.935,1,2.813,31.48,2.813,3.172,0.313
61,ec.gp.GPIndividual@183428570{-1744032090},3C_20_80-03.txt,169.439,0.250,42.360,12,44.297,104.57,3.691,12.438,0.313
61,ec.gp.GPIndividual@695931606{535286456},3C_20_50-02.txt,61.404,0.250,15.351,4,8.656,56.39,2.164,4.359,0.531
61,ec.gp.GPIndividual@1126415519{821406548},3C_20_50-02.txt,61.404,0.250,15.351,3,9.969,64.94,3.323,6.891,0.531
61,ec.gp.GPIndividual@1126415519{821406548},3C_20_66-01.txt,7.322,0.250,1.831,1,5.313,290.21,5.313,6.891,0.531
61,ec.gp.GPIndividual@1126415519{821406548},3C_20_80-03.txt,169.439,0.250,42.360,2,11.188,26.41,5.594,9.188,0.531
61,ec.gp.GPIndividual@1126415519{821406548},3C_20_66-01.txt,7.322,0.250,1.831,3,13.922,760.53,4.641,12.250,0.531
61,ec.gp.GPIndividual@1126415519{821406548},3C_20_66-03.txt,118.340,0.250,29.585,1,0.547,1.85,0.547,12.250,0.531
61,ec.gp.GPIndividual@1126415519{821406548},3C_20_66-02.txt,154.245,0.250,38.561,2,4.188,10.86,2.094,12.250,0.531
61,ec.gp.GPIndividual@1126415519{821406548},3C_20_66-02.txt,154.245,0.250,38.561,8,21.188,54.95,2.648,12.250,0.531
61,ec.gp.GPIndividual@1126415519{821406548},3C_20_66-03.txt,118.340,0.250,29.585,5,19.375,65.49,3.875,12.250,0.531
61,ec.gp.GPIndividual@1126415519{821406548},3C_20_80-01.txt,4.194,0.250,1.049,4,9.219,879.13,2.305,12.250,0.172
61,ec.gp.GPIndividual@1495451173{1865681608},3C_20_50-02.txt,61.404,0.250,15.351,3,1.875,12.21,0.625,1.234,0.156
61,ec.gp.GPIndividual@1495451173{1865681608},3C_20_80-02.txt,35.738,0.250,8.935,1,14.406,161.24,14.406,14.406,0.156
61,ec.gp.GPIndividual@1495451173{1865681608},3C_20_50-03.txt,30.993,0.250,7.748,1,10.781,139.15,10.781,14.406,0.156
61,ec.gp.GPIndividual@1495451173{1865681608},3C_20_50-03.txt,30.993,0.250,7.748,2,8.625,111.32,4.313,14.406,0.156
61,ec.gp.GPIndividual@1495451173{1865681608},3C_20_80-01.txt,4.194,0.250,1.049,2,2.859,272.68,1.430,14.406,0.156
61,ec.gp.GPIndividual@1495451173{1865681608},3C_20_80-03.txt,169.439,0.250,42.360,1,8.078,19.07,8.078,14.406,0.156
61,ec.gp.GPIndividual@1495451173{1865681608},3C_20_66-03.txt,118.340,0.250,29.585,4,7.094,23.98,1.773,14.406,0.156
61,ec.gp.GPIndividual@1495451173{1865681608},3C_20_80-02.txt,35.738,0.250,8.935,4,10.156,113.67,2.539,14.406,0.156
61,ec.gp.GPIndividual@1495451173{1865681608},3C_20_66-01.txt,7.322,0.250,1.831,1,0.484,26.46,0.484,14.406,0.156
61,ec.gp.GPIndividual@1495451173{1865681608},3C_20_80-03.txt,169.439,0.250,42.360,1,0.484,1.14,0.484,14.406,0.156
61,ec.gp.GPIndividual@1495451173{1865681608},3C_20_50-03.txt,30.993,0.250,7.748,4,11.859,153.06,2.965,14.406,0.156
61,ec.gp.GPIndividual@1495451173{1865681608},3C_20_80-01.txt,4.194,0.250,1.049,1,6.156,587.08,6.156,14.406,0.156
61,ec.gp.GPIndividual@377330381{1375602602},3C_20_50-02.txt,61.404,0.250,15.351,2,1.156,7.53,0.578,0.656,0.500
61,ec.gp.GPIndividual@377330381{1375602602},3C_20_66-02.txt,154.245,0.250,38.561,16,43.234,112.12,2.702,7.281,0.500
61,ec.gp.GPIndividual@377330381{1375602602},3C_20_66-01.txt,7.322,0.250,1.831,2,1.438,78.53,0.719,7.281,0.328
61,ec.gp.GPIndividual@377330381{1375602602},3C_20_80-02.txt,35.738,0.250,8.935,2,1.953,21.86,0.977,7.281,0.328
61,ec.gp.GPIndividual@377330381{1375602602},3C_20_50-03.txt,30.993,0.250,7.748,4,9.594,123.82,2.398,7.281,0.328
61,ec.gp.GPIndividual@377330381{1375602602},3C_20_66-01.txt,7.322,0.250,1.831,2,1.625,88.77,0.813,7.281,0.172
61,ec.gp.GPIndividual@377330381{1375602602},3C_20_66-02.txt,154.245,0.250,38.561,2,3.391,8.79,1.695,7.281,0.172
61,ec.gp.GPIndividual@377330381{1375602602},3C_20_66-03.txt,118.340,0.250,29.585,2,4.359,14.74,2.180,7.281,0.172
61,ec.gp.GPIndividual@377330381{1375602602},3C_20_66-01.txt,7.322,0.250,1.831,1,8.344,455.81,8.344,8.344,0.172
61,ec.gp.GPIndividual@236772122{1466670145},3C_20_50-02.txt,61.404,0.250,15.351,3,2.063,13.44,0.688,0.797,0.484
61,ec.gp.GPIndividual@236772122{1466670145},3C_20_66-02.txt,154.245,0.250,38.561,20,38.188,99.03,1.909,5.813,0.484
61,ec.gp.GPIndividual@236772122{1466670145},3C_20_50-03.txt,30.993,0.250,7.748,2,5.188,66.95,2.594,5.813,0.484
61,ec.gp.GPIndividual@236772122{1466670145},3C_20_66-03.txt,118.340,0.250,29.585,1,2.313,7.82,2.313,5.813,0.484
61,ec.gp.GPIndividual@236772122{1466670145},3C_20_66-03.txt,118.340,0.250,29.585,1,1.813,6.13,1.813,5.813,0.484
61,ec.gp.GPIndividual@236772122{1466670145},3C_20_80-01.txt,4.194,0.250,1.049,3,4.125,393.37,1.375,5.813,0.359
61,ec.gp.GPIndividual@236772122{1466670145},3C_20_66-01.txt,7.322,0.250,1.831,2,0.156,8.54,0.078,5.813,0.000
61,ec.gp.GPIndividual@236772122{1466670145},3C_20_80-02.txt,35.738,0.250,8.935,5,9.609,107.55,1.922,7.516,0.000
61,ec.gp.GPIndividual@236772122{1466670145},3C_20_66-02.txt,154.245,0.250,38.561,1,9.422,24.43,9.422,9.422,0.000
61,ec.gp.GPIndividual@236772122{1466670145},3C_20_80-03.txt,169.439,0.250,42.360,2,3.172,7.49,1.586,9.422,0.000
61,ec.gp.GPIndividual@236772122{1466670145},3C_20_66-02.txt,154.245,0.250,38.561,14,39.906,103.49,2.850,9.422,0.000
61,ec.gp.GPIndividual@236772122{1466670145},3C_20_66-03.txt,118.340,0.250,29.585,2,1.922,6.50,0.961,9.422,0.000
61,ec.gp.GPIndividual@236772122{1466670145},3C_20_80-01.txt,4.194,0.250,1.049,1,1.922,183.28,1.922,9.422,0.000
61,ec.gp.GPIndividual@236772122{1466670145},3C_20_80-03.txt,169.439,0.250,42.360,2,2.188,5.16,1.094,9.422,0.000
61,ec.gp.GPIndividual@1831636136{-1445789455},3C_20_50-02.txt,61.404,0.250,15.351,1,11.219,73.08,11.219,11.219,11.219
61,ec.gp.GPIndividual@1831636136{-1445789455},3C_20_80-02.txt,35.738,0.250,8.935,5,15.063,168.59,3.013,11.219,0.188
61,ec.gp.GPIndividual@1831636136{-1445789455},3C_20_80-02.txt,35.738,0.250,8.935,8,9.000,100.73,1.125,11.219,0.188
61,ec.gp.GPIndividual@1831636136{-1445789455},3C_20_50-03.txt,30.993,0.250,7.748,1,0.594,7.66,0.594,11.219,0.188
61,ec.gp.GPIndividual@1831636136{-1445789455},3C_20_80-03.txt,169.439,0.250,42.360,2,3.406,8.04,1.703,11.219,0.188
61,ec.gp.GPIndividual@1831636136{-1445789455},3C_20_80-01.txt,4.194,0.250,1.049,2,0.922,87.91,0.461,11.219,0.094
61,ec.gp.GPIndividual@1831636136{-1445789455},3C_20_80-03.txt,169.439,0.250,42.360,13,39.047,92.18,3.004,12.359,0.094
61,ec.gp.GPIndividual@907952399{599285628},3C_20_50-02.txt,61.404,0.250,15.351,1,8.484,55.27,8.484,8.484,8.484
61,ec.gp.GPIndividual@907952399{599285628},3C_20_80-02.txt,35.738,0.250,8.935,2,13.953,156.17,6.977,13.766,0.188
61,ec.gp.GPIndividual@952550886{43656422},3C_20_50-02.txt,61.404,0.250,15.351,3,7.734,50.38,2.578,6.359,0.234
61,ec.gp.GPIndividual@952550886{43656422},3C_20_66-01.txt,7.322,0.250,1.831,3,2.438,133.16,0.813,6.359,0.234
61,ec.gp.GPIndividual@952550886{43656422},3C_20_50-03.txt,30.993,0.250,7.748,1,0.203,2.62,0.203,6.359,0.203
61,ec.gp.GPIndividual@952550886{43656422},3C_20_50-03.txt,30.993,0.250,7.748,8,9.516,122.81,1.189,6.359,0.203
61,ec.gp.GPIndividual@952550886{43656422},3C_20_66-01.txt,7.322,0.250,1.831,2,1.031,56.34,0.516,6.359,0.203
61,ec.gp.GPIndividual@952550886{43656422},3C_20_66-01.txt,7.322,0.250,1.831,3,2.016,110.11,0.672,6.359,0.203
61,ec.gp.GPIndividual@952550886{43656422},3C_20_66-02.txt,154.245,0.250,38.561,2,0.203,0.53,0.102,6.359,0.000
61,ec.gp.GPIndividual@952550886{43656422},3C_20_66-02.txt,154.245,0.250,38.561,1,0.438,1.13,0.438,6.359,0.000
61,ec.gp.GPIndividual@952550886{43656422},3C_20_80-03.txt,169.439,0.250,42.360,16,27.609,65.18,1.726,12.172,0.000
61,ec.gp.GPIndividual@386113593{-1052501082},3C_20_50-02.txt,61.404,0.250,15.351,1,11.203,72.98,11.203,11.203,11.203
61,ec.gp.GPIndividual@386113593{-1052501082},3C_20_66-03.txt,118.340,0.250,29.585,1,10.844,36.65,10.844,11.203,10.844
61,ec.gp.GPIndividual@386113593{-1052501082},3C_20_66-03.txt,118.340,0.250,29.585,2,14.328,48.43,7.164,14.141,0.188
61,ec.gp.GPIndividual@386113593{-1052501082},3C_20_66-02.txt,154.245,0.250,38.561,13,27.797,72.09,2.138,14.141,0.188
61,ec.gp.GPIndividual@386113593{-1052501082},3C_20_80-01.txt,4.194,0.250,1.049,1,7.500,715.22,7.500,14.141,0.188
61,ec.gp.GPIndividual@386113593{-1052501082},3C_20_66-03.txt,118.340,0.250,29.585,2,9.063,30.63,4.531,14.141,0.188
61,ec.gp.GPIndividual@386113593{-1052501082},3C_20_80-01.txt,4.194,0.250,1.049,1,9.828,937.24,9.828,14.141,0.188
61,ec.gp.GPIndividual@386113593{-1052501082},3C_20_50-03.txt,30.993,0.250,7.748,7,9.359,120.80,1.337,14.141,0.188
61,ec.gp.GPIndividual@386113593{-1052501082},3C_20_80-01.txt,4.194,0.250,1.049,3,0.969,92.38,0.323,14.141,0.000
61,ec.gp.GPIndividual@386113593{-1052501082},3C_20_66-01.txt,7.322,0.250,1.831,2,2.594,141.69,1.297,14.141,0.000
61,ec.gp.GPIndividual@386113593{-1052501082},3C_20_80-02.txt,35.738,0.250,8.935,1,1.703,19.06,1.703,14.141,0.000
61,ec.gp.GPIndividual@386113593{-1052501082},3C_20_80-02.txt,35.738,0.250,8.935,2,1.078,12.07,0.539,14.141,0.000
61,ec.gp.GPIndividual@386113593{-1052501082},3C_20_80-02.txt,35.738,0.250,8.935,11,9.453,105.80,0.859,14.141,0.000
61,ec.gp.GPIndividual@386113593{-1052501082},3C_20_80-03.txt,169.439,0.250,42.360,3,1.328,3.14,0.443,14.141,0.000
61,ec.gp.GPIndividual@386113593{-1052501082},3C_20_80-03.txt,169.439,0.250,42.360,3,1.328,3.14,0.443,14.141,0.000
61,ec.gp.GPIndividual@386113593{-1052501082},3C_20_80-03.txt,169.439,0.250,42.360,5,39.734,93.80,7.947,16.250,0.000
61,ec.gp.GPIndividual@1463260389{781213232},3C_20_50-02.txt,61.404,0.250,15.351,2,1.125,7.33,0.563,0.797,0.328
61,ec.gp.GPIndividual@1463260389{781213232},3C_20_66-02.txt,154.245,0.250,38.561,1,14.297,37.08,14.297,14.297,0.328
61,ec.gp.GPIndividual@36946564{-664524961},3C_20_50-02.txt,61.404,0.250,15.351,4,18.234,118.78,4.559,15.484,0.219
61,ec.gp.GPIndividual@1142425109{-1347066244},3C_20_50-02.txt,61.404,0.250,15.351,13,14.078,91.71,1.083,1.578,0.328
61,ec.gp.GPIndividual@1142425109{-1347066244},3C_20_66-03.txt,118.340,0.250,29.585,1,1.203,4.07,1.203,1.578,0.328
61,ec.gp.GPIndividual@1142425109{-1347066244},3C_20_50-03.txt,30.993,0.250,7.748,2,4.438,57.27,2.219,2.766,0.328
61,ec.gp.GPIndividual@1142425109{-1347066244},3C_20_50-03.txt,30.993,0.250,7.748,1,2.469,31.86,2.469,2.766,0.328
61,ec.gp.GPIndividual@1142425109{-1347066244},3C_20_50-03.txt,30.993,0.250,7.748,3,8.703,112.33,2.901,3.516,0.328
61,ec.gp.GPIndividual@1142425109{-1347066244},3C_20_80-01.txt,4.194,0.250,1.049,2,1.156,110.26,0.578,3.516,0.109
61,ec.gp.GPIndividual@1142425109{-1347066244},3C_20_66-01.txt,7.322,0.250,1.831,4,1.703,93.04,0.426,3.516,0.094
61,ec.gp.GPIndividual@1142425109{-1347066244},3C_20_66-02.txt,154.245,0.250,38.561,3,2.469,6.40,0.823,3.516,0.000
61,ec.gp.GPIndividual@1142425109{-1347066244},3C_20_80-02.txt,35.738,0.250,8.935,7,9.953,111.40,1.422,3.516,0.000
61,ec.gp.GPIndividual@1142425109{-1347066244},3C_20_66-01.txt,7.322,0.250,1.831,2,1.313,71.70,0.656,3.516,0.000
61,ec.gp.GPIndividual@1142425109{-1347066244},3C_20_80-03.txt,169.439,0.250,42.360,10,13.875,32.76,1.388,3.969,0.000
61,ec.gp.GPIndividual@1142425109{-1347066244},3C_20_66-03.txt,118.340,0.250,29.585,1,5.297,17.90,5.297,5.297,0.000
61,ec.gp.GPIndividual@1142425109{-1347066244},3C_20_66-01.txt,7.322,0.250,1.831,2,1.203,65.72,0.602,5.297,0.000
61,ec.gp.GPIndividual@1142425109{-1347066244},3C_20_66-02.txt,154.245,0.250,38.561,8,22.625,58.67,2.828,12.000,0.000
61,ec.gp.GPIndividual@693824691{781213232},3C_20_50-02.txt,61.404,0.250,15.351,12,13.578,88.45,1.132,2.813,0.203
61,ec.gp.GPIndividual@693824691{781213232},3C_20_50-03.txt,30.993,0.250,7.748,1,3.953,51.02,3.953,3.953,0.203
61,ec.gp.GPIndividual@1405095515{812426458},3C_20_50-02.txt,61.404,0.250,15.351,2,2.094,13.64,1.047,1.906,0.188
61,ec.gp.GPIndividual@1405095515{812426458},3C_20_80-02.txt,35.738,0.250,8.935,9,9.844,110.18,1.094,2.641,0.188
61,ec.gp.GPIndividual@1405095515{812426458},3C_20_66-01.txt,7.322,0.250,1.831,1,0.703,38.41,0.703,2.641,0.188
61,ec.gp.GPIndividual@1405095515{812426458},3C_20_80-03.txt,169.439,0.250,42.360,1,0.938,2.21,0.938,2.641,0.188
61,ec.gp.GPIndividual@1405095515{812426458},3C_20_50-03.txt,30.993,0.250,7.748,7,6.969,89.94,0.996,2.641,0.188
61,ec.gp.GPIndividual@27157903{-802965319},3C_20_50-02.txt,61.404,0.250,15.351,3,3.516,22.90,1.172,1.797,0.188
61,ec.gp.GPIndividual@27157903{-802965319},3C_20_66-01.txt,7.322,0.250,1.831,4,1.625,88.77,0.406,1.797,0.141
61,ec.gp.GPIndividual@27157903{-802965319},3C_20_66-02.txt,154.245,0.250,38.561,1,0.156,0.41,0.156,1.797,0.141
61,ec.gp.GPIndividual@27157903{-802965319},3C_20_50-03.txt,30.993,0.250,7.748,8,7.391,95.39,0.924,1.813,0.141
61,ec.gp.GPIndividual@27157903{-802965319},3C_20_66-03.txt,118.340,0.250,29.585,1,0.516,1.74,0.516,1.813,0.141
61,ec.gp.GPIndividual@27157903{-802965319},3C_20_66-01.txt,7.322,0.250,1.831,2,5.906,322.65,2.953,5.531,0.141
61,ec.gp.GPIndividual@27157903{-802965319},3C_20_66-02.txt,154.245,0.250,38.561,11,21.188,54.95,1.926,12.109,0.141
61,ec.gp.GPIndividual@27157903{-802965319},3C_20_80-01.txt,4.194,0.250,1.049,1,11.844,1129.46,11.844,12.109,0.141
61,ec.gp.GPIndividual@27157903{-802965319},3C_20_66-03.txt,118.340,0.250,29.585,2,14.875,50.28,7.438,14.438,0.141
61,ec.gp.GPIndividual@27157903{-802965319},3C_20_66-02.txt,154.245,0.250,38.561,14,24.109,62.52,1.722,14.438,0.141
61,ec.gp.GPIndividual@27157903{-802965319},3C_20_80-01.txt,4.194,0.250,1.049,1,11.156,1063.90,11.156,14.438,0.141
61,ec.gp.GPIndividual@27157903{-802965319},3C_20_66-03.txt,118.340,0.250,29.585,2,10.891,36.81,5.445,14.438,0.141
61,ec.gp.GPIndividual@27157903{-802965319},3C_20_80-02.txt,35.738,0.250,8.935,9,8.281,92.69,0.920,14.438,0.141
61,ec.gp.GPIndividual@27157903{-802965319},3C_20_80-02.txt,35.738,0.250,8.935,7,7.453,83.42,1.065,14.438,0.141
61,ec.gp.GPIndividual@27157903{-802965319},3C_20_80-01.txt,4.194,0.250,1.049,2,1.234,117.71,0.617,14.438,0.141
61,ec.gp.GPIndividual@27157903{-802965319},3C_20_80-03.txt,169.439,0.250,42.360,1,3.328,7.86,3.328,14.438,0.141
61,ec.gp.GPIndividual@27157903{-802965319},3C_20_80-03.txt,169.439,0.250,42.360,7,21.250,50.17,3.036,14.438,0.141
61,ec.gp.GPIndividual@576478039{-448110912},3C_20_50-02.txt,61.404,0.250,15.351,2,15.375,100.16,7.688,15.203,0.172
61,ec.gp.GPIndividual@1711674451{-1011031995},3C_20_50-02.txt,61.404,0.250,15.351,3,17.063,111.15,5.688,16.250,0.094
61,ec.gp.GPIndividual@1711674451{-1011031995},3C_20_80-02.txt,35.738,0.250,8.935,10,9.297,104.06,0.930,16.250,0.094
61,ec.gp.GPIndividual@1711674451{-1011031995},3C_20_50-03.txt,30.993,0.250,7.748,1,0.531,6.86,0.531,16.250,0.094
61,ec.gp.GPIndividual@1711674451{-1011031995},3C_20_80-03.txt,169.439,0.250,42.360,1,0.766,1.81,0.766,16.250,0.094
61,ec.gp.GPIndividual@1711674451{-1011031995},3C_20_50-03.txt,30.993,0.250,7.748,4,6.719,86.71,1.680,16.250,0.094
61,ec.gp.GPIndividual@2077174915{526145471},3C_20_50-02.txt,61.404,0.250,15.351,8,13.328,86.82,1.666,3.016,0.156
61,ec.gp.GPIndividual@2077174915{526145471},3C_20_66-01.txt,7.322,0.250,1.831,2,1.078,58.90,0.539,3.016,0.156
61,ec.gp.GPIndividual@2077174915{526145471},3C_20_66-02.txt,154.245,0.250,38.561,1,1.984,5.15,1.984,3.016,0.156
61,ec.gp.GPIndividual@2077174915{526145471},3C_20_66-01.txt,7.322,0.250,1.831,4,1.734,94.75,0.434,3.016,0.078
61,ec.gp.GPIndividual@2077174915{526145471},3C_20_66-03.txt,118.340,0.250,29.585,1,0.578,1.95,0.578,3.016,0.078
61,ec.gp.GPIndividual@2077174915{526145471},3C_20_66-02.txt,154.245,0.250,38.561,2,3.234,8.39,1.617,3.234,0.000
61,ec.gp.GPIndividual@2077174915{526145471},3C_20_50-03.txt,30.993,0.250,7.748,7,7.641,98.61,1.092,3.234,0.000
61,ec.gp.GPIndividual@2077174915{526145471},3C_20_80-01.txt,4.194,0.250,1.049,1,0.328,31.29,0.328,3.234,0.000
61,ec.gp.GPIndividual@2077174915{526145471},3C_20_66-03.txt,118.340,0.250,29.585,13,24.984,84.45,1.922,6.953,0.000
61,ec.gp.GPIndividual@2077174915{526145471},3C_20_80-01.txt,4.194,0.250,1.049,2,6.656,634.76,3.328,6.953,0.000
61,ec.gp.GPIndividual@2077174915{526145471},3C_20_80-02.txt,35.738,0.250,8.935,3,4.953,55.44,1.651,6.953,0.000
61,ec.gp.GPIndividual@2077174915{526145471},3C_20_66-01.txt,7.322,0.250,1.831,4,1.844,100.72,0.461,6.953,0.000
61,ec.gp.GPIndividual@2077174915{526145471},3C_20_80-03.txt,169.439,0.250,42.360,2,0.922,2.18,0.461,6.953,0.000
61,ec.gp.GPIndividual@2077174915{526145471},3C_20_80-02.txt,35.738,0.250,8.935,9,7.922,88.67,0.880,6.953,0.000
61,ec.gp.GPIndividual@575944613{1950358537},3C_20_50-02.txt,61.404,0.250,15.351,8,14.203,92.52,1.775,9.938,0.000
61,ec.gp.GPIndividual@575944613{1950358537},3C_20_66-02.txt,154.245,0.250,38.561,8,32.141,83.35,4.018,13.344,0.000
61,ec.gp.GPIndividual@575944613{1950358537},3C_20_50-03.txt,30.993,0.250,7.748,4,6.125,79.05,1.531,13.344,0.000
61,ec.gp.GPIndividual@575944613{1950358537},3C_20_66-01.txt,7.322,0.250,1.831,4,8.953,489.10,2.238,13.344,0.000
61,ec.gp.GPIndividual@575944613{1950358537},3C_20_66-03.txt,118.340,0.250,29.585,2,0.672,2.27,0.336,13.344,0.000
61,ec.gp.GPIndividual@575944613{1950358537},3C_20_66-02.txt,154.245,0.250,38.561,12,35.047,90.89,2.921,13.344,0.000
61,ec.gp.GPIndividual@575944613{1950358537},3C_20_80-01.txt,4.194,0.250,1.049,4,0.813,77.48,0.203,13.344,0.000
61,ec.gp.GPIndividual@575944613{1950358537},3C_20_80-02.txt,35.738,0.250,8.935,2,9.516,106.50,4.758,13.344,0.000
61,ec.gp.GPIndividual@575944613{1950358537},3C_20_66-03.txt,118.340,0.250,29.585,10,27.234,92.06,2.723,13.344,0.000
61,ec.gp.GPIndividual@575944613{1950358537},3C_20_80-03.txt,169.439,0.250,42.360,2,7.797,18.41,3.898,13.344,0.000
61,ec.gp.GPIndividual@575944613{1950358537},3C_20_80-01.txt,4.194,0.250,1.049,3,0.813,77.48,0.271,13.344,0.000
61,ec.gp.GPIndividual@575944613{1950358537},3C_20_80-02.txt,35.738,0.250,8.935,7,6.578,73.63,0.940,13.344,0.000
61,ec.gp.GPIndividual@575944613{1950358537},3C_20_80-03.txt,169.439,0.250,42.360,4,27.656,65.29,6.914,16.313,0.000
61,ec.gp.GPIndividual@1236213686{1869617551},3C_20_50-02.txt,61.404,0.250,15.351,5,6.781,44.17,1.356,5.734,0.031
61,ec.gp.GPIndividual@1236213686{1869617551},3C_20_50-03.txt,30.993,0.250,7.748,6,6.656,85.91,1.109,5.734,0.031
61,ec.gp.GPIndividual@1236213686{1869617551},3C_20_66-01.txt,7.322,0.250,1.831,5,1.172,64.02,0.234,5.734,0.031
61,ec.gp.GPIndividual@1236213686{1869617551},3C_20_66-02.txt,154.245,0.250,38.561,9,28.359,73.54,3.151,10.828,0.031
61,ec.gp.GPIndividual@1236213686{1869617551},3C_20_66-03.txt,118.340,0.250,29.585,5,20.141,68.08,4.028,10.828,0.031
61,ec.gp.GPIndividual@1236213686{1869617551},3C_20_80-01.txt,4.194,0.250,1.049,3,0.672,64.07,0.224,10.828,0.031
61,ec.gp.GPIndividual@1236213686{1869617551},3C_20_80-02.txt,35.738,0.250,8.935,6,4.203,47.04,0.701,10.828,0.031
61,ec.gp.GPIndividual@1236213686{1869617551},3C_20_80-03.txt,169.439,0.250,42.360,2,17.422,41.13,8.711,16.641,0.031
62,ec.gp.GPIndividual@125930116{-110418052},3C_20_50-02.txt,61.404,0.250,15.351,0,0.000,0.00,0.000,0.000,0.000
62,ec.gp.GPIndividual@125930116{-110418052},3C_20_50-03.txt,30.993,0.250,7.748,0,0.000,0.00,0.000,0.000,0.000
62,ec.gp.GPIndividual@125930116{-110418052},3C_20_66-01.txt,7.322,0.250,1.831,0,0.000,0.00,0.000,0.000,0.000
62,ec.gp.GPIndividual@125930116{-110418052},3C_20_66-02.txt,154.245,0.250,38.561,0,0.000,0.00,0.000,0.000,0.000
62,ec.gp.GPIndividual@125930116{-110418052},3C_20_66-03.txt,118.340,0.250,29.585,0,0.000,0.00,0.000,0.000,0.000
62,ec.gp.GPIndividual@125930116{-110418052},3C_20_80-01.txt,4.194,0.250,1.049,0,0.000,0.00,0.000,0.000,0.000
62,ec.gp.GPIndividual@125930116{-110418052},3C_20_80-02.txt,35.738,0.250,8.935,0,0.000,0.00,0.000,0.000,0.000
62,ec.gp.GPIndividual@125930116{-110418052},3C_20_80-03.txt,169.439,0.250,42.360,0,0.000,0.00,0.000,0.000,0.000
62,ec.gp.GPIndividual@1637639030{-1338454813},3C_20_50-02.txt,61.404,0.250,15.351,2,0.688,4.48,0.344,0.344,0.344
62,ec.gp.GPIndividual@1637639030{-1338454813},3C_20_50-03.txt,30.993,0.250,7.748,8,8.719,112.53,1.090,1.875,0.344
62,ec.gp.GPIndividual@1637639030{-1338454813},3C_20_50-03.txt,30.993,0.250,7.748,4,2.641,34.08,0.660,1.875,0.000
62,ec.gp.GPIndividual@1637639030{-1338454813},3C_20_50-03.txt,30.993,0.250,7.748,1,0.516,6.65,0.516,1.875,0.000
62,ec.gp.GPIndividual@1637639030{-1338454813},3C_20_50-03.txt,30.993,0.250,7.748,1,3.219,41.54,3.219,3.219,0.000
62,ec.gp.GPIndividual@1637639030{-1338454813},3C_20_66-01.txt,7.322,0.250,1.831,1,2.031,110.96,2.031,3.219,0.000
62,ec.gp.GPIndividual@1637639030{-1338454813},3C_20_50-03.txt,30.993,0.250,7.748,1,0.906,11.70,0.906,3.219,0.000
62,ec.gp.GPIndividual@1637639030{-1338454813},3C_20_66-02.txt,154.245,0.250,38.561,1,2.422,6.28,2.422,3.219,0.000
62,ec.gp.GPIndividual@1637639030{-1338454813},3C_20_50-03.txt,30.993,0.250,7.748,4,10.156,131.08,2.539,3.219,0.000
62,ec.gp.GPIndividual@1637639030{-1338454813},3C_20_66-01.txt,7.322,0.250,1.831,1,2.344,128.04,2.344,3.219,0.000
62,ec.gp.GPIndividual@1637639030{-1338454813},3C_20_66-03.txt,118.340,0.250,29.585,3,3.641,12.31,1.214,3.219,0.000
62,ec.gp.GPIndividual@1637639030{-1338454813},3C_20_66-01.txt,7.322,0.250,1.831,1,3.234,176.69,3.234,3.234,0.000
62,ec.gp.GPIndividual@1637639030{-1338454813},3C_20_66-01.txt,7.322,0.250,1.831,1,3.109,169.86,3.109,3.234,0.000
62,ec.gp.GPIndividual@1637639030{-1338454813},3C_20_66-01.txt,7.322,0.250,1.831,3,2.547,139.13,0.849,3.234,0.000
62,ec.gp.GPIndividual@1637639030{-1338454813},3C_20_66-02.txt,154.245,0.250,38.561,2,0.641,1.66,0.320,3.234,0.000
62,ec.gp.GPIndividual@1637639030{-1338454813},3C_20_66-02.txt,154.245,0.250,38.561,8,14.813,38.41,1.852,3.578,0.000
62,ec.gp.GPIndividual@1637639030{-1338454813},3C_20_66-02.txt,154.245,0.250,38.561,2,7.141,18.52,3.570,5.625,0.000
62,ec.gp.GPIndividual@1637639030{-1338454813},3C_20_80-01.txt,4.194,0.250,1.049,1,1.547,147.52,1.547,5.625,0.000
62,ec.gp.GPIndividual@1637639030{-1338454813},3C_20_66-03.txt,118.340,0.250,29.585,2,2.063,6.97,1.031,5.625,0.000
62,ec.gp.GPIndividual@1637639030{-1338454813},3C_20_80-02.txt,35.738,0.250,8.935,5,8.813,98.63,1.763,5.625,0.000
62,ec.gp.GPIndividual@1637639030{-1338454813},3C_20_80-03.txt,169.439,0.250,42.360,2,3.359,7.93,1.680,5.625,0.000
62,ec.gp.GPIndividual@1637639030{-1338454813},3C_20_66-02.txt,154.245,0.250,38.561,1,1.031,2.67,1.031,5.625,0.000
62,ec.gp.GPIndividual@1637639030{-1338454813},3C_20_66-03.txt,118.340,0.250,29.585,6,19.109,64.59,3.185,6.156,0.000
62,ec.gp.GPIndividual@1155484969{-395004478},3C_20_50-02.txt,61.404,0.250,15.351,5,23.516,153.19,4.703,11.859,0.516
62,ec.gp.GPIndividual@1155484969{-395004478},3C_20_66-01.txt,7.322,0.250,1.831,2,2.797,152.79,1.398,11.859,0.516
62,ec.gp.GPIndividual@1155484969{-395004478},3C_20_50-03.txt,30.993,0.250,7.748,3,4.172,53.84,1.391,11.859,0.516
62,ec.gp.GPIndividual@1155484969{-395004478},3C_20_80-01.txt,4.194,0.250,1.049,2,1.719,163.91,0.859,11.859,0.516
62,ec.gp.GPIndividual@1155484969{-395004478},3C_20_66-02.txt,154.245,0.250,38.561,2,2.813,7.29,1.406,11.859,0.344
62,ec.gp.GPIndividual@1155484969{-395004478},3C_20_66-03.txt,118.340,0.250,29.585,2,5.953,20.12,2.977,11.859,0.344
62,ec.gp.GPIndividual@1155484969{-395004478},3C_20_80-01.txt,4.194,0.250,1.049,1,3.109,296.52,3.109,11.859,0.344
62,ec.gp.GPIndividual@1155484969{-395004478},3C_20_66-01.txt,7.322,0.250,1.831,3,3.797,207.42,1.266,11.859,0.344
62,ec.gp.GPIndividual@1155484969{-395004478},3C_20_66-03.txt,118.340,0.250,29.585,1,0.703,2.38,0.703,11.859,0.344
62,ec.gp.GPIndividual@1155484969{-395004478},3C_20_80-02.txt,35.738,0.250,8.935,1,1.328,14.87,1.328,11.859,0.344
62,ec.gp.GPIndividual@1155484969{-395004478},3C_20_80-02.txt,35.738,0.250,8.935,1,11.250,125.92,11.250,11.859,0.344
62,ec.gp.GPIndividual@1155484969{-395004478},3C_20_66-03.txt,118.340,0.250,29.585,1,1.156,3.91,1.156,11.859,0.344
62,ec.gp.GPIndividual@1155484969{-395004478},3C_20_66-02.txt,154.245,0.250,38.561,15,37.500,97.25,2.500,11.859,0.344
62,ec.gp.GPIndividual@1155484969{-395004478},3C_20_66-03.txt,118.340,0.250,29.585,1,1.438,4.86,1.438,11.859,0.344
62,ec.gp.GPIndividual@1155484969{-395004478},3C_20_80-03.txt,169.439,0.250,42.360,9,43.656,103.06,4.851,12.438,0.344
62,ec.gp.GPIndividual@1155484969{-395004478},3C_20_80-01.txt,4.194,0.250,1.049,1,4.484,427.64,4.484,12.438,0.344
62,ec.gp.GPIndividual@1155484969{-395004478},3C_20_80-01.txt,4.194,0.250,1.049,3,9.469,902.97,3.156,12.438,0.344
62,ec.gp.GPIndividual@1540356913{1295570354},3C_20_50-02.txt,61.404,0.250,15.351,1,0.000,0.00,0.000,0.000,0.000
62,ec.gp.GPIndividual@1540356913{1295570354},3C_20_50-03.txt,30.993,0.250,7.748,1,0.000,0.00,0.000,0.000,0.000
62,ec.gp.GPIndividual@1540356913{1295570354},3C_20_66-01.txt,7.322,0.250,1.831,1,0.000,0.00,0.000,0.000,0.000
62,ec.gp.GPIndividual@1540356913{1295570354},3C_20_66-02.txt,154.245,0.250,38.561,1,0.000,0.00,0.000,0.000,0.000
62,ec.gp.GPIndividual@1540356913{1295570354},3C_20_66-03.txt,118.340,0.250,29.585,1,0.000,0.00,0.000,0.000,0.000
62,ec.gp.GPIndividual@1540356913{1295570354},3C_20_80-01.txt,4.194,0.250,1.049,1,0.000,0.00,0.000,0.000,0.000
62,ec.gp.GPIndividual@1540356913{1295570354},3C_20_80-02.txt,35.738,0.250,8.935,1,0.000,0.00,0.000,0.000,0.000
62,ec.gp.GPIndividual@1540356913{1295570354},3C_20_80-03.txt,169.439,0.250,42.360,1,0.000,0.00,0.000,0.000,0.000
62,ec.gp.GPIndividual@2045570162{387060281},3C_20_50-02.txt,61.404,0.250,15.351,3,15.297,99.65,5.099,14.859,0.141
62,ec.gp.GPIndividual@2045570162{387060281},3C_20_80-03.txt,169.439,0.250,42.360,3,27.266,64.37,9.089,15.703,0.141
62,ec.gp.GPIndividual@2045570162{387060281},3C_20_80-01.txt,4.194,0.250,1.049,1,1.172,111.75,1.172,15.703,0.141
62,ec.gp.GPIndividual@2045570162{387060281},3C_20_80-02.txt,35.738,0.250,8.935,2,1.703,19.06,0.852,15.703,0.141
62,ec.gp.GPIndividual@2045570162{387060281},3C_20_80-02.txt,35.738,0.250,8.935,5,8.078,90.41,1.616,15.703,0.141
62,ec.gp.GPIndividual@2045570162{387060281},3C_20_80-03.txt,169.439,0.250,42.360,13,46.469,109.70,3.575,15.703,0.141
62,ec.gp.GPIndividual@2045570162{387060281},3C_20_80-01.txt,4.194,0.250,1.049,3,1.078,102.81,0.359,15.703,0.141
62,ec.gp.GPIndividual@2045570162{387060281},3C_20_80-02.txt,35.738,0.250,8.935,2,6.328,70.83,3.164,15.703,0.141
62,ec.gp.GPIndividual@745769635{-973732377},3C_20_50-02.txt,61.404,0.250,15.351,0,0.000,0.00,0.000,0.000,0.000
62,ec.gp.GPIndividual@745769635{-973732377},3C_20_50-03.txt,30.993,0.250,7.748,0,0.000,0.00,0.000,0.000,0.000
62,ec.gp.GPIndividual@745769635{-973732377},3C_20_66-01.txt,7.322,0.250,1.831,0,0.000,0.00,0.000,0.000,0.000
62,ec.gp.GPIndividual@745769635{-973732377},3C_20_66-02.txt,154.245,0.250,38.561,0,0.000,0.00,0.000,0.000,0.000
62,ec.gp.GPIndividual@745769635{-973732377},3C_20_66-03.txt,118.340,0.250,29.585,0,0.000,0.00,0.000,0.000,0.000
62,ec.gp.GPIndividual@745769635{-973732377},3C_20_80-01.txt,4.194,0.250,1.049,0,0.000,0.00,0.000,0.000,0.000
62,ec.gp.GPIndividual@745769635{-973732377},3C_20_80-02.txt,35.738,0.250,8.935,0,0.000,0.00,0.000,0.000,0.000
62,ec.gp.GPIndividual@745769635{-973732377},3C_20_80-03.txt,169.439,0.250,42.360,2,9.266,21.87,4.633,7.094,2.172
62,ec.gp.GPIndividual@745769635{-973732377},3C_20_80-03.txt,169.439,0.250,42.360,1,2.891,6.82,2.891,7.094,2.172
62,ec.gp.GPIndividual@745769635{-973732377},3C_20_80-02.txt,35.738,0.250,8.935,2,13.000,145.50,6.500,11.766,1.234
62,ec.gp.GPIndividual@805340158{-1603358257},3C_20_50-02.txt,61.404,0.250,15.351,0,0.000,0.00,0.000,0.000,0.000
62,ec.gp.GPIndividual@805340158{-1603358257},3C_20_50-03.txt,30.993,0.250,7.748,0,0.000,0.00,0.000,0.000,0.000
62,ec.gp.GPIndividual@805340158{-1603358257},3C_20_66-01.txt,7.322,0.250,1.831,0,0.000,0.00,0.000,0.000,0.000
62,ec.gp.GPIndividual@805340158{-1603358257},3C_20_66-02.txt,154.245,0.250,38.561,0,0.000,0.00,0.000,0.000,0.000
62,ec.gp.GPIndividual@805340158{-1603358257},3C_20_66-03.txt,118.340,0.250,29.585,0,0.000,0.00,0.000,0.000,0.000
62,ec.gp.GPIndividual@805340158{-1603358257},3C_20_80-01.txt,4.194,0.250,1.049,0,0.000,0.00,0.000,0.000,0.000
62,ec.gp.GPIndividual@805340158{-1603358257},3C_20_80-02.txt,35.738,0.250,8.935,0,0.000,0.00,0.000,0.000,0.000
62,ec.gp.GPIndividual@805340158{-1603358257},3C_20_80-03.txt,169.439,0.250,42.360,0,0.000,0.00,0.000,0.000,0.000
62,ec.gp.GPIndividual@1667359091{1095624010},3C_20_50-02.txt,61.404,0.250,15.351,1,10.641,69.32,10.641,10.641,10.641
62,ec.gp.GPIndividual@1667359091{1095624010},3C_20_50-03.txt,30.993,0.250,7.748,1,0.516,6.65,0.516,10.641,0.516
62,ec.gp.GPIndividual@1667359091{1095624010},3C_20_50-03.txt,30.993,0.250,7.748,3,8.328,107.49,2.776,10.641,0.516
62,ec.gp.GPIndividual@654042492{-2030417925},3C_20_50-02.txt,61.404,0.250,15.351,0,0.000,0.00,0.000,0.000,0.000
62,ec.gp.GPIndividual@654042492{-2030417925},3C_20_50-03.txt,30.993,0.250,7.748,0,0.000,0.00,0.000,0.000,0.000
62,ec.gp.GPIndividual@654042492{-2030417925},3C_20_66-01.txt,7.322,0.250,1.831,0,0.000,0.00,0.000,0.000,0.000
62,ec.gp.GPIndividual@654042492{-2030417925},3C_20_66-02.txt,154.245,0.250,38.561,0,0.000,0.00,0.000,0.000,0.000
62,ec.gp.GPIndividual@654042492{-2030417925},3C_20_66-03.txt,118.340,0.250,29.585,0,0.000,0.00,0.000,0.000,0.000
62,ec.gp.GPIndividual@654042492{-2030417925},3C_20_80-01.txt,4.194,0.250,1.049,0,0.000,0.00,0.000,0.000,0.000
62,ec.gp.GPIndividual@654042492{-2030417925},3C_20_80-02.txt,35.738,0.250,8.935,0,0.000,0.00,0.000,0.000,0.000
62,ec.gp.GPIndividual@654042492{-2030417925},3C_20_80-03.txt,169.439,0.250,42.360,0,0.000,0.00,0.000,0.000,0.000
62,ec.gp.GPIndividual@757436045{198879878},3C_20_50-02.txt,61.404,0.250,15.351,5,9.594,62.50,1.919,3.203,0.359
62,ec.gp.GPIndividual@757436045{198879878},3C_20_66-01.txt,7.322,0.250,1.831,2,1.781,97.31,0.891,3.203,0.344
62,ec.gp.GPIndividual@757436045{198879878},3C_20_80-03.txt,169.439,0.250,42.360,3,4.641,10.96,1.547,3.203,0.344
62,ec.gp.GPIndividual@757436045{198879878},3C_20_66-02.txt,154.245,0.250,38.561,3,12.141,31.48,4.047,6.047,0.344
62,ec.gp.GPIndividual@757436045{198879878},3C_20_66-01.txt,7.322,0.250,1.831,1,2.563,139.99,2.563,6.047,0.344
62,ec.gp.GPIndividual@757436045{198879878},3C_20_66-03.txt,118.340,0.250,29.585,8,21.906,74.05,2.738,6.391,0.344
62,ec.gp.GPIndividual@757436045{198879878},3C_20_80-01.txt,4.194,0.250,1.049,1,0.516,49.17,0.516,6.391,0.344
62,ec.gp.GPIndividual@757436045{198879878},3C_20_80-02.txt,35.738,0.250,8.935,1,2.203,24.66,2.203,6.391,0.344
62,ec.gp.GPIndividual@757436045{198879878},3C_20_80-03.txt,169.439,0.250,42.360,1,6.906,16.30,6.906,6.906,0.344
62,ec.gp.GPIndividual@1990409828{353231141},3C_20_50-02.txt,61.404,0.250,15.351,2,13.422,87.43,6.711,13.078,0.344
62,ec.gp.GPIndividual@1351385680{-60492984},3C_20_50-02.txt,61.404,0.250,15.351,2,6.109,39.80,3.055,5.750,0.359
62,ec.gp.GPIndividual@1351385680{-60492984},3C_20_66-02.txt,154.245,0.250,38.561,3,27.531,71.40,9.177,15.594,0.359
62,ec.gp.GPIndividual@1351385680{-60492984},3C_20_50-03.txt,30.993,0.250,7.748,4,9.734,125.63,2.434,15.594,0.359
62,ec.gp.GPIndividual@1351385680{-60492984},3C_20_50-03.txt,30.993,0.250,7.748,1,6.281,81.07,6.281,15.594,0.359
62,ec.gp.GPIndividual@598186155{-1483568771},3C_20_50-02.txt,61.404,0.250,15.351,11,15.313,99.75,1.392,3.172,0.000
62,ec.gp.GPIndividual@598186155{-1483568771},3C_20_66-01.txt,7.322,0.250,1.831,2,1.750,95.60,0.875,3.172,0.000
62,ec.gp.GPIndividual@598186155{-1483568771},3C_20_66-03.txt,118.340,0.250,29.585,3,6.531,22.08,2.177,4.109,0.000
62,ec.gp.GPIndividual@598186155{-1483568771},3C_20_50-03.txt,30.993,0.250,7.748,3,11.781,152.05,3.927,8.484,0.000
62,ec.gp.GPIndividual@598186155{-1483568771},3C_20_80-03.txt,169.439,0.250,42.360,12,40.172,94.84,3.348,8.484,0.000
62,ec.gp.GPIndividual@598186155{-1483568771},3C_20_80-01.txt,4.194,0.250,1.049,1,3.141,299.50,3.141,8.484,0.000
62,ec.gp.GPIndividual@598186155{-1483568771},3C_20_66-01.txt,7.322,0.250,1.831,1,6.766,369.60,6.766,8.484,0.000
62,ec.gp.GPIndividual@598186155{-1483568771},3C_20_66-01.txt,7.322,0.250,1.831,4,2.734,149.37,0.684,8.484,0.000
62,ec.gp.GPIndividual@598186155{-1483568771},3C_20_80-02.txt,35.738,0.250,8.935,3,12.875,144.10,4.292,8.484,0.000
62,ec.gp.GPIndividual@598186155{-1483568771},3C_20_50-03.txt,30.993,0.250,7.748,4,4.063,52.43,1.016,8.484,0.000
62,ec.gp.GPIndividual@1660324351{952259617},3C_20_50-02.txt,61.404,0.250,15.351,3,3.938,25.65,1.313,2.094,0.484
62,ec.gp.GPIndividual@1660324351{952259617},3C_20_66-02.txt,154.245,0.250,38.561,1,1.375,3.57,1.375,2.094,0.484
62,ec.gp.GPIndividual@1660324351{952259617},3C_20_66-02.txt,154.245,0.250,38.561,14,38.938,100.98,2.781,11.375,0.484
62,ec.gp.GPIndividual@1660324351{952259617},3C_20_66-01.txt,7.322,0.250,1.831,2,1.766,96.45,0.883,11.375,0.172
62,ec.gp.GPIndividual@1660324351{952259617},3C_20_66-03.txt,118.340,0.250,29.585,4,7.031,23.77,1.758,11.375,0.172
62,ec.gp.GPIndividual@1660324351{952259617},3C_20_80-03.txt,169.439,0.250,42.360,5,12.328,29.10,2.466,11.375,0.000
62,ec.gp.GPIndividual@1660324351{952259617},3C_20_66-02.txt,154.245,0.250,38.561,9,34.688,89.95,3.854,11.375,0.000
62,ec.gp.GPIndividual@1660324351{952259617},3C_20_50-03.txt,30.993,0.250,7.748,4,8.469,109.30,2.117,11.375,0.000
62,ec.gp.GPIndividual@1660324351{952259617},3C_20_66-03.txt,118.340,0.250,29.585,1,0.531,1.80,0.531,11.375,0.000
62,ec.gp.GPIndividual@1660324351{952259617},3C_20_66-01.txt,7.322,0.250,1.831,1,8.625,471.17,8.625,11.375,0.000
62,ec.gp.GPIndividual@1749200633{1206519948},3C_20_50-02.txt,61.404,0.250,15.351,10,14.953,97.41,1.495,4.688,0.281
62,ec.gp.GPIndividual@1749200633{1206519948},3C_20_80-03.txt,169.439,0.250,42.360,2,2.031,4.80,1.016,4.688,0.281
62,ec.gp.GPIndividual@1749200633{1206519948},3C_20_80-02.txt,35.738,0.250,8.935,3,6.906,77.30,2.302,4.688,0.281
62,ec.gp.GPIndividual@73637666{-97657603},3C_20_50-02.txt,61.404,0.250,15.351,4,4.266,27.79,1.066,1.781,0.422
62,ec.gp.GPIndividual@73637666{-97657603},3C_20_50-03.txt,30.993,0.250,7.748,3,4.859,62.72,1.620,2.344,0.422
62,ec.gp.GPIndividual@73637666{-97657603},3C_20_80-03.txt,169.439,0.250,42.360,4,8.875,20.95,2.219,4.547,0.422
62,ec.gp.GPIndividual@73637666{-97657603},3C_20_50-03.txt,30.993,0.250,7.748,4,8.000,103.25,2.000,4.547,0.422
62,ec.gp.GPIndividual@73637666{-97657603},3C_20_80-03.txt,169.439,0.250,42.360,3,5.359,12.65,1.786,4.797,0.000
62,ec.gp.GPIndividual@73637666{-97657603},3C_20_66-01.txt,7.322,0.250,1.831,1,3.109,169.86,3.109,4.797,0.000
62,ec.gp.GPIndividual@73637666{-97657603},3C_20_66-01.txt,7.322,0.250,1.831,3,1.766,96.45,0.589,4.797,0.000
62,ec.gp.GPIndividual@73637666{-97657603},3C_20_66-02.txt,154.245,0.250,38.561,1,0.594,1.54,0.594,4.797,0.000
62,ec.gp.GPIndividual@73637666{-97657603},3C_20_66-02.txt,154.245,0.250,38.561,12,33.047,85.70,2.754,14.781,0.000
62,ec.gp.GPIndividual@321726469{888120383},3C_20_50-02.txt,61.404,0.250,15.351,4,19.016,123.87,4.754,15.172,0.281
62,ec.gp.GPIndividual@1441957115{-1483609280},3C_20_50-02.txt,61.404,0.250,15.351,2,8.422,54.86,4.211,8.125,0.297
62,ec.gp.GPIndividual@1441957115{-1483609280},3C_20_66-03.txt,118.340,0.250,29.585,1,12.016,40.61,12.016,12.016,0.297
62,ec.gp.GPIndividual@1402304696{353231141},3C_20_50-02.txt,61.404,0.250,15.351,2,8.938,58.22,4.469,8.672,0.266
62,ec.gp.GPIndividual@1402304696{353231141},3C_20_66-03.txt,118.340,0.250,29.585,11,29.625,100.14,2.693,8.672,0.266
62,ec.gp.GPIndividual@1402304696{353231141},3C_20_80-01.txt,4.194,0.250,1.049,1,2.453,233.94,2.453,8.672,0.266
62,ec.gp.GPIndividual@1402304696{353231141},3C_20_50-03.txt,30.993,0.250,7.748,2,1.766,22.79,0.883,8.672,0.266
62,ec.gp.GPIndividual@1402304696{353231141},3C_20_80-01.txt,4.194,0.250,1.049,4,0.859,81.95,0.215,8.672,0.000
62,ec.gp.GPIndividual@1402304696{353231141},3C_20_80-02.txt,35.738,0.250,8.935,2,6.250,69.95,3.125,8.672,0.000
62,ec.gp.GPIndividual@1402304696{353231141},3C_20_50-03.txt,30.993,0.250,7.748,2,12.281,158.51,6.141,10.922,0.000
62,ec.gp.GPIndividual@1402304696{353231141},3C_20_50-03.txt,30.993,0.250,7.748,5,7.859,101.44,1.572,10.922,0.000
62,ec.gp.GPIndividual@1402304696{353231141},3C_20_80-03.txt,169.439,0.250,42.360,3,3.563,8.41,1.188,10.922,0.000
62,ec.gp.GPIndividual@1402304696{353231141},3C_20_66-01.txt,7.322,0.250,1.831,1,2.641,144.25,2.641,10.922,0.000
62,ec.gp.GPIndividual@1402304696{353231141},3C_20_80-02.txt,35.738,0.250,8.935,5,7.875,88.14,1.575,10.922,0.000
62,ec.gp.GPIndividual@1402304696{353231141},3C_20_80-03.txt,169.439,0.250,42.360,1,2.109,4.98,2.109,10.922,0.000
62,ec.gp.GPIndividual@1402304696{353231141},3C_20_66-01.txt,7.322,0.250,1.831,2,4.563,249.24,2.281,10.922,0.000
62,ec.gp.GPIndividual@1402304696{353231141},3C_20_66-01.txt,7.322,0.250,1.831,4,1.688,92.19,0.422,10.922,0.000
62,ec.gp.GPIndividual@1402304696{353231141},3C_20_66-02.txt,154.245,0.250,38.561,2,1.156,3.00,0.578,10.922,0.000
62,ec.gp.GPIndividual@1402304696{353231141},3C_20_66-02.txt,154.245,0.250,38.561,18,41.891,108.63,2.327,10.922,0.000
62,ec.gp.GPIndividual@113901593{1229953667},3C_20_50-02.txt,61.404,0.250,15.351,1,5.047,32.88,5.047,5.047,5.047
62,ec.gp.GPIndividual@113901593{1229953667},3C_20_66-03.txt,118.340,0.250,29.585,2,5.859,19.81,2.930,5.594,0.266
62,ec.gp.GPIndividual@113901593{1229953667},3C_20_66-03.txt,118.340,0.250,29.585,1,2.063,6.97,2.063,5.594,0.266
62,ec.gp.GPIndividual@113901593{1229953667},3C_20_66-02.txt,154.245,0.250,38.561,2,15.234,39.51,7.617,13.703,0.266
62,ec.gp.GPIndividual@369055262{-2055053130},3C_20_50-02.txt,61.404,0.250,15.351,7,16.172,105.35,2.310,4.813,0.156
62,ec.gp.GPIndividual@369055262{-2055053130},3C_20_80-01.txt,4.194,0.250,1.049,2,2.188,208.61,1.094,4.813,0.156
62,ec.gp.GPIndividual@369055262{-2055053130},3C_20_50-03.txt,30.993,0.250,7.748,4,5.141,66.35,1.285,4.813,0.156
62,ec.gp.GPIndividual@369055262{-2055053130},3C_20_80-01.txt,4.194,0.250,1.049,2,1.453,138.57,0.727,4.813,0.156
62,ec.gp.GPIndividual@369055262{-2055053130},3C_20_80-02.txt,35.738,0.250,8.935,1,0.266,2.97,0.266,4.813,0.156
62,ec.gp.GPIndividual@369055262{-2055053130},3C_20_80-02.txt,35.738,0.250,8.935,2,3.578,40.05,1.789,4.813,0.156
62,ec.gp.GPIndividual@369055262{-2055053130},3C_20_50-03.txt,30.993,0.250,7.748,5,7.781,100.43,1.556,4.813,0.141
62,ec.gp.GPIndividual@369055262{-2055053130},3C_20_66-01.txt,7.322,0.250,1.831,3,2.813,153.64,0.938,4.813,0.141
62,ec.gp.GPIndividual@369055262{-2055053130},3C_20_80-03.txt,169.439,0.250,42.360,2,0.547,1.29,0.273,4.813,0.125
62,ec.gp.GPIndividual@369055262{-2055053130},3C_20_80-03.txt,169.439,0.250,42.360,1,0.719,1.70,0.719,4.813,0.125
62,ec.gp.GPIndividual@369055262{-2055053130},3C_20_66-02.txt,154.245,0.250,38.561,1,2.750,7.13,2.750,4.813,0.125
62,ec.gp.GPIndividual@369055262{-2055053130},3C_20_66-03.txt,118.340,0.250,29.585,11,29.516,99.77,2.683,5.000,0.125
62,ec.gp.GPIndividual@369055262{-2055053130},3C_20_80-01.txt,4.194,0.250,1.049,2,1.422,135.59,0.711,5.000,0.125
62,ec.gp.GPIndividual@369055262{-2055053130},3C_20_66-03.txt,118.340,0.250,29.585,4,11.016,37.23,2.754,5.609,0.125
62,ec.gp.GPIndividual@383028211{-884892991},3C_20_50-02.txt,61.404,0.250,15.351,3,2.547,16.59,0.849,1.188,0.438
62,ec.gp.GPIndividual@383028211{-884892991},3C_20_80-02.txt,35.738,0.250,8.935,1,7.484,83.77,7.484,7.484,0.438
62,ec.gp.GPIndividual@1641673416{763009356},3C_20_50-02.txt,61.404,0.250,15.351,5,15.125,98.53,3.025,10.719,0.219
62,ec.gp.GPIndividual@1641673416{763009356},3C_20_80-01.txt,4.194,0.250,1.049,1,11.438,1090.72,11.438,11.438,0.219
62,ec.gp.GPIndividual@1998970586{1901225173},3C_20_50-02.txt,61.404,0.250,15.351,2,10.250,66.77,5.125,9.938,0.313
62,ec.gp.GPIndividual@1998970586{1901225173},3C_20_66-03.txt,118.340,0.250,29.585,7,12.516,42.30,1.788,9.938,0.313
62,ec.gp.GPIndividual@1998970586{1901225173},3C_20_50-03.txt,30.993,0.250,7.748,5,8.203,105.87,1.641,9.938,0.313
62,ec.gp.GPIndividual@1998970586{1901225173},3C_20_50-03.txt,30.993,0.250,7.748,1,0.453,5.85,0.453,9.938,0.313
62,ec.gp.GPIndividual@1998970586{1901225173},3C_20_80-01.txt,4.194,0.250,1.049,1,1.281,122.18,1.281,9.938,0.313
62,ec.gp.GPIndividual@1998970586{1901225173},3C_20_80-02.txt,35.738,0.250,8.935,8,8.906,99.68,1.113,9.938,0.219
62,ec.gp.GPIndividual@1998970586{1901225173},3C_20_66-01.txt,7.322,0.250,1.831,3,4.078,222.78,1.359,9.938,0.219
62,ec.gp.GPIndividual@1998970586{1901225173},3C_20_66-01.txt,7.322,0.250,1.831,1,0.203,11.10,0.203,9.938,0.203
62,ec.gp.GPIndividual@1998970586{1901225173},3C_20_66-02.txt,154.245,0.250,38.561,1,0.438,1.13,0.438,9.938,0.203
62,ec.gp.GPIndividual@1998970586{1901225173},3C_20_80-03.txt,169.439,0.250,42.360,1,1.359,3.21,1.359,9.938,0.203
62,ec.gp.GPIndividual@1998970586{1901225173},3C_20_80-02.txt,35.738,0.250,8.935,11,8.766,98.11,0.797,9.938,0.203
62,ec.gp.GPIndividual@1998970586{1901225173},3C_20_80-03.txt,169.439,0.250,42.360,2,3.688,8.71,1.844,9.938,0.203
62,ec.gp.GPIndividual@1998970586{1901225173},3C_20_66-03.txt,118.340,0.250,29.585,5,21.563,72.88,4.313,11.516,0.203
62,ec.gp.GPIndividual@1998970586{1901225173},3C_20_66-02.txt,154.245,0.250,38.561,2,11.750,30.47,5.875,11.516,0.203
62,ec.gp.GPIndividual@340905356{1708850346},3C_20_50-02.txt,61.404,0.250,15.351,0,0.000,0.00,0.000,0.000,0.000
62,ec.gp.GPIndividual@340905356{1708850346},3C_20_50-03.txt,30.993,0.250,7.748,0,0.000,0.00,0.000,0.000,0.000
62,ec.gp.GPIndividual@340905356{1708850346},3C_20_66-01.txt,7.322,0.250,1.831,0,0.000,0.00,0.000,0.000,0.000
62,ec.gp.GPIndividual@340905356{1708850346},3C_20_66-02.txt,154.245,0.250,38.561,0,0.000,0.00,0.000,0.000,0.000
62,ec.gp.GPIndividual@340905356{1708850346},3C_20_66-03.txt,118.340,0.250,29.585,0,0.000,0.00,0.000,0.000,0.000
62,ec.gp.GPIndividual@340905356{1708850346},3C_20_80-01.txt,4.194,0.250,1.049,0,0.000,0.00,0.000,0.000,0.000
62,ec.gp.GPIndividual@340905356{1708850346},3C_20_80-02.txt,35.738,0.250,8.935,0,0.000,0.00,0.000,0.000,0.000
62,ec.gp.GPIndividual@340905356{1708850346},3C_20_80-03.txt,169.439,0.250,42.360,0,0.000,0.00,0.000,0.000,0.000
62,ec.gp.GPIndividual@159280392{-1053649027},3C_20_50-02.txt,61.404,0.250,15.351,11,13.094,85.30,1.190,3.313,0.141
62,ec.gp.GPIndividual@159280392{-1053649027},3C_20_80-03.txt,169.439,0.250,42.360,1,2.781,6.57,2.781,3.313,0.141
62,ec.gp.GPIndividual@159280392{-1053649027},3C_20_80-01.txt,4.194,0.250,1.049,1,2.266,216.06,2.266,3.313,0.141
62,ec.gp.GPIndividual@159280392{-1053649027},3C_20_50-03.txt,30.993,0.250,7.748,6,6.703,86.51,1.117,3.313,0.141
62,ec.gp.GPIndividual@1133468780{353231141},3C_20_50-02.txt,61.404,0.250,15.351,11,13.313,86.72,1.210,2.922,0.219
62,ec.gp.GPIndividual@1133468780{353231141},3C_20_66-01.txt,7.322,0.250,1.831,2,3.594,196.32,1.797,3.125,0.219
62,ec.gp.GPIndividual@1133468780{353231141},3C_20_80-02.txt,35.738,0.250,8.935,1,0.547,6.12,0.547,3.125,0.219
62,ec.gp.GPIndividual@1133468780{353231141},3C_20_66-02.txt,154.245,0.250,38.561,1,2.578,6.69,2.578,3.125,0.219
62,ec.gp.GPIndividual@1133468780{353231141},3C_20_50-03.txt,30.993,0.250,7.748,10,7.813,100.83,0.781,3.125,0.219
62,ec.gp.GPIndividual@1133468780{353231141},3C_20_80-03.txt,169.439,0.250,42.360,1,0.266,0.63,0.266,3.125,0.219
62,ec.gp.GPIndividual@1133468780{353231141},3C_20_66-03.txt,118.340,0.250,29.585,6,14.984,50.65,2.497,3.813,0.219
62,ec.gp.GPIndividual@1133468780{353231141},3C_20_66-01.txt,7.322,0.250,1.831,2,1.094,59.75,0.547,3.813,0.219
62,ec.gp.GPIndividual@1133468780{353231141},3C_20_66-02.txt,154.245,0.250,38.561,5,10.438,27.07,2.088,7.406,0.219
62,ec.gp.GPIndividual@1133468780{353231141},3C_20_80-01.txt,4.194,0.250,1.049,2,1.203,114.73,0.602,7.406,0.219
62,ec.gp.GPIndividual@1133468780{353231141},3C_20_66-03.txt,118.340,0.250,29.585,3,11.047,37.34,3.682,10.359,0.219
62,ec.gp.GPIndividual@1715548765{270920393},3C_20_50-02.txt,61.404,0.250,15.351,2,15.000,97.71,7.500,14.906,0.094
62,ec.gp.GPIndividual@1715548765{270920393},3C_20_80-02.txt,35.738,0.250,8.935,9,6.516,72.93,0.724,14.906,0.094
62,ec.gp.GPIndividual@1715548765{270920393},3C_20_50-03.txt,30.993,0.250,7.748,1,1.906,24.60,1.906,14.906,0.094
62,ec.gp.GPIndividual@1715548765{270920393},3C_20_80-03.txt,169.439,0.250,42.360,6,29.828,70.42,4.971,15.875,0.094
62,ec.gp.GPIndividual@2126723896{1845674518},3C_20_50-02.txt,61.404,0.250,15.351,5,6.750,43.97,1.350,5.781,0.031
62,ec.gp.GPIndividual@2126723896{1845674518},3C_20_50-03.txt,30.993,0.250,7.748,6,6.625,85.50,1.104,5.781,0.031
62,ec.gp.GPIndividual@2126723896{1845674518},3C_20_66-01.txt,7.322,0.250,1.831,7,1.453,79.38,0.208,5.781,0.000
62,ec.gp.GPIndividual@2126723896{1845674518},3C_20_66-02.txt,154.245,0.250,38.561,9,28.344,73.50,3.149,10.766,0.000
62,ec.gp.GPIndividual@2126723896{1845674518},3C_20_66-03.txt,118.340,0.250,29.585,5,20.141,68.08,4.028,10.766,0.000
62,ec.gp.GPIndividual@2126723896{1845674518},3C_20_80-01.txt,4.194,0.250,1.049,3,0.672,64.07,0.224,10.766,0.000
62,ec.gp.GPIndividual@2126723896{1845674518},3C_20_80-02.txt,35.738,0.250,8.935,6,4.203,47.04,0.701,10.766,0.000
62,ec.gp.GPIndividual@2126723896{1845674518},3C_20_80-03.txt,169.439,0.250,42.360,2,17.453,41.20,8.727,16.656,0.000
62,ec.gp.GPIndividual@677324337{-123177181},3C_20_50-02.txt,61.404,0.250,15.351,5,6.766,44.07,1.353,5.797,0.031
62,ec.gp.GPIndividual@677324337{-123177181},3C_20_50-03.txt,30.993,0.250,7.748,6,6.672,86.11,1.112,5.797,0.031
62,ec.gp.GPIndividual@677324337{-123177181},3C_20_66-01.txt,7.322,0.250,1.831,7,1.453,79.38,0.208,5.797,0.000
62,ec.gp.GPIndividual@677324337{-123177181},3C_20_66-02.txt,154.245,0.250,38.561,9,28.297,73.38,3.144,10.625,0.000
62,ec.gp.GPIndividual@677324337{-123177181},3C_20_66-03.txt,118.340,0.250,29.585,5,20.141,68.08,4.028,10.625,0.000
62,ec.gp.GPIndividual@677324337{-123177181},3C_20_80-01.txt,4.194,0.250,1.049,3,0.656,62.58,0.219,10.625,0.000
62,ec.gp.GPIndividual@677324337{-123177181},3C_20_80-02.txt,35.738,0.250,8.935,6,4.203,47.04,0.701,10.625,0.000
62,ec.gp.GPIndividual@677324337{-123177181},3C_20_80-03.txt,169.439,0.250,42.360,2,17.406,41.09,8.703,16.656,0.000
63,ec.gp.GPIndividual@224394745{-664524961},3C_20_50-02.txt,61.404,0.250,15.351,0,0.000,0.00,0.000,0.000,0.000
63,ec.gp.GPIndividual@224394745{-664524961},3C_20_50-03.txt,30.993,0.250,7.748,0,0.000,0.00,0.000,0.000,0.000
63,ec.gp.GPIndividual@224394745{-664524961},3C_20_66-01.txt,7.322,0.250,1.831,0,0.000,0.00,0.000,0.000,0.000
63,ec.gp.GPIndividual@224394745{-664524961},3C_20_66-02.txt,154.245,0.250,38.561,0,0.000,0.00,0.000,0.000,0.000
63,ec.gp.GPIndividual@224394745{-664524961},3C_20_66-03.txt,118.340,0.250,29.585,0,0.000,0.00,0.000,0.000,0.000
63,ec.gp.GPIndividual@224394745{-664524961},3C_20_80-01.txt,4.194,0.250,1.049,0,0.000,0.00,0.000,0.000,0.000
63,ec.gp.GPIndividual@224394745{-664524961},3C_20_80-02.txt,35.738,0.250,8.935,0,0.000,0.00,0.000,0.000,0.000
63,ec.gp.GPIndividual@224394745{-664524961},3C_20_80-03.txt,169.439,0.250,42.360,15,26.547,62.67,1.770,4.859,0.375
63,ec.gp.GPIndividual@205316041{-213659550},3C_20_50-02.txt,61.404,0.250,15.351,0,0.000,0.00,0.000,0.000,0.000
63,ec.gp.GPIndividual@205316041{-213659550},3C_20_50-03.txt,30.993,0.250,7.748,0,0.000,0.00,0.000,0.000,0.000
63,ec.gp.GPIndividual@205316041{-213659550},3C_20_66-01.txt,7.322,0.250,1.831,0,0.000,0.00,0.000,0.000,0.000
63,ec.gp.GPIndividual@205316041{-213659550},3C_20_66-02.txt,154.245,0.250,38.561,0,0.000,0.00,0.000,0.000,0.000
63,ec.gp.GPIndividual@205316041{-213659550},3C_20_66-03.txt,118.340,0.250,29.585,0,0.000,0.00,0.000,0.000,0.000
63,ec.gp.GPIndividual@205316041{-213659550},3C_20_80-01.txt,4.194,0.250,1.049,0,0.000,0.00,0.000,0.000,0.000
63,ec.gp.GPIndividual@205316041{-213659550},3C_20_80-02.txt,35.738,0.250,8.935,0,0.000,0.00,0.000,0.000,0.000
63,ec.gp.GPIndividual@205316041{-213659550},3C_20_80-03.txt,169.439,0.250,42.360,0,0.000,0.00,0.000,0.000,0.000
63,ec.gp.GPIndividual@672049932{-417287067},3C_20_50-02.txt,61.404,0.250,15.351,8,17.125,111.56,2.141,3.094,0.469
63,ec.gp.GPIndividual@672049932{-417287067},3C_20_50-03.txt,30.993,0.250,7.748,2,3.234,41.74,1.617,3.094,0.375
63,ec.gp.GPIndividual@672049932{-417287067},3C_20_50-03.txt,30.993,0.250,7.748,1,0.719,9.28,0.719,3.094,0.375
63,ec.gp.GPIndividual@672049932{-417287067},3C_20_50-03.txt,30.993,0.250,7.748,1,2.000,25.81,2.000,3.094,0.375
63,ec.gp.GPIndividual@672049932{-417287067},3C_20_50-03.txt,30.993,0.250,7.748,1,2.063,26.62,2.063,3.094,0.375
63,ec.gp.GPIndividual@672049932{-417287067},3C_20_50-03.txt,30.993,0.250,7.748,3,9.391,121.20,3.130,3.234,0.375
63,ec.gp.GPIndividual@672049932{-417287067},3C_20_66-01.txt,7.322,0.250,1.831,2,3.938,215.10,1.969,3.234,0.375
63,ec.gp.GPIndividual@672049932{-417287067},3C_20_66-01.txt,7.322,0.250,1.831,2,0.484,26.46,0.242,3.234,0.000
63,ec.gp.GPIndividual@672049932{-417287067},3C_20_66-01.txt,7.322,0.250,1.831,5,4.016,219.37,0.803,3.234,0.000
63,ec.gp.GPIndividual@672049932{-417287067},3C_20_50-03.txt,30.993,0.250,7.748,5,7.828,101.03,1.566,3.250,0.000
63,ec.gp.GPIndividual@672049932{-417287067},3C_20_66-01.txt,7.322,0.250,1.831,2,2.344,128.04,1.172,3.250,0.000
63,ec.gp.GPIndividual@672049932{-417287067},3C_20_66-02.txt,154.245,0.250,38.561,2,1.328,3.44,0.664,3.250,0.000
63,ec.gp.GPIndividual@672049932{-417287067},3C_20_66-02.txt,154.245,0.250,38.561,21,38.359,99.48,1.827,4.453,0.000
63,ec.gp.GPIndividual@672049932{-417287067},3C_20_66-03.txt,118.340,0.250,29.585,1,0.875,2.96,0.875,4.453,0.000
63,ec.gp.GPIndividual@672049932{-417287067},3C_20_66-03.txt,118.340,0.250,29.585,3,10.203,34.49,3.401,5.203,0.000
63,ec.gp.GPIndividual@672049932{-417287067},3C_20_66-01.txt,7.322,0.250,1.831,4,1.625,88.77,0.406,5.203,0.000
63,ec.gp.GPIndividual@672049932{-417287067},3C_20_66-02.txt,154.245,0.250,38.561,9,39.813,103.24,4.424,8.063,0.000
63,ec.gp.GPIndividual@672049932{-417287067},3C_20_80-01.txt,4.194,0.250,1.049,2,1.531,146.03,0.766,8.063,0.000
63,ec.gp.GPIndividual@672049932{-417287067},3C_20_80-01.txt,4.194,0.250,1.049,2,3.891,371.02,1.945,8.063,0.000
63,ec.gp.GPIndividual@672049932{-417287067},3C_20_66-01.txt,7.322,0.250,1.831,3,1.984,108.40,0.661,8.063,0.000
63,ec.gp.GPIndividual@672049932{-417287067},3C_20_66-03.txt,118.340,0.250,29.585,3,10.453,35.33,3.484,9.969,0.000
63,ec.gp.GPIndividual@672049932{-417287067},3C_20_66-02.txt,154.245,0.250,38.561,13,27.766,72.00,2.136,12.375,0.000
63,ec.gp.GPIndividual@672049932{-417287067},3C_20_66-02.txt,154.245,0.250,38.561,15,34.203,88.70,2.280,12.375,0.000
63,ec.gp.GPIndividual@672049932{-417287067},3C_20_80-02.txt,35.738,0.250,8.935,5,11.844,132.56,2.369,12.375,0.000
63,ec.gp.GPIndividual@672049932{-417287067},3C_20_80-01.txt,4.194,0.250,1.049,1,0.516,49.17,0.516,12.375,0.000
63,ec.gp.GPIndividual@672049932{-417287067},3C_20_66-03.txt,118.340,0.250,29.585,3,3.922,13.26,1.307,12.375,0.000
63,ec.gp.GPIndividual@672049932{-417287067},3C_20_80-02.txt,35.738,0.250,8.935,1,6.375,71.35,6.375,12.375,0.000
63,ec.gp.GPIndividual@672049932{-417287067},3C_20_66-03.txt,118.340,0.250,29.585,10,32.125,108.59,3.213,13.688,0.000
63,ec.gp.GPIndividual@672049932{-417287067},3C_20_80-01.txt,4.194,0.250,1.049,2,4.234,403.80,2.117,13.688,0.000
63,ec.gp.GPIndividual@672049932{-417287067},3C_20_80-02.txt,35.738,0.250,8.935,5,10.453,117.00,2.091,13.688,0.000
63,ec.gp.GPIndividual@672049932{-417287067},3C_20_80-03.txt,169.439,0.250,42.360,0,0.000,0.00,0.000,13.688,0.000
63,ec.gp.GPIndividual@672049932{-417287067},3C_20_66-02.txt,154.245,0.250,38.561,2,2.141,5.55,1.070,13.688,0.000
63,ec.gp.GPIndividual@672049932{-417287067},3C_20_80-01.txt,4.194,0.250,1.049,1,1.922,183.28,1.922,13.688,0.000
63,ec.gp.GPIndividual@672049932{-417287067},3C_20_80-03.txt,169.439,0.250,42.360,2,1.891,4.46,0.945,13.688,0.000
63,ec.gp.GPIndividual@672049932{-417287067},3C_20_80-02.txt,35.738,0.250,8.935,6,8.953,100.21,1.492,13.688,0.000
63,ec.gp.GPIndividual@672049932{-417287067},3C_20_80-03.txt,169.439,0.250,42.360,2,8.766,20.69,4.383,13.688,0.000
63,ec.gp.GPIndividual@672049932{-417287067},3C_20_80-03.txt,169.439,0.250,42.360,1,1.578,3.73,1.578,13.688,0.000
63,ec.gp.GPIndividual@672049932{-417287067},3C_20_80-02.txt,35.738,0.250,8.935,3,12.922,144.63,4.307,13.688,0.000
63,ec.gp.GPIndividual@1024400350{-1575559642},3C_20_50-02.txt,61.404,0.250,15.351,2,2.500,16.29,1.250,1.422,1.078
63,ec.gp.GPIndividual@312630841{1497440019},3C_20_50-02.txt,61.404,0.250,15.351,8,15.688,102.19,1.961,6.016,0.500
63,ec.gp.GPIndividual@982972367{472655117},3C_20_50-02.txt,61.404,0.250,15.351,7,15.766,102.70,2.252,6.141,0.313
63,ec.gp.GPIndividual@982972367{472655117},3C_20_50-03.txt,30.993,0.250,7.748,2,2.641,34.08,1.320,6.141,0.313
63,ec.gp.GPIndividual@982972367{472655117},3C_20_80-03.txt,169.439,0.250,42.360,2,3.875,9.15,1.938,6.141,0.313
63,ec.gp.GPIndividual@916409603{-350250946},3C_20_50-02.txt,61.404,0.250,15.351,6,16.563,107.89,2.760,5.672,0.516
63,ec.gp.GPIndividual@916409603{-350250946},3C_20_50-03.txt,30.993,0.250,7.748,1,0.328,4.23,0.328,5.672,0.328
63,ec.gp.GPIndividual@916409603{-350250946},3C_20_50-03.txt,30.993,0.250,7.748,1,1.391,17.95,1.391,5.672,0.328
63,ec.gp.GPIndividual@916409603{-350250946},3C_20_66-03.txt,118.340,0.250,29.585,2,2.813,9.51,1.406,5.672,0.328
63,ec.gp.GPIndividual@916409603{-350250946},3C_20_50-03.txt,30.993,0.250,7.748,2,9.938,128.26,4.969,6.234,0.328
63,ec.gp.GPIndividual@916409603{-350250946},3C_20_66-01.txt,7.322,0.250,1.831,1,3.172,173.27,3.172,6.234,0.328
63,ec.gp.GPIndividual@916409603{-350250946},3C_20_66-01.txt,7.322,0.250,1.831,1,0.672,36.70,0.672,6.234,0.328
63,ec.gp.GPIndividual@1511153503{-854591069},3C_20_50-02.txt,61.404,0.250,15.351,10,14.375,93.64,1.438,3.172,0.500
63,ec.gp.GPIndividual@1511153503{-854591069},3C_20_50-03.txt,30.993,0.250,7.748,2,2.109,27.22,1.055,3.172,0.500
63,ec.gp.GPIndividual@1511153503{-854591069},3C_20_66-02.txt,154.245,0.250,38.561,14,38.313,99.35,2.737,5.766,0.359
63,ec.gp.GPIndividual@1511153503{-854591069},3C_20_66-03.txt,118.340,0.250,29.585,1,3.438,11.62,3.438,5.766,0.359
63,ec.gp.GPIndividual@1511153503{-854591069},3C_20_66-01.txt,7.322,0.250,1.831,1,1.063,58.04,1.063,5.766,0.359
63,ec.gp.GPIndividual@1511153503{-854591069},3C_20_66-01.txt,7.322,0.250,1.831,1,7.422,405.45,7.422,7.422,0.359
63,ec.gp.GPIndividual@1511153503{-854591069},3C_20_66-01.txt,7.322,0.250,1.831,4,8.281,452.39,2.070,7.422,0.359
63,ec.gp.GPIndividual@1511153503{-854591069},3C_20_80-01.txt,4.194,0.250,1.049,4,1.531,146.03,0.383,7.422,0.125
63,ec.gp.GPIndividual@1511153503{-854591069},3C_20_66-02.txt,154.245,0.250,38.561,2,0.484,1.26,0.242,7.422,0.000
63,ec.gp.GPIndividual@1511153503{-854591069},3C_20_66-02.txt,154.245,0.250,38.561,6,18.078,46.88,3.013,9.391,0.000
63,ec.gp.GPIndividual@1511153503{-854591069},3C_20_80-02.txt,35.738,0.250,8.935,4,8.734,97.76,2.184,9.391,0.000
63,ec.gp.GPIndividual@1511153503{-854591069},3C_20_80-01.txt,4.194,0.250,1.049,2,2.641,251.82,1.320,9.391,0.000
63,ec.gp.GPIndividual@1511153503{-854591069},3C_20_80-03.txt,169.439,0.250,42.360,10,13.875,32.76,1.388,9.391,0.000
63,ec.gp.GPIndividual@1511153503{-854591069},3C_20_80-02.txt,35.738,0.250,8.935,3,8.875,99.33,2.958,9.391,0.000
63,ec.gp.GPIndividual@1511153503{-854591069},3C_20_80-03.txt,169.439,0.250,42.360,3,26.172,61.78,8.724,15.141,0.000
63,ec.gp.GPIndividual@1511153503{-854591069},3C_20_66-02.txt,154.245,0.250,38.561,3,10.344,26.82,3.448,15.141,0.000
63,ec.gp.GPIndividual@1511153503{-854591069},3C_20_66-03.txt,118.340,0.250,29.585,1,11.906,40.24,11.906,15.141,0.000
63,ec.gp.GPIndividual@1511153503{-854591069},3C_20_66-03.txt,118.340,0.250,29.585,1,12.609,42.62,12.609,15.141,0.000
63,ec.gp.GPIndividual@1511153503{-854591069},3C_20_66-03.txt,118.340,0.250,29.585,1,13.078,44.21,13.078,15.141,0.000
63,ec.gp.GPIndividual@1511153503{-854591069},3C_20_66-02.txt,154.245,0.250,38.561,1,12.563,32.58,12.563,15.141,0.000
63,ec.gp.GPIndividual@1365764578{1813115438},3C_20_50-02.txt,61.404,0.250,15.351,0,0.000,0.00,0.000,0.000,0.000
63,ec.gp.GPIndividual@1365764578{1813115438},3C_20_50-03.txt,30.993,0.250,7.748,0,0.000,0.00,0.000,0.000,0.000
63,ec.gp.GPIndividual@1365764578{1813115438},3C_20_66-01.txt,7.322,0.250,1.831,0,0.000,0.00,0.000,0.000,0.000
63,ec.gp.GPIndividual@1365764578{1813115438},3C_20_66-02.txt,154.245,0.250,38.561,0,0.000,0.00,0.000,0.000,0.000
63,ec.gp.GPIndividual@1365764578{1813115438},3C_20_66-03.txt,118.340,0.250,29.585,0,0.000,0.00,0.000,0.000,0.000
63,ec.gp.GPIndividual@1365764578{1813115438},3C_20_80-01.txt,4.194,0.250,1.049,0,0.000,0.00,0.000,0.000,0.000
63,ec.gp.GPIndividual@1365764578{1813115438},3C_20_80-02.txt,35.738,0.250,8.935,0,0.000,0.00,0.000,0.000,0.000
63,ec.gp.GPIndividual@1365764578{1813115438},3C_20_80-03.txt,169.439,0.250,42.360,0,0.000,0.00,0.000,0.000,0.000
63,ec.gp.GPIndividual@141377050{-1637767780},3C_20_50-02.txt,61.404,0.250,15.351,2,6.703,43.67,3.352,6.203,0.500
63,ec.gp.GPIndividual@141377050{-1637767780},3C_20_80-01.txt,4.194,0.250,1.049,2,6.906,658.60,3.453,6.375,0.500
63,ec.gp.GPIndividual@141377050{-1637767780},3C_20_80-01.txt,4.194,0.250,1.049,2,6.547,624.33,3.273,6.375,0.344
63,ec.gp.GPIndividual@141377050{-1637767780},3C_20_80-01.txt,4.194,0.250,1.049,1,1.797,171.36,1.797,6.375,0.344
63,ec.gp.GPIndividual@141377050{-1637767780},3C_20_50-03.txt,30.993,0.250,7.748,6,6.297,81.27,1.049,6.375,0.344
63,ec.gp.GPIndividual@141377050{-1637767780},3C_20_80-02.txt,35.738,0.250,8.935,3,3.891,43.55,1.297,6.375,0.344
63,ec.gp.GPIndividual@141377050{-1637767780},3C_20_80-02.txt,35.738,0.250,8.935,4,8.422,94.26,2.105,6.375,0.344
63,ec.gp.GPIndividual@141377050{-1637767780},3C_20_80-03.txt,169.439,0.250,42.360,1,12.844,30.32,12.844,12.844,0.344
63,ec.gp.GPIndividual@1396098506{-514145545},3C_20_50-02.txt,61.404,0.250,15.351,2,1.734,11.30,0.867,1.219,0.516
63,ec.gp.GPIndividual@1396098506{-514145545},3C_20_80-02.txt,35.738,0.250,8.935,6,10.047,112.45,1.674,2.078,0.516
63,ec.gp.GPIndividual@1396098506{-514145545},3C_20_66-03.txt,118.340,0.250,29.585,3,1.906,6.44,0.635,2.078,0.000
63,ec.gp.GPIndividual@1396098506{-514145545},3C_20_66-01.txt,7.322,0.250,1.831,1,2.219,121.21,2.219,2.219,0.000
63,ec.gp.GPIndividual@1396098506{-514145545},3C_20_80-03.txt,169.439,0.250,42.360,1,0.969,2.29,0.969,2.219,0.000
63,ec.gp.GPIndividual@1396098506{-514145545},3C_20_80-03.txt,169.439,0.250,42.360,4,10.266,24.23,2.566,5.906,0.000
63,ec.gp.GPIndividual@1539502966{2008171787},3C_20_50-02.txt,61.404,0.250,15.351,1,0.516,3.36,0.516,0.516,0.516
63,ec.gp.GPIndividual@1539502966{2008171787},3C_20_50-03.txt,30.993,0.250,7.748,5,11.609,149.83,2.322,6.219,0.516
63,ec.gp.GPIndividual@1539502966{2008171787},3C_20_80-01.txt,4.194,0.250,1.049,1,1.266,120.69,1.266,6.219,0.516
63,ec.gp.GPIndividual@1539502966{2008171787},3C_20_66-02.txt,154.245,0.250,38.561,8,22.984,59.60,2.873,6.219,0.469
63,ec.gp.GPIndividual@1539502966{2008171787},3C_20_50-03.txt,30.993,0.250,7.748,4,7.828,101.03,1.957,6.219,0.172
63,ec.gp.GPIndividual@1539502966{2008171787},3C_20_66-01.txt,7.322,0.250,1.831,2,1.609,87.92,0.805,6.219,0.156
63,ec.gp.GPIndividual@1539502966{2008171787},3C_20_66-03.txt,118.340,0.250,29.585,1,2.484,8.40,2.484,6.219,0.156
63,ec.gp.GPIndividual@1539502966{2008171787},3C_20_80-02.txt,35.738,0.250,8.935,5,9.078,101.61,1.816,6.219,0.156
63,ec.gp.GPIndividual@1539502966{2008171787},3C_20_66-01.txt,7.322,0.250,1.831,2,1.609,87.92,0.805,6.219,0.156
63,ec.gp.GPIndividual@1539502966{2008171787},3C_20_66-02.txt,154.245,0.250,38.561,1,0.859,2.23,0.859,6.219,0.156
63,ec.gp.GPIndividual@1539502966{2008171787},3C_20_80-03.txt,169.439,0.250,42.360,2,9.766,23.05,4.883,8.922,0.156
63,ec.gp.GPIndividual@1525874108{-218324418},3C_20_50-02.txt,61.404,0.250,15.351,8,15.500,100.97,1.938,5.859,0.516
63,ec.gp.GPIndividual@1525874108{-218324418},3C_20_66-03.txt,118.340,0.250,29.585,2,0.500,1.69,0.250,5.859,0.000
63,ec.gp.GPIndividual@1525874108{-218324418},3C_20_50-03.txt,30.993,0.250,7.748,1,1.563,20.17,1.563,5.859,0.000
63,ec.gp.GPIndividual@1525874108{-218324418},3C_20_66-02.txt,154.245,0.250,38.561,1,13.016,33.75,13.016,13.016,0.000
63,ec.gp.GPIndividual@137328765{-1817672513},3C_20_50-02.txt,61.404,0.250,15.351,1,0.328,2.14,0.328,0.328,0.328
63,ec.gp.GPIndividual@137328765{-1817672513},3C_20_50-03.txt,30.993,0.250,7.748,1,2.203,28.43,2.203,2.203,0.328
63,ec.gp.GPIndividual@137328765{-1817672513},3C_20_80-01.txt,4.194,0.250,1.049,3,6.750,643.70,2.250,5.875,0.328
63,ec.gp.GPIndividual@979528324{1096608486},3C_20_50-02.txt,61.404,0.250,15.351,0,0.000,0.00,0.000,0.000,0.000
63,ec.gp.GPIndividual@979528324{1096608486},3C_20_50-03.txt,30.993,0.250,7.748,0,0.000,0.00,0.000,0.000,0.000
63,ec.gp.GPIndividual@979528324{1096608486},3C_20_66-01.txt,7.322,0.250,1.831,0,0.000,0.00,0.000,0.000,0.000
63,ec.gp.GPIndividual@979528324{1096608486},3C_20_66-02.txt,154.245,0.250,38.561,0,0.000,0.00,0.000,0.000,0.000
63,ec.gp.GPIndividual@979528324{1096608486},3C_20_66-03.txt,118.340,0.250,29.585,0,0.000,0.00,0.000,0.000,0.000
63,ec.gp.GPIndividual@979528324{1096608486},3C_20_80-01.txt,4.194,0.250,1.049,0,0.000,0.00,0.000,0.000,0.000
63,ec.gp.GPIndividual@979528324{1096608486},3C_20_80-02.txt,35.738,0.250,8.935,0,0.000,0.00,0.000,0.000,0.000
63,ec.gp.GPIndividual@979528324{1096608486},3C_20_80-03.txt,169.439,0.250,42.360,0,0.000,0.00,0.000,0.000,0.000
63,ec.gp.GPIndividual@1355425942{285492454},3C_20_50-02.txt,61.404,0.250,15.351,4,6.969,45.40,1.742,3.250,0.313
63,ec.gp.GPIndividual@1355425942{285492454},3C_20_66-01.txt,7.322,0.250,1.831,1,3.109,169.86,3.109,3.250,0.313
63,ec.gp.GPIndividual@1355425942{285492454},3C_20_66-01.txt,7.322,0.250,1.831,2,3.156,172.42,1.578,3.250,0.313
63,ec.gp.GPIndividual@1355425942{285492454},3C_20_66-03.txt,118.340,0.250,29.585,2,0.875,2.96,0.438,3.250,0.109
63,ec.gp.GPIndividual@1355425942{285492454},3C_20_66-02.txt,154.245,0.250,38.561,1,1.469,3.81,1.469,3.250,0.109
63,ec.gp.GPIndividual@1355425942{285492454},3C_20_80-02.txt,35.738,0.250,8.935,1,0.750,8.39,0.750,3.250,0.109
63,ec.gp.GPIndividual@1355425942{285492454},3C_20_66-02.txt,154.245,0.250,38.561,5,14.594,37.85,2.919,5.922,0.109
63,ec.gp.GPIndividual@1355425942{285492454},3C_20_66-03.txt,118.340,0.250,29.585,2,1.922,6.50,0.961,5.922,0.109
63,ec.gp.GPIndividual@1355425942{285492454},3C_20_50-03.txt,30.993,0.250,7.748,5,7.766,100.23,1.553,5.922,0.109
63,ec.gp.GPIndividual@1355425942{285492454},3C_20_80-03.txt,169.439,0.250,42.360,1,0.688,1.62,0.688,5.922,0.109
63,ec.gp.GPIndividual@1355425942{285492454},3C_20_80-01.txt,4.194,0.250,1.049,1,6.125,584.10,6.125,6.125,0.109
63,ec.gp.GPIndividual@1355425942{285492454},3C_20_80-01.txt,4.194,0.250,1.049,2,3.688,351.65,1.844,6.125,0.109
63,ec.gp.GPIndividual@1355425942{285492454},3C_20_66-01.txt,7.322,0.250,1.831,1,1.938,105.84,1.938,6.125,0.109
63,ec.gp.GPIndividual@1355425942{285492454},3C_20_66-03.txt,118.340,0.250,29.585,7,10.500,35.49,1.500,6.125,0.109
63,ec.gp.GPIndividual@1355425942{285492454},3C_20_80-01.txt,4.194,0.250,1.049,1,0.531,50.66,0.531,6.125,0.109
63,ec.gp.GPIndividual@1355425942{285492454},3C_20_80-02.txt,35.738,0.250,8.935,1,1.563,17.49,1.563,6.125,0.109
63,ec.gp.GPIndividual@1355425942{285492454},3C_20_80-02.txt,35.738,0.250,8.935,6,9.063,101.43,1.510,6.125,0.109
63,ec.gp.GPIndividual@1355425942{285492454},3C_20_66-02.txt,154.245,0.250,38.561,1,2.078,5.39,2.078,6.125,0.109
63,ec.gp.GPIndividual@1355425942{285492454},3C_20_80-03.txt,169.439,0.250,42.360,1,0.688,1.62,0.688,6.125,0.109
63,ec.gp.GPIndividual@1355425942{285492454},3C_20_80-01.txt,4.194,0.250,1.049,1,5.859,558.77,5.859,6.125,0.109
63,ec.gp.GPIndividual@834174791{-758708878},3C_20_50-02.txt,61.404,0.250,15.351,2,2.453,15.98,1.227,2.031,0.422
63,ec.gp.GPIndividual@834174791{-758708878},3C_20_80-02.txt,35.738,0.250,8.935,2,2.766,30.95,1.383,2.344,0.422
63,ec.gp.GPIndividual@834174791{-758708878},3C_20_80-02.txt,35.738,0.250,8.935,5,9.438,105.63,1.888,2.563,0.422
63,ec.gp.GPIndividual@834174791{-758708878},3C_20_80-03.txt,169.439,0.250,42.360,2,2.813,6.64,1.406,2.563,0.422
63,ec.gp.GPIndividual@834174791{-758708878},3C_20_80-03.txt,169.439,0.250,42.360,3,4.828,11.40,1.609,2.563,0.422
63,ec.gp.GPIndividual@834174791{-758708878},3C_20_50-03.txt,30.993,0.250,7.748,3,8.938,115.35,2.979,5.891,0.422
63,ec.gp.GPIndividual@302578009{1107748102},3C_20_50-02.txt,61.404,0.250,15.351,7,15.953,103.92,2.279,5.641,0.547
63,ec.gp.GPIndividual@302578009{1107748102},3C_20_66-03.txt,118.340,0.250,29.585,1,0.516,1.74,0.516,5.641,0.516
63,ec.gp.GPIndividual@2102862550{-1497187234},3C_20_50-02.txt,61.404,0.250,15.351,5,14.766,96.19,2.953,6.484,0.484
63,ec.gp.GPIndividual@2102862550{-1497187234},3C_20_66-01.txt,7.322,0.250,1.831,2,1.969,107.55,0.984,6.484,0.156
63,ec.gp.GPIndividual@2102862550{-1497187234},3C_20_50-03.txt,30.993,0.250,7.748,2,3.500,45.17,1.750,6.484,0.156
63,ec.gp.GPIndividual@197994109{697467608},3C_20_50-02.txt,61.404,0.250,15.351,1,1.734,11.30,1.734,1.734,1.734
63,ec.gp.GPIndividual@197994109{697467608},3C_20_50-03.txt,30.993,0.250,7.748,3,7.031,90.75,2.344,5.484,0.500
63,ec.gp.GPIndividual@197994109{697467608},3C_20_80-03.txt,169.439,0.250,42.360,7,16.703,39.43,2.386,6.000,0.359
63,ec.gp.GPIndividual@197994109{697467608},3C_20_50-03.txt,30.993,0.250,7.748,4,6.844,88.33,1.711,6.000,0.359
63,ec.gp.GPIndividual@197994109{697467608},3C_20_80-01.txt,4.194,0.250,1.049,1,3.109,296.52,3.109,6.000,0.359
63,ec.gp.GPIndividual@197994109{697467608},3C_20_66-01.txt,7.322,0.250,1.831,1,4.250,232.17,4.250,6.000,0.359
63,ec.gp.GPIndividual@197994109{697467608},3C_20_66-01.txt,7.322,0.250,1.831,2,2.531,138.28,1.266,6.000,0.359
63,ec.gp.GPIndividual@197994109{697467608},3C_20_66-02.txt,154.245,0.250,38.561,12,23.500,60.94,1.958,6.000,0.359
63,ec.gp.GPIndividual@197994109{697467608},3C_20_80-02.txt,35.738,0.250,8.935,6,8.344,93.39,1.391,6.000,0.359
63,ec.gp.GPIndividual@197994109{697467608},3C_20_66-03.txt,118.340,0.250,29.585,2,2.453,8.29,1.227,6.000,0.359
63,ec.gp.GPIndividual@197994109{697467608},3C_20_80-03.txt,169.439,0.250,42.360,1,2.469,5.83,2.469,6.000,0.359
63,ec.gp.GPIndividual@197994109{697467608},3C_20_66-02.txt,154.245,0.250,38.561,3,20.266,52.55,6.755,10.438,0.359
63,ec.gp.GPIndividual@567645451{1371040668},3C_20_50-02.txt,61.404,0.250,15.351,5,16.438,107.08,3.288,6.516,0.500
63,ec.gp.GPIndividual@927270389{-1817953655},3C_20_50-02.txt,61.404,0.250,15.351,0,0.000,0.00,0.000,0.000,0.000
63,ec.gp.GPIndividual@927270389{-1817953655},3C_20_50-03.txt,30.993,0.250,7.748,0,0.000,0.00,0.000,0.000,0.000
63,ec.gp.GPIndividual@927270389{-1817953655},3C_20_66-01.txt,7.322,0.250,1.831,0,0.000,0.00,0.000,0.000,0.000
63,ec.gp.GPIndividual@927270389{-1817953655},3C_20_66-02.txt,154.245,0.250,38.561,0,0.000,0.00,0.000,0.000,0.000
63,ec.gp.GPIndividual@927270389{-1817953655},3C_20_66-03.txt,118.340,0.250,29.585,0,0.000,0.00,0.000,0.000,0.000
63,ec.gp.GPIndividual@927270389{-1817953655},3C_20_80-01.txt,4.194,0.250,1.049,0,0.000,0.00,0.000,0.000,0.000
63,ec.gp.GPIndividual@927270389{-1817953655},3C_20_80-02.txt,35.738,0.250,8.935,0,0.000,0.00,0.000,0.000,0.000
63,ec.gp.GPIndividual@927270389{-1817953655},3C_20_80-03.txt,169.439,0.250,42.360,0,0.000,0.00,0.000,0.000,0.000
63,ec.gp.GPIndividual@1106556139{1724013551},3C_20_50-02.txt,61.404,0.250,15.351,3,2.547,16.59,0.849,1.609,0.203
63,ec.gp.GPIndividual@1106556139{1724013551},3C_20_66-03.txt,118.340,0.250,29.585,7,20.125,68.02,2.875,10.063,0.203
63,ec.gp.GPIndividual@1106556139{1724013551},3C_20_50-03.txt,30.993,0.250,7.748,1,7.859,101.44,7.859,10.063,0.203
63,ec.gp.GPIndividual@1106556139{1724013551},3C_20_80-01.txt,4.194,0.250,1.049,1,9.484,904.46,9.484,10.063,0.203
63,ec.gp.GPIndividual@1106556139{1724013551},3C_20_80-01.txt,4.194,0.250,1.049,3,1.063,101.32,0.354,10.063,0.063
63,ec.gp.GPIndividual@1106556139{1724013551},3C_20_80-02.txt,35.738,0.250,8.935,5,4.031,45.12,0.806,10.063,0.063
63,ec.gp.GPIndividual@1106556139{1724013551},3C_20_80-02.txt,35.738,0.250,8.935,10,8.297,92.86,0.830,10.063,0.063
63,ec.gp.GPIndividual@1106556139{1724013551},3C_20_80-03.txt,169.439,0.250,42.360,1,0.703,1.66,0.703,10.063,0.063
63,ec.gp.GPIndividual@1106556139{1724013551},3C_20_80-03.txt,169.439,0.250,42.360,2,1.484,3.50,0.742,10.063,0.000
63,ec.gp.GPIndividual@1106556139{1724013551},3C_20_66-01.txt,7.322,0.250,1.831,3,1.359,74.26,0.453,10.063,0.000
63,ec.gp.GPIndividual@1106556139{1724013551},3C_20_66-02.txt,154.245,0.250,38.561,8,21.844,56.65,2.730,13.547,0.000
63,ec.gp.GPIndividual@1591987830{544458862},3C_20_50-02.txt,61.404,0.250,15.351,2,14.750,96.08,7.375,14.563,0.188
63,ec.gp.GPIndividual@540556999{1713135885},3C_20_50-02.txt,61.404,0.250,15.351,0,0.000,0.00,0.000,0.000,0.000
63,ec.gp.GPIndividual@540556999{1713135885},3C_20_50-03.txt,30.993,0.250,7.748,0,0.000,0.00,0.000,0.000,0.000
63,ec.gp.GPIndividual@540556999{1713135885},3C_20_66-01.txt,7.322,0.250,1.831,0,0.000,0.00,0.000,0.000,0.000
63,ec.gp.GPIndividual@540556999{1713135885},3C_20_66-02.txt,154.245,0.250,38.561,0,0.000,0.00,0.000,0.000,0.000
63,ec.gp.GPIndividual@540556999{1713135885},3C_20_66-03.txt,118.340,0.250,29.585,0,0.000,0.00,0.000,0.000,0.000
63,ec.gp.GPIndividual@540556999{1713135885},3C_20_80-01.txt,4.194,0.250,1.049,0,0.000,0.00,0.000,0.000,0.000
63,ec.gp.GPIndividual@540556999{1713135885},3C_20_80-02.txt,35.738,0.250,8.935,0,0.000,0.00,0.000,0.000,0.000
63,ec.gp.GPIndividual@540556999{1713135885},3C_20_80-03.txt,169.439,0.250,42.360,0,0.000,0.00,0.000,0.000,0.000
63,ec.gp.GPIndividual@756915584{-463106564},3C_20_50-02.txt,61.404,0.250,15.351,1,0.172,1.12,0.172,0.172,0.172
63,ec.gp.GPIndividual@756915584{-463106564},3C_20_50-03.txt,30.993,0.250,7.748,2,12.844,165.77,6.422,12.156,0.172
63,ec.gp.GPIndividual@756915584{-463106564},3C_20_66-03.txt,118.340,0.250,29.585,2,2.781,9.40,1.391,12.156,0.172
63,ec.gp.GPIndividual@756915584{-463106564},3C_20_66-01.txt,7.322,0.250,1.831,1,0.375,20.49,0.375,12.156,0.172
63,ec.gp.GPIndividual@756915584{-463106564},3C_20_66-02.txt,154.245,0.250,38.561,3,4.672,12.12,1.557,12.156,0.172
63,ec.gp.GPIndividual@756915584{-463106564},3C_20_66-03.txt,118.340,0.250,29.585,2,3.922,13.26,1.961,12.156,0.172
63,ec.gp.GPIndividual@756915584{-463106564},3C_20_80-01.txt,4.194,0.250,1.049,1,0.438,41.72,0.438,12.156,0.172
63,ec.gp.GPIndividual@756915584{-463106564},3C_20_80-02.txt,35.738,0.250,8.935,1,0.906,10.14,0.906,12.156,0.172
63,ec.gp.GPIndividual@756915584{-463106564},3C_20_80-03.txt,169.439,0.250,42.360,1,2.594,6.12,2.594,12.156,0.172
63,ec.gp.GPIndividual@73438944{1194068447},3C_20_50-02.txt,61.404,0.250,15.351,5,10.250,66.77,2.050,8.250,0.094
63,ec.gp.GPIndividual@73438944{1194068447},3C_20_66-03.txt,118.340,0.250,29.585,3,7.984,26.99,2.661,8.250,0.094
63,ec.gp.GPIndividual@73438944{1194068447},3C_20_50-03.txt,30.993,0.250,7.748,3,5.063,65.34,1.688,8.250,0.094
63,ec.gp.GPIndividual@73438944{1194068447},3C_20_66-01.txt,7.322,0.250,1.831,6,1.594,87.06,0.266,8.250,0.000
63,ec.gp.GPIndividual@73438944{1194068447},3C_20_66-02.txt,154.245,0.250,38.561,6,13.156,34.12,2.193,10.797,0.000
63,ec.gp.GPIndividual@73438944{1194068447},3C_20_80-01.txt,4.194,0.250,1.049,2,0.641,61.09,0.320,10.797,0.000
63,ec.gp.GPIndividual@73438944{1194068447},3C_20_80-02.txt,35.738,0.250,8.935,6,4.922,55.09,0.820,10.797,0.000
63,ec.gp.GPIndividual@73438944{1194068447},3C_20_80-03.txt,169.439,0.250,42.360,4,38.016,89.74,9.504,16.313,0.000
63,ec.gp.GPIndividual@373525074{1505963853},3C_20_50-02.txt,61.404,0.250,15.351,5,10.297,67.08,2.059,8.266,0.063
63,ec.gp.GPIndividual@373525074{1505963853},3C_20_66-03.txt,118.340,0.250,29.585,3,7.984,26.99,2.661,8.266,0.063
63,ec.gp.GPIndividual@373525074{1505963853},3C_20_50-03.txt,30.993,0.250,7.748,3,5.031,64.93,1.677,8.266,0.063
63,ec.gp.GPIndividual@373525074{1505963853},3C_20_66-01.txt,7.322,0.250,1.831,6,1.594,87.06,0.266,8.266,0.000
63,ec.gp.GPIndividual@373525074{1505963853},3C_20_66-02.txt,154.245,0.250,38.561,6,13.109,34.00,2.185,10.844,0.000
63,ec.gp.GPIndividual@373525074{1505963853},3C_20_80-01.txt,4.194,0.250,1.049,2,0.688,65.56,0.344,10.844,0.000
63,ec.gp.GPIndividual@373525074{1505963853},3C_20_80-02.txt,35.738,0.250,8.935,6,4.953,55.44,0.826,10.844,0.000
63,ec.gp.GPIndividual@373525074{1505963853},3C_20_80-03.txt,169.439,0.250,42.360,4,37.875,89.41,9.469,16.328,0.000
63,ec.gp.GPIndividual@1228047565{401178975},3C_20_50-02.txt,61.404,0.250,15.351,5,10.328,67.28,2.066,8.359,0.094
63,ec.gp.GPIndividual@1228047565{401178975},3C_20_66-03.txt,118.340,0.250,29.585,3,8.031,27.15,2.677,8.359,0.094
63,ec.gp.GPIndividual@1228047565{401178975},3C_20_50-03.txt,30.993,0.250,7.748,3,5.016,64.73,1.672,8.359,0.094
63,ec.gp.GPIndividual@1228047565{401178975},3C_20_66-01.txt,7.322,0.250,1.831,6,1.594,87.06,0.266,8.359,0.000
63,ec.gp.GPIndividual@1228047565{401178975},3C_20_66-02.txt,154.245,0.250,38.561,6,13.109,34.00,2.185,10.828,0.000
63,ec.gp.GPIndividual@1228047565{401178975},3C_20_80-01.txt,4.194,0.250,1.049,2,0.641,61.09,0.320,10.828,0.000
63,ec.gp.GPIndividual@1228047565{401178975},3C_20_80-02.txt,35.738,0.250,8.935,6,4.922,55.09,0.820,10.828,0.000
63,ec.gp.GPIndividual@1228047565{401178975},3C_20_80-03.txt,169.439,0.250,42.360,4,37.906,89.49,9.477,16.344,0.000
64,ec.gp.GPIndividual@1577247950{-569885550},3C_20_50-02.txt,61.404,0.250,15.351,0,0.000,0.00,0.000,0.000,0.000
64,ec.gp.GPIndividual@1577247950{-569885550},3C_20_50-03.txt,30.993,0.250,7.748,1,0.000,0.00,0.000,0.000,0.000
64,ec.gp.GPIndividual@1577247950{-569885550},3C_20_66-01.txt,7.322,0.250,1.831,1,0.000,0.00,0.000,0.000,0.000
64,ec.gp.GPIndividual@1577247950{-569885550},3C_20_66-02.txt,154.245,0.250,38.561,1,0.000,0.00,0.000,0.000,0.000
64,ec.gp.GPIndividual@1577247950{-569885550},3C_20_66-03.txt,118.340,0.250,29.585,1,0.000,0.00,0.000,0.000,0.000
64,ec.gp.GPIndividual@1577247950{-569885550},3C_20_80-01.txt,4.194,0.250,1.049,1,0.000,0.00,0.000,0.000,0.000
64,ec.gp.GPIndividual@1577247950{-569885550},3C_20_80-02.txt,35.738,0.250,8.935,1,0.000,0.00,0.000,0.000,0.000
64,ec.gp.GPIndividual@1577247950{-569885550},3C_20_80-03.txt,169.439,0.250,42.360,1,0.000,0.00,0.000,0.000,0.000
64,ec.gp.GPIndividual@1327044410{1437562700},3C_20_50-02.txt,61.404,0.250,15.351,0,0.000,0.00,0.000,0.000,0.000
64,ec.gp.GPIndividual@1327044410{1437562700},3C_20_50-03.txt,30.993,0.250,7.748,0,0.000,0.00,0.000,0.000,0.000
64,ec.gp.GPIndividual@1327044410{1437562700},3C_20_66-01.txt,7.322,0.250,1.831,0,0.000,0.00,0.000,0.000,0.000
64,ec.gp.GPIndividual@1327044410{1437562700},3C_20_66-02.txt,154.245,0.250,38.561,0,0.000,0.00,0.000,0.000,0.000
64,ec.gp.GPIndividual@1327044410{1437562700},3C_20_66-03.txt,118.340,0.250,29.585,0,0.000,0.00,0.000,0.000,0.000
64,ec.gp.GPIndividual@1327044410{1437562700},3C_20_80-01.txt,4.194,0.250,1.049,0,0.000,0.00,0.000,0.000,0.000
64,ec.gp.GPIndividual@1327044410{1437562700},3C_20_80-02.txt,35.738,0.250,8.935,0,0.000,0.00,0.000,0.000,0.000
64,ec.gp.GPIndividual@1327044410{1437562700},3C_20_80-03.txt,169.439,0.250,42.360,0,0.000,0.00,0.000,0.000,0.000
64,ec.gp.GPIndividual@1330536367{1623752485},3C_20_50-02.txt,61.404,0.250,15.351,0,0.000,0.00,0.000,0.000,0.000
64,ec.gp.GPIndividual@1330536367{1623752485},3C_20_50-03.txt,30.993,0.250,7.748,5,1.875,24.20,0.375,0.375,0.375
64,ec.gp.GPIndividual@1330536367{1623752485},3C_20_50-03.txt,30.993,0.250,7.748,6,7.797,100.63,1.299,1.922,0.172
64,ec.gp.GPIndividual@1330536367{1623752485},3C_20_50-03.txt,30.993,0.250,7.748,2,4.359,56.26,2.180,3.281,0.172
64,ec.gp.GPIndividual@1330536367{1623752485},3C_20_66-01.txt,7.322,0.250,1.831,0,0.000,0.00,0.000,3.281,0.172
64,ec.gp.GPIndividual@1330536367{1623752485},3C_20_66-02.txt,154.245,0.250,38.561,0,0.000,0.00,0.000,3.281,0.172
64,ec.gp.GPIndividual@1330536367{1623752485},3C_20_66-03.txt,118.340,0.250,29.585,1,3.141,10.62,3.141,3.281,0.172
64,ec.gp.GPIndividual@1330536367{1623752485},3C_20_66-01.txt,7.322,0.250,1.831,1,1.859,101.57,1.859,3.281,0.172
64,ec.gp.GPIndividual@1330536367{1623752485},3C_20_50-03.txt,30.993,0.250,7.748,1,0.844,10.89,0.844,3.281,0.172
64,ec.gp.GPIndividual@1330536367{1623752485},3C_20_66-02.txt,154.245,0.250,38.561,4,10.547,27.35,2.637,3.281,0.172
64,ec.gp.GPIndividual@1330536367{1623752485},3C_20_66-03.txt,118.340,0.250,29.585,3,9.156,30.95,3.052,3.281,0.172
64,ec.gp.GPIndividual@1330536367{1623752485},3C_20_50-03.txt,30.993,0.250,7.748,1,6.078,78.45,6.078,6.078,0.172
64,ec.gp.GPIndividual@1330536367{1623752485},3C_20_80-01.txt,4.194,0.250,1.049,0,0.000,0.00,0.000,6.078,0.172
64,ec.gp.GPIndividual@1330536367{1623752485},3C_20_80-02.txt,35.738,0.250,8.935,3,9.031,101.08,3.010,6.078,0.172
64,ec.gp.GPIndividual@1330536367{1623752485},3C_20_66-01.txt,7.322,0.250,1.831,1,2.375,129.74,2.375,6.078,0.172
64,ec.gp.GPIndividual@1330536367{1623752485},3C_20_80-03.txt,169.439,0.250,42.360,0,0.000,0.00,0.000,6.078,0.172
64,ec.gp.GPIndividual@302497383{-2008470268},3C_20_50-02.txt,61.404,0.250,15.351,5,12.578,81.94,2.516,6.078,0.469
64,ec.gp.GPIndividual@302497383{-2008470268},3C_20_80-01.txt,4.194,0.250,1.049,1,0.516,49.17,0.516,6.078,0.469
64,ec.gp.GPIndividual@302497383{-2008470268},3C_20_80-02.txt,35.738,0.250,8.935,4,6.609,73.98,1.652,6.078,0.469
64,ec.gp.GPIndividual@302497383{-2008470268},3C_20_80-03.txt,169.439,0.250,42.360,2,4.125,9.74,2.063,6.078,0.000
64,ec.gp.GPIndividual@302497383{-2008470268},3C_20_66-01.txt,7.322,0.250,1.831,1,4.438,242.41,4.438,6.078,0.000
64,ec.gp.GPIndividual@302497383{-2008470268},3C_20_66-01.txt,7.322,0.250,1.831,1,2.359,128.89,2.359,6.078,0.000
64,ec.gp.GPIndividual@302497383{-2008470268},3C_20_50-03.txt,30.993,0.250,7.748,2,10.703,138.14,5.352,9.469,0.000
64,ec.gp.GPIndividual@302497383{-2008470268},3C_20_50-03.txt,30.993,0.250,7.748,6,6.219,80.26,1.036,9.469,0.000
64,ec.gp.GPIndividual@302497383{-2008470268},3C_20_66-02.txt,154.245,0.250,38.561,3,6.578,17.06,2.193,9.469,0.000
64,ec.gp.GPIndividual@302497383{-2008470268},3C_20_66-02.txt,154.245,0.250,38.561,3,10.734,27.84,3.578,9.469,0.000
64,ec.gp.GPIndividual@185928806{226858157},3C_20_50-02.txt,61.404,0.250,15.351,8,15.422,100.46,1.928,4.375,0.344
64,ec.gp.GPIndividual@185928806{226858157},3C_20_66-01.txt,7.322,0.250,1.831,1,4.219,230.46,4.219,4.375,0.344
64,ec.gp.GPIndividual@185928806{226858157},3C_20_66-01.txt,7.322,0.250,1.831,2,2.188,119.50,1.094,4.375,0.344
64,ec.gp.GPIndividual@185928806{226858157},3C_20_66-02.txt,154.245,0.250,38.561,1,0.344,0.89,0.344,4.375,0.344
64,ec.gp.GPIndividual@185928806{226858157},3C_20_66-03.txt,118.340,0.250,29.585,15,30.375,102.67,2.025,5.641,0.344
64,ec.gp.GPIndividual@185928806{226858157},3C_20_80-01.txt,4.194,0.250,1.049,1,3.172,302.48,3.172,5.641,0.344
64,ec.gp.GPIndividual@185928806{226858157},3C_20_50-03.txt,30.993,0.250,7.748,4,7.609,98.21,1.902,5.641,0.344
64,ec.gp.GPIndividual@185928806{226858157},3C_20_66-03.txt,118.340,0.250,29.585,3,6.063,20.49,2.021,5.641,0.344
64,ec.gp.GPIndividual@185928806{226858157},3C_20_80-02.txt,35.738,0.250,8.935,2,11.172,125.04,5.586,7.953,0.344
64,ec.gp.GPIndividual@185928806{226858157},3C_20_66-02.txt,154.245,0.250,38.561,14,42.172,109.36,3.012,9.891,0.344
64,ec.gp.GPIndividual@185928806{226858157},3C_20_80-01.txt,4.194,0.250,1.049,1,0.141,13.41,0.141,9.891,0.141
64,ec.gp.GPIndividual@185928806{226858157},3C_20_66-02.txt,154.245,0.250,38.561,3,12.156,31.52,4.052,10.172,0.141
64,ec.gp.GPIndividual@185928806{226858157},3C_20_66-03.txt,118.340,0.250,29.585,4,9.609,32.48,2.402,10.172,0.141
64,ec.gp.GPIndividual@185928806{226858157},3C_20_80-03.txt,169.439,0.250,42.360,12,43.609,102.95,3.634,10.172,0.141
64,ec.gp.GPIndividual@185928806{226858157},3C_20_80-02.txt,35.738,0.250,8.935,3,6.719,75.20,2.240,10.172,0.141
64,ec.gp.GPIndividual@185928806{226858157},3C_20_80-01.txt,4.194,0.250,1.049,1,5.266,502.15,5.266,10.172,0.141
64,ec.gp.GPIndividual@947890898{1436680561},3C_20_50-02.txt,61.404,0.250,15.351,2,15.203,99.04,7.602,14.688,0.516
64,ec.gp.GPIndividual@947890898{1436680561},3C_20_66-03.txt,118.340,0.250,29.585,2,4.609,15.58,2.305,14.688,0.516
64,ec.gp.GPIndividual@947890898{1436680561},3C_20_66-01.txt,7.322,0.250,1.831,3,2.031,110.96,0.677,14.688,0.469
64,ec.gp.GPIndividual@947890898{1436680561},3C_20_50-03.txt,30.993,0.250,7.748,3,9.031,116.56,3.010,14.688,0.297
64,ec.gp.GPIndividual@947890898{1436680561},3C_20_66-03.txt,118.340,0.250,29.585,12,30.922,104.52,2.577,14.688,0.297
64,ec.gp.GPIndividual@947890898{1436680561},3C_20_80-01.txt,4.194,0.250,1.049,1,1.234,117.71,1.234,14.688,0.297
64,ec.gp.GPIndividual@947890898{1436680561},3C_20_80-02.txt,35.738,0.250,8.935,4,9.734,108.95,2.434,14.688,0.297
64,ec.gp.GPIndividual@947890898{1436680561},3C_20_80-01.txt,4.194,0.250,1.049,1,1.984,189.24,1.984,14.688,0.297
64,ec.gp.GPIndividual@947890898{1436680561},3C_20_80-03.txt,169.439,0.250,42.360,4,6.938,16.38,1.734,14.688,0.297
64,ec.gp.GPIndividual@947890898{1436680561},3C_20_80-02.txt,35.738,0.250,8.935,2,8.516,95.31,4.258,14.688,0.297
64,ec.gp.GPIndividual@947890898{1436680561},3C_20_80-03.txt,169.439,0.250,42.360,13,41.609,98.23,3.201,14.688,0.297
64,ec.gp.GPIndividual@1106906294{1175583190},3C_20_50-02.txt,61.404,0.250,15.351,0,0.000,0.00,0.000,0.000,0.000
64,ec.gp.GPIndividual@1106906294{1175583190},3C_20_50-03.txt,30.993,0.250,7.748,0,0.000,0.00,0.000,0.000,0.000
64,ec.gp.GPIndividual@1106906294{1175583190},3C_20_66-01.txt,7.322,0.250,1.831,0,0.000,0.00,0.000,0.000,0.000
64,ec.gp.GPIndividual@1106906294{1175583190},3C_20_66-02.txt,154.245,0.250,38.561,1,2.953,7.66,2.953,2.953,2.953
64,ec.gp.GPIndividual@1106906294{1175583190},3C_20_80-03.txt,169.439,0.250,42.360,0,0.000,0.00,0.000,2.953,2.953
64,ec.gp.GPIndividual@1106906294{1175583190},3C_20_66-03.txt,118.340,0.250,29.585,0,0.000,0.00,0.000,2.953,2.953
64,ec.gp.GPIndividual@1106906294{1175583190},3C_20_80-01.txt,4.194,0.250,1.049,0,0.000,0.00,0.000,2.953,2.953
64,ec.gp.GPIndividual@1106906294{1175583190},3C_20_80-02.txt,35.738,0.250,8.935,0,0.000,0.00,0.000,2.953,2.953
64,ec.gp.GPIndividual@1106906294{1175583190},3C_20_80-03.txt,169.439,0.250,42.360,0,0.000,0.00,0.000,2.953,2.953
64,ec.gp.GPIndividual@1751480391{-1914728898},3C_20_50-02.txt,61.404,0.250,15.351,0,0.000,0.00,0.000,0.000,0.000
64,ec.gp.GPIndividual@1751480391{-1914728898},3C_20_50-03.txt,30.993,0.250,7.748,0,0.000,0.00,0.000,0.000,0.000
64,ec.gp.GPIndividual@1751480391{-1914728898},3C_20_66-01.txt,7.322,0.250,1.831,0,0.000,0.00,0.000,0.000,0.000
64,ec.gp.GPIndividual@1751480391{-1914728898},3C_20_66-02.txt,154.245,0.250,38.561,0,0.000,0.00,0.000,0.000,0.000
64,ec.gp.GPIndividual@1751480391{-1914728898},3C_20_66-03.txt,118.340,0.250,29.585,0,0.000,0.00,0.000,0.000,0.000
64,ec.gp.GPIndividual@1751480391{-1914728898},3C_20_80-01.txt,4.194,0.250,1.049,0,0.000,0.00,0.000,0.000,0.000
64,ec.gp.GPIndividual@1751480391{-1914728898},3C_20_80-02.txt,35.738,0.250,8.935,0,0.000,0.00,0.000,0.000,0.000
64,ec.gp.GPIndividual@1751480391{-1914728898},3C_20_80-03.txt,169.439,0.250,42.360,0,0.000,0.00,0.000,0.000,0.000
64,ec.gp.GPIndividual@1768584005{2017885464},3C_20_50-02.txt,61.404,0.250,15.351,2,2.406,15.67,1.203,1.922,0.484
64,ec.gp.GPIndividual@1768584005{2017885464},3C_20_80-02.txt,35.738,0.250,8.935,1,6.703,75.02,6.703,6.703,0.484
64,ec.gp.GPIndividual@1768584005{2017885464},3C_20_66-01.txt,7.322,0.250,1.831,1,1.984,108.40,1.984,6.703,0.484
64,ec.gp.GPIndividual@1768584005{2017885464},3C_20_50-03.txt,30.993,0.250,7.748,3,18.734,241.79,6.245,15.516,0.484
64,ec.gp.GPIndividual@1768584005{2017885464},3C_20_66-02.txt,154.245,0.250,38.561,3,14.000,36.31,4.667,15.516,0.484
64,ec.gp.GPIndividual@1277003026{-1577052079},3C_20_50-02.txt,61.404,0.250,15.351,8,15.641,101.89,1.955,5.953,0.172
64,ec.gp.GPIndividual@1277003026{-1577052079},3C_20_66-03.txt,118.340,0.250,29.585,2,2.656,8.98,1.328,5.953,0.172
64,ec.gp.GPIndividual@1277003026{-1577052079},3C_20_80-03.txt,169.439,0.250,42.360,1,1.906,4.50,1.906,5.953,0.172
64,ec.gp.GPIndividual@264666365{519780184},3C_20_50-02.txt,61.404,0.250,15.351,6,12.297,80.10,2.049,4.281,0.500
64,ec.gp.GPIndividual@264666365{519780184},3C_20_50-03.txt,30.993,0.250,7.748,2,8.266,106.68,4.133,5.922,0.500
64,ec.gp.GPIndividual@264666365{519780184},3C_20_50-03.txt,30.993,0.250,7.748,3,9.125,117.77,3.042,5.922,0.500
64,ec.gp.GPIndividual@264666365{519780184},3C_20_66-02.txt,154.245,0.250,38.561,3,10.875,28.20,3.625,6.078,0.500
64,ec.gp.GPIndividual@264666365{519780184},3C_20_66-01.txt,7.322,0.250,1.831,2,4.109,224.49,2.055,6.078,0.500
64,ec.gp.GPIndividual@264666365{519780184},3C_20_66-01.txt,7.322,0.250,1.831,1,2.859,156.20,2.859,6.078,0.500
64,ec.gp.GPIndividual@264666365{519780184},3C_20_80-01.txt,4.194,0.250,1.049,1,2.516,239.90,2.516,6.078,0.500
64,ec.gp.GPIndividual@264666365{519780184},3C_20_66-03.txt,118.340,0.250,29.585,19,29.719,100.45,1.564,6.172,0.172
64,ec.gp.GPIndividual@264666365{519780184},3C_20_80-02.txt,35.738,0.250,8.935,1,1.781,19.94,1.781,6.172,0.172
64,ec.gp.GPIndividual@264666365{519780184},3C_20_80-01.txt,4.194,0.250,1.049,3,1.063,101.32,0.354,6.172,0.172
64,ec.gp.GPIndividual@264666365{519780184},3C_20_80-02.txt,35.738,0.250,8.935,2,9.406,105.28,4.703,7.297,0.172
64,ec.gp.GPIndividual@264666365{519780184},3C_20_80-03.txt,169.439,0.250,42.360,1,4.781,11.29,4.781,7.297,0.172
64,ec.gp.GPIndividual@264666365{519780184},3C_20_66-02.txt,154.245,0.250,38.561,2,17.344,44.98,8.672,13.000,0.172
64,ec.gp.GPIndividual@1470507299{781213232},3C_20_50-02.txt,61.404,0.250,15.351,1,0.781,5.09,0.781,0.781,0.781
64,ec.gp.GPIndividual@1470507299{781213232},3C_20_66-01.txt,7.322,0.250,1.831,2,2.484,135.72,1.242,2.000,0.484
64,ec.gp.GPIndividual@1470507299{781213232},3C_20_80-03.txt,169.439,0.250,42.360,10,15.094,35.63,1.509,2.516,0.484
64,ec.gp.GPIndividual@1470507299{781213232},3C_20_50-03.txt,30.993,0.250,7.748,4,9.703,125.23,2.426,6.141,0.484
64,ec.gp.GPIndividual@1470507299{781213232},3C_20_66-02.txt,154.245,0.250,38.561,0,0.000,0.00,0.000,6.141,0.484
64,ec.gp.GPIndividual@1470507299{781213232},3C_20_66-03.txt,118.340,0.250,29.585,1,0.484,1.64,0.484,6.141,0.484
64,ec.gp.GPIndividual@1782236613{781213232},3C_20_50-02.txt,61.404,0.250,15.351,8,15.000,97.71,1.875,6.031,0.000
64,ec.gp.GPIndividual@1782236613{781213232},3C_20_50-03.txt,30.993,0.250,7.748,2,5.203,67.15,2.602,6.031,0.000
64,ec.gp.GPIndividual@1255123165{1229411803},3C_20_50-02.txt,61.404,0.250,15.351,6,13.750,89.57,2.292,6.094,0.531
64,ec.gp.GPIndividual@1255123165{1229411803},3C_20_66-03.txt,118.340,0.250,29.585,3,17.000,57.46,5.667,13.828,0.000
64,ec.gp.GPIndividual@1255123165{1229411803},3C_20_66-02.txt,154.245,0.250,38.561,6,13.406,34.77,2.234,13.828,0.000
64,ec.gp.GPIndividual@1255123165{1229411803},3C_20_50-03.txt,30.993,0.250,7.748,3,9.266,119.59,3.089,13.828,0.000
64,ec.gp.GPIndividual@1255123165{1229411803},3C_20_80-01.txt,4.194,0.250,1.049,3,1.047,99.83,0.349,13.828,0.000
64,ec.gp.GPIndividual@1255123165{1229411803},3C_20_66-01.txt,7.322,0.250,1.831,2,2.063,112.67,1.031,13.828,0.000
64,ec.gp.GPIndividual@1255123165{1229411803},3C_20_66-03.txt,118.340,0.250,29.585,7,19.313,65.28,2.759,13.828,0.000
64,ec.gp.GPIndividual@1255123165{1229411803},3C_20_66-01.txt,7.322,0.250,1.831,2,3.000,163.89,1.500,13.828,0.000
64,ec.gp.GPIndividual@1255123165{1229411803},3C_20_66-02.txt,154.245,0.250,38.561,1,0.156,0.41,0.156,13.828,0.000
64,ec.gp.GPIndividual@1255123165{1229411803},3C_20_80-02.txt,35.738,0.250,8.935,5,9.453,105.80,1.891,13.828,0.000
64,ec.gp.GPIndividual@1255123165{1229411803},3C_20_80-01.txt,4.194,0.250,1.049,1,5.938,566.22,5.938,13.828,0.000
64,ec.gp.GPIndividual@1255123165{1229411803},3C_20_80-01.txt,4.194,0.250,1.049,1,2.688,256.29,2.688,13.828,0.000
64,ec.gp.GPIndividual@1255123165{1229411803},3C_20_66-03.txt,118.340,0.250,29.585,17,31.063,104.99,1.827,13.828,0.000
64,ec.gp.GPIndividual@1255123165{1229411803},3C_20_80-02.txt,35.738,0.250,8.935,2,7.984,89.37,3.992,13.828,0.000
64,ec.gp.GPIndividual@1255123165{1229411803},3C_20_80-03.txt,169.439,0.250,42.360,2,5.828,13.76,2.914,13.828,0.000
64,ec.gp.GPIndividual@1255123165{1229411803},3C_20_80-01.txt,4.194,0.250,1.049,1,0.969,92.38,0.969,13.828,0.000
64,ec.gp.GPIndividual@1255123165{1229411803},3C_20_66-01.txt,7.322,0.250,1.831,3,1.703,93.04,0.568,13.828,0.000
64,ec.gp.GPIndividual@1255123165{1229411803},3C_20_80-02.txt,35.738,0.250,8.935,4,9.234,103.36,2.309,13.828,0.000
64,ec.gp.GPIndividual@1255123165{1229411803},3C_20_80-03.txt,169.439,0.250,42.360,2,0.828,1.95,0.414,13.828,0.000
64,ec.gp.GPIndividual@1255123165{1229411803},3C_20_80-02.txt,35.738,0.250,8.935,2,2.328,26.06,1.164,13.828,0.000
64,ec.gp.GPIndividual@1255123165{1229411803},3C_20_66-02.txt,154.245,0.250,38.561,5,7.906,20.50,1.581,13.828,0.000
64,ec.gp.GPIndividual@1255123165{1229411803},3C_20_66-02.txt,154.245,0.250,38.561,19,39.000,101.14,2.053,13.828,0.000
64,ec.gp.GPIndividual@1255123165{1229411803},3C_20_66-03.txt,118.340,0.250,29.585,0,0.000,0.00,0.000,13.828,0.000
64,ec.gp.GPIndividual@1255123165{1229411803},3C_20_66-03.txt,118.340,0.250,29.585,1,1.984,6.71,1.984,13.828,0.000
64,ec.gp.GPIndividual@1255123165{1229411803},3C_20_80-03.txt,169.439,0.250,42.360,1,3.359,7.93,3.359,13.828,0.000
64,ec.gp.GPIndividual@1255123165{1229411803},3C_20_80-03.txt,169.439,0.250,42.360,1,7.563,17.85,7.563,13.828,0.000
64,ec.gp.GPIndividual@1262156652{666626709},3C_20_50-02.txt,61.404,0.250,15.351,5,20.859,135.88,4.172,11.750,0.344
64,ec.gp.GPIndividual@1262156652{666626709},3C_20_80-01.txt,4.194,0.250,1.049,2,6.672,636.25,3.336,11.750,0.328
64,ec.gp.GPIndividual@1262156652{666626709},3C_20_80-01.txt,4.194,0.250,1.049,1,6.313,601.98,6.313,11.750,0.328
64,ec.gp.GPIndividual@722121887{-417287067},3C_20_50-02.txt,61.404,0.250,15.351,2,1.781,11.60,0.891,1.328,0.453
64,ec.gp.GPIndividual@1766959823{854071769},3C_20_50-02.txt,61.404,0.250,15.351,1,0.391,2.54,0.391,0.391,0.391
64,ec.gp.GPIndividual@1766959823{854071769},3C_20_50-03.txt,30.993,0.250,7.748,5,7.688,99.22,1.538,6.172,0.156
64,ec.gp.GPIndividual@1790697562{797752272},3C_20_50-02.txt,61.404,0.250,15.351,10,12.203,79.49,1.220,1.969,0.359
64,ec.gp.GPIndividual@1790697562{797752272},3C_20_50-03.txt,30.993,0.250,7.748,2,4.734,61.10,2.367,3.109,0.359
64,ec.gp.GPIndividual@1790697562{797752272},3C_20_80-02.txt,35.738,0.250,8.935,4,9.328,104.41,2.332,3.109,0.359
64,ec.gp.GPIndividual@1790697562{797752272},3C_20_80-02.txt,35.738,0.250,8.935,5,8.313,93.04,1.663,3.203,0.000
64,ec.gp.GPIndividual@1790697562{797752272},3C_20_50-03.txt,30.993,0.250,7.748,3,5.922,76.43,1.974,3.203,0.000
64,ec.gp.GPIndividual@1790697562{797752272},3C_20_80-03.txt,169.439,0.250,42.360,2,3.203,7.56,1.602,3.203,0.000
64,ec.gp.GPIndividual@1790697562{797752272},3C_20_80-03.txt,169.439,0.250,42.360,1,3.172,7.49,3.172,3.203,0.000
64,ec.gp.GPIndividual@1790697562{797752272},3C_20_66-01.txt,7.322,0.250,1.831,1,2.141,116.94,2.141,3.203,0.000
64,ec.gp.GPIndividual@1790697562{797752272},3C_20_50-03.txt,30.993,0.250,7.748,6,7.391,95.39,1.232,3.203,0.000
64,ec.gp.GPIndividual@1790697562{797752272},3C_20_66-01.txt,7.322,0.250,1.831,1,1.078,58.90,1.078,3.203,0.000
64,ec.gp.GPIndividual@1790697562{797752272},3C_20_66-02.txt,154.245,0.250,38.561,16,41.453,107.50,2.591,6.063,0.000
64,ec.gp.GPIndividual@1790697562{797752272},3C_20_66-01.txt,7.322,0.250,1.831,2,0.125,6.83,0.063,6.063,0.000
64,ec.gp.GPIndividual@1790697562{797752272},3C_20_66-02.txt,154.245,0.250,38.561,1,0.609,1.58,0.609,6.063,0.000
64,ec.gp.GPIndividual@1790697562{797752272},3C_20_66-03.txt,118.340,0.250,29.585,2,6.719,22.71,3.359,6.063,0.000
64,ec.gp.GPIndividual@393666015{1073656637},3C_20_50-02.txt,61.404,0.250,15.351,6,17.141,111.66,2.857,9.813,0.328
64,ec.gp.GPIndividual@1429894876{-1619612060},3C_20_50-02.txt,61.404,0.250,15.351,0,0.000,0.00,0.000,0.000,0.000
64,ec.gp.GPIndividual@1429894876{-1619612060},3C_20_50-03.txt,30.993,0.250,7.748,0,0.000,0.00,0.000,0.000,0.000
64,ec.gp.GPIndividual@1429894876{-1619612060},3C_20_66-01.txt,7.322,0.250,1.831,0,0.000,0.00,0.000,0.000,0.000
64,ec.gp.GPIndividual@1429894876{-1619612060},3C_20_66-02.txt,154.245,0.250,38.561,0,0.000,0.00,0.000,0.000,0.000
64,ec.gp.GPIndividual@1429894876{-1619612060},3C_20_66-03.txt,118.340,0.250,29.585,0,0.000,0.00,0.000,0.000,0.000
64,ec.gp.GPIndividual@1429894876{-1619612060},3C_20_80-01.txt,4.194,0.250,1.049,0,0.000,0.00,0.000,0.000,0.000
64,ec.gp.GPIndividual@1429894876{-1619612060},3C_20_80-02.txt,35.738,0.250,8.935,0,0.000,0.00,0.000,0.000,0.000
64,ec.gp.GPIndividual@1429894876{-1619612060},3C_20_80-03.txt,169.439,0.250,42.360,0,0.000,0.00,0.000,0.000,0.000
64,ec.gp.GPIndividual@317627791{-382075802},3C_20_50-02.txt,61.404,0.250,15.351,8,16.547,107.79,2.068,6.063,0.516
64,ec.gp.GPIndividual@317627791{-382075802},3C_20_80-01.txt,4.194,0.250,1.049,1,13.938,1329.13,13.938,13.938,0.516
64,ec.gp.GPIndividual@317627791{-382075802},3C_20_66-01.txt,7.322,0.250,1.831,2,1.938,105.84,0.969,13.938,0.500
64,ec.gp.GPIndividual@317627791{-382075802},3C_20_66-03.txt,118.340,0.250,29.585,7,10.984,37.13,1.569,13.938,0.500
64,ec.gp.GPIndividual@317627791{-382075802},3C_20_80-02.txt,35.738,0.250,8.935,3,6.281,70.30,2.094,13.938,0.500
64,ec.gp.GPIndividual@317627791{-382075802},3C_20_50-03.txt,30.993,0.250,7.748,3,8.906,114.95,2.969,13.938,0.500
64,ec.gp.GPIndividual@317627791{-382075802},3C_20_80-01.txt,4.194,0.250,1.049,2,1.953,186.26,0.977,13.938,0.500
64,ec.gp.GPIndividual@317627791{-382075802},3C_20_80-03.txt,169.439,0.250,42.360,2,3.000,7.08,1.500,13.938,0.344
64,ec.gp.GPIndividual@317627791{-382075802},3C_20_66-02.txt,154.245,0.250,38.561,3,5.688,14.75,1.896,13.938,0.344
64,ec.gp.GPIndividual@317627791{-382075802},3C_20_80-02.txt,35.738,0.250,8.935,2,12.156,136.06,6.078,13.938,0.344
64,ec.gp.GPIndividual@317627791{-382075802},3C_20_66-02.txt,154.245,0.250,38.561,1,10.156,26.34,10.156,13.938,0.344
64,ec.gp.GPIndividual@317627791{-382075802},3C_20_50-03.txt,30.993,0.250,7.748,3,8.141,105.07,2.714,13.938,0.344
64,ec.gp.GPIndividual@317627791{-382075802},3C_20_80-03.txt,169.439,0.250,42.360,14,41.000,96.79,2.929,13.938,0.344
64,ec.gp.GPIndividual@317627791{-382075802},3C_20_66-01.txt,7.322,0.250,1.831,3,1.625,88.77,0.542,13.938,0.172
64,ec.gp.GPIndividual@317627791{-382075802},3C_20_66-02.txt,154.245,0.250,38.561,2,7.625,19.77,3.813,13.938,0.172
64,ec.gp.GPIndividual@317627791{-382075802},3C_20_66-01.txt,7.322,0.250,1.831,1,2.547,139.13,2.547,13.938,0.172
64,ec.gp.GPIndividual@317627791{-382075802},3C_20_66-03.txt,118.340,0.250,29.585,2,6.828,23.08,3.414,13.938,0.172
64,ec.gp.GPIndividual@784215625{-198517812},3C_20_50-02.txt,61.404,0.250,15.351,3,10.578,68.91,3.526,9.031,0.516
64,ec.gp.GPIndividual@784215625{-198517812},3C_20_66-03.txt,118.340,0.250,29.585,3,16.938,57.25,5.646,13.672,0.516
64,ec.gp.GPIndividual@1659306404{878631296},3C_20_50-02.txt,61.404,0.250,15.351,3,15.047,98.02,5.016,13.859,0.297
64,ec.gp.GPIndividual@1659306404{878631296},3C_20_80-01.txt,4.194,0.250,1.049,4,0.875,83.44,0.219,13.859,0.000
64,ec.gp.GPIndividual@1659306404{878631296},3C_20_80-02.txt,35.738,0.250,8.935,4,8.953,100.21,2.238,13.859,0.000
64,ec.gp.GPIndividual@493732985{627476557},3C_20_50-02.txt,61.404,0.250,15.351,1,9.219,60.05,9.219,9.219,9.219
64,ec.gp.GPIndividual@493732985{627476557},3C_20_80-02.txt,35.738,0.250,8.935,4,1.859,20.81,0.465,9.219,0.000
64,ec.gp.GPIndividual@493732985{627476557},3C_20_80-03.txt,169.439,0.250,42.360,13,25.578,60.38,1.968,11.219,0.000
64,ec.gp.GPIndividual@493732985{627476557},3C_20_80-03.txt,169.439,0.250,42.360,1,11.688,27.59,11.688,11.688,0.000
64,ec.gp.GPIndividual@493732985{627476557},3C_20_50-03.txt,30.993,0.250,7.748,1,12.375,159.72,12.375,12.375,0.000
64,ec.gp.GPIndividual@214749974{-1088504382},3C_20_50-02.txt,61.404,0.250,15.351,0,0.000,0.00,0.000,0.000,0.000
64,ec.gp.GPIndividual@214749974{-1088504382},3C_20_50-03.txt,30.993,0.250,7.748,0,0.000,0.00,0.000,0.000,0.000
64,ec.gp.GPIndividual@214749974{-1088504382},3C_20_66-01.txt,7.322,0.250,1.831,0,0.000,0.00,0.000,0.000,0.000
64,ec.gp.GPIndividual@214749974{-1088504382},3C_20_66-02.txt,154.245,0.250,38.561,0,0.000,0.00,0.000,0.000,0.000
64,ec.gp.GPIndividual@214749974{-1088504382},3C_20_66-03.txt,118.340,0.250,29.585,0,0.000,0.00,0.000,0.000,0.000
64,ec.gp.GPIndividual@214749974{-1088504382},3C_20_80-01.txt,4.194,0.250,1.049,0,0.000,0.00,0.000,0.000,0.000
64,ec.gp.GPIndividual@214749974{-1088504382},3C_20_80-02.txt,35.738,0.250,8.935,0,0.000,0.00,0.000,0.000,0.000
64,ec.gp.GPIndividual@214749974{-1088504382},3C_20_80-03.txt,169.439,0.250,42.360,1,11.172,26.37,11.172,11.172,11.172
64,ec.gp.GPIndividual@214749974{-1088504382},3C_20_66-03.txt,118.340,0.250,29.585,1,1.859,6.28,1.859,11.172,1.859
64,ec.gp.GPIndividual@810641382{894788916},3C_20_50-02.txt,61.404,0.250,15.351,0,0.000,0.00,0.000,0.000,0.000
64,ec.gp.GPIndividual@810641382{894788916},3C_20_50-03.txt,30.993,0.250,7.748,0,0.000,0.00,0.000,0.000,0.000
64,ec.gp.GPIndividual@810641382{894788916},3C_20_66-01.txt,7.322,0.250,1.831,0,0.000,0.00,0.000,0.000,0.000
64,ec.gp.GPIndividual@810641382{894788916},3C_20_66-02.txt,154.245,0.250,38.561,0,0.000,0.00,0.000,0.000,0.000
64,ec.gp.GPIndividual@810641382{894788916},3C_20_66-03.txt,118.340,0.250,29.585,0,0.000,0.00,0.000,0.000,0.000
64,ec.gp.GPIndividual@810641382{894788916},3C_20_80-01.txt,4.194,0.250,1.049,0,0.000,0.00,0.000,0.000,0.000
64,ec.gp.GPIndividual@810641382{894788916},3C_20_80-02.txt,35.738,0.250,8.935,0,0.000,0.00,0.000,0.000,0.000
64,ec.gp.GPIndividual@810641382{894788916},3C_20_80-03.txt,169.439,0.250,42.360,0,0.000,0.00,0.000,0.000,0.000
64,ec.gp.GPIndividual@1933639313{1268395920},3C_20_50-02.txt,61.404,0.250,15.351,5,6.734,43.87,1.347,5.750,0.031
64,ec.gp.GPIndividual@1933639313{1268395920},3C_20_50-03.txt,30.993,0.250,7.748,4,4.797,61.91,1.199,5.750,0.031
64,ec.gp.GPIndividual@1933639313{1268395920},3C_20_66-01.txt,7.322,0.250,1.831,7,1.453,79.38,0.208,5.750,0.000
64,ec.gp.GPIndividual@1933639313{1268395920},3C_20_66-02.txt,154.245,0.250,38.561,9,28.313,73.42,3.146,10.734,0.000
64,ec.gp.GPIndividual@1933639313{1268395920},3C_20_66-03.txt,118.340,0.250,29.585,5,20.203,68.29,4.041,10.734,0.000
64,ec.gp.GPIndividual@1933639313{1268395920},3C_20_80-01.txt,4.194,0.250,1.049,3,0.641,61.09,0.214,10.734,0.000
64,ec.gp.GPIndividual@1933639313{1268395920},3C_20_80-02.txt,35.738,0.250,8.935,6,4.219,47.22,0.703,10.734,0.000
64,ec.gp.GPIndividual@1933639313{1268395920},3C_20_80-03.txt,169.439,0.250,42.360,2,17.422,41.13,8.711,16.656,0.000
64,ec.gp.GPIndividual@357117675{-1438021992},3C_20_50-02.txt,61.404,0.250,15.351,5,6.766,44.07,1.353,5.750,0.031
64,ec.gp.GPIndividual@357117675{-1438021992},3C_20_50-03.txt,30.993,0.250,7.748,6,6.625,85.50,1.104,5.750,0.031
64,ec.gp.GPIndividual@357117675{-1438021992},3C_20_66-01.txt,7.322,0.250,1.831,7,1.438,78.53,0.205,5.750,0.000
64,ec.gp.GPIndividual@357117675{-1438021992},3C_20_66-02.txt,154.245,0.250,38.561,9,28.328,73.46,3.148,10.797,0.000
64,ec.gp.GPIndividual@357117675{-1438021992},3C_20_66-03.txt,118.340,0.250,29.585,5,20.172,68.18,4.034,10.797,0.000
64,ec.gp.GPIndividual@357117675{-1438021992},3C_20_80-01.txt,4.194,0.250,1.049,3,0.656,62.58,0.219,10.797,0.000
64,ec.gp.GPIndividual@357117675{-1438021992},3C_20_80-02.txt,35.738,0.250,8.935,6,4.234,47.39,0.706,10.797,0.000
64,ec.gp.GPIndividual@357117675{-1438021992},3C_20_80-03.txt,169.439,0.250,42.360,2,17.438,41.17,8.719,16.656,0.000
65,ec.gp.GPIndividual@1983145603{745487139},3C_20_50-02.txt,61.404,0.250,15.351,0,0.000,0.00,0.000,0.000,0.000
65,ec.gp.GPIndividual@1983145603{745487139},3C_20_50-03.txt,30.993,0.250,7.748,0,0.000,0.00,0.000,0.000,0.000
65,ec.gp.GPIndividual@1983145603{745487139},3C_20_66-01.txt,7.322,0.250,1.831,0,0.000,0.00,0.000,0.000,0.000
65,ec.gp.GPIndividual@1983145603{745487139},3C_20_66-02.txt,154.245,0.250,38.561,0,0.000,0.00,0.000,0.000,0.000
65,ec.gp.GPIndividual@1983145603{745487139},3C_20_66-03.txt,118.340,0.250,29.585,0,0.000,0.00,0.000,0.000,0.000
65,ec.gp.GPIndividual@1983145603{745487139},3C_20_80-01.txt,4.194,0.250,1.049,0,0.000,0.00,0.000,0.000,0.000
65,ec.gp.GPIndividual@1983145603{745487139},3C_20_80-02.txt,35.738,0.250,8.935,0,0.000,0.00,0.000,0.000,0.000
65,ec.gp.GPIndividual@1983145603{745487139},3C_20_80-03.txt,169.439,0.250,42.360,0,0.000,0.00,0.000,0.000,0.000
65,ec.gp.GPIndividual@1515078162{392795966},3C_20_50-02.txt,61.404,0.250,15.351,15,14.891,97.00,0.993,1.922,0.000
65,ec.gp.GPIndividual@1515078162{392795966},3C_20_50-03.txt,30.993,0.250,7.748,1,1.547,19.96,1.547,1.922,0.000
65,ec.gp.GPIndividual@1515078162{392795966},3C_20_50-03.txt,30.993,0.250,7.748,4,9.672,124.83,2.418,2.578,0.000
65,ec.gp.GPIndividual@1515078162{392795966},3C_20_50-03.txt,30.993,0.250,7.748,4,4.031,52.03,1.008,2.578,0.000
65,ec.gp.GPIndividual@1515078162{392795966},3C_20_50-03.txt,30.993,0.250,7.748,3,7.094,91.55,2.365,3.203,0.000
65,ec.gp.GPIndividual@1515078162{392795966},3C_20_66-01.txt,7.322,0.250,1.831,1,2.891,157.91,2.891,3.203,0.000
65,ec.gp.GPIndividual@1515078162{392795966},3C_20_50-03.txt,30.993,0.250,7.748,4,6.563,84.70,1.641,3.203,0.000
65,ec.gp.GPIndividual@1515078162{392795966},3C_20_50-03.txt,30.993,0.250,7.748,4,7.844,101.23,1.961,3.203,0.000
65,ec.gp.GPIndividual@1515078162{392795966},3C_20_66-01.txt,7.322,0.250,1.831,2,4.016,219.37,2.008,3.203,0.000
65,ec.gp.GPIndividual@1515078162{392795966},3C_20_66-01.txt,7.322,0.250,1.831,2,1.703,93.04,0.852,3.203,0.000
65,ec.gp.GPIndividual@1515078162{392795966},3C_20_66-02.txt,154.245,0.250,38.561,2,2.422,6.28,1.211,3.203,0.000
65,ec.gp.GPIndividual@1515078162{392795966},3C_20_66-01.txt,7.322,0.250,1.831,2,1.328,72.55,0.664,3.203,0.000
65,ec.gp.GPIndividual@1515078162{392795966},3C_20_66-01.txt,7.322,0.250,1.831,3,4.344,237.29,1.448,3.203,0.000
65,ec.gp.GPIndividual@1515078162{392795966},3C_20_66-01.txt,7.322,0.250,1.831,3,2.203,120.35,0.734,3.203,0.000
65,ec.gp.GPIndividual@1515078162{392795966},3C_20_66-02.txt,154.245,0.250,38.561,11,13.125,34.04,1.193,3.203,0.000
65,ec.gp.GPIndividual@1515078162{392795966},3C_20_66-02.txt,154.245,0.250,38.561,1,1.422,3.69,1.422,3.203,0.000
65,ec.gp.GPIndividual@1515078162{392795966},3C_20_66-02.txt,154.245,0.250,38.561,3,4.391,11.39,1.464,3.203,0.000
65,ec.gp.GPIndividual@1515078162{392795966},3C_20_66-02.txt,154.245,0.250,38.561,25,38.109,98.83,1.524,3.203,0.000
65,ec.gp.GPIndividual@1515078162{392795966},3C_20_66-03.txt,118.340,0.250,29.585,1,1.078,3.64,1.078,3.203,0.000
65,ec.gp.GPIndividual@1515078162{392795966},3C_20_66-03.txt,118.340,0.250,29.585,1,1.609,5.44,1.609,3.203,0.000
65,ec.gp.GPIndividual@1515078162{392795966},3C_20_66-03.txt,118.340,0.250,29.585,1,5.672,19.17,5.672,5.672,0.000
65,ec.gp.GPIndividual@1515078162{392795966},3C_20_66-03.txt,118.340,0.250,29.585,1,6.563,22.18,6.563,6.563,0.000
65,ec.gp.GPIndividual@1515078162{392795966},3C_20_66-03.txt,118.340,0.250,29.585,4,29.891,101.03,7.473,11.234,0.000
65,ec.gp.GPIndividual@1515078162{392795966},3C_20_80-01.txt,4.194,0.250,1.049,2,7.219,688.40,3.609,11.234,0.000
65,ec.gp.GPIndividual@1515078162{392795966},3C_20_80-01.txt,4.194,0.250,1.049,3,1.219,116.22,0.406,11.234,0.000
65,ec.gp.GPIndividual@1515078162{392795966},3C_20_80-02.txt,35.738,0.250,8.935,2,2.609,29.21,1.305,11.234,0.000
65,ec.gp.GPIndividual@1515078162{392795966},3C_20_80-01.txt,4.194,0.250,1.049,1,7.031,670.52,7.031,11.234,0.000
65,ec.gp.GPIndividual@1515078162{392795966},3C_20_80-01.txt,4.194,0.250,1.049,3,1.141,108.77,0.380,11.234,0.000
65,ec.gp.GPIndividual@1515078162{392795966},3C_20_80-02.txt,35.738,0.250,8.935,6,9.016,100.91,1.503,11.234,0.000
65,ec.gp.GPIndividual@1515078162{392795966},3C_20_80-03.txt,169.439,0.250,42.360,2,3.047,7.19,1.523,11.234,0.000
65,ec.gp.GPIndividual@1515078162{392795966},3C_20_80-03.txt,169.439,0.250,42.360,2,3.047,7.19,1.523,11.234,0.000
65,ec.gp.GPIndividual@1515078162{392795966},3C_20_80-01.txt,4.194,0.250,1.049,1,2.078,198.18,2.078,11.234,0.000
65,ec.gp.GPIndividual@1515078162{392795966},3C_20_80-03.txt,169.439,0.250,42.360,2,8.156,19.25,4.078,11.234,0.000
65,ec.gp.GPIndividual@1515078162{392795966},3C_20_80-02.txt,35.738,0.250,8.935,4,3.828,42.85,0.957,11.234,0.000
65,ec.gp.GPIndividual@1515078162{392795966},3C_20_66-02.txt,154.245,0.250,38.561,18,38.641,100.21,2.147,11.234,0.000
65,ec.gp.GPIndividual@1515078162{392795966},3C_20_66-03.txt,118.340,0.250,29.585,1,0.688,2.32,0.688,11.234,0.000
65,ec.gp.GPIndividual@1515078162{392795966},3C_20_80-03.txt,169.439,0.250,42.360,1,1.391,3.28,1.391,11.234,0.000
65,ec.gp.GPIndividual@1515078162{392795966},3C_20_80-02.txt,35.738,0.250,8.935,1,4.656,52.12,4.656,11.234,0.000
65,ec.gp.GPIndividual@1515078162{392795966},3C_20_80-03.txt,169.439,0.250,42.360,1,5.000,11.80,5.000,11.234,0.000
65,ec.gp.GPIndividual@812674606{1897624933},3C_20_50-02.txt,61.404,0.250,15.351,3,10.297,67.08,3.432,7.828,0.313
65,ec.gp.GPIndividual@1500449444{1136498803},3C_20_50-02.txt,61.404,0.250,15.351,6,17.344,112.98,2.891,6.250,0.469
65,ec.gp.GPIndividual@2098898604{-1304167657},3C_20_50-02.txt,61.404,0.250,15.351,6,13.313,86.72,2.219,5.828,0.484
65,ec.gp.GPIndividual@2098898604{-1304167657},3C_20_80-01.txt,4.194,0.250,1.049,2,2.266,216.06,1.133,5.828,0.484
65,ec.gp.GPIndividual@2098898604{-1304167657},3C_20_50-03.txt,30.993,0.250,7.748,2,1.172,15.12,0.586,5.828,0.328
65,ec.gp.GPIndividual@1196283219{781213232},3C_20_50-02.txt,61.404,0.250,15.351,7,12.844,83.67,1.835,3.094,0.500
65,ec.gp.GPIndividual@1196283219{781213232},3C_20_80-02.txt,35.738,0.250,8.935,3,9.156,102.48,3.052,3.141,0.500
65,ec.gp.GPIndividual@1196283219{781213232},3C_20_50-03.txt,30.993,0.250,7.748,3,7.203,92.97,2.401,4.234,0.500
65,ec.gp.GPIndividual@1196283219{781213232},3C_20_80-03.txt,169.439,0.250,42.360,3,6.734,15.90,2.245,4.234,0.500
65,ec.gp.GPIndividual@1196283219{781213232},3C_20_50-03.txt,30.993,0.250,7.748,3,3.766,48.60,1.255,4.234,0.000
65,ec.gp.GPIndividual@1196283219{781213232},3C_20_50-03.txt,30.993,0.250,7.748,4,7.969,102.85,1.992,4.234,0.000
65,ec.gp.GPIndividual@1196283219{781213232},3C_20_80-03.txt,169.439,0.250,42.360,11,39.688,93.69,3.608,6.359,0.000
65,ec.gp.GPIndividual@993754339{-586536300},3C_20_50-02.txt,61.404,0.250,15.351,4,12.781,83.26,3.195,6.031,0.531
65,ec.gp.GPIndividual@993754339{-586536300},3C_20_66-01.txt,7.322,0.250,1.831,1,10.094,551.41,10.094,10.094,0.531
65,ec.gp.GPIndividual@1614569287{-170186634},3C_20_50-02.txt,61.404,0.250,15.351,7,18.188,118.48,2.598,7.422,0.500
65,ec.gp.GPIndividual@1614569287{-170186634},3C_20_66-01.txt,7.322,0.250,1.831,2,2.125,116.09,1.063,7.422,0.500
65,ec.gp.GPIndividual@1614569287{-170186634},3C_20_66-02.txt,154.245,0.250,38.561,4,3.125,8.10,0.781,7.422,0.000
65,ec.gp.GPIndividual@1614569287{-170186634},3C_20_50-03.txt,30.993,0.250,7.748,1,15.141,195.41,15.141,15.141,0.000
65,ec.gp.GPIndividual@1614569287{-170186634},3C_20_66-01.txt,7.322,0.250,1.831,1,2.781,151.94,2.781,15.141,0.000
65,ec.gp.GPIndividual@1614569287{-170186634},3C_20_66-01.txt,7.322,0.250,1.831,4,3.031,165.59,0.758,15.141,0.000
65,ec.gp.GPIndividual@1614569287{-170186634},3C_20_66-02.txt,154.245,0.250,38.561,1,0.328,0.85,0.328,15.141,0.000
65,ec.gp.GPIndividual@1614569287{-170186634},3C_20_66-02.txt,154.245,0.250,38.561,2,3.609,9.36,1.805,15.141,0.000
65,ec.gp.GPIndividual@1614569287{-170186634},3C_20_66-02.txt,154.245,0.250,38.561,11,21.422,55.55,1.947,15.141,0.000
65,ec.gp.GPIndividual@1614569287{-170186634},3C_20_66-03.txt,118.340,0.250,29.585,9,21.328,72.09,2.370,15.141,0.000
65,ec.gp.GPIndividual@1614569287{-170186634},3C_20_80-01.txt,4.194,0.250,1.049,3,1.078,102.81,0.359,15.141,0.000
65,ec.gp.GPIndividual@1614569287{-170186634},3C_20_80-02.txt,35.738,0.250,8.935,2,8.219,91.99,4.109,15.141,0.000
65,ec.gp.GPIndividual@1614569287{-170186634},3C_20_66-01.txt,7.322,0.250,1.831,1,5.844,319.24,5.844,15.141,0.000
65,ec.gp.GPIndividual@1614569287{-170186634},3C_20_66-03.txt,118.340,0.250,29.585,1,2.156,7.29,2.156,15.141,0.000
65,ec.gp.GPIndividual@1614569287{-170186634},3C_20_80-03.txt,169.439,0.250,42.360,2,15.047,35.52,7.523,15.141,0.000
65,ec.gp.GPIndividual@1614569287{-170186634},3C_20_66-03.txt,118.340,0.250,29.585,2,15.141,51.18,7.570,15.141,0.000
65,ec.gp.GPIndividual@1614569287{-170186634},3C_20_50-03.txt,30.993,0.250,7.748,6,8.172,105.47,1.362,15.141,0.000
65,ec.gp.GPIndividual@1614569287{-170186634},3C_20_66-01.txt,7.322,0.250,1.831,2,0.344,18.78,0.172,15.141,0.000
65,ec.gp.GPIndividual@1614569287{-170186634},3C_20_66-02.txt,154.245,0.250,38.561,3,13.141,34.08,4.380,15.141,0.000
65,ec.gp.GPIndividual@63589340{-555684376},3C_20_50-02.txt,61.404,0.250,15.351,8,15.922,103.72,1.990,6.234,0.531
65,ec.gp.GPIndividual@63589340{-555684376},3C_20_66-03.txt,118.340,0.250,29.585,3,5.344,18.06,1.781,6.234,0.484
65,ec.gp.GPIndividual@63589340{-555684376},3C_20_66-02.txt,154.245,0.250,38.561,1,0.531,1.38,0.531,6.234,0.484
65,ec.gp.GPIndividual@63589340{-555684376},3C_20_50-03.txt,30.993,0.250,7.748,1,3.500,45.17,3.500,6.234,0.484
65,ec.gp.GPIndividual@63589340{-555684376},3C_20_80-01.txt,4.194,0.250,1.049,3,1.063,101.32,0.354,6.234,0.172
65,ec.gp.GPIndividual@63589340{-555684376},3C_20_80-02.txt,35.738,0.250,8.935,4,9.406,105.28,2.352,6.234,0.172
65,ec.gp.GPIndividual@63589340{-555684376},3C_20_80-03.txt,169.439,0.250,42.360,1,0.891,2.10,0.891,6.234,0.172
65,ec.gp.GPIndividual@63589340{-555684376},3C_20_66-03.txt,118.340,0.250,29.585,4,25.297,85.51,6.324,14.375,0.172
65,ec.gp.GPIndividual@63589340{-555684376},3C_20_80-01.txt,4.194,0.250,1.049,2,5.094,485.76,2.547,14.375,0.172
65,ec.gp.GPIndividual@63589340{-555684376},3C_20_66-01.txt,7.322,0.250,1.831,2,6.313,344.84,3.156,14.375,0.172
65,ec.gp.GPIndividual@186990993{-2039765920},3C_20_50-02.txt,61.404,0.250,15.351,1,10.578,68.91,10.578,10.578,10.578
65,ec.gp.GPIndividual@186990993{-2039765920},3C_20_80-01.txt,4.194,0.250,1.049,2,0.672,64.07,0.336,10.578,0.000
65,ec.gp.GPIndividual@186990993{-2039765920},3C_20_80-02.txt,35.738,0.250,8.935,5,13.875,155.30,2.775,10.578,0.000
65,ec.gp.GPIndividual@186990993{-2039765920},3C_20_66-03.txt,118.340,0.250,29.585,3,2.406,8.13,0.802,10.578,0.000
65,ec.gp.GPIndividual@186990993{-2039765920},3C_20_80-01.txt,4.194,0.250,1.049,2,2.156,205.63,1.078,10.578,0.000
65,ec.gp.GPIndividual@186990993{-2039765920},3C_20_50-03.txt,30.993,0.250,7.748,7,7.563,97.60,1.080,10.578,0.000
65,ec.gp.GPIndividual@186990993{-2039765920},3C_20_80-03.txt,169.439,0.250,42.360,1,1.422,3.36,1.422,10.578,0.000
65,ec.gp.GPIndividual@186990993{-2039765920},3C_20_80-02.txt,35.738,0.250,8.935,1,1.219,13.64,1.219,10.578,0.000
65,ec.gp.GPIndividual@186990993{-2039765920},3C_20_66-02.txt,154.245,0.250,38.561,1,0.813,2.11,0.813,10.578,0.000
65,ec.gp.GPIndividual@186990993{-2039765920},3C_20_80-02.txt,35.738,0.250,8.935,4,9.406,105.28,2.352,10.578,0.000
65,ec.gp.GPIndividual@186990993{-2039765920},3C_20_80-03.txt,169.439,0.250,42.360,5,11.734,27.70,2.347,10.578,0.000
65,ec.gp.GPIndividual@186990993{-2039765920},3C_20_66-03.txt,118.340,0.250,29.585,8,26.688,90.21,3.336,10.578,0.000
65,ec.gp.GPIndividual@32624794{-1713904478},3C_20_50-02.txt,61.404,0.250,15.351,0,0.000,0.00,0.000,0.000,0.000
65,ec.gp.GPIndividual@32624794{-1713904478},3C_20_50-03.txt,30.993,0.250,7.748,2,7.078,91.35,3.539,6.359,0.719
65,ec.gp.GPIndividual@32624794{-1713904478},3C_20_80-01.txt,4.194,0.250,1.049,4,1.219,116.22,0.305,6.359,0.172
65,ec.gp.GPIndividual@32624794{-1713904478},3C_20_80-02.txt,35.738,0.250,8.935,1,4.656,52.12,4.656,6.359,0.172
65,ec.gp.GPIndividual@32624794{-1713904478},3C_20_80-03.txt,169.439,0.250,42.360,1,5.313,12.54,5.313,6.359,0.172
65,ec.gp.GPIndividual@32624794{-1713904478},3C_20_66-01.txt,7.322,0.250,1.831,1,7.156,390.94,7.156,7.156,0.172
65,ec.gp.GPIndividual@32624794{-1713904478},3C_20_80-01.txt,4.194,0.250,1.049,2,3.797,362.08,1.898,7.156,0.172
65,ec.gp.GPIndividual@32624794{-1713904478},3C_20_66-01.txt,7.322,0.250,1.831,0,0.000,0.00,0.000,7.156,0.172
65,ec.gp.GPIndividual@32624794{-1713904478},3C_20_66-02.txt,154.245,0.250,38.561,0,0.000,0.00,0.000,7.156,0.172
65,ec.gp.GPIndividual@32624794{-1713904478},3C_20_66-03.txt,118.340,0.250,29.585,3,10.219,34.54,3.406,9.063,0.172
65,ec.gp.GPIndividual@1714837770{1401370962},3C_20_50-02.txt,61.404,0.250,15.351,10,15.750,102.60,1.575,3.641,0.500
65,ec.gp.GPIndividual@1714837770{1401370962},3C_20_80-01.txt,4.194,0.250,1.049,0,0.000,0.00,0.000,3.641,0.500
65,ec.gp.GPIndividual@1714837770{1401370962},3C_20_80-02.txt,35.738,0.250,8.935,0,0.000,0.00,0.000,3.641,0.500
65,ec.gp.GPIndividual@1714837770{1401370962},3C_20_80-03.txt,169.439,0.250,42.360,0,0.000,0.00,0.000,3.641,0.500
65,ec.gp.GPIndividual@1695679929{1966310265},3C_20_50-02.txt,61.404,0.250,15.351,4,8.984,58.53,2.246,5.797,0.469
65,ec.gp.GPIndividual@1695679929{1966310265},3C_20_80-03.txt,169.439,0.250,42.360,5,10.781,25.45,2.156,5.797,0.469
65,ec.gp.GPIndividual@864886621{781213232},3C_20_50-02.txt,61.404,0.250,15.351,7,19.531,127.23,2.790,6.078,0.531
65,ec.gp.GPIndividual@1509589024{-17445832},3C_20_50-02.txt,61.404,0.250,15.351,1,0.000,0.00,0.000,0.000,0.000
65,ec.gp.GPIndividual@1509589024{-17445832},3C_20_50-03.txt,30.993,0.250,7.748,1,0.000,0.00,0.000,0.000,0.000
65,ec.gp.GPIndividual@1509589024{-17445832},3C_20_66-01.txt,7.322,0.250,1.831,1,0.000,0.00,0.000,0.000,0.000
65,ec.gp.GPIndividual@1509589024{-17445832},3C_20_66-02.txt,154.245,0.250,38.561,1,0.000,0.00,0.000,0.000,0.000
65,ec.gp.GPIndividual@1509589024{-17445832},3C_20_66-03.txt,118.340,0.250,29.585,1,0.000,0.00,0.000,0.000,0.000
65,ec.gp.GPIndividual@1509589024{-17445832},3C_20_80-01.txt,4.194,0.250,1.049,1,0.000,0.00,0.000,0.000,0.000
65,ec.gp.GPIndividual@1509589024{-17445832},3C_20_80-02.txt,35.738,0.250,8.935,1,0.000,0.00,0.000,0.000,0.000
65,ec.gp.GPIndividual@1509589024{-17445832},3C_20_80-03.txt,169.439,0.250,42.360,1,0.000,0.00,0.000,0.000,0.000
65,ec.gp.GPIndividual@178672634{-1772794970},3C_20_50-02.txt,61.404,0.250,15.351,5,10.750,70.03,2.150,4.953,0.500
65,ec.gp.GPIndividual@178672634{-1772794970},3C_20_50-03.txt,30.993,0.250,7.748,4,7.438,95.99,1.859,4.953,0.344
65,ec.gp.GPIndividual@178672634{-1772794970},3C_20_50-03.txt,30.993,0.250,7.748,3,7.813,100.83,2.604,4.953,0.344
65,ec.gp.GPIndividual@178672634{-1772794970},3C_20_50-03.txt,30.993,0.250,7.748,4,6.750,87.12,1.688,4.953,0.000
65,ec.gp.GPIndividual@178672634{-1772794970},3C_20_50-03.txt,30.993,0.250,7.748,4,9.484,122.41,2.371,4.953,0.000
65,ec.gp.GPIndividual@178672634{-1772794970},3C_20_66-01.txt,7.322,0.250,1.831,3,1.766,96.45,0.589,4.953,0.000
65,ec.gp.GPIndividual@178672634{-1772794970},3C_20_66-01.txt,7.322,0.250,1.831,1,1.938,105.84,1.938,4.953,0.000
65,ec.gp.GPIndividual@178672634{-1772794970},3C_20_66-01.txt,7.322,0.250,1.831,1,0.484,26.46,0.484,4.953,0.000
65,ec.gp.GPIndividual@178672634{-1772794970},3C_20_80-02.txt,35.738,0.250,8.935,2,15.656,175.23,7.828,14.844,0.000
65,ec.gp.GPIndividual@178672634{-1772794970},3C_20_66-02.txt,154.245,0.250,38.561,26,40.703,105.55,1.566,14.844,0.000
65,ec.gp.GPIndividual@178672634{-1772794970},3C_20_80-03.txt,169.439,0.250,42.360,1,0.328,0.77,0.328,14.844,0.000
65,ec.gp.GPIndividual@178672634{-1772794970},3C_20_66-03.txt,118.340,0.250,29.585,6,29.609,100.08,4.935,14.844,0.000
65,ec.gp.GPIndividual@178672634{-1772794970},3C_20_66-01.txt,7.322,0.250,1.831,1,3.141,171.57,3.141,14.844,0.000
65,ec.gp.GPIndividual@178672634{-1772794970},3C_20_80-01.txt,4.194,0.250,1.049,3,1.563,149.01,0.521,14.844,0.000
65,ec.gp.GPIndividual@178672634{-1772794970},3C_20_66-02.txt,154.245,0.250,38.561,3,20.141,52.23,6.714,14.844,0.000
65,ec.gp.GPIndividual@178672634{-1772794970},3C_20_66-02.txt,154.245,0.250,38.561,4,10.984,28.49,2.746,14.844,0.000
65,ec.gp.GPIndividual@178672634{-1772794970},3C_20_80-02.txt,35.738,0.250,8.935,5,8.953,100.21,1.791,14.844,0.000
65,ec.gp.GPIndividual@178672634{-1772794970},3C_20_66-03.txt,118.340,0.250,29.585,1,0.703,2.38,0.703,14.844,0.000
65,ec.gp.GPIndividual@178672634{-1772794970},3C_20_80-03.txt,169.439,0.250,42.360,3,18.391,43.42,6.130,16.984,0.000
65,ec.gp.GPIndividual@178672634{-1772794970},3C_20_66-02.txt,154.245,0.250,38.561,5,18.328,47.53,3.666,16.984,0.000
65,ec.gp.GPIndividual@178672634{-1772794970},3C_20_66-02.txt,154.245,0.250,38.561,10,37.969,98.46,3.797,16.984,0.000
65,ec.gp.GPIndividual@178672634{-1772794970},3C_20_66-03.txt,118.340,0.250,29.585,1,1.078,3.64,1.078,16.984,0.000
65,ec.gp.GPIndividual@178672634{-1772794970},3C_20_80-01.txt,4.194,0.250,1.049,3,3.938,375.49,1.313,16.984,0.000
65,ec.gp.GPIndividual@2038047118{-1449897955},3C_20_50-02.txt,61.404,0.250,15.351,2,0.156,1.02,0.078,0.156,0.000
65,ec.gp.GPIndividual@2038047118{-1449897955},3C_20_80-02.txt,35.738,0.250,8.935,1,2.453,27.46,2.453,2.453,0.000
65,ec.gp.GPIndividual@2038047118{-1449897955},3C_20_66-03.txt,118.340,0.250,29.585,5,16.188,54.72,3.238,10.250,0.000
65,ec.gp.GPIndividual@1633059259{1295570354},3C_20_50-02.txt,61.404,0.250,15.351,1,0.000,0.00,0.000,0.000,0.000
65,ec.gp.GPIndividual@1633059259{1295570354},3C_20_50-03.txt,30.993,0.250,7.748,1,0.000,0.00,0.000,0.000,0.000
65,ec.gp.GPIndividual@1633059259{1295570354},3C_20_66-01.txt,7.322,0.250,1.831,1,0.000,0.00,0.000,0.000,0.000
65,ec.gp.GPIndividual@1633059259{1295570354},3C_20_66-02.txt,154.245,0.250,38.561,1,0.000,0.00,0.000,0.000,0.000
65,ec.gp.GPIndividual@1633059259{1295570354},3C_20_66-03.txt,118.340,0.250,29.585,1,0.000,0.00,0.000,0.000,0.000
65,ec.gp.GPIndividual@1633059259{1295570354},3C_20_80-01.txt,4.194,0.250,1.049,1,0.000,0.00,0.000,0.000,0.000
65,ec.gp.GPIndividual@1633059259{1295570354},3C_20_80-02.txt,35.738,0.250,8.935,1,0.000,0.00,0.000,0.000,0.000
65,ec.gp.GPIndividual@1633059259{1295570354},3C_20_80-03.txt,169.439,0.250,42.360,1,0.000,0.00,0.000,0.000,0.000
65,ec.gp.GPIndividual@572636100{803368461},3C_20_50-02.txt,61.404,0.250,15.351,12,14.078,91.71,1.173,1.891,0.266
65,ec.gp.GPIndividual@572636100{803368461},3C_20_80-03.txt,169.439,0.250,42.360,4,5.641,13.32,1.410,2.500,0.000
65,ec.gp.GPIndividual@572636100{803368461},3C_20_66-01.txt,7.322,0.250,1.831,1,3.234,176.69,3.234,3.234,0.000
65,ec.gp.GPIndividual@572636100{803368461},3C_20_80-03.txt,169.439,0.250,42.360,5,5.125,12.10,1.025,3.234,0.000
65,ec.gp.GPIndividual@572636100{803368461},3C_20_50-03.txt,30.993,0.250,7.748,4,7.313,94.38,1.828,4.609,0.000
65,ec.gp.GPIndividual@1869566385{274846841},3C_20_50-02.txt,61.404,0.250,15.351,0,0.000,0.00,0.000,0.000,0.000
65,ec.gp.GPIndividual@1869566385{274846841},3C_20_50-03.txt,30.993,0.250,7.748,0,0.000,0.00,0.000,0.000,0.000
65,ec.gp.GPIndividual@1869566385{274846841},3C_20_66-01.txt,7.322,0.250,1.831,0,0.000,0.00,0.000,0.000,0.000
65,ec.gp.GPIndividual@1869566385{274846841},3C_20_66-02.txt,154.245,0.250,38.561,0,0.000,0.00,0.000,0.000,0.000
65,ec.gp.GPIndividual@1869566385{274846841},3C_20_66-03.txt,118.340,0.250,29.585,0,0.000,0.00,0.000,0.000,0.000
65,ec.gp.GPIndividual@1869566385{274846841},3C_20_80-01.txt,4.194,0.250,1.049,0,0.000,0.00,0.000,0.000,0.000
65,ec.gp.GPIndividual@1869566385{274846841},3C_20_80-02.txt,35.738,0.250,8.935,0,0.000,0.00,0.000,0.000,0.000
65,ec.gp.GPIndividual@1869566385{274846841},3C_20_80-03.txt,169.439,0.250,42.360,0,0.000,0.00,0.000,0.000,0.000
65,ec.gp.GPIndividual@1604513957{-1564030800},3C_20_50-02.txt,61.404,0.250,15.351,9,15.297,99.65,1.700,4.344,0.000
65,ec.gp.GPIndividual@1604513957{-1564030800},3C_20_50-03.txt,30.993,0.250,7.748,2,1.031,13.31,0.516,4.344,0.000
65,ec.gp.GPIndividual@1604513957{-1564030800},3C_20_66-01.txt,7.322,0.250,1.831,1,3.953,215.95,3.953,4.344,0.000
65,ec.gp.GPIndividual@1634639112{-785273953},3C_20_50-02.txt,61.404,0.250,15.351,8,15.453,100.66,1.932,5.734,0.266
65,ec.gp.GPIndividual@1634639112{-785273953},3C_20_50-03.txt,30.993,0.250,7.748,5,6.578,84.90,1.316,5.734,0.000
65,ec.gp.GPIndividual@1634639112{-785273953},3C_20_66-02.txt,154.245,0.250,38.561,2,2.734,7.09,1.367,5.734,0.000
65,ec.gp.GPIndividual@1634639112{-785273953},3C_20_66-01.txt,7.322,0.250,1.831,1,3.156,172.42,3.156,5.734,0.000
65,ec.gp.GPIndividual@1634639112{-785273953},3C_20_66-01.txt,7.322,0.250,1.831,1,1.953,106.70,1.953,5.734,0.000
65,ec.gp.GPIndividual@1634639112{-785273953},3C_20_66-02.txt,154.245,0.250,38.561,5,20.531,53.24,4.106,16.203,0.000
65,ec.gp.GPIndividual@1634639112{-785273953},3C_20_80-03.txt,169.439,0.250,42.360,18,31.188,73.63,1.733,16.203,0.000
65,ec.gp.GPIndividual@13808294{-943326633},3C_20_50-02.txt,61.404,0.250,15.351,1,7.938,51.71,7.938,7.938,7.938
65,ec.gp.GPIndividual@13808294{-943326633},3C_20_66-03.txt,118.340,0.250,29.585,2,10.953,37.02,5.477,10.641,0.313
65,ec.gp.GPIndividual@13808294{-943326633},3C_20_66-03.txt,118.340,0.250,29.585,4,25.891,87.51,6.473,11.500,0.313
65,ec.gp.GPIndividual@13808294{-943326633},3C_20_50-03.txt,30.993,0.250,7.748,2,2.375,30.65,1.188,11.500,0.000
65,ec.gp.GPIndividual@13808294{-943326633},3C_20_66-02.txt,154.245,0.250,38.561,9,26.922,69.82,2.991,11.500,0.000
65,ec.gp.GPIndividual@13808294{-943326633},3C_20_66-02.txt,154.245,0.250,38.561,9,19.938,51.70,2.215,11.500,0.000
65,ec.gp.GPIndividual@13808294{-943326633},3C_20_66-01.txt,7.322,0.250,1.831,2,9.563,522.39,4.781,11.500,0.000
65,ec.gp.GPIndividual@13808294{-943326633},3C_20_80-01.txt,4.194,0.250,1.049,1,0.266,25.33,0.266,11.500,0.000
65,ec.gp.GPIndividual@13808294{-943326633},3C_20_66-03.txt,118.340,0.250,29.585,6,5.547,18.75,0.924,11.500,0.000
65,ec.gp.GPIndividual@13808294{-943326633},3C_20_66-02.txt,154.245,0.250,38.561,5,22.703,58.88,4.541,11.859,0.000
65,ec.gp.GPIndividual@13808294{-943326633},3C_20_66-03.txt,118.340,0.250,29.585,2,1.797,6.07,0.898,11.859,0.000
65,ec.gp.GPIndividual@13808294{-943326633},3C_20_66-03.txt,118.340,0.250,29.585,1,14.391,48.64,14.391,14.391,0.000
65,ec.gp.GPIndividual@13808294{-943326633},3C_20_80-01.txt,4.194,0.250,1.049,1,2.531,241.39,2.531,14.391,0.000
65,ec.gp.GPIndividual@13808294{-943326633},3C_20_80-01.txt,4.194,0.250,1.049,2,1.094,104.30,0.547,14.391,0.000
65,ec.gp.GPIndividual@13808294{-943326633},3C_20_80-02.txt,35.738,0.250,8.935,5,6.297,70.48,1.259,14.391,0.000
65,ec.gp.GPIndividual@13808294{-943326633},3C_20_80-02.txt,35.738,0.250,8.935,4,8.219,91.99,2.055,14.391,0.000
65,ec.gp.GPIndividual@13808294{-943326633},3C_20_80-01.txt,4.194,0.250,1.049,1,4.688,447.02,4.688,14.391,0.000
65,ec.gp.GPIndividual@13808294{-943326633},3C_20_80-01.txt,4.194,0.250,1.049,1,1.734,165.40,1.734,14.391,0.000
65,ec.gp.GPIndividual@13808294{-943326633},3C_20_80-03.txt,169.439,0.250,42.360,6,7.000,16.53,1.167,14.391,0.000
65,ec.gp.GPIndividual@13808294{-943326633},3C_20_80-02.txt,35.738,0.250,8.935,3,3.391,37.95,1.130,14.391,0.000
65,ec.gp.GPIndividual@13808294{-943326633},3C_20_80-02.txt,35.738,0.250,8.935,4,5.938,66.46,1.484,14.391,0.000
65,ec.gp.GPIndividual@13808294{-943326633},3C_20_80-03.txt,169.439,0.250,42.360,2,7.156,16.89,3.578,14.391,0.000
65,ec.gp.GPIndividual@13808294{-943326633},3C_20_80-02.txt,35.738,0.250,8.935,2,4.141,46.34,2.070,14.391,0.000
65,ec.gp.GPIndividual@13808294{-943326633},3C_20_80-03.txt,169.439,0.250,42.360,5,9.547,22.54,1.909,14.391,0.000
65,ec.gp.GPIndividual@1131548106{1862449499},3C_20_50-02.txt,61.404,0.250,15.351,8,14.672,95.58,1.834,4.813,0.422
65,ec.gp.GPIndividual@1131548106{1862449499},3C_20_80-03.txt,169.439,0.250,42.360,1,3.203,7.56,3.203,4.813,0.422
65,ec.gp.GPIndividual@1986806095{-2092402488},3C_20_50-02.txt,61.404,0.250,15.351,7,27.172,177.00,3.882,15.250,0.391
65,ec.gp.GPIndividual@22165922{781213232},3C_20_50-02.txt,61.404,0.250,15.351,3,6.688,43.56,2.229,4.031,0.344
65,ec.gp.GPIndividual@22165922{781213232},3C_20_50-03.txt,30.993,0.250,7.748,3,17.391,224.45,5.797,14.938,0.344
65,ec.gp.GPIndividual@22165922{781213232},3C_20_80-03.txt,169.439,0.250,42.360,3,9.281,21.91,3.094,14.938,0.344
65,ec.gp.GPIndividual@22165922{781213232},3C_20_50-03.txt,30.993,0.250,7.748,2,7.828,101.03,3.914,14.938,0.344
65,ec.gp.GPIndividual@22165922{781213232},3C_20_66-01.txt,7.322,0.250,1.831,1,2.547,139.13,2.547,14.938,0.344
65,ec.gp.GPIndividual@22165922{781213232},3C_20_66-01.txt,7.322,0.250,1.831,2,2.359,128.89,1.180,14.938,0.344
65,ec.gp.GPIndividual@759226152{852369206},3C_20_50-02.txt,61.404,0.250,15.351,2,12.859,83.77,6.430,12.766,0.094
65,ec.gp.GPIndividual@759226152{852369206},3C_20_80-02.txt,35.738,0.250,8.935,9,6.516,72.93,0.724,12.766,0.094
65,ec.gp.GPIndividual@759226152{852369206},3C_20_50-03.txt,30.993,0.250,7.748,1,1.906,24.60,1.906,12.766,0.094
65,ec.gp.GPIndividual@759226152{852369206},3C_20_80-03.txt,169.439,0.250,42.360,6,29.906,70.60,4.984,15.828,0.094
65,ec.gp.GPIndividual@245910546{418409364},3C_20_50-02.txt,61.404,0.250,15.351,3,1.391,9.06,0.464,0.734,0.172
65,ec.gp.GPIndividual@245910546{418409364},3C_20_50-03.txt,30.993,0.250,7.748,3,14.484,186.94,4.828,11.375,0.172
65,ec.gp.GPIndividual@245910546{418409364},3C_20_66-01.txt,7.322,0.250,1.831,2,2.156,117.79,1.078,11.375,0.172
65,ec.gp.GPIndividual@245910546{418409364},3C_20_66-01.txt,7.322,0.250,1.831,2,0.750,40.97,0.375,11.375,0.172
65,ec.gp.GPIndividual@245910546{418409364},3C_20_66-02.txt,154.245,0.250,38.561,5,2.219,5.75,0.444,11.375,0.172
65,ec.gp.GPIndividual@245910546{418409364},3C_20_66-03.txt,118.340,0.250,29.585,1,1.719,5.81,1.719,11.375,0.172
65,ec.gp.GPIndividual@245910546{418409364},3C_20_80-01.txt,4.194,0.250,1.049,1,0.422,40.23,0.422,11.375,0.172
65,ec.gp.GPIndividual@245910546{418409364},3C_20_80-02.txt,35.738,0.250,8.935,1,0.594,6.65,0.594,11.375,0.172
65,ec.gp.GPIndividual@245910546{418409364},3C_20_80-03.txt,169.439,0.250,42.360,1,1.656,3.91,1.656,11.375,0.172
65,ec.gp.GPIndividual@2078453683{-1592834751},3C_20_50-02.txt,61.404,0.250,15.351,7,13.969,91.00,1.996,10.453,0.125
65,ec.gp.GPIndividual@2078453683{-1592834751},3C_20_66-02.txt,154.245,0.250,38.561,8,31.938,82.82,3.992,13.063,0.125
65,ec.gp.GPIndividual@2078453683{-1592834751},3C_20_50-03.txt,30.993,0.250,7.748,4,6.125,79.05,1.531,13.063,0.125
65,ec.gp.GPIndividual@2078453683{-1592834751},3C_20_66-01.txt,7.322,0.250,1.831,4,8.969,489.95,2.242,13.063,0.125
65,ec.gp.GPIndividual@2078453683{-1592834751},3C_20_66-03.txt,118.340,0.250,29.585,6,24.563,83.02,4.094,13.063,0.125
65,ec.gp.GPIndividual@2078453683{-1592834751},3C_20_80-01.txt,4.194,0.250,1.049,2,0.672,64.07,0.336,13.063,0.125
65,ec.gp.GPIndividual@2078453683{-1592834751},3C_20_80-02.txt,35.738,0.250,8.935,7,8.734,97.76,1.248,13.063,0.125
65,ec.gp.GPIndividual@2078453683{-1592834751},3C_20_66-02.txt,154.245,0.250,38.561,3,3.750,9.72,1.250,13.063,0.125
65,ec.gp.GPIndividual@2078453683{-1592834751},3C_20_80-03.txt,169.439,0.250,42.360,6,29.844,70.45,4.974,15.828,0.125
66,ec.gp.GPIndividual@1944359159{1093201111},3C_20_50-02.txt,61.404,0.250,15.351,0,0.000,0.00,0.000,0.000,0.000
66,ec.gp.GPIndividual@1944359159{1093201111},3C_20_50-03.txt,30.993,0.250,7.748,0,0.000,0.00,0.000,0.000,0.000
66,ec.gp.GPIndividual@1944359159{1093201111},3C_20_66-01.txt,7.322,0.250,1.831,0,0.000,0.00,0.000,0.000,0.000
66,ec.gp.GPIndividual@1944359159{1093201111},3C_20_66-02.txt,154.245,0.250,38.561,0,0.000,0.00,0.000,0.000,0.000
66,ec.gp.GPIndividual@1944359159{1093201111},3C_20_66-03.txt,118.340,0.250,29.585,0,0.000,0.00,0.000,0.000,0.000
66,ec.gp.GPIndividual@1944359159{1093201111},3C_20_80-01.txt,4.194,0.250,1.049,0,0.000,0.00,0.000,0.000,0.000
66,ec.gp.GPIndividual@1944359159{1093201111},3C_20_80-02.txt,35.738,0.250,8.935,0,0.000,0.00,0.000,0.000,0.000
66,ec.gp.GPIndividual@1944359159{1093201111},3C_20_80-03.txt,169.439,0.250,42.360,0,0.000,0.00,0.000,0.000,0.000
66,ec.gp.GPIndividual@810694155{1377578578},3C_20_50-02.txt,61.404,0.250,15.351,0,0.000,0.00,0.000,0.000,0.000
66,ec.gp.GPIndividual@810694155{1377578578},3C_20_50-03.txt,30.993,0.250,7.748,0,0.000,0.00,0.000,0.000,0.000
66,ec.gp.GPIndividual@810694155{1377578578},3C_20_66-01.txt,7.322,0.250,1.831,0,0.000,0.00,0.000,0.000,0.000
66,ec.gp.GPIndividual@810694155{1377578578},3C_20_66-02.txt,154.245,0.250,38.561,0,0.000,0.00,0.000,0.000,0.000
66,ec.gp.GPIndividual@810694155{1377578578},3C_20_66-03.txt,118.340,0.250,29.585,0,0.000,0.00,0.000,0.000,0.000
66,ec.gp.GPIndividual@810694155{1377578578},3C_20_80-01.txt,4.194,0.250,1.049,0,0.000,0.00,0.000,0.000,0.000
66,ec.gp.GPIndividual@810694155{1377578578},3C_20_80-02.txt,35.738,0.250,8.935,0,0.000,0.00,0.000,0.000,0.000
66,ec.gp.GPIndividual@810694155{1377578578},3C_20_80-03.txt,169.439,0.250,42.360,0,0.000,0.00,0.000,0.000,0.000
66,ec.gp.GPIndividual@2056390485{1302890397},3C_20_50-02.txt,61.404,0.250,15.351,14,15.797,102.90,1.128,1.813,0.375
66,ec.gp.GPIndividual@2056390485{1302890397},3C_20_50-03.txt,30.993,0.250,7.748,2,0.547,7.06,0.273,1.813,0.000
66,ec.gp.GPIndividual@2056390485{1302890397},3C_20_50-03.txt,30.993,0.250,7.748,1,2.422,31.26,2.422,2.422,0.000
66,ec.gp.GPIndividual@2056390485{1302890397},3C_20_50-03.txt,30.993,0.250,7.748,4,7.578,97.81,1.895,2.422,0.000
66,ec.gp.GPIndividual@2056390485{1302890397},3C_20_50-03.txt,30.993,0.250,7.748,2,3.391,43.76,1.695,2.422,0.000
66,ec.gp.GPIndividual@2056390485{1302890397},3C_20_50-03.txt,30.993,0.250,7.748,4,10.328,133.30,2.582,3.219,0.000
66,ec.gp.GPIndividual@2056390485{1302890397},3C_20_66-01.txt,7.322,0.250,1.831,2,0.328,17.92,0.164,3.219,0.000
66,ec.gp.GPIndividual@2056390485{1302890397},3C_20_66-01.txt,7.322,0.250,1.831,1,3.234,176.69,3.234,3.234,0.000
66,ec.gp.GPIndividual@2056390485{1302890397},3C_20_66-01.txt,7.322,0.250,1.831,1,2.625,143.40,2.625,3.234,0.000
66,ec.gp.GPIndividual@2056390485{1302890397},3C_20_50-03.txt,30.993,0.250,7.748,6,8.422,108.70,1.404,3.234,0.000
66,ec.gp.GPIndividual@2056390485{1302890397},3C_20_66-01.txt,7.322,0.250,1.831,2,2.063,112.67,1.031,3.234,0.000
66,ec.gp.GPIndividual@2056390485{1302890397},3C_20_66-02.txt,154.245,0.250,38.561,1,0.328,0.85,0.328,3.234,0.000
66,ec.gp.GPIndividual@2056390485{1302890397},3C_20_66-02.txt,154.245,0.250,38.561,1,1.359,3.53,1.359,3.234,0.000
66,ec.gp.GPIndividual@2056390485{1302890397},3C_20_66-01.txt,7.322,0.250,1.831,1,1.016,55.48,1.016,3.234,0.000
66,ec.gp.GPIndividual@2056390485{1302890397},3C_20_66-02.txt,154.245,0.250,38.561,24,39.578,102.64,1.649,4.172,0.000
66,ec.gp.GPIndividual@2056390485{1302890397},3C_20_66-03.txt,118.340,0.250,29.585,1,0.359,1.21,0.359,4.172,0.000
66,ec.gp.GPIndividual@2056390485{1302890397},3C_20_66-03.txt,118.340,0.250,29.585,1,1.031,3.49,1.031,4.172,0.000
66,ec.gp.GPIndividual@2056390485{1302890397},3C_20_66-03.txt,118.340,0.250,29.585,1,1.750,5.92,1.750,4.172,0.000
66,ec.gp.GPIndividual@2056390485{1302890397},3C_20_66-02.txt,154.245,0.250,38.561,1,2.688,6.97,2.688,4.172,0.000
66,ec.gp.GPIndividual@2056390485{1302890397},3C_20_66-02.txt,154.245,0.250,38.561,13,43.906,113.86,3.377,7.328,0.000
66,ec.gp.GPIndividual@2056390485{1302890397},3C_20_66-01.txt,7.322,0.250,1.831,1,0.891,48.65,0.891,7.328,0.000
66,ec.gp.GPIndividual@2056390485{1302890397},3C_20_66-03.txt,118.340,0.250,29.585,1,2.188,7.39,2.188,7.328,0.000
66,ec.gp.GPIndividual@2056390485{1302890397},3C_20_80-01.txt,4.194,0.250,1.049,2,2.063,196.69,1.031,7.328,0.000
66,ec.gp.GPIndividual@2056390485{1302890397},3C_20_66-03.txt,118.340,0.250,29.585,8,12.969,43.84,1.621,7.328,0.000
66,ec.gp.GPIndividual@2056390485{1302890397},3C_20_80-02.txt,35.738,0.250,8.935,4,10.984,122.94,2.746,7.328,0.000
66,ec.gp.GPIndividual@2056390485{1302890397},3C_20_80-01.txt,4.194,0.250,1.049,2,6.609,630.29,3.305,7.328,0.000
66,ec.gp.GPIndividual@2056390485{1302890397},3C_20_80-01.txt,4.194,0.250,1.049,3,1.000,95.36,0.333,7.328,0.000
66,ec.gp.GPIndividual@2056390485{1302890397},3C_20_80-02.txt,35.738,0.250,8.935,1,0.344,3.85,0.344,7.328,0.000
66,ec.gp.GPIndividual@2056390485{1302890397},3C_20_80-02.txt,35.738,0.250,8.935,5,9.063,101.43,1.813,7.328,0.000
66,ec.gp.GPIndividual@2056390485{1302890397},3C_20_80-03.txt,169.439,0.250,42.360,1,8.734,20.62,8.734,8.734,0.000
66,ec.gp.GPIndividual@2056390485{1302890397},3C_20_80-01.txt,4.194,0.250,1.049,1,2.500,238.41,2.500,8.734,0.000
66,ec.gp.GPIndividual@2056390485{1302890397},3C_20_66-02.txt,154.245,0.250,38.561,2,1.469,3.81,0.734,8.734,0.000
66,ec.gp.GPIndividual@2056390485{1302890397},3C_20_80-03.txt,169.439,0.250,42.360,2,11.750,27.74,5.875,10.219,0.000
66,ec.gp.GPIndividual@2056390485{1302890397},3C_20_80-01.txt,4.194,0.250,1.049,2,1.734,165.40,0.867,10.219,0.000
66,ec.gp.GPIndividual@2056390485{1302890397},3C_20_80-02.txt,35.738,0.250,8.935,1,0.328,3.67,0.328,10.219,0.000
66,ec.gp.GPIndividual@2056390485{1302890397},3C_20_80-02.txt,35.738,0.250,8.935,5,10.094,112.97,2.019,10.219,0.000
66,ec.gp.GPIndividual@2056390485{1302890397},3C_20_80-03.txt,169.439,0.250,42.360,1,0.500,1.18,0.500,10.219,0.000
66,ec.gp.GPIndividual@2056390485{1302890397},3C_20_66-03.txt,118.340,0.250,29.585,1,1.031,3.49,1.031,10.219,0.000
66,ec.gp.GPIndividual@2056390485{1302890397},3C_20_80-03.txt,169.439,0.250,42.360,1,2.844,6.71,2.844,10.219,0.000
66,ec.gp.GPIndividual@2056390485{1302890397},3C_20_80-03.txt,169.439,0.250,42.360,7,38.594,91.11,5.513,10.219,0.000
66,ec.gp.GPIndividual@1528490079{-1779004920},3C_20_50-02.txt,61.404,0.250,15.351,3,9.359,60.97,3.120,5.141,0.516
66,ec.gp.GPIndividual@362568625{1810113336},3C_20_50-02.txt,61.404,0.250,15.351,3,14.656,95.47,4.885,12.328,0.516
66,ec.gp.GPIndividual@2115171627{1523449941},3C_20_50-02.txt,61.404,0.250,15.351,2,6.688,43.56,3.344,4.672,2.016
66,ec.gp.GPIndividual@2115171627{1523449941},3C_20_80-01.txt,4.194,0.250,1.049,2,3.156,300.99,1.578,4.672,0.484
66,ec.gp.GPIndividual@2115171627{1523449941},3C_20_50-03.txt,30.993,0.250,7.748,3,10.813,139.55,3.604,10.047,0.297
66,ec.gp.GPIndividual@290009231{781213232},3C_20_50-02.txt,61.404,0.250,15.351,1,14.734,95.98,14.734,14.734,14.734
66,ec.gp.GPIndividual@2130595919{174936806},3C_20_50-02.txt,61.404,0.250,15.351,4,4.266,27.79,1.066,2.266,0.313
66,ec.gp.GPIndividual@2130595919{174936806},3C_20_50-03.txt,30.993,0.250,7.748,5,9.844,127.05,1.969,3.203,0.313
66,ec.gp.GPIndividual@2130595919{174936806},3C_20_66-01.txt,7.322,0.250,1.831,1,0.469,25.61,0.469,3.203,0.313
66,ec.gp.GPIndividual@2130595919{174936806},3C_20_50-03.txt,30.993,0.250,7.748,3,4.438,57.27,1.479,3.203,0.313
66,ec.gp.GPIndividual@2130595919{174936806},3C_20_50-03.txt,30.993,0.250,7.748,1,1.844,23.80,1.844,3.203,0.313
66,ec.gp.GPIndividual@2130595919{174936806},3C_20_80-02.txt,35.738,0.250,8.935,4,6.375,71.35,1.594,3.234,0.000
66,ec.gp.GPIndividual@2130595919{174936806},3C_20_50-03.txt,30.993,0.250,7.748,4,8.906,114.95,2.227,3.234,0.000
66,ec.gp.GPIndividual@2130595919{174936806},3C_20_66-01.txt,7.322,0.250,1.831,2,0.516,28.17,0.258,3.234,0.000
66,ec.gp.GPIndividual@2130595919{174936806},3C_20_66-01.txt,7.322,0.250,1.831,1,3.156,172.42,3.156,3.234,0.000
66,ec.gp.GPIndividual@2130595919{174936806},3C_20_66-01.txt,7.322,0.250,1.831,2,2.203,120.35,1.102,3.234,0.000
66,ec.gp.GPIndividual@2130595919{174936806},3C_20_66-02.txt,154.245,0.250,38.561,12,16.578,42.99,1.382,3.234,0.000
66,ec.gp.GPIndividual@2130595919{174936806},3C_20_66-02.txt,154.245,0.250,38.561,5,7.859,20.38,1.572,3.234,0.000
66,ec.gp.GPIndividual@2130595919{174936806},3C_20_66-03.txt,118.340,0.250,29.585,5,11.313,38.24,2.263,4.453,0.000
66,ec.gp.GPIndividual@2130595919{174936806},3C_20_66-03.txt,118.340,0.250,29.585,1,6.422,21.71,6.422,6.422,0.000
66,ec.gp.GPIndividual@2130595919{174936806},3C_20_80-01.txt,4.194,0.250,1.049,3,0.875,83.44,0.292,6.422,0.000
66,ec.gp.GPIndividual@2130595919{174936806},3C_20_80-02.txt,35.738,0.250,8.935,2,8.250,92.34,4.125,7.703,0.000
66,ec.gp.GPIndividual@2130595919{174936806},3C_20_66-01.txt,7.322,0.250,1.831,1,2.000,109.26,2.000,7.703,0.000
66,ec.gp.GPIndividual@2130595919{174936806},3C_20_80-03.txt,169.439,0.250,42.360,1,13.359,31.54,13.359,13.359,0.000
66,ec.gp.GPIndividual@2130595919{174936806},3C_20_66-02.txt,154.245,0.250,38.561,1,6.469,16.78,6.469,13.359,0.000
66,ec.gp.GPIndividual@2130595919{174936806},3C_20_80-01.txt,4.194,0.250,1.049,3,1.109,105.79,0.370,13.359,0.000
66,ec.gp.GPIndividual@2130595919{174936806},3C_20_66-02.txt,154.245,0.250,38.561,6,29.297,75.97,4.883,13.359,0.000
66,ec.gp.GPIndividual@2130595919{174936806},3C_20_80-03.txt,169.439,0.250,42.360,1,1.563,3.69,1.563,13.359,0.000
66,ec.gp.GPIndividual@2130595919{174936806},3C_20_80-02.txt,35.738,0.250,8.935,4,6.094,68.20,1.523,13.359,0.000
66,ec.gp.GPIndividual@2130595919{174936806},3C_20_80-03.txt,169.439,0.250,42.360,1,5.922,13.98,5.922,13.359,0.000
66,ec.gp.GPIndividual@13540390{519780184},3C_20_50-02.txt,61.404,0.250,15.351,8,15.859,103.31,1.982,6.219,0.297
66,ec.gp.GPIndividual@1893206419{1893450335},3C_20_50-02.txt,61.404,0.250,15.351,3,5.875,38.27,1.958,2.875,0.516
66,ec.gp.GPIndividual@1893206419{1893450335},3C_20_66-03.txt,118.340,0.250,29.585,1,2.313,7.82,2.313,2.875,0.516
66,ec.gp.GPIndividual@1893206419{1893450335},3C_20_66-03.txt,118.340,0.250,29.585,3,18.250,61.69,6.083,10.328,0.516
66,ec.gp.GPIndividual@855268190{1872100861},3C_20_50-02.txt,61.404,0.250,15.351,6,16.547,107.79,2.758,6.125,0.500
66,ec.gp.GPIndividual@855268190{1872100861},3C_20_80-01.txt,4.194,0.250,1.049,1,2.984,284.60,2.984,6.125,0.500
66,ec.gp.GPIndividual@855268190{1872100861},3C_20_50-03.txt,30.993,0.250,7.748,3,7.313,94.38,2.438,6.141,0.484
66,ec.gp.GPIndividual@855268190{1872100861},3C_20_80-01.txt,4.194,0.250,1.049,2,5.484,523.01,2.742,6.141,0.484
66,ec.gp.GPIndividual@855268190{1872100861},3C_20_50-03.txt,30.993,0.250,7.748,3,10.344,133.50,3.448,7.719,0.484
66,ec.gp.GPIndividual@855268190{1872100861},3C_20_66-02.txt,154.245,0.250,38.561,4,6.766,17.55,1.691,7.719,0.484
66,ec.gp.GPIndividual@855268190{1872100861},3C_20_80-02.txt,35.738,0.250,8.935,4,9.266,103.71,2.316,7.719,0.484
66,ec.gp.GPIndividual@855268190{1872100861},3C_20_66-03.txt,118.340,0.250,29.585,3,5.172,17.48,1.724,7.719,0.484
66,ec.gp.GPIndividual@855268190{1872100861},3C_20_80-02.txt,35.738,0.250,8.935,6,8.891,99.51,1.482,7.719,0.000
66,ec.gp.GPIndividual@855268190{1872100861},3C_20_66-01.txt,7.322,0.250,1.831,1,2.141,116.94,2.141,7.719,0.000
66,ec.gp.GPIndividual@855268190{1872100861},3C_20_80-03.txt,169.439,0.250,42.360,3,4.656,10.99,1.552,7.719,0.000
66,ec.gp.GPIndividual@855268190{1872100861},3C_20_50-03.txt,30.993,0.250,7.748,4,7.281,93.97,1.820,7.719,0.000
66,ec.gp.GPIndividual@855268190{1872100861},3C_20_80-03.txt,169.439,0.250,42.360,2,7.297,17.23,3.648,7.719,0.000
66,ec.gp.GPIndividual@855268190{1872100861},3C_20_66-02.txt,154.245,0.250,38.561,1,1.391,3.61,1.391,7.719,0.000
66,ec.gp.GPIndividual@855268190{1872100861},3C_20_66-01.txt,7.322,0.250,1.831,3,4.656,254.36,1.552,7.719,0.000
66,ec.gp.GPIndividual@855268190{1872100861},3C_20_66-01.txt,7.322,0.250,1.831,2,0.156,8.54,0.078,7.719,0.000
66,ec.gp.GPIndividual@855268190{1872100861},3C_20_66-02.txt,154.245,0.250,38.561,18,38.016,98.59,2.112,7.719,0.000
66,ec.gp.GPIndividual@855268190{1872100861},3C_20_66-03.txt,118.340,0.250,29.585,2,3.078,10.40,1.539,7.719,0.000
66,ec.gp.GPIndividual@855268190{1872100861},3C_20_66-03.txt,118.340,0.250,29.585,1,4.297,14.52,4.297,7.719,0.000
66,ec.gp.GPIndividual@236253662{-1575559642},3C_20_50-02.txt,61.404,0.250,15.351,3,12.125,78.98,4.042,9.906,0.344
66,ec.gp.GPIndividual@966198649{781213232},3C_20_50-02.txt,61.404,0.250,15.351,4,21.953,143.01,5.488,12.703,0.531
66,ec.gp.GPIndividual@966198649{781213232},3C_20_80-01.txt,4.194,0.250,1.049,1,1.828,174.34,1.828,12.703,0.531
66,ec.gp.GPIndividual@966198649{781213232},3C_20_50-03.txt,30.993,0.250,7.748,3,7.516,97.00,2.505,12.703,0.484
66,ec.gp.GPIndividual@966198649{781213232},3C_20_80-01.txt,4.194,0.250,1.049,4,1.547,147.52,0.387,12.703,0.172
66,ec.gp.GPIndividual@966198649{781213232},3C_20_80-02.txt,35.738,0.250,8.935,2,5.328,59.64,2.664,12.703,0.172
66,ec.gp.GPIndividual@966198649{781213232},3C_20_80-01.txt,4.194,0.250,1.049,2,1.531,146.03,0.766,12.703,0.172
66,ec.gp.GPIndividual@966198649{781213232},3C_20_80-02.txt,35.738,0.250,8.935,1,0.172,1.92,0.172,12.703,0.172
66,ec.gp.GPIndividual@966198649{781213232},3C_20_80-02.txt,35.738,0.250,8.935,3,7.734,86.57,2.578,12.703,0.172
66,ec.gp.GPIndividual@966198649{781213232},3C_20_50-03.txt,30.993,0.250,7.748,1,11.188,144.39,11.188,12.703,0.172
66,ec.gp.GPIndividual@966198649{781213232},3C_20_66-02.txt,154.245,0.250,38.561,21,37.828,98.10,1.801,12.703,0.172
66,ec.gp.GPIndividual@966198649{781213232},3C_20_80-03.txt,169.439,0.250,42.360,2,2.891,6.82,1.445,12.703,0.172
66,ec.gp.GPIndividual@966198649{781213232},3C_20_80-03.txt,169.439,0.250,42.360,2,7.219,17.04,3.609,12.703,0.172
66,ec.gp.GPIndividual@966198649{781213232},3C_20_66-01.txt,7.322,0.250,1.831,3,2.625,143.40,0.875,12.703,0.172
66,ec.gp.GPIndividual@966198649{781213232},3C_20_66-03.txt,118.340,0.250,29.585,1,4.406,14.89,4.406,12.703,0.172
66,ec.gp.GPIndividual@966198649{781213232},3C_20_80-03.txt,169.439,0.250,42.360,2,3.078,7.27,1.539,12.703,0.172
66,ec.gp.GPIndividual@966198649{781213232},3C_20_66-02.txt,154.245,0.250,38.561,8,36.859,95.59,4.607,12.703,0.172
66,ec.gp.GPIndividual@966198649{781213232},3C_20_66-03.txt,118.340,0.250,29.585,1,1.828,6.18,1.828,12.703,0.172
66,ec.gp.GPIndividual@1175670928{-582937929},3C_20_50-02.txt,61.404,0.250,15.351,4,12.891,83.97,3.223,6.734,0.516
66,ec.gp.GPIndividual@1175670928{-582937929},3C_20_66-01.txt,7.322,0.250,1.831,3,4.078,222.78,1.359,6.734,0.516
66,ec.gp.GPIndividual@1175670928{-582937929},3C_20_50-03.txt,30.993,0.250,7.748,2,0.328,4.23,0.164,6.734,0.000
66,ec.gp.GPIndividual@1175670928{-582937929},3C_20_66-02.txt,154.245,0.250,38.561,3,21.359,55.39,7.120,10.656,0.000
66,ec.gp.GPIndividual@1680492798{289148556},3C_20_50-02.txt,61.404,0.250,15.351,0,0.000,0.00,0.000,0.000,0.000
66,ec.gp.GPIndividual@1680492798{289148556},3C_20_50-03.txt,30.993,0.250,7.748,0,0.000,0.00,0.000,0.000,0.000
66,ec.gp.GPIndividual@1680492798{289148556},3C_20_66-01.txt,7.322,0.250,1.831,0,0.000,0.00,0.000,0.000,0.000
66,ec.gp.GPIndividual@1680492798{289148556},3C_20_66-02.txt,154.245,0.250,38.561,0,0.000,0.00,0.000,0.000,0.000
66,ec.gp.GPIndividual@1680492798{289148556},3C_20_66-03.txt,118.340,0.250,29.585,3,18.844,63.69,6.281,13.000,2.672
66,ec.gp.GPIndividual@1401019816{-2065257559},3C_20_50-02.txt,61.404,0.250,15.351,7,9.750,63.51,1.393,3.594,0.391
66,ec.gp.GPIndividual@1401019816{-2065257559},3C_20_50-03.txt,30.993,0.250,7.748,3,12.031,155.28,4.010,6.109,0.391
66,ec.gp.GPIndividual@1401019816{-2065257559},3C_20_80-01.txt,4.194,0.250,1.049,0,0.000,0.00,0.000,6.109,0.391
66,ec.gp.GPIndividual@1401019816{-2065257559},3C_20_80-02.txt,35.738,0.250,8.935,0,0.000,0.00,0.000,6.109,0.391
66,ec.gp.GPIndividual@1401019816{-2065257559},3C_20_80-03.txt,169.439,0.250,42.360,1,0.859,2.03,0.859,6.109,0.391
66,ec.gp.GPIndividual@1401019816{-2065257559},3C_20_66-03.txt,118.340,0.250,29.585,1,4.625,15.63,4.625,6.109,0.391
66,ec.gp.GPIndividual@1401019816{-2065257559},3C_20_80-01.txt,4.194,0.250,1.049,1,1.531,146.03,1.531,6.109,0.391
66,ec.gp.GPIndividual@1401019816{-2065257559},3C_20_66-01.txt,7.322,0.250,1.831,3,4.453,243.27,1.484,6.109,0.391
66,ec.gp.GPIndividual@1401019816{-2065257559},3C_20_66-02.txt,154.245,0.250,38.561,4,5.953,15.44,1.488,6.109,0.391
66,ec.gp.GPIndividual@1401019816{-2065257559},3C_20_80-02.txt,35.738,0.250,8.935,2,19.938,223.15,9.969,13.734,0.391
66,ec.gp.GPIndividual@1401019816{-2065257559},3C_20_80-01.txt,4.194,0.250,1.049,1,1.625,154.97,1.625,13.734,0.391
66,ec.gp.GPIndividual@1401019816{-2065257559},3C_20_66-03.txt,118.340,0.250,29.585,4,12.234,41.35,3.059,13.734,0.391
66,ec.gp.GPIndividual@1329095372{-915316939},3C_20_50-02.txt,61.404,0.250,15.351,9,14.547,94.76,1.616,3.563,0.500
66,ec.gp.GPIndividual@1329095372{-915316939},3C_20_80-01.txt,4.194,0.250,1.049,1,1.453,138.57,1.453,3.563,0.500
66,ec.gp.GPIndividual@1329095372{-915316939},3C_20_80-03.txt,169.439,0.250,42.360,4,11.531,27.22,2.883,5.922,0.500
66,ec.gp.GPIndividual@1329095372{-915316939},3C_20_80-01.txt,4.194,0.250,1.049,2,1.719,163.91,0.859,5.922,0.500
66,ec.gp.GPIndividual@1329095372{-915316939},3C_20_80-02.txt,35.738,0.250,8.935,2,0.344,3.85,0.172,5.922,0.000
66,ec.gp.GPIndividual@1329095372{-915316939},3C_20_80-02.txt,35.738,0.250,8.935,2,7.719,86.39,3.859,6.797,0.000
66,ec.gp.GPIndividual@1329095372{-915316939},3C_20_66-01.txt,7.322,0.250,1.831,2,3.734,204.00,1.867,6.797,0.000
66,ec.gp.GPIndividual@1329095372{-915316939},3C_20_50-03.txt,30.993,0.250,7.748,2,4.250,54.85,2.125,6.797,0.000
66,ec.gp.GPIndividual@1329095372{-915316939},3C_20_80-03.txt,169.439,0.250,42.360,14,34.719,81.96,2.480,6.797,0.000
66,ec.gp.GPIndividual@1766009869{1646120653},3C_20_50-02.txt,61.404,0.250,15.351,8,15.344,99.95,1.918,4.828,0.000
66,ec.gp.GPIndividual@1766009869{1646120653},3C_20_50-03.txt,30.993,0.250,7.748,1,5.625,72.60,5.625,5.625,0.000
66,ec.gp.GPIndividual@1766009869{1646120653},3C_20_80-03.txt,169.439,0.250,42.360,4,12.734,30.06,3.184,6.281,0.000
66,ec.gp.GPIndividual@1766009869{1646120653},3C_20_66-01.txt,7.322,0.250,1.831,3,13.672,746.87,4.557,12.219,0.000
66,ec.gp.GPIndividual@1726825465{1574426737},3C_20_50-02.txt,61.404,0.250,15.351,4,6.781,44.17,1.695,3.203,0.344
66,ec.gp.GPIndividual@1726825465{1574426737},3C_20_50-03.txt,30.993,0.250,7.748,1,1.266,16.33,1.266,3.203,0.344
66,ec.gp.GPIndividual@1726825465{1574426737},3C_20_66-02.txt,154.245,0.250,38.561,8,26.063,67.59,3.258,6.297,0.344
66,ec.gp.GPIndividual@1726825465{1574426737},3C_20_66-01.txt,7.322,0.250,1.831,2,13.297,726.39,6.648,12.391,0.344
66,ec.gp.GPIndividual@1726825465{1574426737},3C_20_80-02.txt,35.738,0.250,8.935,1,0.516,5.77,0.516,12.391,0.344
66,ec.gp.GPIndividual@1726825465{1574426737},3C_20_66-02.txt,154.245,0.250,38.561,2,15.969,41.41,7.984,14.547,0.344
66,ec.gp.GPIndividual@1726825465{1574426737},3C_20_66-02.txt,154.245,0.250,38.561,6,17.750,46.03,2.958,14.547,0.344
66,ec.gp.GPIndividual@1726825465{1574426737},3C_20_66-03.txt,118.340,0.250,29.585,3,16.047,54.24,5.349,14.547,0.344
66,ec.gp.GPIndividual@1199002580{-618074676},3C_20_50-02.txt,61.404,0.250,15.351,0,0.000,0.00,0.000,0.000,0.000
66,ec.gp.GPIndividual@1199002580{-618074676},3C_20_50-03.txt,30.993,0.250,7.748,0,0.000,0.00,0.000,0.000,0.000
66,ec.gp.GPIndividual@1199002580{-618074676},3C_20_66-01.txt,7.322,0.250,1.831,0,0.000,0.00,0.000,0.000,0.000
66,ec.gp.GPIndividual@1199002580{-618074676},3C_20_66-02.txt,154.245,0.250,38.561,0,0.000,0.00,0.000,0.000,0.000
66,ec.gp.GPIndividual@1199002580{-618074676},3C_20_66-03.txt,118.340,0.250,29.585,0,0.000,0.00,0.000,0.000,0.000
66,ec.gp.GPIndividual@1199002580{-618074676},3C_20_80-01.txt,4.194,0.250,1.049,0,0.000,0.00,0.000,0.000,0.000
66,ec.gp.GPIndividual@1199002580{-618074676},3C_20_80-02.txt,35.738,0.250,8.935,0,0.000,0.00,0.000,0.000,0.000
66,ec.gp.GPIndividual@1199002580{-618074676},3C_20_80-03.txt,169.439,0.250,42.360,0,0.000,0.00,0.000,0.000,0.000
66,ec.gp.GPIndividual@758467776{1323558041},3C_20_50-02.txt,61.404,0.250,15.351,9,19.422,126.52,2.158,6.453,0.500
66,ec.gp.GPIndividual@758467776{1323558041},3C_20_80-01.txt,4.194,0.250,1.049,2,9.672,922.34,4.836,9.219,0.453
66,ec.gp.GPIndividual@758467776{1323558041},3C_20_80-02.txt,35.738,0.250,8.935,0,0.000,0.00,0.000,9.219,0.453
66,ec.gp.GPIndividual@758467776{1323558041},3C_20_66-01.txt,7.322,0.250,1.831,4,2.172,118.65,0.543,9.219,0.000
66,ec.gp.GPIndividual@758467776{1323558041},3C_20_50-03.txt,30.993,0.250,7.748,1,2.031,26.22,2.031,9.219,0.000
66,ec.gp.GPIndividual@758467776{1323558041},3C_20_66-03.txt,118.340,0.250,29.585,5,9.063,30.63,1.813,9.219,0.000
66,ec.gp.GPIndividual@758467776{1323558041},3C_20_80-03.txt,169.439,0.250,42.360,1,1.609,3.80,1.609,9.219,0.000
66,ec.gp.GPIndividual@758467776{1323558041},3C_20_66-02.txt,154.245,0.250,38.561,1,14.875,38.58,14.875,14.875,0.000
66,ec.gp.GPIndividual@758467776{1323558041},3C_20_66-03.txt,118.340,0.250,29.585,8,31.891,107.79,3.986,14.875,0.000
66,ec.gp.GPIndividual@758467776{1323558041},3C_20_80-01.txt,4.194,0.250,1.049,1,3.422,326.32,3.422,14.875,0.000
66,ec.gp.GPIndividual@758467776{1323558041},3C_20_80-01.txt,4.194,0.250,1.049,2,2.109,201.16,1.055,14.875,0.000
66,ec.gp.GPIndividual@758467776{1323558041},3C_20_66-03.txt,118.340,0.250,29.585,4,12.797,43.25,3.199,14.875,0.000
66,ec.gp.GPIndividual@1194251073{1574426737},3C_20_50-02.txt,61.404,0.250,15.351,8,13.094,85.30,1.637,4.906,0.000
66,ec.gp.GPIndividual@1194251073{1574426737},3C_20_80-02.txt,35.738,0.250,8.935,4,7.984,89.37,1.996,4.906,0.000
66,ec.gp.GPIndividual@1194251073{1574426737},3C_20_66-01.txt,7.322,0.250,1.831,1,6.172,337.16,6.172,6.172,0.000
66,ec.gp.GPIndividual@1194251073{1574426737},3C_20_80-01.txt,4.194,0.250,1.049,4,1.203,114.73,0.301,6.172,0.000
66,ec.gp.GPIndividual@1194251073{1574426737},3C_20_66-02.txt,154.245,0.250,38.561,3,4.313,11.18,1.438,6.172,0.000
66,ec.gp.GPIndividual@1194251073{1574426737},3C_20_50-03.txt,30.993,0.250,7.748,1,3.125,40.33,3.125,6.172,0.000
66,ec.gp.GPIndividual@1194251073{1574426737},3C_20_80-02.txt,35.738,0.250,8.935,3,8.953,100.21,2.984,7.594,0.000
66,ec.gp.GPIndividual@1194251073{1574426737},3C_20_80-03.txt,169.439,0.250,42.360,20,41.891,98.89,2.095,7.594,0.000
66,ec.gp.GPIndividual@1194251073{1574426737},3C_20_80-03.txt,169.439,0.250,42.360,2,1.063,2.51,0.531,7.594,0.000
66,ec.gp.GPIndividual@1194251073{1574426737},3C_20_66-03.txt,118.340,0.250,29.585,5,21.078,71.25,4.216,10.375,0.000
66,ec.gp.GPIndividual@1194251073{1574426737},3C_20_80-03.txt,169.439,0.250,42.360,3,20.969,49.50,6.990,10.375,0.000
66,ec.gp.GPIndividual@1194251073{1574426737},3C_20_66-01.txt,7.322,0.250,1.831,3,1.625,88.77,0.542,10.375,0.000
66,ec.gp.GPIndividual@1194251073{1574426737},3C_20_66-02.txt,154.245,0.250,38.561,2,11.313,29.34,5.656,10.375,0.000
66,ec.gp.GPIndividual@1194251073{1574426737},3C_20_80-02.txt,35.738,0.250,8.935,3,8.922,99.86,2.974,10.375,0.000
66,ec.gp.GPIndividual@1552676229{-514783311},3C_20_50-02.txt,61.404,0.250,15.351,8,15.297,99.65,1.912,6.453,0.172
66,ec.gp.GPIndividual@1552676229{-514783311},3C_20_66-03.txt,118.340,0.250,29.585,3,5.750,19.44,1.917,6.453,0.172
66,ec.gp.GPIndividual@1208447602{1698724509},3C_20_50-02.txt,61.404,0.250,15.351,5,6.609,43.05,1.322,2.703,0.344
66,ec.gp.GPIndividual@1208447602{1698724509},3C_20_50-03.txt,30.993,0.250,7.748,2,13.547,174.84,6.773,11.797,0.344
66,ec.gp.GPIndividual@669471176{-315535792},3C_20_50-02.txt,61.404,0.250,15.351,6,15.766,102.70,2.628,6.078,0.531
66,ec.gp.GPIndividual@669471176{-315535792},3C_20_50-03.txt,30.993,0.250,7.748,4,8.047,103.86,2.012,6.078,0.531
66,ec.gp.GPIndividual@669471176{-315535792},3C_20_66-01.txt,7.322,0.250,1.831,1,3.281,179.25,3.281,6.078,0.531
66,ec.gp.GPIndividual@669471176{-315535792},3C_20_66-01.txt,7.322,0.250,1.831,1,1.078,58.90,1.078,6.078,0.531
66,ec.gp.GPIndividual@669471176{-315535792},3C_20_80-01.txt,4.194,0.250,1.049,1,14.031,1338.07,14.031,14.031,0.531
66,ec.gp.GPIndividual@669471176{-315535792},3C_20_80-01.txt,4.194,0.250,1.049,1,2.297,219.04,2.297,14.031,0.531
66,ec.gp.GPIndividual@669471176{-315535792},3C_20_50-03.txt,30.993,0.250,7.748,2,5.531,71.39,2.766,14.031,0.438
66,ec.gp.GPIndividual@669471176{-315535792},3C_20_80-03.txt,169.439,0.250,42.360,24,43.219,102.03,1.801,14.031,0.438
66,ec.gp.GPIndividual@669471176{-315535792},3C_20_66-01.txt,7.322,0.250,1.831,2,0.875,47.80,0.438,14.031,0.000
66,ec.gp.GPIndividual@669471176{-315535792},3C_20_80-02.txt,35.738,0.250,8.935,1,0.328,3.67,0.328,14.031,0.000
66,ec.gp.GPIndividual@669471176{-315535792},3C_20_80-02.txt,35.738,0.250,8.935,6,9.094,101.78,1.516,14.031,0.000
66,ec.gp.GPIndividual@669471176{-315535792},3C_20_80-03.txt,169.439,0.250,42.360,2,7.656,18.07,3.828,14.031,0.000
66,ec.gp.GPIndividual@523980387{-801145951},3C_20_50-02.txt,61.404,0.250,15.351,7,16.719,108.91,2.388,9.281,0.266
66,ec.gp.GPIndividual@523980387{-801145951},3C_20_66-02.txt,154.245,0.250,38.561,3,4.313,11.18,1.438,9.281,0.266
66,ec.gp.GPIndividual@523980387{-801145951},3C_20_50-03.txt,30.993,0.250,7.748,5,8.688,112.12,1.738,9.281,0.141
66,ec.gp.GPIndividual@523980387{-801145951},3C_20_66-03.txt,118.340,0.250,29.585,2,0.125,0.42,0.063,9.281,0.000
66,ec.gp.GPIndividual@523980387{-801145951},3C_20_66-03.txt,118.340,0.250,29.585,3,2.406,8.13,0.802,9.281,0.000
66,ec.gp.GPIndividual@560005417{1426250382},3C_20_50-02.txt,61.404,0.250,15.351,7,17.438,113.59,2.491,4.813,0.281
66,ec.gp.GPIndividual@560005417{1426250382},3C_20_80-01.txt,4.194,0.250,1.049,4,0.875,83.44,0.219,4.813,0.000
66,ec.gp.GPIndividual@560005417{1426250382},3C_20_80-02.txt,35.738,0.250,8.935,1,1.172,13.12,1.172,4.813,0.000
66,ec.gp.GPIndividual@560005417{1426250382},3C_20_80-01.txt,4.194,0.250,1.049,2,4.797,457.45,2.398,4.813,0.000
66,ec.gp.GPIndividual@560005417{1426250382},3C_20_66-01.txt,7.322,0.250,1.831,2,2.469,134.86,1.234,4.813,0.000
66,ec.gp.GPIndividual@560005417{1426250382},3C_20_50-03.txt,30.993,0.250,7.748,3,7.953,102.65,2.651,5.688,0.000
66,ec.gp.GPIndividual@560005417{1426250382},3C_20_66-02.txt,154.245,0.250,38.561,2,0.672,1.74,0.336,5.688,0.000
66,ec.gp.GPIndividual@560005417{1426250382},3C_20_80-02.txt,35.738,0.250,8.935,1,0.234,2.62,0.234,5.688,0.000
66,ec.gp.GPIndividual@560005417{1426250382},3C_20_80-03.txt,169.439,0.250,42.360,8,12.406,29.29,1.551,5.688,0.000
66,ec.gp.GPIndividual@560005417{1426250382},3C_20_66-03.txt,118.340,0.250,29.585,5,16.141,54.56,3.228,5.688,0.000
66,ec.gp.GPIndividual@560005417{1426250382},3C_20_80-01.txt,4.194,0.250,1.049,8,1.172,111.75,0.146,5.688,0.000
66,ec.gp.GPIndividual@560005417{1426250382},3C_20_80-02.txt,35.738,0.250,8.935,2,7.031,78.70,3.516,5.688,0.000
66,ec.gp.GPIndividual@560005417{1426250382},3C_20_80-03.txt,169.439,0.250,42.360,1,1.438,3.39,1.438,5.688,0.000
66,ec.gp.GPIndividual@560005417{1426250382},3C_20_66-01.txt,7.322,0.250,1.831,2,8.141,444.71,4.070,7.391,0.000
66,ec.gp.GPIndividual@560005417{1426250382},3C_20_80-03.txt,169.439,0.250,42.360,2,10.500,24.79,5.250,10.063,0.000
66,ec.gp.GPIndividual@1036221493{-1324159693},3C_20_50-02.txt,61.404,0.250,15.351,4,6.875,44.79,1.719,4.531,0.266
66,ec.gp.GPIndividual@503725104{963305414},3C_20_50-02.txt,61.404,0.250,15.351,3,2.375,15.47,0.792,1.219,0.281
66,ec.gp.GPIndividual@503725104{963305414},3C_20_66-02.txt,154.245,0.250,38.561,1,16.625,43.11,16.625,16.625,0.281
66,ec.gp.GPIndividual@503725104{963305414},3C_20_66-03.txt,118.340,0.250,29.585,14,29.141,98.50,2.081,16.625,0.281
66,ec.gp.GPIndividual@503725104{963305414},3C_20_80-01.txt,4.194,0.250,1.049,1,1.359,129.63,1.359,16.625,0.281
66,ec.gp.GPIndividual@503725104{963305414},3C_20_66-03.txt,118.340,0.250,29.585,3,7.047,23.82,2.349,16.625,0.281
66,ec.gp.GPIndividual@503725104{963305414},3C_20_50-03.txt,30.993,0.250,7.748,1,4.484,57.88,4.484,16.625,0.281
66,ec.gp.GPIndividual@503725104{963305414},3C_20_50-03.txt,30.993,0.250,7.748,2,10.922,140.96,5.461,16.625,0.281
66,ec.gp.GPIndividual@1347536726{-1349843774},3C_20_50-02.txt,61.404,0.250,15.351,7,15.297,99.65,2.185,4.609,0.141
66,ec.gp.GPIndividual@1347536726{-1349843774},3C_20_80-02.txt,35.738,0.250,8.935,5,10.016,112.10,2.003,4.609,0.141
66,ec.gp.GPIndividual@1347536726{-1349843774},3C_20_80-01.txt,4.194,0.250,1.049,2,1.109,105.79,0.555,4.609,0.141
66,ec.gp.GPIndividual@1347536726{-1349843774},3C_20_66-01.txt,7.322,0.250,1.831,4,3.703,202.30,0.926,4.609,0.141
66,ec.gp.GPIndividual@1347536726{-1349843774},3C_20_50-03.txt,30.993,0.250,7.748,6,4.719,60.90,0.786,4.609,0.000
66,ec.gp.GPIndividual@1347536726{-1349843774},3C_20_66-01.txt,7.322,0.250,1.831,2,2.188,119.50,1.094,4.609,0.000
66,ec.gp.GPIndividual@1347536726{-1349843774},3C_20_80-02.txt,35.738,0.250,8.935,8,10.250,114.72,1.281,4.609,0.000
66,ec.gp.GPIndividual@1347536726{-1349843774},3C_20_66-01.txt,7.322,0.250,1.831,2,1.719,93.89,0.859,4.609,0.000
66,ec.gp.GPIndividual@1347536726{-1349843774},3C_20_80-03.txt,169.439,0.250,42.360,12,42.734,100.88,3.561,14.063,0.000
66,ec.gp.GPIndividual@1347536726{-1349843774},3C_20_80-03.txt,169.439,0.250,42.360,1,11.141,26.30,11.141,14.063,0.000
66,ec.gp.GPIndividual@148020954{1678334289},3C_20_50-02.txt,61.404,0.250,15.351,3,17.656,115.02,5.885,16.375,0.266
66,ec.gp.GPIndividual@148020954{1678334289},3C_20_66-02.txt,154.245,0.250,38.561,4,15.844,41.09,3.961,16.375,0.266
66,ec.gp.GPIndividual@148020954{1678334289},3C_20_50-03.txt,30.993,0.250,7.748,4,8.781,113.33,2.195,16.375,0.266
66,ec.gp.GPIndividual@148020954{1678334289},3C_20_66-03.txt,118.340,0.250,29.585,5,22.234,75.15,4.447,16.375,0.125
66,ec.gp.GPIndividual@148020954{1678334289},3C_20_66-02.txt,154.245,0.250,38.561,1,9.906,25.69,9.906,16.375,0.125
66,ec.gp.GPIndividual@148020954{1678334289},3C_20_66-02.txt,154.245,0.250,38.561,8,18.047,46.80,2.256,16.375,0.125
66,ec.gp.GPIndividual@148020954{1678334289},3C_20_66-01.txt,7.322,0.250,1.831,1,11.875,648.71,11.875,16.375,0.125
66,ec.gp.GPIndividual@604659414{837197724},3C_20_50-02.txt,61.404,0.250,15.351,5,6.766,44.07,1.353,5.766,0.031
66,ec.gp.GPIndividual@604659414{837197724},3C_20_50-03.txt,30.993,0.250,7.748,4,4.750,61.31,1.188,5.766,0.031
66,ec.gp.GPIndividual@604659414{837197724},3C_20_66-01.txt,7.322,0.250,1.831,7,1.438,78.53,0.205,5.766,0.000
66,ec.gp.GPIndividual@604659414{837197724},3C_20_66-02.txt,154.245,0.250,38.561,9,28.453,73.79,3.161,10.828,0.000
66,ec.gp.GPIndividual@604659414{837197724},3C_20_66-03.txt,118.340,0.250,29.585,5,20.250,68.45,4.050,10.828,0.000
66,ec.gp.GPIndividual@604659414{837197724},3C_20_80-01.txt,4.194,0.250,1.049,3,0.672,64.07,0.224,10.828,0.000
66,ec.gp.GPIndividual@604659414{837197724},3C_20_80-02.txt,35.738,0.250,8.935,6,4.250,47.57,0.708,10.828,0.000
66,ec.gp.GPIndividual@604659414{837197724},3C_20_80-03.txt,169.439,0.250,42.360,2,17.438,41.17,8.719,16.641,0.000
67,ec.gp.GPIndividual@309876354{1028200753},3C_20_50-02.txt,61.404,0.250,15.351,13,13.516,88.04,1.040,1.906,0.375
67,ec.gp.GPIndividual@309876354{1028200753},3C_20_50-03.txt,30.993,0.250,7.748,1,1.000,12.91,1.000,1.906,0.375
67,ec.gp.GPIndividual@309876354{1028200753},3C_20_50-03.txt,30.993,0.250,7.748,4,10.250,132.29,2.563,2.703,0.375
67,ec.gp.GPIndividual@309876354{1028200753},3C_20_50-03.txt,30.993,0.250,7.748,1,0.156,2.02,0.156,2.703,0.156
67,ec.gp.GPIndividual@309876354{1028200753},3C_20_50-03.txt,30.993,0.250,7.748,4,7.797,100.63,1.949,3.203,0.156
67,ec.gp.GPIndividual@309876354{1028200753},3C_20_66-01.txt,7.322,0.250,1.831,1,2.094,114.38,2.094,3.203,0.156
67,ec.gp.GPIndividual@309876354{1028200753},3C_20_50-03.txt,30.993,0.250,7.748,4,8.734,112.73,2.184,3.219,0.156
67,ec.gp.GPIndividual@309876354{1028200753},3C_20_66-01.txt,7.322,0.250,1.831,1,2.484,135.72,2.484,3.219,0.156
67,ec.gp.GPIndividual@309876354{1028200753},3C_20_50-03.txt,30.993,0.250,7.748,7,10.266,132.49,1.467,3.219,0.156
67,ec.gp.GPIndividual@309876354{1028200753},3C_20_66-02.txt,154.245,0.250,38.561,4,3.969,10.29,0.992,3.219,0.000
67,ec.gp.GPIndividual@309876354{1028200753},3C_20_66-01.txt,7.322,0.250,1.831,2,4.531,247.54,2.266,3.219,0.000
67,ec.gp.GPIndividual@309876354{1028200753},3C_20_66-01.txt,7.322,0.250,1.831,1,0.344,18.78,0.344,3.219,0.000
67,ec.gp.GPIndividual@309876354{1028200753},3C_20_66-02.txt,154.245,0.250,38.561,23,38.313,99.35,1.666,4.203,0.000
67,ec.gp.GPIndividual@309876354{1028200753},3C_20_66-03.txt,118.340,0.250,29.585,3,13.719,46.37,4.573,6.359,0.000
67,ec.gp.GPIndividual@309876354{1028200753},3C_20_66-01.txt,7.322,0.250,1.831,1,1.172,64.02,1.172,6.359,0.000
67,ec.gp.GPIndividual@309876354{1028200753},3C_20_66-03.txt,118.340,0.250,29.585,4,15.078,50.97,3.770,11.688,0.000
67,ec.gp.GPIndividual@309876354{1028200753},3C_20_66-01.txt,7.322,0.250,1.831,3,2.500,136.57,0.833,11.688,0.000
67,ec.gp.GPIndividual@309876354{1028200753},3C_20_66-02.txt,154.245,0.250,38.561,5,23.906,62.00,4.781,11.688,0.000
67,ec.gp.GPIndividual@309876354{1028200753},3C_20_66-02.txt,154.245,0.250,38.561,13,39.922,103.53,3.071,11.688,0.000
67,ec.gp.GPIndividual@309876354{1028200753},3C_20_80-01.txt,4.194,0.250,1.049,1,4.563,435.10,4.563,11.688,0.000
67,ec.gp.GPIndividual@309876354{1028200753},3C_20_66-03.txt,118.340,0.250,29.585,2,9.875,33.38,4.938,11.688,0.000
67,ec.gp.GPIndividual@309876354{1028200753},3C_20_80-01.txt,4.194,0.250,1.049,1,1.250,119.20,1.250,11.688,0.000
67,ec.gp.GPIndividual@309876354{1028200753},3C_20_80-02.txt,35.738,0.250,8.935,2,3.109,34.80,1.555,11.688,0.000
67,ec.gp.GPIndividual@309876354{1028200753},3C_20_66-03.txt,118.340,0.250,29.585,1,15.469,52.29,15.469,15.469,0.000
67,ec.gp.GPIndividual@309876354{1028200753},3C_20_66-02.txt,154.245,0.250,38.561,8,26.797,69.49,3.350,15.469,0.000
67,ec.gp.GPIndividual@309876354{1028200753},3C_20_66-03.txt,118.340,0.250,29.585,10,32.516,109.91,3.252,15.469,0.000
67,ec.gp.GPIndividual@309876354{1028200753},3C_20_80-01.txt,4.194,0.250,1.049,3,12.125,1156.28,4.042,15.469,0.000
67,ec.gp.GPIndividual@309876354{1028200753},3C_20_66-02.txt,154.245,0.250,38.561,1,1.391,3.61,1.391,15.469,0.000
67,ec.gp.GPIndividual@309876354{1028200753},3C_20_80-02.txt,35.738,0.250,8.935,1,4.688,52.46,4.688,15.469,0.000
67,ec.gp.GPIndividual@309876354{1028200753},3C_20_80-03.txt,169.439,0.250,42.360,1,2.656,6.27,2.656,15.469,0.000
67,ec.gp.GPIndividual@309876354{1028200753},3C_20_80-01.txt,4.194,0.250,1.049,2,5.875,560.26,2.938,15.469,0.000
67,ec.gp.GPIndividual@309876354{1028200753},3C_20_80-01.txt,4.194,0.250,1.049,1,1.188,113.24,1.188,15.469,0.000
67,ec.gp.GPIndividual@309876354{1028200753},3C_20_80-02.txt,35.738,0.250,8.935,7,9.344,104.58,1.335,15.469,0.000
67,ec.gp.GPIndividual@309876354{1028200753},3C_20_80-03.txt,169.439,0.250,42.360,2,2.047,4.83,1.023,15.469,0.000
67,ec.gp.GPIndividual@309876354{1028200753},3C_20_80-02.txt,35.738,0.250,8.935,2,2.641,29.56,1.320,15.469,0.000
67,ec.gp.GPIndividual@309876354{1028200753},3C_20_80-02.txt,35.738,0.250,8.935,6,14.141,158.27,2.357,15.469,0.000
67,ec.gp.GPIndividual@1462070178{-2006240676},3C_20_50-02.txt,61.404,0.250,15.351,1,0.156,1.02,0.156,0.156,0.156
67,ec.gp.GPIndividual@1462070178{-2006240676},3C_20_80-03.txt,169.439,0.250,42.360,1,0.750,1.77,0.750,0.750,0.156
67,ec.gp.GPIndividual@1462070178{-2006240676},3C_20_80-03.txt,169.439,0.250,42.360,7,12.875,30.39,1.839,5.609,0.156
67,ec.gp.GPIndividual@595409751{1917290364},3C_20_50-02.txt,61.404,0.250,15.351,7,14.672,95.58,2.096,5.828,0.531
67,ec.gp.GPIndividual@1922208963{987167341},3C_20_50-02.txt,61.404,0.250,15.351,5,14.875,96.90,2.975,6.203,0.516
67,ec.gp.GPIndividual@1922208963{987167341},3C_20_80-03.txt,169.439,0.250,42.360,2,3.234,7.64,1.617,6.203,0.516
67,ec.gp.GPIndividual@1922208963{987167341},3C_20_50-03.txt,30.993,0.250,7.748,2,6.469,83.49,3.234,6.203,0.516
67,ec.gp.GPIndividual@1682955420{1360940620},3C_20_50-02.txt,61.404,0.250,15.351,4,5.000,32.57,1.250,2.313,0.000
67,ec.gp.GPIndividual@1682955420{1360940620},3C_20_50-03.txt,30.993,0.250,7.748,4,9.484,122.41,2.371,3.266,0.000
67,ec.gp.GPIndividual@1682955420{1360940620},3C_20_50-03.txt,30.993,0.250,7.748,3,8.594,110.91,2.865,6.109,0.000
67,ec.gp.GPIndividual@1366532649{154168140},3C_20_50-02.txt,61.404,0.250,15.351,5,6.219,40.51,1.244,3.188,0.000
67,ec.gp.GPIndividual@1366532649{154168140},3C_20_50-03.txt,30.993,0.250,7.748,2,2.484,32.06,1.242,3.188,0.000
67,ec.gp.GPIndividual@1366532649{154168140},3C_20_66-01.txt,7.322,0.250,1.831,1,15.359,839.06,15.359,15.359,0.000
67,ec.gp.GPIndividual@1366532649{154168140},3C_20_66-03.txt,118.340,0.250,29.585,13,26.969,91.16,2.075,15.359,0.000
67,ec.gp.GPIndividual@1366532649{154168140},3C_20_50-03.txt,30.993,0.250,7.748,4,7.875,101.64,1.969,15.359,0.000
67,ec.gp.GPIndividual@1366532649{154168140},3C_20_80-01.txt,4.194,0.250,1.049,3,5.141,490.23,1.714,15.359,0.000
67,ec.gp.GPIndividual@1366532649{154168140},3C_20_66-01.txt,7.322,0.250,1.831,1,2.828,154.50,2.828,15.359,0.000
67,ec.gp.GPIndividual@1366532649{154168140},3C_20_66-01.txt,7.322,0.250,1.831,2,4.672,255.22,2.336,15.359,0.000
67,ec.gp.GPIndividual@1366532649{154168140},3C_20_66-01.txt,7.322,0.250,1.831,4,2.531,138.28,0.633,15.359,0.000
67,ec.gp.GPIndividual@1366532649{154168140},3C_20_80-02.txt,35.738,0.250,8.935,7,9.313,104.23,1.330,15.359,0.000
67,ec.gp.GPIndividual@1366532649{154168140},3C_20_66-02.txt,154.245,0.250,38.561,6,6.547,16.98,1.091,15.359,0.000
67,ec.gp.GPIndividual@1366532649{154168140},3C_20_66-02.txt,154.245,0.250,38.561,22,39.422,102.23,1.792,15.359,0.000
67,ec.gp.GPIndividual@1366532649{154168140},3C_20_66-03.txt,118.340,0.250,29.585,3,9.188,31.05,3.063,15.359,0.000
67,ec.gp.GPIndividual@1366532649{154168140},3C_20_66-01.txt,7.322,0.250,1.831,5,1.609,87.92,0.322,15.359,0.000
67,ec.gp.GPIndividual@1366532649{154168140},3C_20_66-02.txt,154.245,0.250,38.561,10,46.438,120.43,4.644,15.359,0.000
67,ec.gp.GPIndividual@1366532649{154168140},3C_20_66-03.txt,118.340,0.250,29.585,2,8.625,29.15,4.313,15.359,0.000
67,ec.gp.GPIndividual@1366532649{154168140},3C_20_66-02.txt,154.245,0.250,38.561,1,11.813,30.63,11.813,15.359,0.000
67,ec.gp.GPIndividual@1366532649{154168140},3C_20_80-03.txt,169.439,0.250,42.360,2,3.344,7.89,1.672,15.359,0.000
67,ec.gp.GPIndividual@1366532649{154168140},3C_20_80-01.txt,4.194,0.250,1.049,4,1.047,99.83,0.262,15.359,0.000
67,ec.gp.GPIndividual@1366532649{154168140},3C_20_80-02.txt,35.738,0.250,8.935,3,17.063,190.97,5.688,15.359,0.000
67,ec.gp.GPIndividual@1366532649{154168140},3C_20_66-02.txt,154.245,0.250,38.561,21,38.531,99.92,1.835,15.359,0.000
67,ec.gp.GPIndividual@1366532649{154168140},3C_20_80-01.txt,4.194,0.250,1.049,1,1.938,184.77,1.938,15.359,0.000
67,ec.gp.GPIndividual@1366532649{154168140},3C_20_80-03.txt,169.439,0.250,42.360,4,6.141,14.50,1.535,15.359,0.000
67,ec.gp.GPIndividual@1366532649{154168140},3C_20_66-03.txt,118.340,0.250,29.585,10,29.609,100.08,2.961,15.359,0.000
67,ec.gp.GPIndividual@1366532649{154168140},3C_20_80-02.txt,35.738,0.250,8.935,1,1.969,22.04,1.969,15.359,0.000
67,ec.gp.GPIndividual@1366532649{154168140},3C_20_80-01.txt,4.194,0.250,1.049,2,2.703,257.78,1.352,15.359,0.000
67,ec.gp.GPIndividual@1366532649{154168140},3C_20_80-03.txt,169.439,0.250,42.360,3,12.422,29.32,4.141,15.359,0.000
67,ec.gp.GPIndividual@200160774{351302606},3C_20_50-02.txt,61.404,0.250,15.351,4,23.469,152.88,5.867,11.422,0.531
67,ec.gp.GPIndividual@200160774{351302606},3C_20_66-03.txt,118.340,0.250,29.585,3,3.406,11.51,1.135,11.422,0.000
67,ec.gp.GPIndividual@200160774{351302606},3C_20_80-02.txt,35.738,0.250,8.935,4,12.219,136.76,3.055,11.422,0.000
67,ec.gp.GPIndividual@981130292{-1629073671},3C_20_50-02.txt,61.404,0.250,15.351,0,0.000,0.00,0.000,0.000,0.000
67,ec.gp.GPIndividual@981130292{-1629073671},3C_20_50-03.txt,30.993,0.250,7.748,0,0.000,0.00,0.000,0.000,0.000
67,ec.gp.GPIndividual@981130292{-1629073671},3C_20_66-01.txt,7.322,0.250,1.831,0,0.000,0.00,0.000,0.000,0.000
67,ec.gp.GPIndividual@981130292{-1629073671},3C_20_66-02.txt,154.245,0.250,38.561,0,0.000,0.00,0.000,0.000,0.000
67,ec.gp.GPIndividual@981130292{-1629073671},3C_20_66-03.txt,118.340,0.250,29.585,0,0.000,0.00,0.000,0.000,0.000
67,ec.gp.GPIndividual@981130292{-1629073671},3C_20_80-01.txt,4.194,0.250,1.049,0,0.000,0.00,0.000,0.000,0.000
67,ec.gp.GPIndividual@981130292{-1629073671},3C_20_80-02.txt,35.738,0.250,8.935,0,0.000,0.00,0.000,0.000,0.000
67,ec.gp.GPIndividual@981130292{-1629073671},3C_20_80-03.txt,169.439,0.250,42.360,0,0.000,0.00,0.000,0.000,0.000
67,ec.gp.GPIndividual@1282464067{-506682941},3C_20_50-02.txt,61.404,0.250,15.351,0,0.000,0.00,0.000,0.000,0.000
67,ec.gp.GPIndividual@1282464067{-506682941},3C_20_50-03.txt,30.993,0.250,7.748,0,0.000,0.00,0.000,0.000,0.000
67,ec.gp.GPIndividual@1282464067{-506682941},3C_20_66-01.txt,7.322,0.250,1.831,0,0.000,0.00,0.000,0.000,0.000
67,ec.gp.GPIndividual@1282464067{-506682941},3C_20_66-02.txt,154.245,0.250,38.561,0,0.000,0.00,0.000,0.000,0.000
67,ec.gp.GPIndividual@1282464067{-506682941},3C_20_66-03.txt,118.340,0.250,29.585,0,0.000,0.00,0.000,0.000,0.000
67,ec.gp.GPIndividual@1282464067{-506682941},3C_20_80-01.txt,4.194,0.250,1.049,0,0.000,0.00,0.000,0.000,0.000
67,ec.gp.GPIndividual@1282464067{-506682941},3C_20_80-02.txt,35.738,0.250,8.935,0,0.000,0.00,0.000,0.000,0.000
67,ec.gp.GPIndividual@1282464067{-506682941},3C_20_80-03.txt,169.439,0.250,42.360,0,0.000,0.00,0.000,0.000,0.000
67,ec.gp.GPIndividual@1756666628{1852342155},3C_20_50-02.txt,61.404,0.250,15.351,2,3.406,22.19,1.703,3.063,0.344
67,ec.gp.GPIndividual@1756666628{1852342155},3C_20_66-03.txt,118.340,0.250,29.585,1,1.219,4.12,1.219,3.063,0.344
67,ec.gp.GPIndividual@1756666628{1852342155},3C_20_50-03.txt,30.993,0.250,7.748,4,10.984,141.77,2.746,6.234,0.344
67,ec.gp.GPIndividual@1756666628{1852342155},3C_20_80-01.txt,4.194,0.250,1.049,4,2.141,204.14,0.535,6.234,0.000
67,ec.gp.GPIndividual@1756666628{1852342155},3C_20_50-03.txt,30.993,0.250,7.748,3,1.547,19.96,0.516,6.234,0.000
67,ec.gp.GPIndividual@1756666628{1852342155},3C_20_80-02.txt,35.738,0.250,8.935,5,9.734,108.95,1.947,6.234,0.000
67,ec.gp.GPIndividual@1756666628{1852342155},3C_20_66-01.txt,7.322,0.250,1.831,1,0.688,37.56,0.688,6.234,0.000
67,ec.gp.GPIndividual@1756666628{1852342155},3C_20_80-03.txt,169.439,0.250,42.360,5,11.797,27.85,2.359,6.313,0.000
67,ec.gp.GPIndividual@1756666628{1852342155},3C_20_80-03.txt,169.439,0.250,42.360,2,14.953,35.30,7.477,13.922,0.000
67,ec.gp.GPIndividual@1324917794{468377407},3C_20_50-02.txt,61.404,0.250,15.351,8,15.609,101.68,1.951,4.563,0.328
67,ec.gp.GPIndividual@1324917794{468377407},3C_20_66-02.txt,154.245,0.250,38.561,3,6.328,16.41,2.109,5.813,0.000
67,ec.gp.GPIndividual@1324917794{468377407},3C_20_66-01.txt,7.322,0.250,1.831,1,2.438,133.16,2.438,5.813,0.000
67,ec.gp.GPIndividual@1324917794{468377407},3C_20_50-03.txt,30.993,0.250,7.748,5,7.516,97.00,1.503,6.000,0.000
67,ec.gp.GPIndividual@1324917794{468377407},3C_20_66-02.txt,154.245,0.250,38.561,1,0.859,2.23,0.859,6.000,0.000
67,ec.gp.GPIndividual@1727017229{4794107},3C_20_50-02.txt,61.404,0.250,15.351,7,15.578,101.48,2.225,3.984,0.359
67,ec.gp.GPIndividual@1727017229{4794107},3C_20_66-03.txt,118.340,0.250,29.585,5,14.250,48.17,2.850,4.875,0.359
67,ec.gp.GPIndividual@1727017229{4794107},3C_20_80-01.txt,4.194,0.250,1.049,1,1.813,172.85,1.813,4.875,0.359
67,ec.gp.GPIndividual@1727017229{4794107},3C_20_66-03.txt,118.340,0.250,29.585,3,3.531,11.94,1.177,4.875,0.359
67,ec.gp.GPIndividual@1727017229{4794107},3C_20_50-03.txt,30.993,0.250,7.748,3,8.641,111.52,2.880,5.922,0.359
67,ec.gp.GPIndividual@1727017229{4794107},3C_20_80-01.txt,4.194,0.250,1.049,2,5.188,494.70,2.594,5.922,0.359
67,ec.gp.GPIndividual@1727017229{4794107},3C_20_66-01.txt,7.322,0.250,1.831,2,3.547,193.76,1.773,5.922,0.328
67,ec.gp.GPIndividual@1727017229{4794107},3C_20_66-01.txt,7.322,0.250,1.831,3,1.547,84.50,0.516,5.922,0.000
67,ec.gp.GPIndividual@1727017229{4794107},3C_20_80-02.txt,35.738,0.250,8.935,4,9.281,103.88,2.320,5.938,0.000
67,ec.gp.GPIndividual@1727017229{4794107},3C_20_80-01.txt,4.194,0.250,1.049,2,2.219,211.59,1.109,5.938,0.000
67,ec.gp.GPIndividual@1727017229{4794107},3C_20_66-02.txt,154.245,0.250,38.561,1,0.156,0.41,0.156,5.938,0.000
67,ec.gp.GPIndividual@1727017229{4794107},3C_20_66-02.txt,154.245,0.250,38.561,5,16.234,42.10,3.247,9.984,0.000
67,ec.gp.GPIndividual@1389838943{82383717},3C_20_50-02.txt,61.404,0.250,15.351,11,15.422,100.46,1.402,2.563,0.172
67,ec.gp.GPIndividual@1389838943{82383717},3C_20_80-03.txt,169.439,0.250,42.360,1,0.750,1.77,0.750,2.563,0.172
67,ec.gp.GPIndividual@1389838943{82383717},3C_20_66-03.txt,118.340,0.250,29.585,4,6.156,20.81,1.539,3.578,0.000
67,ec.gp.GPIndividual@1389838943{82383717},3C_20_50-03.txt,30.993,0.250,7.748,1,3.063,39.53,3.063,3.578,0.000
67,ec.gp.GPIndividual@1389838943{82383717},3C_20_80-02.txt,35.738,0.250,8.935,5,9.609,107.55,1.922,3.578,0.000
67,ec.gp.GPIndividual@1389838943{82383717},3C_20_80-03.txt,169.439,0.250,42.360,3,5.188,12.25,1.729,3.578,0.000
67,ec.gp.GPIndividual@1389838943{82383717},3C_20_66-03.txt,118.340,0.250,29.585,7,29.078,98.29,4.154,6.406,0.000
67,ec.gp.GPIndividual@1389838943{82383717},3C_20_80-01.txt,4.194,0.250,1.049,4,1.047,99.83,0.262,6.406,0.000
67,ec.gp.GPIndividual@1389838943{82383717},3C_20_80-02.txt,35.738,0.250,8.935,2,8.391,93.91,4.195,6.406,0.000
67,ec.gp.GPIndividual@2076000306{1095624010},3C_20_50-02.txt,61.404,0.250,15.351,1,0.531,3.46,0.531,0.531,0.531
67,ec.gp.GPIndividual@2076000306{1095624010},3C_20_50-03.txt,30.993,0.250,7.748,1,1.063,13.71,1.063,1.063,0.531
67,ec.gp.GPIndividual@2076000306{1095624010},3C_20_80-01.txt,4.194,0.250,1.049,2,2.469,235.43,1.234,1.938,0.531
67,ec.gp.GPIndividual@2076000306{1095624010},3C_20_80-03.txt,169.439,0.250,42.360,2,4.859,11.47,2.430,4.547,0.313
67,ec.gp.GPIndividual@2076000306{1095624010},3C_20_66-01.txt,7.322,0.250,1.831,2,2.078,113.52,1.039,4.547,0.313
67,ec.gp.GPIndividual@2076000306{1095624010},3C_20_80-02.txt,35.738,0.250,8.935,2,9.438,105.63,4.719,8.906,0.313
67,ec.gp.GPIndividual@2076000306{1095624010},3C_20_80-02.txt,35.738,0.250,8.935,1,9.781,109.48,9.781,9.781,0.313
67,ec.gp.GPIndividual@1921319346{-1156085466},3C_20_50-02.txt,61.404,0.250,15.351,1,3.109,20.26,3.109,3.109,3.109
67,ec.gp.GPIndividual@1921319346{-1156085466},3C_20_66-01.txt,7.322,0.250,1.831,3,1.828,99.87,0.609,3.109,0.172
67,ec.gp.GPIndividual@1921319346{-1156085466},3C_20_66-02.txt,154.245,0.250,38.561,1,0.828,2.15,0.828,3.109,0.172
67,ec.gp.GPIndividual@1921319346{-1156085466},3C_20_66-02.txt,154.245,0.250,38.561,1,0.688,1.78,0.688,3.109,0.172
67,ec.gp.GPIndividual@1921319346{-1156085466},3C_20_50-03.txt,30.993,0.250,7.748,5,9.031,116.56,1.806,3.109,0.172
67,ec.gp.GPIndividual@1921319346{-1156085466},3C_20_66-03.txt,118.340,0.250,29.585,2,2.969,10.03,1.484,3.109,0.172
67,ec.gp.GPIndividual@1921319346{-1156085466},3C_20_66-03.txt,118.340,0.250,29.585,1,1.000,3.38,1.000,3.109,0.172
67,ec.gp.GPIndividual@1921319346{-1156085466},3C_20_80-03.txt,169.439,0.250,42.360,8,30.938,73.04,3.867,6.328,0.172
67,ec.gp.GPIndividual@1921319346{-1156085466},3C_20_80-01.txt,4.194,0.250,1.049,1,6.344,604.96,6.344,6.344,0.172
67,ec.gp.GPIndividual@1121616179{1065690714},3C_20_50-02.txt,61.404,0.250,15.351,1,0.500,3.26,0.500,0.500,0.500
67,ec.gp.GPIndividual@1121616179{1065690714},3C_20_80-02.txt,35.738,0.250,8.935,3,4.750,53.16,1.583,2.375,0.500
67,ec.gp.GPIndividual@1121616179{1065690714},3C_20_80-03.txt,169.439,0.250,42.360,1,3.594,8.48,3.594,3.594,0.500
67,ec.gp.GPIndividual@1121616179{1065690714},3C_20_80-01.txt,4.194,0.250,1.049,3,1.078,102.81,0.359,3.594,0.172
67,ec.gp.GPIndividual@1121616179{1065690714},3C_20_80-02.txt,35.738,0.250,8.935,2,9.906,110.88,4.953,7.406,0.172
67,ec.gp.GPIndividual@1121616179{1065690714},3C_20_66-01.txt,7.322,0.250,1.831,1,2.172,118.65,2.172,7.406,0.172
67,ec.gp.GPIndividual@1121616179{1065690714},3C_20_80-03.txt,169.439,0.250,42.360,4,19.141,45.19,4.785,14.641,0.172
67,ec.gp.GPIndividual@1236821599{312196722},3C_20_50-02.txt,61.404,0.250,15.351,1,6.094,39.70,6.094,6.094,6.094
67,ec.gp.GPIndividual@1540598769{1943654966},3C_20_50-02.txt,61.404,0.250,15.351,0,0.000,0.00,0.000,0.000,0.000
67,ec.gp.GPIndividual@1540598769{1943654966},3C_20_50-03.txt,30.993,0.250,7.748,0,0.000,0.00,0.000,0.000,0.000
67,ec.gp.GPIndividual@1540598769{1943654966},3C_20_66-01.txt,7.322,0.250,1.831,0,0.000,0.00,0.000,0.000,0.000
67,ec.gp.GPIndividual@1540598769{1943654966},3C_20_66-02.txt,154.245,0.250,38.561,0,0.000,0.00,0.000,0.000,0.000
67,ec.gp.GPIndividual@1540598769{1943654966},3C_20_66-03.txt,118.340,0.250,29.585,0,0.000,0.00,0.000,0.000,0.000
67,ec.gp.GPIndividual@1540598769{1943654966},3C_20_80-01.txt,4.194,0.250,1.049,0,0.000,0.00,0.000,0.000,0.000
67,ec.gp.GPIndividual@1540598769{1943654966},3C_20_80-02.txt,35.738,0.250,8.935,0,0.000,0.00,0.000,0.000,0.000
67,ec.gp.GPIndividual@1540598769{1943654966},3C_20_80-03.txt,169.439,0.250,42.360,0,0.000,0.00,0.000,0.000,0.000
67,ec.gp.GPIndividual@1198250527{-435071813},3C_20_50-02.txt,61.404,0.250,15.351,1,12.500,81.43,12.500,12.500,12.500
67,ec.gp.GPIndividual@1960034020{1869697321},3C_20_50-02.txt,61.404,0.250,15.351,4,14.813,96.49,3.703,13.797,0.281
67,ec.gp.GPIndividual@1960034020{1869697321},3C_20_66-02.txt,154.245,0.250,38.561,1,16.063,41.65,16.063,16.063,0.281
67,ec.gp.GPIndividual@1960034020{1869697321},3C_20_50-03.txt,30.993,0.250,7.748,4,6.719,86.71,1.680,16.063,0.281
67,ec.gp.GPIndividual@1960034020{1869697321},3C_20_66-01.txt,7.322,0.250,1.831,1,1.969,107.55,1.969,16.063,0.281
67,ec.gp.GPIndividual@1960034020{1869697321},3C_20_66-03.txt,118.340,0.250,29.585,13,27.266,92.16,2.097,16.063,0.281
67,ec.gp.GPIndividual@1960034020{1869697321},3C_20_80-01.txt,4.194,0.250,1.049,2,0.766,73.01,0.383,16.063,0.281
67,ec.gp.GPIndividual@1960034020{1869697321},3C_20_80-02.txt,35.738,0.250,8.935,1,3.703,41.45,3.703,16.063,0.281
67,ec.gp.GPIndividual@1960034020{1869697321},3C_20_66-02.txt,154.245,0.250,38.561,3,11.906,30.88,3.969,16.063,0.281
67,ec.gp.GPIndividual@1960034020{1869697321},3C_20_50-03.txt,30.993,0.250,7.748,1,7.578,97.81,7.578,16.063,0.281
67,ec.gp.GPIndividual@1960034020{1869697321},3C_20_50-03.txt,30.993,0.250,7.748,5,7.781,100.43,1.556,16.063,0.281
67,ec.gp.GPIndividual@1960034020{1869697321},3C_20_66-01.txt,7.322,0.250,1.831,2,2.250,122.91,1.125,16.063,0.281
67,ec.gp.GPIndividual@1960034020{1869697321},3C_20_66-03.txt,118.340,0.250,29.585,1,0.516,1.74,0.516,16.063,0.281
67,ec.gp.GPIndividual@1960034020{1869697321},3C_20_80-03.txt,169.439,0.250,42.360,11,35.859,84.65,3.260,16.063,0.281
67,ec.gp.GPIndividual@1960034020{1869697321},3C_20_66-01.txt,7.322,0.250,1.831,1,5.484,299.60,5.484,16.063,0.281
67,ec.gp.GPIndividual@1960034020{1869697321},3C_20_66-01.txt,7.322,0.250,1.831,3,2.188,119.50,0.729,16.063,0.281
67,ec.gp.GPIndividual@1960034020{1869697321},3C_20_66-02.txt,154.245,0.250,38.561,3,7.813,20.26,2.604,16.063,0.125
67,ec.gp.GPIndividual@430241196{1060032199},3C_20_50-02.txt,61.404,0.250,15.351,1,10.141,66.06,10.141,10.141,10.141
67,ec.gp.GPIndividual@430241196{1060032199},3C_20_80-03.txt,169.439,0.250,42.360,2,0.672,1.59,0.336,10.141,0.109
67,ec.gp.GPIndividual@430241196{1060032199},3C_20_80-02.txt,35.738,0.250,8.935,10,8.797,98.46,0.880,10.141,0.109
67,ec.gp.GPIndividual@430241196{1060032199},3C_20_80-03.txt,169.439,0.250,42.360,3,4.438,10.48,1.479,10.141,0.109
67,ec.gp.GPIndividual@430241196{1060032199},3C_20_80-03.txt,169.439,0.250,42.360,4,24.313,57.40,6.078,15.766,0.109
67,ec.gp.GPIndividual@826146808{-1253449444},3C_20_50-02.txt,61.404,0.250,15.351,2,13.766,89.67,6.883,13.547,0.219
67,ec.gp.GPIndividual@1555497963{663282340},3C_20_50-02.txt,61.404,0.250,15.351,3,17.531,114.20,5.844,16.359,0.172
67,ec.gp.GPIndividual@1555497963{663282340},3C_20_50-03.txt,30.993,0.250,7.748,1,14.984,193.39,14.984,16.359,0.172
67,ec.gp.GPIndividual@278499518{1865603352},3C_20_50-02.txt,61.404,0.250,15.351,4,8.063,52.52,2.016,6.156,0.141
67,ec.gp.GPIndividual@278499518{1865603352},3C_20_50-03.txt,30.993,0.250,7.748,1,10.250,132.29,10.250,10.250,0.141
67,ec.gp.GPIndividual@278499518{1865603352},3C_20_80-01.txt,4.194,0.250,1.049,1,3.734,356.12,3.734,10.250,0.141
67,ec.gp.GPIndividual@278499518{1865603352},3C_20_66-01.txt,7.322,0.250,1.831,1,1.922,104.99,1.922,10.250,0.141
67,ec.gp.GPIndividual@278499518{1865603352},3C_20_66-01.txt,7.322,0.250,1.831,3,1.234,67.43,0.411,10.250,0.141
67,ec.gp.GPIndividual@278499518{1865603352},3C_20_66-02.txt,154.245,0.250,38.561,9,5.563,14.43,0.618,10.250,0.141
67,ec.gp.GPIndividual@278499518{1865603352},3C_20_66-03.txt,118.340,0.250,29.585,4,5.766,19.49,1.441,10.250,0.141
67,ec.gp.GPIndividual@278499518{1865603352},3C_20_80-01.txt,4.194,0.250,1.049,2,0.875,83.44,0.438,10.250,0.141
67,ec.gp.GPIndividual@278499518{1865603352},3C_20_80-02.txt,35.738,0.250,8.935,4,2.516,28.16,0.629,10.250,0.141
67,ec.gp.GPIndividual@278499518{1865603352},3C_20_80-02.txt,35.738,0.250,8.935,3,2.063,23.08,0.688,10.250,0.141
67,ec.gp.GPIndividual@278499518{1865603352},3C_20_80-03.txt,169.439,0.250,42.360,3,3.922,9.26,1.307,10.250,0.141
67,ec.gp.GPIndividual@1376671569{369992919},3C_20_50-02.txt,61.404,0.250,15.351,0,0.000,0.00,0.000,0.000,0.000
67,ec.gp.GPIndividual@1376671569{369992919},3C_20_50-03.txt,30.993,0.250,7.748,0,0.000,0.00,0.000,0.000,0.000
67,ec.gp.GPIndividual@1376671569{369992919},3C_20_66-01.txt,7.322,0.250,1.831,0,0.000,0.00,0.000,0.000,0.000
67,ec.gp.GPIndividual@1376671569{369992919},3C_20_66-02.txt,154.245,0.250,38.561,0,0.000,0.00,0.000,0.000,0.000
67,ec.gp.GPIndividual@1376671569{369992919},3C_20_66-03.txt,118.340,0.250,29.585,0,0.000,0.00,0.000,0.000,0.000
67,ec.gp.GPIndividual@1376671569{369992919},3C_20_80-01.txt,4.194,0.250,1.049,0,0.000,0.00,0.000,0.000,0.000
67,ec.gp.GPIndividual@1376671569{369992919},3C_20_80-02.txt,35.738,0.250,8.935,0,0.000,0.00,0.000,0.000,0.000
67,ec.gp.GPIndividual@1376671569{369992919},3C_20_80-03.txt,169.439,0.250,42.360,0,0.000,0.00,0.000,0.000,0.000
68,ec.gp.GPIndividual@2115519749{28592397},3C_20_50-02.txt,61.404,0.250,15.351,13,13.938,90.79,1.072,2.000,0.375
68,ec.gp.GPIndividual@2115519749{28592397},3C_20_50-03.txt,30.993,0.250,7.748,1,0.406,5.24,0.406,2.000,0.375
68,ec.gp.GPIndividual@2115519749{28592397},3C_20_50-03.txt,30.993,0.250,7.748,1,0.797,10.28,0.797,2.000,0.375
68,ec.gp.GPIndividual@2115519749{28592397},3C_20_50-03.txt,30.993,0.250,7.748,2,4.063,52.43,2.031,2.359,0.375
68,ec.gp.GPIndividual@2115519749{28592397},3C_20_50-03.txt,30.993,0.250,7.748,3,8.797,113.54,2.932,3.219,0.375
68,ec.gp.GPIndividual@2115519749{28592397},3C_20_66-01.txt,7.322,0.250,1.831,0,0.000,0.00,0.000,3.219,0.375
68,ec.gp.GPIndividual@2115519749{28592397},3C_20_66-01.txt,7.322,0.250,1.831,1,3.313,180.96,3.313,3.313,0.375
68,ec.gp.GPIndividual@2115519749{28592397},3C_20_66-01.txt,7.322,0.250,1.831,1,2.563,139.99,2.563,3.313,0.375
68,ec.gp.GPIndividual@2115519749{28592397},3C_20_50-03.txt,30.993,0.250,7.748,1,2.172,28.03,2.172,3.313,0.375
68,ec.gp.GPIndividual@2115519749{28592397},3C_20_50-03.txt,30.993,0.250,7.748,7,9.281,119.79,1.326,3.313,0.375
68,ec.gp.GPIndividual@2115519749{28592397},3C_20_66-02.txt,154.245,0.250,38.561,0,0.000,0.00,0.000,3.313,0.375
68,ec.gp.GPIndividual@2115519749{28592397},3C_20_66-02.txt,154.245,0.250,38.561,2,0.875,2.27,0.438,3.313,0.000
68,ec.gp.GPIndividual@2115519749{28592397},3C_20_66-01.txt,7.322,0.250,1.831,1,0.469,25.61,0.469,3.313,0.000
68,ec.gp.GPIndividual@2115519749{28592397},3C_20_66-02.txt,154.245,0.250,38.561,8,17.156,44.49,2.145,3.313,0.000
68,ec.gp.GPIndividual@2115519749{28592397},3C_20_66-02.txt,154.245,0.250,38.561,1,1.422,3.69,1.422,3.313,0.000
68,ec.gp.GPIndividual@2115519749{28592397},3C_20_66-03.txt,118.340,0.250,29.585,1,1.547,5.23,1.547,3.313,0.000
68,ec.gp.GPIndividual@2115519749{28592397},3C_20_66-03.txt,118.340,0.250,29.585,9,20.016,67.65,2.224,4.563,0.000
68,ec.gp.GPIndividual@2115519749{28592397},3C_20_66-03.txt,118.340,0.250,29.585,1,5.906,19.96,5.906,5.906,0.000
68,ec.gp.GPIndividual@2115519749{28592397},3C_20_80-01.txt,4.194,0.250,1.049,1,6.250,596.02,6.250,6.250,0.000
68,ec.gp.GPIndividual@2115519749{28592397},3C_20_80-01.txt,4.194,0.250,1.049,3,1.344,128.14,0.448,6.250,0.000
68,ec.gp.GPIndividual@2115519749{28592397},3C_20_80-02.txt,35.738,0.250,8.935,1,1.297,14.52,1.297,6.250,0.000
68,ec.gp.GPIndividual@2115519749{28592397},3C_20_80-02.txt,35.738,0.250,8.935,2,9.266,103.71,4.633,7.109,0.000
68,ec.gp.GPIndividual@2115519749{28592397},3C_20_80-03.txt,169.439,0.250,42.360,2,7.969,18.81,3.984,7.125,0.000
68,ec.gp.GPIndividual@2115519749{28592397},3C_20_66-01.txt,7.322,0.250,1.831,1,4.484,244.97,4.484,7.125,0.000
68,ec.gp.GPIndividual@2115519749{28592397},3C_20_66-03.txt,118.340,0.250,29.585,2,2.875,9.72,1.438,7.125,0.000
68,ec.gp.GPIndividual@2115519749{28592397},3C_20_80-03.txt,169.439,0.250,42.360,1,5.734,13.54,5.734,7.125,0.000
68,ec.gp.GPIndividual@2115519749{28592397},3C_20_80-01.txt,4.194,0.250,1.049,1,1.063,101.32,1.063,7.125,0.000
68,ec.gp.GPIndividual@2115519749{28592397},3C_20_66-02.txt,154.245,0.250,38.561,4,5.813,15.07,1.453,7.125,0.000
68,ec.gp.GPIndividual@2115519749{28592397},3C_20_80-02.txt,35.738,0.250,8.935,1,6.016,67.33,6.016,7.125,0.000
68,ec.gp.GPIndividual@1611775535{1285155789},3C_20_50-02.txt,61.404,0.250,15.351,7,16.141,105.14,2.306,6.422,0.000
68,ec.gp.GPIndividual@1327096199{967496421},3C_20_50-02.txt,61.404,0.250,15.351,1,2.109,13.74,2.109,2.109,2.109
68,ec.gp.GPIndividual@1327096199{967496421},3C_20_80-03.txt,169.439,0.250,42.360,6,16.016,37.81,2.669,8.922,0.344
68,ec.gp.GPIndividual@1327096199{967496421},3C_20_80-01.txt,4.194,0.250,1.049,1,1.906,181.79,1.906,8.922,0.344
68,ec.gp.GPIndividual@1327096199{967496421},3C_20_50-03.txt,30.993,0.250,7.748,5,6.359,82.08,1.272,8.922,0.344
68,ec.gp.GPIndividual@1327096199{967496421},3C_20_80-02.txt,35.738,0.250,8.935,2,1.813,20.29,0.906,8.922,0.000
68,ec.gp.GPIndividual@1327096199{967496421},3C_20_50-03.txt,30.993,0.250,7.748,2,2.344,30.25,1.172,8.922,0.000
68,ec.gp.GPIndividual@1327096199{967496421},3C_20_66-03.txt,118.340,0.250,29.585,2,8.953,30.26,4.477,8.922,0.000
68,ec.gp.GPIndividual@43800863{-248666541},3C_20_50-02.txt,61.404,0.250,15.351,10,15.094,98.32,1.509,4.453,0.000
68,ec.gp.GPIndividual@43800863{-248666541},3C_20_66-01.txt,7.322,0.250,1.831,1,2.656,145.11,2.656,4.453,0.000
68,ec.gp.GPIndividual@43800863{-248666541},3C_20_50-03.txt,30.993,0.250,7.748,3,10.531,135.92,3.510,5.984,0.000
68,ec.gp.GPIndividual@43800863{-248666541},3C_20_80-01.txt,4.194,0.250,1.049,3,1.156,110.26,0.385,5.984,0.000
68,ec.gp.GPIndividual@43800863{-248666541},3C_20_66-02.txt,154.245,0.250,38.561,3,1.859,4.82,0.620,5.984,0.000
68,ec.gp.GPIndividual@43800863{-248666541},3C_20_66-01.txt,7.322,0.250,1.831,3,1.859,101.57,0.620,5.984,0.000
68,ec.gp.GPIndividual@43800863{-248666541},3C_20_80-03.txt,169.439,0.250,42.360,3,13.813,32.61,4.604,11.938,0.000
68,ec.gp.GPIndividual@43800863{-248666541},3C_20_66-01.txt,7.322,0.250,1.831,1,3.219,175.84,3.219,11.938,0.000
68,ec.gp.GPIndividual@43800863{-248666541},3C_20_66-01.txt,7.322,0.250,1.831,1,2.406,131.45,2.406,11.938,0.000
68,ec.gp.GPIndividual@43800863{-248666541},3C_20_66-03.txt,118.340,0.250,29.585,9,10.172,34.38,1.130,11.938,0.000
68,ec.gp.GPIndividual@43800863{-248666541},3C_20_66-02.txt,154.245,0.250,38.561,17,38.672,100.29,2.275,11.938,0.000
68,ec.gp.GPIndividual@43800863{-248666541},3C_20_80-02.txt,35.738,0.250,8.935,2,3.063,34.28,1.531,11.938,0.000
68,ec.gp.GPIndividual@43800863{-248666541},3C_20_80-01.txt,4.194,0.250,1.049,3,2.141,204.14,0.714,11.938,0.000
68,ec.gp.GPIndividual@43800863{-248666541},3C_20_66-03.txt,118.340,0.250,29.585,3,0.156,0.53,0.052,11.938,0.000
68,ec.gp.GPIndividual@43800863{-248666541},3C_20_80-02.txt,35.738,0.250,8.935,2,9.797,109.65,4.898,11.938,0.000
68,ec.gp.GPIndividual@43800863{-248666541},3C_20_66-02.txt,154.245,0.250,38.561,4,21.250,55.11,5.313,11.938,0.000
68,ec.gp.GPIndividual@293160996{-1292250137},3C_20_50-02.txt,61.404,0.250,15.351,9,17.859,116.34,1.984,6.203,0.484
68,ec.gp.GPIndividual@293160996{-1292250137},3C_20_80-01.txt,4.194,0.250,1.049,2,1.422,135.59,0.711,6.203,0.000
68,ec.gp.GPIndividual@293160996{-1292250137},3C_20_80-03.txt,169.439,0.250,42.360,5,6.594,15.57,1.319,6.203,0.000
68,ec.gp.GPIndividual@293160996{-1292250137},3C_20_80-02.txt,35.738,0.250,8.935,4,4.813,53.86,1.203,6.203,0.000
68,ec.gp.GPIndividual@293160996{-1292250137},3C_20_50-03.txt,30.993,0.250,7.748,3,5.016,64.73,1.672,6.203,0.000
68,ec.gp.GPIndividual@293160996{-1292250137},3C_20_80-03.txt,169.439,0.250,42.360,3,8.531,20.14,2.844,6.203,0.000
68,ec.gp.GPIndividual@293160996{-1292250137},3C_20_66-03.txt,118.340,0.250,29.585,3,15.844,53.55,5.281,12.609,0.000
68,ec.gp.GPIndividual@293160996{-1292250137},3C_20_66-02.txt,154.245,0.250,38.561,9,44.188,114.59,4.910,16.281,0.000
68,ec.gp.GPIndividual@293160996{-1292250137},3C_20_80-03.txt,169.439,0.250,42.360,4,28.141,66.43,7.035,16.281,0.000
68,ec.gp.GPIndividual@285545891{436361186},3C_20_50-02.txt,61.404,0.250,15.351,2,4.688,30.54,2.344,4.344,0.344
68,ec.gp.GPIndividual@285545891{436361186},3C_20_80-01.txt,4.194,0.250,1.049,3,1.063,101.32,0.354,4.344,0.172
68,ec.gp.GPIndividual@285545891{436361186},3C_20_80-02.txt,35.738,0.250,8.935,3,8.453,94.61,2.818,6.313,0.172
68,ec.gp.GPIndividual@1409454310{-1498323119},3C_20_50-02.txt,61.404,0.250,15.351,9,17.203,112.06,1.911,3.281,0.531
68,ec.gp.GPIndividual@1409454310{-1498323119},3C_20_50-03.txt,30.993,0.250,7.748,1,0.328,4.23,0.328,3.281,0.328
68,ec.gp.GPIndividual@1409454310{-1498323119},3C_20_80-03.txt,169.439,0.250,42.360,1,1.000,2.36,1.000,3.281,0.328
68,ec.gp.GPIndividual@1409454310{-1498323119},3C_20_50-03.txt,30.993,0.250,7.748,1,9.469,122.21,9.469,9.469,0.328
68,ec.gp.GPIndividual@1409454310{-1498323119},3C_20_66-01.txt,7.322,0.250,1.831,4,1.578,86.21,0.395,9.469,0.000
68,ec.gp.GPIndividual@1409454310{-1498323119},3C_20_66-02.txt,154.245,0.250,38.561,1,14.406,37.36,14.406,14.406,0.000
68,ec.gp.GPIndividual@1409454310{-1498323119},3C_20_66-03.txt,118.340,0.250,29.585,1,15.063,50.91,15.063,15.063,0.000
68,ec.gp.GPIndividual@651894271{2077448608},3C_20_50-02.txt,61.404,0.250,15.351,7,18.625,121.33,2.661,5.844,0.500
68,ec.gp.GPIndividual@886503793{-1082690374},3C_20_50-02.txt,61.404,0.250,15.351,2,1.578,10.28,0.789,1.063,0.516
68,ec.gp.GPIndividual@886503793{-1082690374},3C_20_66-03.txt,118.340,0.250,29.585,1,3.406,11.51,3.406,3.406,0.516
68,ec.gp.GPIndividual@886503793{-1082690374},3C_20_66-01.txt,7.322,0.250,1.831,2,1.906,104.14,0.953,3.406,0.172
68,ec.gp.GPIndividual@886503793{-1082690374},3C_20_50-03.txt,30.993,0.250,7.748,6,8.422,108.70,1.404,4.406,0.172
68,ec.gp.GPIndividual@886503793{-1082690374},3C_20_66-02.txt,154.245,0.250,38.561,7,16.219,42.06,2.317,5.969,0.156
68,ec.gp.GPIndividual@886503793{-1082690374},3C_20_50-03.txt,30.993,0.250,7.748,3,10.828,139.75,3.609,5.984,0.156
68,ec.gp.GPIndividual@886503793{-1082690374},3C_20_80-01.txt,4.194,0.250,1.049,3,1.078,102.81,0.359,5.984,0.156
68,ec.gp.GPIndividual@886503793{-1082690374},3C_20_80-02.txt,35.738,0.250,8.935,1,1.234,13.82,1.234,5.984,0.156
68,ec.gp.GPIndividual@886503793{-1082690374},3C_20_66-03.txt,118.340,0.250,29.585,1,1.781,6.02,1.781,5.984,0.156
68,ec.gp.GPIndividual@886503793{-1082690374},3C_20_80-01.txt,4.194,0.250,1.049,2,4.656,444.04,2.328,5.984,0.156
68,ec.gp.GPIndividual@886503793{-1082690374},3C_20_66-01.txt,7.322,0.250,1.831,2,3.469,189.49,1.734,5.984,0.156
68,ec.gp.GPIndividual@886503793{-1082690374},3C_20_66-01.txt,7.322,0.250,1.831,2,0.656,35.85,0.328,5.984,0.000
68,ec.gp.GPIndividual@886503793{-1082690374},3C_20_80-02.txt,35.738,0.250,8.935,3,8.938,100.03,2.979,6.969,0.000
68,ec.gp.GPIndividual@886503793{-1082690374},3C_20_66-02.txt,154.245,0.250,38.561,22,38.203,99.07,1.737,6.969,0.000
68,ec.gp.GPIndividual@886503793{-1082690374},3C_20_80-03.txt,169.439,0.250,42.360,2,2.953,6.97,1.477,6.969,0.000
68,ec.gp.GPIndividual@886503793{-1082690374},3C_20_80-01.txt,4.194,0.250,1.049,1,8.641,824.00,8.641,8.641,0.000
68,ec.gp.GPIndividual@886503793{-1082690374},3C_20_66-01.txt,7.322,0.250,1.831,1,3.156,172.42,3.156,8.641,0.000
68,ec.gp.GPIndividual@886503793{-1082690374},3C_20_80-03.txt,169.439,0.250,42.360,16,41.969,99.08,2.623,8.641,0.000
68,ec.gp.GPIndividual@1974839739{-585273462},3C_20_50-02.txt,61.404,0.250,15.351,3,11.656,75.93,3.885,8.969,0.516
68,ec.gp.GPIndividual@2016936268{-794865743},3C_20_50-02.txt,61.404,0.250,15.351,4,24.563,160.00,6.141,13.828,0.531
68,ec.gp.GPIndividual@2016936268{-794865743},3C_20_66-03.txt,118.340,0.250,29.585,6,26.109,88.25,4.352,14.516,0.000
68,ec.gp.GPIndividual@2016936268{-794865743},3C_20_80-02.txt,35.738,0.250,8.935,3,5.594,62.61,1.865,14.516,0.000
68,ec.gp.GPIndividual@2016936268{-794865743},3C_20_50-03.txt,30.993,0.250,7.748,3,5.703,73.61,1.901,14.516,0.000
68,ec.gp.GPIndividual@2016936268{-794865743},3C_20_66-02.txt,154.245,0.250,38.561,3,15.016,38.94,5.005,14.516,0.000
68,ec.gp.GPIndividual@2016936268{-794865743},3C_20_66-02.txt,154.245,0.250,38.561,18,38.250,99.19,2.125,14.516,0.000
68,ec.gp.GPIndividual@2016936268{-794865743},3C_20_66-03.txt,118.340,0.250,29.585,3,9.016,30.47,3.005,14.516,0.000
68,ec.gp.GPIndividual@2016936268{-794865743},3C_20_80-03.txt,169.439,0.250,42.360,6,40.500,95.61,6.750,14.516,0.000
68,ec.gp.GPIndividual@831613965{-2140688987},3C_20_50-02.txt,61.404,0.250,15.351,3,8.375,54.56,2.792,4.016,0.500
68,ec.gp.GPIndividual@831613965{-2140688987},3C_20_66-01.txt,7.322,0.250,1.831,1,11.719,640.18,11.719,11.719,0.500
68,ec.gp.GPIndividual@831613965{-2140688987},3C_20_66-03.txt,118.340,0.250,29.585,5,18.141,61.32,3.628,11.719,0.500
68,ec.gp.GPIndividual@831613965{-2140688987},3C_20_80-01.txt,4.194,0.250,1.049,1,2.453,233.94,2.453,11.719,0.500
68,ec.gp.GPIndividual@831613965{-2140688987},3C_20_50-03.txt,30.993,0.250,7.748,3,15.500,200.05,5.167,13.688,0.469
68,ec.gp.GPIndividual@831613965{-2140688987},3C_20_80-01.txt,4.194,0.250,1.049,1,1.406,134.10,1.406,13.688,0.469
68,ec.gp.GPIndividual@831613965{-2140688987},3C_20_66-02.txt,154.245,0.250,38.561,14,39.656,102.84,2.833,13.688,0.469
68,ec.gp.GPIndividual@831613965{-2140688987},3C_20_66-01.txt,7.322,0.250,1.831,2,2.688,146.81,1.344,13.688,0.469
68,ec.gp.GPIndividual@831613965{-2140688987},3C_20_66-03.txt,118.340,0.250,29.585,7,17.156,57.99,2.451,13.688,0.469
68,ec.gp.GPIndividual@831613965{-2140688987},3C_20_50-03.txt,30.993,0.250,7.748,4,8.266,106.68,2.066,13.688,0.469
68,ec.gp.GPIndividual@831613965{-2140688987},3C_20_66-02.txt,154.245,0.250,38.561,13,38.844,100.73,2.988,13.688,0.469
68,ec.gp.GPIndividual@831613965{-2140688987},3C_20_66-01.txt,7.322,0.250,1.831,2,1.250,68.29,0.625,13.688,0.469
68,ec.gp.GPIndividual@831613965{-2140688987},3C_20_66-03.txt,118.340,0.250,29.585,2,4.672,15.79,2.336,13.688,0.469
68,ec.gp.GPIndividual@831613965{-2140688987},3C_20_80-01.txt,4.194,0.250,1.049,2,1.188,113.24,0.594,13.688,0.172
68,ec.gp.GPIndividual@831613965{-2140688987},3C_20_66-02.txt,154.245,0.250,38.561,2,5.672,14.71,2.836,13.688,0.172
68,ec.gp.GPIndividual@831613965{-2140688987},3C_20_80-01.txt,4.194,0.250,1.049,1,1.063,101.32,1.063,13.688,0.172
68,ec.gp.GPIndividual@831613965{-2140688987},3C_20_80-02.txt,35.738,0.250,8.935,4,14.281,159.84,3.570,13.688,0.172
68,ec.gp.GPIndividual@831613965{-2140688987},3C_20_80-02.txt,35.738,0.250,8.935,5,12.203,136.58,2.441,13.688,0.172
68,ec.gp.GPIndividual@831613965{-2140688987},3C_20_80-01.txt,4.194,0.250,1.049,2,2.781,265.23,1.391,13.688,0.172
68,ec.gp.GPIndividual@831613965{-2140688987},3C_20_80-03.txt,169.439,0.250,42.360,1,14.438,34.08,14.438,14.438,0.172
68,ec.gp.GPIndividual@831613965{-2140688987},3C_20_80-02.txt,35.738,0.250,8.935,3,3.016,33.75,1.005,14.438,0.172
68,ec.gp.GPIndividual@831613965{-2140688987},3C_20_80-03.txt,169.439,0.250,42.360,19,42.375,100.04,2.230,14.438,0.172
68,ec.gp.GPIndividual@831613965{-2140688987},3C_20_80-02.txt,35.738,0.250,8.935,1,1.375,15.39,1.375,14.438,0.172
68,ec.gp.GPIndividual@831613965{-2140688987},3C_20_80-03.txt,169.439,0.250,42.360,2,6.375,15.05,3.188,14.438,0.172
68,ec.gp.GPIndividual@703974355{1658738400},3C_20_50-02.txt,61.404,0.250,15.351,6,15.813,103.01,2.635,7.328,0.516
68,ec.gp.GPIndividual@703974355{1658738400},3C_20_50-03.txt,30.993,0.250,7.748,1,0.656,8.47,0.656,7.328,0.516
68,ec.gp.GPIndividual@1045887786{1145540275},3C_20_50-02.txt,61.404,0.250,15.351,8,30.328,197.56,3.791,13.719,0.359
68,ec.gp.GPIndividual@1045887786{1145540275},3C_20_66-03.txt,118.340,0.250,29.585,2,2.422,8.19,1.211,13.719,0.359
68,ec.gp.GPIndividual@1064927257{-2078912240},3C_20_50-02.txt,61.404,0.250,15.351,0,0.000,0.00,0.000,0.000,0.000
68,ec.gp.GPIndividual@1064927257{-2078912240},3C_20_50-03.txt,30.993,0.250,7.748,0,0.000,0.00,0.000,0.000,0.000
68,ec.gp.GPIndividual@1064927257{-2078912240},3C_20_66-01.txt,7.322,0.250,1.831,0,0.000,0.00,0.000,0.000,0.000
68,ec.gp.GPIndividual@1064927257{-2078912240},3C_20_66-02.txt,154.245,0.250,38.561,0,0.000,0.00,0.000,0.000,0.000
68,ec.gp.GPIndividual@1064927257{-2078912240},3C_20_66-03.txt,118.340,0.250,29.585,0,0.000,0.00,0.000,0.000,0.000
68,ec.gp.GPIndividual@1064927257{-2078912240},3C_20_80-01.txt,4.194,0.250,1.049,1,1.719,163.91,1.719,1.719,1.719
68,ec.gp.GPIndividual@1064927257{-2078912240},3C_20_80-02.txt,35.738,0.250,8.935,0,0.000,0.00,0.000,1.719,1.719
68,ec.gp.GPIndividual@1064927257{-2078912240},3C_20_80-03.txt,169.439,0.250,42.360,0,0.000,0.00,0.000,1.719,1.719
68,ec.gp.GPIndividual@1064927257{-2078912240},3C_20_80-03.txt,169.439,0.250,42.360,0,0.000,0.00,0.000,1.719,1.719
68,ec.gp.GPIndividual@554809112{1434604281},3C_20_50-02.txt,61.404,0.250,15.351,5,9.750,63.51,1.950,4.609,0.313
68,ec.gp.GPIndividual@554809112{1434604281},3C_20_50-03.txt,30.993,0.250,7.748,3,8.219,106.07,2.740,4.609,0.313
68,ec.gp.GPIndividual@554809112{1434604281},3C_20_66-01.txt,7.322,0.250,1.831,1,5.859,320.09,5.859,5.859,0.313
68,ec.gp.GPIndividual@554809112{1434604281},3C_20_80-01.txt,4.194,0.250,1.049,1,0.484,46.19,0.484,5.859,0.313
68,ec.gp.GPIndividual@554809112{1434604281},3C_20_50-03.txt,30.993,0.250,7.748,4,10.516,135.72,2.629,5.984,0.313
68,ec.gp.GPIndividual@413289945{-1814374865},3C_20_50-02.txt,61.404,0.250,15.351,9,16.406,106.87,1.823,4.172,0.500
68,ec.gp.GPIndividual@413289945{-1814374865},3C_20_66-01.txt,7.322,0.250,1.831,3,1.844,100.72,0.615,4.172,0.156
68,ec.gp.GPIndividual@413289945{-1814374865},3C_20_80-02.txt,35.738,0.250,8.935,4,4.594,51.42,1.148,4.172,0.000
68,ec.gp.GPIndividual@413289945{-1814374865},3C_20_66-01.txt,7.322,0.250,1.831,1,2.172,118.65,2.172,4.172,0.000
68,ec.gp.GPIndividual@413289945{-1814374865},3C_20_50-03.txt,30.993,0.250,7.748,2,5.375,69.37,2.688,4.484,0.000
68,ec.gp.GPIndividual@413289945{-1814374865},3C_20_80-02.txt,35.738,0.250,8.935,5,8.734,97.76,1.747,4.484,0.000
68,ec.gp.GPIndividual@413289945{-1814374865},3C_20_66-02.txt,154.245,0.250,38.561,4,6.188,16.05,1.547,4.484,0.000
68,ec.gp.GPIndividual@413289945{-1814374865},3C_20_66-02.txt,154.245,0.250,38.561,21,39.688,102.92,1.890,4.484,0.000
68,ec.gp.GPIndividual@413289945{-1814374865},3C_20_80-03.txt,169.439,0.250,42.360,2,1.938,4.57,0.969,4.484,0.000
68,ec.gp.GPIndividual@413289945{-1814374865},3C_20_66-03.txt,118.340,0.250,29.585,6,30.844,104.26,5.141,8.813,0.000
68,ec.gp.GPIndividual@413289945{-1814374865},3C_20_66-02.txt,154.245,0.250,38.561,8,39.469,102.35,4.934,9.484,0.000
68,ec.gp.GPIndividual@413289945{-1814374865},3C_20_66-03.txt,118.340,0.250,29.585,3,6.734,22.76,2.245,9.484,0.000
68,ec.gp.GPIndividual@413289945{-1814374865},3C_20_80-01.txt,4.194,0.250,1.049,3,1.063,101.32,0.354,9.484,0.000
68,ec.gp.GPIndividual@413289945{-1814374865},3C_20_80-02.txt,35.738,0.250,8.935,3,8.594,96.19,2.865,9.484,0.000
68,ec.gp.GPIndividual@413289945{-1814374865},3C_20_66-03.txt,118.340,0.250,29.585,1,1.047,3.54,1.047,9.484,0.000
68,ec.gp.GPIndividual@413289945{-1814374865},3C_20_80-03.txt,169.439,0.250,42.360,9,42.156,99.52,4.684,15.219,0.000
68,ec.gp.GPIndividual@413289945{-1814374865},3C_20_80-03.txt,169.439,0.250,42.360,3,13.391,31.61,4.464,15.219,0.000
68,ec.gp.GPIndividual@158442169{-2059119031},3C_20_50-02.txt,61.404,0.250,15.351,6,15.391,100.26,2.565,7.047,0.172
68,ec.gp.GPIndividual@158442169{-2059119031},3C_20_80-01.txt,4.194,0.250,1.049,1,6.344,604.96,6.344,7.047,0.172
68,ec.gp.GPIndividual@1987329304{-211864492},3C_20_50-02.txt,61.404,0.250,15.351,3,4.969,32.37,1.656,3.969,0.500
68,ec.gp.GPIndividual@1987329304{-211864492},3C_20_80-01.txt,4.194,0.250,1.049,2,3.359,320.36,1.680,3.969,0.500
68,ec.gp.GPIndividual@1987329304{-211864492},3C_20_50-03.txt,30.993,0.250,7.748,3,14.844,191.58,4.948,13.313,0.313
68,ec.gp.GPIndividual@1987329304{-211864492},3C_20_66-01.txt,7.322,0.250,1.831,1,1.875,102.43,1.875,13.313,0.313
68,ec.gp.GPIndividual@1987329304{-211864492},3C_20_50-03.txt,30.993,0.250,7.748,5,6.109,78.85,1.222,13.313,0.313
68,ec.gp.GPIndividual@1987329304{-211864492},3C_20_80-02.txt,35.738,0.250,8.935,4,9.406,105.28,2.352,13.313,0.313
68,ec.gp.GPIndividual@1987329304{-211864492},3C_20_66-01.txt,7.322,0.250,1.831,1,12.094,660.66,12.094,13.313,0.313
68,ec.gp.GPIndividual@6385881{-1941660048},3C_20_50-02.txt,61.404,0.250,15.351,4,13.063,85.09,3.266,9.344,0.297
68,ec.gp.GPIndividual@6385881{-1941660048},3C_20_66-03.txt,118.340,0.250,29.585,3,26.828,90.68,8.943,13.063,0.297
68,ec.gp.GPIndividual@6385881{-1941660048},3C_20_66-03.txt,118.340,0.250,29.585,1,1.219,4.12,1.219,13.063,0.297
68,ec.gp.GPIndividual@1276941779{400412414},3C_20_50-02.txt,61.404,0.250,15.351,6,14.969,97.51,2.495,5.141,0.422
68,ec.gp.GPIndividual@1276941779{400412414},3C_20_80-01.txt,4.194,0.250,1.049,1,2.125,202.65,2.125,5.141,0.422
68,ec.gp.GPIndividual@1276941779{400412414},3C_20_50-03.txt,30.993,0.250,7.748,2,2.922,37.71,1.461,5.141,0.422
68,ec.gp.GPIndividual@1276941779{400412414},3C_20_80-01.txt,4.194,0.250,1.049,1,5.375,512.58,5.375,5.375,0.422
68,ec.gp.GPIndividual@1276941779{400412414},3C_20_50-03.txt,30.993,0.250,7.748,4,11.125,143.58,2.781,8.969,0.422
68,ec.gp.GPIndividual@1276941779{400412414},3C_20_80-01.txt,4.194,0.250,1.049,1,1.172,111.75,1.172,8.969,0.422
68,ec.gp.GPIndividual@1276941779{400412414},3C_20_80-02.txt,35.738,0.250,8.935,6,10.703,119.79,1.784,8.969,0.422
68,ec.gp.GPIndividual@1276941779{400412414},3C_20_66-01.txt,7.322,0.250,1.831,1,0.578,31.58,0.578,8.969,0.422
68,ec.gp.GPIndividual@1276941779{400412414},3C_20_80-03.txt,169.439,0.250,42.360,1,1.766,4.17,1.766,8.969,0.422
68,ec.gp.GPIndividual@1276941779{400412414},3C_20_80-02.txt,35.738,0.250,8.935,7,8.938,100.03,1.277,8.969,0.141
68,ec.gp.GPIndividual@1276941779{400412414},3C_20_80-03.txt,169.439,0.250,42.360,1,1.906,4.50,1.906,8.969,0.141
68,ec.gp.GPIndividual@1276941779{400412414},3C_20_66-01.txt,7.322,0.250,1.831,3,1.938,105.84,0.646,8.969,0.141
68,ec.gp.GPIndividual@1276941779{400412414},3C_20_66-02.txt,154.245,0.250,38.561,17,35.609,92.35,2.095,8.969,0.141
68,ec.gp.GPIndividual@756507546{-964326526},3C_20_50-02.txt,61.404,0.250,15.351,1,4.938,32.16,4.938,4.938,4.938
68,ec.gp.GPIndividual@756507546{-964326526},3C_20_66-03.txt,118.340,0.250,29.585,5,28.047,94.80,5.609,12.656,0.281
68,ec.gp.GPIndividual@165969865{-417064182},3C_20_50-02.txt,61.404,0.250,15.351,7,19.516,127.13,2.788,6.234,0.438
68,ec.gp.GPIndividual@165969865{-417064182},3C_20_66-02.txt,154.245,0.250,38.561,1,1.828,4.74,1.828,6.234,0.438
68,ec.gp.GPIndividual@165969865{-417064182},3C_20_50-03.txt,30.993,0.250,7.748,2,3.734,48.20,1.867,6.234,0.438
68,ec.gp.GPIndividual@165969865{-417064182},3C_20_50-03.txt,30.993,0.250,7.748,2,4.156,53.64,2.078,6.234,0.438
68,ec.gp.GPIndividual@165969865{-417064182},3C_20_80-01.txt,4.194,0.250,1.049,4,0.875,83.44,0.219,6.234,0.000
68,ec.gp.GPIndividual@165969865{-417064182},3C_20_80-02.txt,35.738,0.250,8.935,2,11.078,123.99,5.539,10.063,0.000
68,ec.gp.GPIndividual@165969865{-417064182},3C_20_80-02.txt,35.738,0.250,8.935,4,8.469,94.79,2.117,10.063,0.000
68,ec.gp.GPIndividual@165969865{-417064182},3C_20_66-01.txt,7.322,0.250,1.831,2,1.703,93.04,0.852,10.063,0.000
68,ec.gp.GPIndividual@165969865{-417064182},3C_20_80-03.txt,169.439,0.250,42.360,4,5.563,13.13,1.391,10.063,0.000
68,ec.gp.GPIndividual@165969865{-417064182},3C_20_66-01.txt,7.322,0.250,1.831,2,2.109,115.23,1.055,10.063,0.000
68,ec.gp.GPIndividual@165969865{-417064182},3C_20_66-03.txt,118.340,0.250,29.585,15,30.016,101.46,2.001,10.063,0.000
68,ec.gp.GPIndividual@165969865{-417064182},3C_20_80-03.txt,169.439,0.250,42.360,1,5.797,13.68,5.797,10.063,0.000
68,ec.gp.GPIndividual@165969865{-417064182},3C_20_66-02.txt,154.245,0.250,38.561,1,6.094,15.80,6.094,10.063,0.000
68,ec.gp.GPIndividual@497486123{1551000915},3C_20_50-02.txt,61.404,0.250,15.351,6,14.313,93.23,2.385,8.000,0.422
68,ec.gp.GPIndividual@497486123{1551000915},3C_20_66-03.txt,118.340,0.250,29.585,1,2.078,7.02,2.078,8.000,0.422
68,ec.gp.GPIndividual@497486123{1551000915},3C_20_66-02.txt,154.245,0.250,38.561,7,16.172,41.94,2.310,8.000,0.266
68,ec.gp.GPIndividual@497486123{1551000915},3C_20_50-03.txt,30.993,0.250,7.748,4,7.188,92.76,1.797,8.000,0.266
68,ec.gp.GPIndividual@497486123{1551000915},3C_20_66-03.txt,118.340,0.250,29.585,1,0.891,3.01,0.891,8.000,0.266
68,ec.gp.GPIndividual@497486123{1551000915},3C_20_80-01.txt,4.194,0.250,1.049,2,0.734,70.03,0.367,8.000,0.266
68,ec.gp.GPIndividual@497486123{1551000915},3C_20_80-02.txt,35.738,0.250,8.935,5,9.328,104.41,1.866,8.000,0.266
68,ec.gp.GPIndividual@497486123{1551000915},3C_20_66-01.txt,7.322,0.250,1.831,1,0.281,15.36,0.281,8.000,0.266
68,ec.gp.GPIndividual@497486123{1551000915},3C_20_80-03.txt,169.439,0.250,42.360,4,15.844,37.40,3.961,9.141,0.266
68,ec.gp.GPIndividual@497486123{1551000915},3C_20_80-01.txt,4.194,0.250,1.049,1,1.078,102.81,1.078,9.141,0.266
68,ec.gp.GPIndividual@497486123{1551000915},3C_20_66-02.txt,154.245,0.250,38.561,14,40.359,104.66,2.883,12.984,0.266
68,ec.gp.GPIndividual@1123043310{-2005589000},3C_20_50-02.txt,61.404,0.250,15.351,3,4.328,28.19,1.443,2.250,0.281
68,ec.gp.GPIndividual@1123043310{-2005589000},3C_20_66-03.txt,118.340,0.250,29.585,5,18.891,63.85,3.778,12.016,0.281
68,ec.gp.GPIndividual@1974988786{1371040668},3C_20_50-02.txt,61.404,0.250,15.351,4,22.281,145.14,5.570,14.250,0.438
68,ec.gp.GPIndividual@1974988786{1371040668},3C_20_80-01.txt,4.194,0.250,1.049,2,0.734,70.03,0.367,14.250,0.297
68,ec.gp.GPIndividual@1974988786{1371040668},3C_20_80-02.txt,35.738,0.250,8.935,6,8.969,100.38,1.495,14.250,0.141
68,ec.gp.GPIndividual@1974988786{1371040668},3C_20_80-03.txt,169.439,0.250,42.360,2,1.906,4.50,0.953,14.250,0.141
68,ec.gp.GPIndividual@1974988786{1371040668},3C_20_80-01.txt,4.194,0.250,1.049,3,1.000,95.36,0.333,14.250,0.141
68,ec.gp.GPIndividual@1974988786{1371040668},3C_20_80-02.txt,35.738,0.250,8.935,4,10.453,117.00,2.613,14.250,0.141
68,ec.gp.GPIndividual@1974988786{1371040668},3C_20_80-03.txt,169.439,0.250,42.360,1,0.125,0.30,0.125,14.250,0.125
68,ec.gp.GPIndividual@1974988786{1371040668},3C_20_50-03.txt,30.993,0.250,7.748,1,0.719,9.28,0.719,14.250,0.125
68,ec.gp.GPIndividual@1974988786{1371040668},3C_20_50-03.txt,30.993,0.250,7.748,1,9.109,117.57,9.109,14.250,0.125
68,ec.gp.GPIndividual@1974988786{1371040668},3C_20_80-02.txt,35.738,0.250,8.935,4,10.703,119.79,2.676,14.250,0.125
68,ec.gp.GPIndividual@1974988786{1371040668},3C_20_66-01.txt,7.322,0.250,1.831,1,3.141,171.57,3.141,14.250,0.125
68,ec.gp.GPIndividual@1974988786{1371040668},3C_20_66-01.txt,7.322,0.250,1.831,1,0.703,38.41,0.703,14.250,0.125
68,ec.gp.GPIndividual@1974988786{1371040668},3C_20_80-03.txt,169.439,0.250,42.360,1,1.781,4.21,1.781,14.250,0.125
68,ec.gp.GPIndividual@515471007{1138453810},3C_20_50-02.txt,61.404,0.250,15.351,1,0.000,0.00,0.000,0.000,0.000
68,ec.gp.GPIndividual@515471007{1138453810},3C_20_50-03.txt,30.993,0.250,7.748,1,0.000,0.00,0.000,0.000,0.000
68,ec.gp.GPIndividual@515471007{1138453810},3C_20_66-01.txt,7.322,0.250,1.831,1,0.000,0.00,0.000,0.000,0.000
68,ec.gp.GPIndividual@515471007{1138453810},3C_20_66-02.txt,154.245,0.250,38.561,1,0.000,0.00,0.000,0.000,0.000
68,ec.gp.GPIndividual@515471007{1138453810},3C_20_66-03.txt,118.340,0.250,29.585,1,0.000,0.00,0.000,0.000,0.000
68,ec.gp.GPIndividual@515471007{1138453810},3C_20_80-01.txt,4.194,0.250,1.049,1,0.000,0.00,0.000,0.000,0.000
68,ec.gp.GPIndividual@515471007{1138453810},3C_20_80-02.txt,35.738,0.250,8.935,1,0.000,0.00,0.000,0.000,0.000
68,ec.gp.GPIndividual@515471007{1138453810},3C_20_80-03.txt,169.439,0.250,42.360,1,0.000,0.00,0.000,0.000,0.000
68,ec.gp.GPIndividual@390021577{-1115292591},3C_20_50-02.txt,61.404,0.250,15.351,3,24.063,156.75,8.021,12.109,0.219
68,ec.gp.GPIndividual@390021577{-1115292591},3C_20_66-02.txt,154.245,0.250,38.561,10,16.359,42.42,1.636,12.109,0.219
68,ec.gp.GPIndividual@1914378692{-965333796},3C_20_50-02.txt,61.404,0.250,15.351,6,2.141,13.94,0.357,0.703,0.000
68,ec.gp.GPIndividual@1914378692{-965333796},3C_20_80-02.txt,35.738,0.250,8.935,1,4.922,55.09,4.922,4.922,0.000
68,ec.gp.GPIndividual@1914378692{-965333796},3C_20_66-03.txt,118.340,0.250,29.585,5,2.203,7.45,0.441,4.922,0.000
68,ec.gp.GPIndividual@1914378692{-965333796},3C_20_50-03.txt,30.993,0.250,7.748,8,7.844,101.23,0.980,4.922,0.000
68,ec.gp.GPIndividual@1914378692{-965333796},3C_20_80-03.txt,169.439,0.250,42.360,4,7.234,17.08,1.809,4.922,0.000
68,ec.gp.GPIndividual@1914378692{-965333796},3C_20_66-01.txt,7.322,0.250,1.831,2,1.078,58.90,0.539,4.922,0.000
68,ec.gp.GPIndividual@1914378692{-965333796},3C_20_66-02.txt,154.245,0.250,38.561,2,1.672,4.34,0.836,4.922,0.000
68,ec.gp.GPIndividual@1914378692{-965333796},3C_20_66-03.txt,118.340,0.250,29.585,2,4.094,13.84,2.047,4.922,0.000
68,ec.gp.GPIndividual@1914378692{-965333796},3C_20_80-01.txt,4.194,0.250,1.049,6,1.125,107.28,0.188,4.922,0.000
68,ec.gp.GPIndividual@1914378692{-965333796},3C_20_80-02.txt,35.738,0.250,8.935,2,1.531,17.14,0.766,4.922,0.000
68,ec.gp.GPIndividual@1914378692{-965333796},3C_20_80-03.txt,169.439,0.250,42.360,3,34.156,80.63,11.385,16.359,0.000
68,ec.gp.GPIndividual@475204687{-1055314978},3C_20_50-02.txt,61.404,0.250,15.351,6,17.594,114.61,2.932,9.484,0.188
68,ec.gp.GPIndividual@475204687{-1055314978},3C_20_50-03.txt,30.993,0.250,7.748,1,1.172,15.12,1.172,9.484,0.188
68,ec.gp.GPIndividual@475204687{-1055314978},3C_20_80-01.txt,4.194,0.250,1.049,3,2.578,245.86,0.859,9.484,0.188
68,ec.gp.GPIndividual@475204687{-1055314978},3C_20_66-01.txt,7.322,0.250,1.831,4,1.531,83.65,0.383,9.484,0.156
68,ec.gp.GPIndividual@475204687{-1055314978},3C_20_66-02.txt,154.245,0.250,38.561,1,0.375,0.97,0.375,9.484,0.156
68,ec.gp.GPIndividual@475204687{-1055314978},3C_20_80-02.txt,35.738,0.250,8.935,7,20.266,226.82,2.895,16.031,0.156
68,ec.gp.GPIndividual@1263423666{781213232},3C_20_50-02.txt,61.404,0.250,15.351,2,1.359,8.86,0.680,1.234,0.125
68,ec.gp.GPIndividual@1263423666{781213232},3C_20_66-03.txt,118.340,0.250,29.585,6,15.016,50.75,2.503,10.359,0.125
68,ec.gp.GPIndividual@1263423666{781213232},3C_20_50-03.txt,30.993,0.250,7.748,1,9.984,128.86,9.984,10.359,0.125
68,ec.gp.GPIndividual@1263423666{781213232},3C_20_80-01.txt,4.194,0.250,1.049,2,0.656,62.58,0.328,10.359,0.125
68,ec.gp.GPIndividual@1263423666{781213232},3C_20_80-02.txt,35.738,0.250,8.935,8,6.766,75.72,0.846,10.359,0.125
68,ec.gp.GPIndividual@1263423666{781213232},3C_20_80-03.txt,169.439,0.250,42.360,1,1.703,4.02,1.703,10.359,0.125
68,ec.gp.GPIndividual@1263423666{781213232},3C_20_66-01.txt,7.322,0.250,1.831,5,2.969,162.18,0.594,10.359,0.125
68,ec.gp.GPIndividual@193690781{-506682941},3C_20_50-02.txt,61.404,0.250,15.351,0,0.000,0.00,0.000,0.000,0.000
68,ec.gp.GPIndividual@193690781{-506682941},3C_20_50-03.txt,30.993,0.250,7.748,0,0.000,0.00,0.000,0.000,0.000
68,ec.gp.GPIndividual@193690781{-506682941},3C_20_66-01.txt,7.322,0.250,1.831,0,0.000,0.00,0.000,0.000,0.000
68,ec.gp.GPIndividual@193690781{-506682941},3C_20_66-02.txt,154.245,0.250,38.561,0,0.000,0.00,0.000,0.000,0.000
68,ec.gp.GPIndividual@193690781{-506682941},3C_20_66-03.txt,118.340,0.250,29.585,0,0.000,0.00,0.000,0.000,0.000
68,ec.gp.GPIndividual@193690781{-506682941},3C_20_80-01.txt,4.194,0.250,1.049,0,0.000,0.00,0.000,0.000,0.000
68,ec.gp.GPIndividual@193690781{-506682941},3C_20_80-02.txt,35.738,0.250,8.935,0,0.000,0.00,0.000,0.000,0.000
68,ec.gp.GPIndividual@193690781{-506682941},3C_20_80-03.txt,169.439,0.250,42.360,0,0.000,0.00,0.000,0.000,0.000
68,ec.gp.GPIndividual@30225584{1808022302},3C_20_50-02.txt,61.404,0.250,15.351,6,10.203,66.47,1.701,5.766,0.031
68,ec.gp.GPIndividual@30225584{1808022302},3C_20_50-03.txt,30.993,0.250,7.748,6,6.688,86.31,1.115,5.766,0.031
68,ec.gp.GPIndividual@30225584{1808022302},3C_20_66-01.txt,7.322,0.250,1.831,8,1.609,87.92,0.201,5.766,0.000
68,ec.gp.GPIndividual@30225584{1808022302},3C_20_66-02.txt,154.245,0.250,38.561,10,32.375,83.96,3.238,10.625,0.000
68,ec.gp.GPIndividual@30225584{1808022302},3C_20_66-03.txt,118.340,0.250,29.585,6,23.938,80.91,3.990,10.625,0.000
68,ec.gp.GPIndividual@30225584{1808022302},3C_20_80-01.txt,4.194,0.250,1.049,4,0.844,80.46,0.211,10.625,0.000
68,ec.gp.GPIndividual@30225584{1808022302},3C_20_80-02.txt,35.738,0.250,8.935,8,7.266,81.32,0.908,10.625,0.000
68,ec.gp.GPIndividual@30225584{1808022302},3C_20_80-03.txt,169.439,0.250,42.360,4,33.406,78.86,8.352,16.641,0.000
69,ec.gp.GPIndividual@957919423{-586536300},3C_20_50-02.txt,61.404,0.250,15.351,0,0.000,0.00,0.000,0.000,0.000
69,ec.gp.GPIndividual@957919423{-586536300},3C_20_50-03.txt,30.993,0.250,7.748,1,0.000,0.00,0.000,0.000,0.000
69,ec.gp.GPIndividual@957919423{-586536300},3C_20_66-01.txt,7.322,0.250,1.831,1,0.000,0.00,0.000,0.000,0.000
69,ec.gp.GPIndividual@957919423{-586536300},3C_20_66-02.txt,154.245,0.250,38.561,1,0.000,0.00,0.000,0.000,0.000
69,ec.gp.GPIndividual@957919423{-586536300},3C_20_66-03.txt,118.340,0.250,29.585,1,0.000,0.00,0.000,0.000,0.000
69,ec.gp.GPIndividual@957919423{-586536300},3C_20_80-01.txt,4.194,0.250,1.049,1,0.000,0.00,0.000,0.000,0.000
69,ec.gp.GPIndividual@957919423{-586536300},3C_20_80-02.txt,35.738,0.250,8.935,1,0.000,0.00,0.000,0.000,0.000
69,ec.gp.GPIndividual@957919423{-586536300},3C_20_80-03.txt,169.439,0.250,42.360,1,0.000,0.00,0.000,0.000,0.000
69,ec.gp.GPIndividual@2016468762{-1317743634},3C_20_50-02.txt,61.404,0.250,15.351,0,0.000,0.00,0.000,0.000,0.000
69,ec.gp.GPIndividual@2016468762{-1317743634},3C_20_50-03.txt,30.993,0.250,7.748,0,0.000,0.00,0.000,0.000,0.000
69,ec.gp.GPIndividual@2016468762{-1317743634},3C_20_66-01.txt,7.322,0.250,1.831,0,0.000,0.00,0.000,0.000,0.000
69,ec.gp.GPIndividual@2016468762{-1317743634},3C_20_66-02.txt,154.245,0.250,38.561,0,0.000,0.00,0.000,0.000,0.000
69,ec.gp.GPIndividual@2016468762{-1317743634},3C_20_66-03.txt,118.340,0.250,29.585,0,0.000,0.00,0.000,0.000,0.000
69,ec.gp.GPIndividual@2016468762{-1317743634},3C_20_80-01.txt,4.194,0.250,1.049,0,0.000,0.00,0.000,0.000,0.000
69,ec.gp.GPIndividual@2016468762{-1317743634},3C_20_80-02.txt,35.738,0.250,8.935,0,0.000,0.00,0.000,0.000,0.000
69,ec.gp.GPIndividual@2016468762{-1317743634},3C_20_80-03.txt,169.439,0.250,42.360,0,0.000,0.00,0.000,0.000,0.000
69,ec.gp.GPIndividual@869128929{722011354},3C_20_50-02.txt,61.404,0.250,15.351,15,15.453,100.66,1.030,1.891,0.375
69,ec.gp.GPIndividual@869128929{722011354},3C_20_50-03.txt,30.993,0.250,7.748,2,0.328,4.23,0.164,1.891,0.000
69,ec.gp.GPIndividual@869128929{722011354},3C_20_50-03.txt,30.993,0.250,7.748,4,9.750,125.84,2.438,2.438,0.000
69,ec.gp.GPIndividual@869128929{722011354},3C_20_50-03.txt,30.993,0.250,7.748,4,7.906,102.04,1.977,3.203,0.000
69,ec.gp.GPIndividual@869128929{722011354},3C_20_66-01.txt,7.322,0.250,1.831,1,2.281,124.62,2.281,3.203,0.000
69,ec.gp.GPIndividual@869128929{722011354},3C_20_50-03.txt,30.993,0.250,7.748,4,8.000,103.25,2.000,3.219,0.000
69,ec.gp.GPIndividual@869128929{722011354},3C_20_66-01.txt,7.322,0.250,1.831,1,2.531,138.28,2.531,3.219,0.000
69,ec.gp.GPIndividual@869128929{722011354},3C_20_50-03.txt,30.993,0.250,7.748,6,7.750,100.02,1.292,3.219,0.000
69,ec.gp.GPIndividual@869128929{722011354},3C_20_66-02.txt,154.245,0.250,38.561,19,38.453,99.72,2.024,4.547,0.000
69,ec.gp.GPIndividual@869128929{722011354},3C_20_66-01.txt,7.322,0.250,1.831,1,1.609,87.92,1.609,4.547,0.000
69,ec.gp.GPIndividual@869128929{722011354},3C_20_66-03.txt,118.340,0.250,29.585,7,38.344,129.61,5.478,13.219,0.000
69,ec.gp.GPIndividual@869128929{722011354},3C_20_50-03.txt,30.993,0.250,7.748,3,4.172,53.84,1.391,13.219,0.000
69,ec.gp.GPIndividual@869128929{722011354},3C_20_66-02.txt,154.245,0.250,38.561,4,17.703,45.91,4.426,13.219,0.000
69,ec.gp.GPIndividual@869128929{722011354},3C_20_66-01.txt,7.322,0.250,1.831,1,2.547,139.13,2.547,13.219,0.000
69,ec.gp.GPIndividual@869128929{722011354},3C_20_66-03.txt,118.340,0.250,29.585,3,11.531,38.98,3.844,13.219,0.000
69,ec.gp.GPIndividual@869128929{722011354},3C_20_66-01.txt,7.322,0.250,1.831,1,3.594,196.32,3.594,13.219,0.000
69,ec.gp.GPIndividual@869128929{722011354},3C_20_80-01.txt,4.194,0.250,1.049,2,1.359,129.63,0.680,13.219,0.000
69,ec.gp.GPIndividual@869128929{722011354},3C_20_66-02.txt,154.245,0.250,38.561,7,12.500,32.42,1.786,13.219,0.000
69,ec.gp.GPIndividual@869128929{722011354},3C_20_80-02.txt,35.738,0.250,8.935,4,8.516,95.31,2.129,13.219,0.000
69,ec.gp.GPIndividual@869128929{722011354},3C_20_66-02.txt,154.245,0.250,38.561,2,2.813,7.29,1.406,13.219,0.000
69,ec.gp.GPIndividual@869128929{722011354},3C_20_80-01.txt,4.194,0.250,1.049,1,1.938,184.77,1.938,13.219,0.000
69,ec.gp.GPIndividual@869128929{722011354},3C_20_80-03.txt,169.439,0.250,42.360,13,41.922,98.97,3.225,14.984,0.000
69,ec.gp.GPIndividual@1816142989{1428886517},3C_20_50-02.txt,61.404,0.250,15.351,9,15.828,103.11,1.759,3.984,0.516
69,ec.gp.GPIndividual@1816142989{1428886517},3C_20_66-03.txt,118.340,0.250,29.585,2,2.828,9.56,1.414,3.984,0.516
69,ec.gp.GPIndividual@1816142989{1428886517},3C_20_80-02.txt,35.738,0.250,8.935,2,11.797,132.04,5.898,9.172,0.516
69,ec.gp.GPIndividual@1816142989{1428886517},3C_20_66-01.txt,7.322,0.250,1.831,1,2.516,137.42,2.516,9.172,0.516
69,ec.gp.GPIndividual@1816142989{1428886517},3C_20_50-03.txt,30.993,0.250,7.748,3,12.313,158.91,4.104,9.297,0.516
69,ec.gp.GPIndividual@1816142989{1428886517},3C_20_66-03.txt,118.340,0.250,29.585,2,2.672,9.03,1.336,9.297,0.000
69,ec.gp.GPIndividual@1816142989{1428886517},3C_20_66-02.txt,154.245,0.250,38.561,16,39.250,101.79,2.453,9.297,0.000
69,ec.gp.GPIndividual@1816142989{1428886517},3C_20_80-01.txt,4.194,0.250,1.049,3,2.625,250.33,0.875,9.297,0.000
69,ec.gp.GPIndividual@1816142989{1428886517},3C_20_66-03.txt,118.340,0.250,29.585,7,20.922,70.72,2.989,9.297,0.000
69,ec.gp.GPIndividual@1816142989{1428886517},3C_20_80-03.txt,169.439,0.250,42.360,10,44.188,104.31,4.419,9.297,0.000
69,ec.gp.GPIndividual@1816142989{1428886517},3C_20_80-01.txt,4.194,0.250,1.049,1,1.453,138.57,1.453,9.297,0.000
69,ec.gp.GPIndividual@1816142989{1428886517},3C_20_80-02.txt,35.738,0.250,8.935,5,8.250,92.34,1.650,9.297,0.000
69,ec.gp.GPIndividual@1816142989{1428886517},3C_20_80-03.txt,169.439,0.250,42.360,1,5.016,11.84,5.016,9.297,0.000
69,ec.gp.GPIndividual@1436103411{1288811202},3C_20_50-02.txt,61.404,0.250,15.351,1,1.438,9.36,1.438,1.438,1.438
69,ec.gp.GPIndividual@1436103411{1288811202},3C_20_80-01.txt,4.194,0.250,1.049,1,1.609,153.48,1.609,1.609,1.438
69,ec.gp.GPIndividual@1436103411{1288811202},3C_20_80-02.txt,35.738,0.250,8.935,4,9.531,106.68,2.383,7.484,0.297
69,ec.gp.GPIndividual@1436103411{1288811202},3C_20_66-02.txt,154.245,0.250,38.561,0,0.000,0.00,0.000,7.484,0.297
69,ec.gp.GPIndividual@1436103411{1288811202},3C_20_80-02.txt,35.738,0.250,8.935,3,12.922,144.63,4.307,9.234,0.297
69,ec.gp.GPIndividual@1436103411{1288811202},3C_20_66-01.txt,7.322,0.250,1.831,3,1.766,96.45,0.589,9.234,0.172
69,ec.gp.GPIndividual@1436103411{1288811202},3C_20_80-03.txt,169.439,0.250,42.360,21,42.563,100.48,2.027,9.234,0.172
69,ec.gp.GPIndividual@1436103411{1288811202},3C_20_80-03.txt,169.439,0.250,42.360,5,26.359,62.23,5.272,11.313,0.172
69,ec.gp.GPIndividual@171849804{-1171557217},3C_20_50-02.txt,61.404,0.250,15.351,6,14.688,95.68,2.448,5.688,0.516
69,ec.gp.GPIndividual@171849804{-1171557217},3C_20_50-03.txt,30.993,0.250,7.748,3,7.328,94.58,2.443,5.688,0.516
69,ec.gp.GPIndividual@672082709{538189747},3C_20_50-02.txt,61.404,0.250,15.351,1,10.984,71.55,10.984,10.984,10.984
69,ec.gp.GPIndividual@672082709{538189747},3C_20_50-03.txt,30.993,0.250,7.748,2,1.906,24.60,0.953,10.984,0.516
69,ec.gp.GPIndividual@672082709{538189747},3C_20_66-01.txt,7.322,0.250,1.831,2,2.688,146.81,1.344,10.984,0.516
69,ec.gp.GPIndividual@672082709{538189747},3C_20_50-03.txt,30.993,0.250,7.748,1,0.531,6.86,0.531,10.984,0.516
69,ec.gp.GPIndividual@672082709{538189747},3C_20_66-02.txt,154.245,0.250,38.561,2,29.547,76.62,14.773,15.703,0.516
69,ec.gp.GPIndividual@2043636501{263780283},3C_20_50-02.txt,61.404,0.250,15.351,2,17.188,111.96,8.594,16.703,0.484
69,ec.gp.GPIndividual@2043636501{263780283},3C_20_66-03.txt,118.340,0.250,29.585,10,31.453,106.31,3.145,16.703,0.484
69,ec.gp.GPIndividual@2043636501{263780283},3C_20_66-01.txt,7.322,0.250,1.831,2,1.938,105.84,0.969,16.703,0.172
69,ec.gp.GPIndividual@2043636501{263780283},3C_20_66-03.txt,118.340,0.250,29.585,7,20.219,68.34,2.888,16.703,0.000
69,ec.gp.GPIndividual@2043636501{263780283},3C_20_66-02.txt,154.245,0.250,38.561,12,42.688,110.70,3.557,16.703,0.000
69,ec.gp.GPIndividual@2043636501{263780283},3C_20_50-03.txt,30.993,0.250,7.748,2,4.297,55.46,2.148,16.703,0.000
69,ec.gp.GPIndividual@2043636501{263780283},3C_20_80-01.txt,4.194,0.250,1.049,2,0.891,84.93,0.445,16.703,0.000
69,ec.gp.GPIndividual@2043636501{263780283},3C_20_80-02.txt,35.738,0.250,8.935,3,10.516,117.70,3.505,16.703,0.000
69,ec.gp.GPIndividual@2043636501{263780283},3C_20_66-01.txt,7.322,0.250,1.831,2,2.359,128.89,1.180,16.703,0.000
69,ec.gp.GPIndividual@2043636501{263780283},3C_20_66-01.txt,7.322,0.250,1.831,1,2.094,114.38,2.094,16.703,0.000
69,ec.gp.GPIndividual@2043636501{263780283},3C_20_80-03.txt,169.439,0.250,42.360,3,3.922,9.26,1.307,16.703,0.000
69,ec.gp.GPIndividual@2043636501{263780283},3C_20_66-03.txt,118.340,0.250,29.585,7,30.250,102.25,4.321,16.703,0.000
69,ec.gp.GPIndividual@2043636501{263780283},3C_20_80-01.txt,4.194,0.250,1.049,1,1.625,154.97,1.625,16.703,0.000
69,ec.gp.GPIndividual@2043636501{263780283},3C_20_66-02.txt,154.245,0.250,38.561,1,0.313,0.81,0.313,16.703,0.000
69,ec.gp.GPIndividual@2043636501{263780283},3C_20_66-02.txt,154.245,0.250,38.561,12,29.938,77.64,2.495,16.703,0.000
69,ec.gp.GPIndividual@2043636501{263780283},3C_20_66-02.txt,154.245,0.250,38.561,17,43.203,112.04,2.541,16.703,0.000
69,ec.gp.GPIndividual@241051608{832123562},3C_20_50-02.txt,61.404,0.250,15.351,3,9.922,64.63,3.307,6.688,0.344
69,ec.gp.GPIndividual@241051608{832123562},3C_20_66-03.txt,118.340,0.250,29.585,1,7.766,26.25,7.766,7.766,0.344
69,ec.gp.GPIndividual@241051608{832123562},3C_20_66-03.txt,118.340,0.250,29.585,3,5.813,19.65,1.938,7.766,0.297
69,ec.gp.GPIndividual@241051608{832123562},3C_20_50-03.txt,30.993,0.250,7.748,1,10.656,137.53,10.656,10.656,0.297
69,ec.gp.GPIndividual@241051608{832123562},3C_20_80-01.txt,4.194,0.250,1.049,4,4.391,418.70,1.098,10.656,0.172
69,ec.gp.GPIndividual@241051608{832123562},3C_20_66-03.txt,118.340,0.250,29.585,2,4.500,15.21,2.250,10.656,0.172
69,ec.gp.GPIndividual@241051608{832123562},3C_20_66-01.txt,7.322,0.250,1.831,1,0.906,49.51,0.906,10.656,0.172
69,ec.gp.GPIndividual@241051608{832123562},3C_20_66-02.txt,154.245,0.250,38.561,1,1.609,4.17,1.609,10.656,0.172
69,ec.gp.GPIndividual@241051608{832123562},3C_20_80-02.txt,35.738,0.250,8.935,2,12.344,138.16,6.172,10.656,0.172
69,ec.gp.GPIndividual@241051608{832123562},3C_20_80-01.txt,4.194,0.250,1.049,5,1.031,98.34,0.206,10.656,0.000
69,ec.gp.GPIndividual@241051608{832123562},3C_20_80-02.txt,35.738,0.250,8.935,3,5.641,63.13,1.880,10.656,0.000
69,ec.gp.GPIndividual@241051608{832123562},3C_20_80-01.txt,4.194,0.250,1.049,4,1.031,98.34,0.258,10.656,0.000
69,ec.gp.GPIndividual@241051608{832123562},3C_20_80-02.txt,35.738,0.250,8.935,5,10.547,118.05,2.109,10.656,0.000
69,ec.gp.GPIndividual@241051608{832123562},3C_20_80-03.txt,169.439,0.250,42.360,0,0.000,0.00,0.000,10.656,0.000
69,ec.gp.GPIndividual@241051608{832123562},3C_20_80-03.txt,169.439,0.250,42.360,1,0.641,1.51,0.641,10.656,0.000
69,ec.gp.GPIndividual@241051608{832123562},3C_20_66-03.txt,118.340,0.250,29.585,9,32.328,109.27,3.592,10.656,0.000
69,ec.gp.GPIndividual@1083175440{1516195659},3C_20_50-02.txt,61.404,0.250,15.351,0,0.000,0.00,0.000,0.000,0.000
69,ec.gp.GPIndividual@1083175440{1516195659},3C_20_50-03.txt,30.993,0.250,7.748,0,0.000,0.00,0.000,0.000,0.000
69,ec.gp.GPIndividual@1083175440{1516195659},3C_20_66-01.txt,7.322,0.250,1.831,0,0.000,0.00,0.000,0.000,0.000
69,ec.gp.GPIndividual@1083175440{1516195659},3C_20_66-02.txt,154.245,0.250,38.561,0,0.000,0.00,0.000,0.000,0.000
69,ec.gp.GPIndividual@1083175440{1516195659},3C_20_66-03.txt,118.340,0.250,29.585,0,0.000,0.00,0.000,0.000,0.000
69,ec.gp.GPIndividual@1083175440{1516195659},3C_20_80-01.txt,4.194,0.250,1.049,0,0.000,0.00,0.000,0.000,0.000
69,ec.gp.GPIndividual@1083175440{1516195659},3C_20_80-02.txt,35.738,0.250,8.935,0,0.000,0.00,0.000,0.000,0.000
69,ec.gp.GPIndividual@1083175440{1516195659},3C_20_80-03.txt,169.439,0.250,42.360,0,0.000,0.00,0.000,0.000,0.000
69,ec.gp.GPIndividual@402167309{1629013255},3C_20_50-02.txt,61.404,0.250,15.351,6,18.844,122.75,3.141,7.469,0.500
69,ec.gp.GPIndividual@402167309{1629013255},3C_20_80-02.txt,35.738,0.250,8.935,2,6.547,73.28,3.273,7.469,0.500
69,ec.gp.GPIndividual@18612677{-1646265026},3C_20_50-02.txt,61.404,0.250,15.351,3,7.953,51.81,2.651,3.453,1.609
69,ec.gp.GPIndividual@18612677{-1646265026},3C_20_80-03.txt,169.439,0.250,42.360,9,19.219,45.37,2.135,4.891,0.453
69,ec.gp.GPIndividual@18612677{-1646265026},3C_20_80-01.txt,4.194,0.250,1.049,1,1.609,153.48,1.609,4.891,0.453
69,ec.gp.GPIndividual@18612677{-1646265026},3C_20_80-03.txt,169.439,0.250,42.360,1,0.500,1.18,0.500,4.891,0.453
69,ec.gp.GPIndividual@18612677{-1646265026},3C_20_80-02.txt,35.738,0.250,8.935,3,8.938,100.03,2.979,5.719,0.172
69,ec.gp.GPIndividual@1404082385{1539868075},3C_20_50-02.txt,61.404,0.250,15.351,7,12.469,81.22,1.781,2.828,0.359
69,ec.gp.GPIndividual@1404082385{1539868075},3C_20_80-03.txt,169.439,0.250,42.360,4,16.625,39.25,4.156,5.984,0.359
69,ec.gp.GPIndividual@1404082385{1539868075},3C_20_50-03.txt,30.993,0.250,7.748,3,7.734,99.82,2.578,5.984,0.172
69,ec.gp.GPIndividual@1404082385{1539868075},3C_20_66-01.txt,7.322,0.250,1.831,1,15.313,836.50,15.313,15.313,0.172
69,ec.gp.GPIndividual@1404082385{1539868075},3C_20_80-01.txt,4.194,0.250,1.049,2,1.047,99.83,0.523,15.313,0.172
69,ec.gp.GPIndividual@1404082385{1539868075},3C_20_66-02.txt,154.245,0.250,38.561,11,38.703,100.37,3.518,15.313,0.172
69,ec.gp.GPIndividual@1404082385{1539868075},3C_20_50-03.txt,30.993,0.250,7.748,3,16.406,211.74,5.469,15.313,0.172
69,ec.gp.GPIndividual@1096575553{781213232},3C_20_50-02.txt,61.404,0.250,15.351,6,15.656,101.99,2.609,6.438,0.516
69,ec.gp.GPIndividual@611195885{-2098076201},3C_20_50-02.txt,61.404,0.250,15.351,4,11.422,74.40,2.855,5.438,0.531
69,ec.gp.GPIndividual@611195885{-2098076201},3C_20_66-03.txt,118.340,0.250,29.585,6,26.031,87.99,4.339,14.734,0.359
69,ec.gp.GPIndividual@611195885{-2098076201},3C_20_50-03.txt,30.993,0.250,7.748,3,9.578,123.62,3.193,14.734,0.359
69,ec.gp.GPIndividual@611195885{-2098076201},3C_20_66-01.txt,7.322,0.250,1.831,1,1.078,58.90,1.078,14.734,0.359
69,ec.gp.GPIndividual@611195885{-2098076201},3C_20_80-02.txt,35.738,0.250,8.935,1,4.328,48.44,4.328,14.734,0.359
69,ec.gp.GPIndividual@611195885{-2098076201},3C_20_50-03.txt,30.993,0.250,7.748,2,3.156,40.74,1.578,14.734,0.359
69,ec.gp.GPIndividual@611195885{-2098076201},3C_20_50-03.txt,30.993,0.250,7.748,2,9.641,124.42,4.820,14.734,0.359
69,ec.gp.GPIndividual@611195885{-2098076201},3C_20_80-01.txt,4.194,0.250,1.049,2,1.203,114.73,0.602,14.734,0.156
69,ec.gp.GPIndividual@611195885{-2098076201},3C_20_66-02.txt,154.245,0.250,38.561,18,38.844,100.73,2.158,14.734,0.156
69,ec.gp.GPIndividual@611195885{-2098076201},3C_20_66-03.txt,118.340,0.250,29.585,6,16.578,56.04,2.763,14.734,0.156
69,ec.gp.GPIndividual@611195885{-2098076201},3C_20_66-01.txt,7.322,0.250,1.831,1,2.859,156.20,2.859,14.734,0.156
69,ec.gp.GPIndividual@611195885{-2098076201},3C_20_80-02.txt,35.738,0.250,8.935,4,10.656,119.27,2.664,14.734,0.156
69,ec.gp.GPIndividual@611195885{-2098076201},3C_20_80-03.txt,169.439,0.250,42.360,3,9.313,21.98,3.104,14.734,0.156
69,ec.gp.GPIndividual@611195885{-2098076201},3C_20_66-01.txt,7.322,0.250,1.831,2,2.344,128.04,1.172,14.734,0.156
69,ec.gp.GPIndividual@611195885{-2098076201},3C_20_66-02.txt,154.245,0.250,38.561,7,25.219,65.40,3.603,14.734,0.156
69,ec.gp.GPIndividual@611195885{-2098076201},3C_20_66-02.txt,154.245,0.250,38.561,11,40.406,104.78,3.673,14.734,0.156
69,ec.gp.GPIndividual@611195885{-2098076201},3C_20_80-03.txt,169.439,0.250,42.360,1,1.625,3.84,1.625,14.734,0.156
69,ec.gp.GPIndividual@611195885{-2098076201},3C_20_66-03.txt,118.340,0.250,29.585,1,2.734,9.24,2.734,14.734,0.156
69,ec.gp.GPIndividual@611195885{-2098076201},3C_20_66-03.txt,118.340,0.250,29.585,5,36.484,123.32,7.297,14.734,0.156
69,ec.gp.GPIndividual@94983389{1808022302},3C_20_50-02.txt,61.404,0.250,15.351,6,18.219,118.68,3.036,6.500,0.344
69,ec.gp.GPIndividual@892198398{1957886642},3C_20_50-02.txt,61.404,0.250,15.351,1,3.422,22.29,3.422,3.422,3.422
69,ec.gp.GPIndividual@892198398{1957886642},3C_20_80-01.txt,4.194,0.250,1.049,1,2.500,238.41,2.500,3.422,2.500
69,ec.gp.GPIndividual@892198398{1957886642},3C_20_80-01.txt,4.194,0.250,1.049,2,8.281,789.73,4.141,7.813,0.469
69,ec.gp.GPIndividual@892198398{1957886642},3C_20_66-01.txt,7.322,0.250,1.831,3,1.938,105.84,0.646,7.813,0.469
69,ec.gp.GPIndividual@892198398{1957886642},3C_20_50-03.txt,30.993,0.250,7.748,3,11.219,144.79,3.740,10.578,0.281
69,ec.gp.GPIndividual@892198398{1957886642},3C_20_80-01.txt,4.194,0.250,1.049,3,0.875,83.44,0.292,10.578,0.000
69,ec.gp.GPIndividual@892198398{1957886642},3C_20_80-02.txt,35.738,0.250,8.935,8,9.406,105.28,1.176,10.578,0.000
69,ec.gp.GPIndividual@892198398{1957886642},3C_20_80-02.txt,35.738,0.250,8.935,3,5.078,56.84,1.693,10.578,0.000
69,ec.gp.GPIndividual@892198398{1957886642},3C_20_80-03.txt,169.439,0.250,42.360,14,31.984,75.51,2.285,10.578,0.000
69,ec.gp.GPIndividual@892198398{1957886642},3C_20_80-03.txt,169.439,0.250,42.360,4,13.125,30.98,3.281,10.578,0.000
69,ec.gp.GPIndividual@1834593285{2077448608},3C_20_50-02.txt,61.404,0.250,15.351,4,15.734,102.50,3.934,7.203,0.531
69,ec.gp.GPIndividual@1834593285{2077448608},3C_20_50-03.txt,30.993,0.250,7.748,2,12.422,160.32,6.211,10.469,0.531
69,ec.gp.GPIndividual@1834593285{2077448608},3C_20_66-02.txt,154.245,0.250,38.561,11,29.484,76.46,2.680,10.469,0.344
69,ec.gp.GPIndividual@1834593285{2077448608},3C_20_50-03.txt,30.993,0.250,7.748,5,8.813,113.74,1.763,10.469,0.344
69,ec.gp.GPIndividual@1834593285{2077448608},3C_20_66-03.txt,118.340,0.250,29.585,2,0.328,1.11,0.164,10.469,0.000
69,ec.gp.GPIndividual@1834593285{2077448608},3C_20_66-01.txt,7.322,0.250,1.831,1,3.219,175.84,3.219,10.469,0.000
69,ec.gp.GPIndividual@1834593285{2077448608},3C_20_66-01.txt,7.322,0.250,1.831,4,8.031,438.74,2.008,10.469,0.000
69,ec.gp.GPIndividual@1834593285{2077448608},3C_20_80-02.txt,35.738,0.250,8.935,1,9.078,101.61,9.078,10.469,0.000
69,ec.gp.GPIndividual@1834593285{2077448608},3C_20_66-01.txt,7.322,0.250,1.831,3,2.016,110.11,0.672,10.469,0.000
69,ec.gp.GPIndividual@1834593285{2077448608},3C_20_66-02.txt,154.245,0.250,38.561,6,17.359,45.02,2.893,11.484,0.000
69,ec.gp.GPIndividual@979313464{-705222182},3C_20_50-02.txt,61.404,0.250,15.351,8,15.750,102.60,1.969,5.781,0.422
69,ec.gp.GPIndividual@979313464{-705222182},3C_20_80-03.txt,169.439,0.250,42.360,7,6.500,15.34,0.929,5.781,0.000
69,ec.gp.GPIndividual@979313464{-705222182},3C_20_66-02.txt,154.245,0.250,38.561,15,41.313,107.13,2.754,6.891,0.000
69,ec.gp.GPIndividual@1775125479{-1581049187},3C_20_50-02.txt,61.404,0.250,15.351,0,0.000,0.00,0.000,0.000,0.000
69,ec.gp.GPIndividual@1775125479{-1581049187},3C_20_50-03.txt,30.993,0.250,7.748,0,0.000,0.00,0.000,0.000,0.000
69,ec.gp.GPIndividual@1775125479{-1581049187},3C_20_66-01.txt,7.322,0.250,1.831,0,0.000,0.00,0.000,0.000,0.000
69,ec.gp.GPIndividual@1775125479{-1581049187},3C_20_66-02.txt,154.245,0.250,38.561,0,0.000,0.00,0.000,0.000,0.000
69,ec.gp.GPIndividual@1775125479{-1581049187},3C_20_66-03.txt,118.340,0.250,29.585,0,0.000,0.00,0.000,0.000,0.000
69,ec.gp.GPIndividual@1775125479{-1581049187},3C_20_80-01.txt,4.194,0.250,1.049,0,0.000,0.00,0.000,0.000,0.000
69,ec.gp.GPIndividual@1775125479{-1581049187},3C_20_80-02.txt,35.738,0.250,8.935,0,0.000,0.00,0.000,0.000,0.000
69,ec.gp.GPIndividual@1775125479{-1581049187},3C_20_80-03.txt,169.439,0.250,42.360,0,0.000,0.00,0.000,0.000,0.000
69,ec.gp.GPIndividual@1170415216{-1291134757},3C_20_50-02.txt,61.404,0.250,15.351,2,13.188,85.91,6.594,12.906,0.281
69,ec.gp.GPIndividual@1970608035{1845674518},3C_20_50-02.txt,61.404,0.250,15.351,7,15.469,100.77,2.210,10.109,0.125
69,ec.gp.GPIndividual@1970608035{1845674518},3C_20_80-03.txt,169.439,0.250,42.360,4,4.563,10.77,1.141,10.109,0.125
69,ec.gp.GPIndividual@1970608035{1845674518},3C_20_80-01.txt,4.194,0.250,1.049,3,2.031,193.71,0.677,10.109,0.125
69,ec.gp.GPIndividual@1970608035{1845674518},3C_20_50-03.txt,30.993,0.250,7.748,6,9.625,124.22,1.604,10.109,0.125
69,ec.gp.GPIndividual@1970608035{1845674518},3C_20_50-03.txt,30.993,0.250,7.748,6,7.875,101.64,1.313,10.109,0.125
69,ec.gp.GPIndividual@2034794911{-1498323119},3C_20_50-02.txt,61.404,0.250,15.351,3,2.109,13.74,0.703,1.359,0.000
69,ec.gp.GPIndividual@2034794911{-1498323119},3C_20_66-01.txt,7.322,0.250,1.831,5,2.250,122.91,0.450,1.359,0.000
69,ec.gp.GPIndividual@2034794911{-1498323119},3C_20_50-03.txt,30.993,0.250,7.748,0,0.000,0.00,0.000,1.359,0.000
69,ec.gp.GPIndividual@2034794911{-1498323119},3C_20_66-02.txt,154.245,0.250,38.561,14,42.922,111.31,3.066,15.922,0.000
69,ec.gp.GPIndividual@2034794911{-1498323119},3C_20_80-03.txt,169.439,0.250,42.360,2,10.656,25.16,5.328,15.922,0.000
69,ec.gp.GPIndividual@2034794911{-1498323119},3C_20_66-03.txt,118.340,0.250,29.585,6,33.688,113.87,5.615,15.922,0.000
69,ec.gp.GPIndividual@2034794911{-1498323119},3C_20_66-01.txt,7.322,0.250,1.831,3,2.031,110.96,0.677,15.922,0.000
69,ec.gp.GPIndividual@2034794911{-1498323119},3C_20_66-01.txt,7.322,0.250,1.831,3,6.422,350.82,2.141,15.922,0.000
69,ec.gp.GPIndividual@220694646{781213232},3C_20_50-02.txt,61.404,0.250,15.351,9,15.547,101.28,1.727,7.281,0.328
69,ec.gp.GPIndividual@220694646{781213232},3C_20_66-02.txt,154.245,0.250,38.561,2,1.297,3.36,0.648,7.281,0.281
69,ec.gp.GPIndividual@220694646{781213232},3C_20_66-02.txt,154.245,0.250,38.561,1,1.594,4.13,1.594,7.281,0.281
69,ec.gp.GPIndividual@220694646{781213232},3C_20_80-02.txt,35.738,0.250,8.935,5,8.219,91.99,1.644,7.281,0.281
69,ec.gp.GPIndividual@220694646{781213232},3C_20_50-03.txt,30.993,0.250,7.748,3,6.625,85.50,2.208,7.281,0.281
69,ec.gp.GPIndividual@220694646{781213232},3C_20_80-01.txt,4.194,0.250,1.049,2,1.078,102.81,0.539,7.281,0.125
69,ec.gp.GPIndividual@220694646{781213232},3C_20_66-03.txt,118.340,0.250,29.585,16,29.797,100.72,1.862,7.281,0.125
69,ec.gp.GPIndividual@220694646{781213232},3C_20_80-01.txt,4.194,0.250,1.049,2,1.609,153.48,0.805,7.281,0.125
69,ec.gp.GPIndividual@220694646{781213232},3C_20_80-02.txt,35.738,0.250,8.935,4,10.969,122.77,2.742,7.281,0.125
69,ec.gp.GPIndividual@220694646{781213232},3C_20_66-03.txt,118.340,0.250,29.585,6,12.828,43.36,2.138,7.281,0.000
69,ec.gp.GPIndividual@220694646{781213232},3C_20_66-01.txt,7.322,0.250,1.831,3,1.938,105.84,0.646,7.281,0.000
69,ec.gp.GPIndividual@220694646{781213232},3C_20_80-03.txt,169.439,0.250,42.360,5,6.250,14.75,1.250,7.281,0.000
69,ec.gp.GPIndividual@220694646{781213232},3C_20_66-02.txt,154.245,0.250,38.561,9,28.234,73.22,3.137,8.594,0.000
69,ec.gp.GPIndividual@220694646{781213232},3C_20_80-03.txt,169.439,0.250,42.360,6,34.875,82.33,5.813,10.047,0.000
69,ec.gp.GPIndividual@674419006{-1157834654},3C_20_50-02.txt,61.404,0.250,15.351,3,3.828,24.94,1.276,1.844,0.438
69,ec.gp.GPIndividual@674419006{-1157834654},3C_20_50-03.txt,30.993,0.250,7.748,2,7.328,94.58,3.664,7.031,0.297
69,ec.gp.GPIndividual@674419006{-1157834654},3C_20_80-01.txt,4.194,0.250,1.049,4,4.078,388.90,1.020,7.031,0.125
69,ec.gp.GPIndividual@674419006{-1157834654},3C_20_80-02.txt,35.738,0.250,8.935,2,12.344,138.16,6.172,10.656,0.125
69,ec.gp.GPIndividual@674419006{-1157834654},3C_20_80-02.txt,35.738,0.250,8.935,1,16.063,179.78,16.063,16.063,0.125
69,ec.gp.GPIndividual@674419006{-1157834654},3C_20_66-03.txt,118.340,0.250,29.585,10,30.438,102.88,3.044,16.063,0.125
69,ec.gp.GPIndividual@674419006{-1157834654},3C_20_80-01.txt,4.194,0.250,1.049,2,1.172,111.75,0.586,16.063,0.125
69,ec.gp.GPIndividual@674419006{-1157834654},3C_20_80-03.txt,169.439,0.250,42.360,8,27.359,64.59,3.420,16.063,0.125
69,ec.gp.GPIndividual@674419006{-1157834654},3C_20_66-01.txt,7.322,0.250,1.831,3,1.922,104.99,0.641,16.063,0.125
69,ec.gp.GPIndividual@674419006{-1157834654},3C_20_66-02.txt,154.245,0.250,38.561,1,0.422,1.09,0.422,16.063,0.125
69,ec.gp.GPIndividual@674419006{-1157834654},3C_20_80-02.txt,35.738,0.250,8.935,5,6.813,76.25,1.363,16.063,0.125
69,ec.gp.GPIndividual@674419006{-1157834654},3C_20_66-03.txt,118.340,0.250,29.585,4,18.156,61.37,4.539,16.063,0.125
69,ec.gp.GPIndividual@1165961103{1169493779},3C_20_50-02.txt,61.404,0.250,15.351,5,18.031,117.46,3.606,15.906,0.109
69,ec.gp.GPIndividual@1332065089{400412414},3C_20_50-02.txt,61.404,0.250,15.351,5,7.422,48.35,1.484,5.328,0.141
69,ec.gp.GPIndividual@1332065089{400412414},3C_20_50-03.txt,30.993,0.250,7.748,3,8.563,110.51,2.854,5.328,0.141
69,ec.gp.GPIndividual@1332065089{400412414},3C_20_50-03.txt,30.993,0.250,7.748,1,1.859,24.00,1.859,5.328,0.141
69,ec.gp.GPIndividual@1332065089{400412414},3C_20_66-01.txt,7.322,0.250,1.831,4,2.234,122.06,0.559,5.328,0.141
69,ec.gp.GPIndividual@1332065089{400412414},3C_20_66-01.txt,7.322,0.250,1.831,6,1.953,106.70,0.326,5.328,0.141
69,ec.gp.GPIndividual@1332065089{400412414},3C_20_66-02.txt,154.245,0.250,38.561,12,30.484,79.05,2.540,11.141,0.125
69,ec.gp.GPIndividual@1332065089{400412414},3C_20_66-03.txt,118.340,0.250,29.585,4,19.172,64.80,4.793,11.141,0.125
69,ec.gp.GPIndividual@1332065089{400412414},3C_20_80-01.txt,4.194,0.250,1.049,1,7.375,703.30,7.375,11.141,0.125
69,ec.gp.GPIndividual@1332065089{400412414},3C_20_66-02.txt,154.245,0.250,38.561,13,29.875,77.47,2.298,13.266,0.125
69,ec.gp.GPIndividual@1332065089{400412414},3C_20_80-02.txt,35.738,0.250,8.935,6,4.859,54.39,0.810,13.266,0.125
69,ec.gp.GPIndividual@1332065089{400412414},3C_20_80-03.txt,169.439,0.250,42.360,4,32.313,76.28,8.078,13.266,0.125
69,ec.gp.GPIndividual@1733513987{-1690898269},3C_20_50-02.txt,61.404,0.250,15.351,3,0.656,4.27,0.219,0.375,0.125
69,ec.gp.GPIndividual@1733513987{-1690898269},3C_20_50-03.txt,30.993,0.250,7.748,2,3.156,40.74,1.578,1.984,0.125
69,ec.gp.GPIndividual@1733513987{-1690898269},3C_20_66-01.txt,7.322,0.250,1.831,1,0.281,15.36,0.281,1.984,0.125
69,ec.gp.GPIndividual@1733513987{-1690898269},3C_20_66-02.txt,154.245,0.250,38.561,3,10.297,26.70,3.432,9.203,0.125
69,ec.gp.GPIndividual@1733513987{-1690898269},3C_20_66-03.txt,118.340,0.250,29.585,1,1.672,5.65,1.672,9.203,0.125
69,ec.gp.GPIndividual@1733513987{-1690898269},3C_20_80-01.txt,4.194,0.250,1.049,1,0.344,32.78,0.344,9.203,0.125
69,ec.gp.GPIndividual@1733513987{-1690898269},3C_20_80-02.txt,35.738,0.250,8.935,1,0.594,6.65,0.594,9.203,0.125
69,ec.gp.GPIndividual@1733513987{-1690898269},3C_20_80-03.txt,169.439,0.250,42.360,1,1.625,3.84,1.625,9.203,0.125
69,ec.gp.GPIndividual@1204482664{-1012594859},3C_20_50-02.txt,61.404,0.250,15.351,6,19.234,125.30,3.206,11.797,0.094
69,ec.gp.GPIndividual@1204482664{-1012594859},3C_20_50-03.txt,30.993,0.250,7.748,1,0.594,7.66,0.594,11.797,0.094
69,ec.gp.GPIndividual@1204482664{-1012594859},3C_20_66-03.txt,118.340,0.250,29.585,9,28.125,95.07,3.125,11.797,0.094
69,ec.gp.GPIndividual@1204482664{-1012594859},3C_20_80-01.txt,4.194,0.250,1.049,3,0.828,78.97,0.276,11.797,0.094
69,ec.gp.GPIndividual@1204482664{-1012594859},3C_20_80-02.txt,35.738,0.250,8.935,4,7.203,80.62,1.801,11.797,0.094
69,ec.gp.GPIndividual@1204482664{-1012594859},3C_20_66-01.txt,7.322,0.250,1.831,6,2.000,109.26,0.333,11.797,0.094
69,ec.gp.GPIndividual@1204482664{-1012594859},3C_20_66-02.txt,154.245,0.250,38.561,0,0.000,0.00,0.000,11.797,0.094
69,ec.gp.GPIndividual@1204482664{-1012594859},3C_20_80-03.txt,169.439,0.250,42.360,9,35.422,83.62,3.936,15.781,0.094
69,ec.gp.GPIndividual@1400315636{1711185488},3C_20_50-02.txt,61.404,0.250,15.351,6,13.672,89.06,2.279,9.078,0.109
69,ec.gp.GPIndividual@1400315636{1711185488},3C_20_66-03.txt,118.340,0.250,29.585,4,15.484,52.34,3.871,11.156,0.109
69,ec.gp.GPIndividual@1400315636{1711185488},3C_20_50-03.txt,30.993,0.250,7.748,1,10.156,131.08,10.156,11.156,0.109
69,ec.gp.GPIndividual@1400315636{1711185488},3C_20_80-01.txt,4.194,0.250,1.049,1,1.078,102.81,1.078,11.156,0.109
69,ec.gp.GPIndividual@1400315636{1711185488},3C_20_66-01.txt,7.322,0.250,1.831,6,1.938,105.84,0.323,11.156,0.109
69,ec.gp.GPIndividual@1400315636{1711185488},3C_20_80-02.txt,35.738,0.250,8.935,1,0.094,1.05,0.094,11.156,0.094
69,ec.gp.GPIndividual@1400315636{1711185488},3C_20_66-02.txt,154.245,0.250,38.561,12,29.328,76.06,2.444,13.844,0.094
69,ec.gp.GPIndividual@1400315636{1711185488},3C_20_80-03.txt,169.439,0.250,42.360,3,26.844,63.37,8.948,16.328,0.094
69,ec.gp.GPIndividual@447173759{-1706738777},3C_20_50-02.txt,61.404,0.250,15.351,6,15.422,100.46,2.570,12.750,0.094
69,ec.gp.GPIndividual@447173759{-1706738777},3C_20_50-03.txt,30.993,0.250,7.748,1,0.266,3.43,0.266,12.750,0.094
69,ec.gp.GPIndividual@447173759{-1706738777},3C_20_66-03.txt,118.340,0.250,29.585,8,27.031,91.37,3.379,12.750,0.094
69,ec.gp.GPIndividual@447173759{-1706738777},3C_20_80-01.txt,4.194,0.250,1.049,4,0.938,89.40,0.234,12.750,0.094
69,ec.gp.GPIndividual@447173759{-1706738777},3C_20_80-02.txt,35.738,0.250,8.935,6,8.078,90.41,1.346,12.750,0.094
69,ec.gp.GPIndividual@447173759{-1706738777},3C_20_66-01.txt,7.322,0.250,1.831,4,1.469,80.24,0.367,12.750,0.094
69,ec.gp.GPIndividual@447173759{-1706738777},3C_20_66-02.txt,154.245,0.250,38.561,9,33.563,87.04,3.729,13.969,0.094
69,ec.gp.GPIndividual@447173759{-1706738777},3C_20_80-03.txt,169.439,0.250,42.360,2,10.500,24.79,5.250,13.969,0.094
69,ec.gp.GPIndividual@447173759{-1706738777},3C_20_66-03.txt,118.340,0.250,29.585,3,13.672,46.21,4.557,13.969,0.094
69,ec.gp.GPIndividual@447173759{-1706738777},3C_20_80-01.txt,4.194,0.250,1.049,1,16.344,1558.59,16.344,16.344,0.094
69,ec.gp.GPIndividual@149879625{49167176},3C_20_50-02.txt,61.404,0.250,15.351,5,1.516,9.87,0.303,0.469,0.094
69,ec.gp.GPIndividual@149879625{49167176},3C_20_50-03.txt,30.993,0.250,7.748,6,5.734,74.01,0.956,1.922,0.094
69,ec.gp.GPIndividual@149879625{49167176},3C_20_66-01.txt,7.322,0.250,1.831,1,0.281,15.36,0.281,1.922,0.094
69,ec.gp.GPIndividual@149879625{49167176},3C_20_66-02.txt,154.245,0.250,38.561,1,1.625,4.21,1.625,1.922,0.094
69,ec.gp.GPIndividual@149879625{49167176},3C_20_80-02.txt,35.738,0.250,8.935,2,1.016,11.37,0.508,1.922,0.094
69,ec.gp.GPIndividual@149879625{49167176},3C_20_66-03.txt,118.340,0.250,29.585,5,3.250,10.99,0.650,1.922,0.094
69,ec.gp.GPIndividual@149879625{49167176},3C_20_80-01.txt,4.194,0.250,1.049,2,0.797,75.99,0.398,1.922,0.094
69,ec.gp.GPIndividual@149879625{49167176},3C_20_80-02.txt,35.738,0.250,8.935,1,0.281,3.15,0.281,1.922,0.094
69,ec.gp.GPIndividual@149879625{49167176},3C_20_80-03.txt,169.439,0.250,42.360,1,0.563,1.33,0.563,1.922,0.094
69,ec.gp.GPIndividual@149879625{49167176},3C_20_80-03.txt,169.439,0.250,42.360,2,3.234,7.64,1.617,1.922,0.094
69,ec.gp.GPIndividual@968599066{-769985805},3C_20_50-02.txt,61.404,0.250,15.351,0,0.000,0.00,0.000,0.000,0.000
69,ec.gp.GPIndividual@968599066{-769985805},3C_20_50-03.txt,30.993,0.250,7.748,0,0.000,0.00,0.000,0.000,0.000
69,ec.gp.GPIndividual@968599066{-769985805},3C_20_66-01.txt,7.322,0.250,1.831,0,0.000,0.00,0.000,0.000,0.000
69,ec.gp.GPIndividual@968599066{-769985805},3C_20_66-02.txt,154.245,0.250,38.561,0,0.000,0.00,0.000,0.000,0.000
69,ec.gp.GPIndividual@968599066{-769985805},3C_20_66-03.txt,118.340,0.250,29.585,0,0.000,0.00,0.000,0.000,0.000
69,ec.gp.GPIndividual@968599066{-769985805},3C_20_80-01.txt,4.194,0.250,1.049,0,0.000,0.00,0.000,0.000,0.000
69,ec.gp.GPIndividual@968599066{-769985805},3C_20_80-02.txt,35.738,0.250,8.935,0,0.000,0.00,0.000,0.000,0.000
69,ec.gp.GPIndividual@968599066{-769985805},3C_20_80-03.txt,169.439,0.250,42.360,0,0.000,0.00,0.000,0.000,0.000
70,ec.gp.GPIndividual@1529275863{1073027452},3C_20_50-02.txt,61.404,0.250,15.351,0,0.000,0.00,0.000,0.000,0.000
70,ec.gp.GPIndividual@1529275863{1073027452},3C_20_50-03.txt,30.993,0.250,7.748,0,0.000,0.00,0.000,0.000,0.000
70,ec.gp.GPIndividual@1529275863{1073027452},3C_20_66-01.txt,7.322,0.250,1.831,0,0.000,0.00,0.000,0.000,0.000
70,ec.gp.GPIndividual@1529275863{1073027452},3C_20_66-02.txt,154.245,0.250,38.561,0,0.000,0.00,0.000,0.000,0.000
70,ec.gp.GPIndividual@1529275863{1073027452},3C_20_66-03.txt,118.340,0.250,29.585,0,0.000,0.00,0.000,0.000,0.000
70,ec.gp.GPIndividual@1529275863{1073027452},3C_20_80-01.txt,4.194,0.250,1.049,0,0.000,0.00,0.000,0.000,0.000
70,ec.gp.GPIndividual@1529275863{1073027452},3C_20_80-02.txt,35.738,0.250,8.935,0,0.000,0.00,0.000,0.000,0.000
70,ec.gp.GPIndividual@1529275863{1073027452},3C_20_80-03.txt,169.439,0.250,42.360,0,0.000,0.00,0.000,0.000,0.000
70,ec.gp.GPIndividual@1974636291{-197994541},3C_20_50-02.txt,61.404,0.250,15.351,15,16.484,107.38,1.099,1.875,0.375
70,ec.gp.GPIndividual@1974636291{-197994541},3C_20_50-03.txt,30.993,0.250,7.748,5,9.875,127.45,1.975,2.422,0.344
70,ec.gp.GPIndividual@1974636291{-197994541},3C_20_50-03.txt,30.993,0.250,7.748,1,0.141,1.81,0.141,2.422,0.141
70,ec.gp.GPIndividual@1974636291{-197994541},3C_20_50-03.txt,30.993,0.250,7.748,1,1.234,15.93,1.234,2.422,0.141
70,ec.gp.GPIndividual@1974636291{-197994541},3C_20_50-03.txt,30.993,0.250,7.748,2,4.578,59.09,2.289,2.469,0.141
70,ec.gp.GPIndividual@1974636291{-197994541},3C_20_50-03.txt,30.993,0.250,7.748,3,9.609,124.02,3.203,3.234,0.141
70,ec.gp.GPIndividual@1974636291{-197994541},3C_20_66-01.txt,7.322,0.250,1.831,1,0.703,38.41,0.703,3.234,0.141
70,ec.gp.GPIndividual@1974636291{-197994541},3C_20_66-01.txt,7.322,0.250,1.831,1,2.313,126.33,2.313,3.234,0.141
70,ec.gp.GPIndividual@1974636291{-197994541},3C_20_50-03.txt,30.993,0.250,7.748,5,10.031,129.47,2.006,3.234,0.141
70,ec.gp.GPIndividual@1974636291{-197994541},3C_20_66-01.txt,7.322,0.250,1.831,3,1.797,98.16,0.599,3.234,0.141
70,ec.gp.GPIndividual@1974636291{-197994541},3C_20_66-01.txt,7.322,0.250,1.831,1,0.469,25.61,0.469,3.234,0.141
70,ec.gp.GPIndividual@1974636291{-197994541},3C_20_66-02.txt,154.245,0.250,38.561,1,0.453,1.18,0.453,3.234,0.141
70,ec.gp.GPIndividual@1974636291{-197994541},3C_20_66-02.txt,154.245,0.250,38.561,11,17.641,45.75,1.604,3.234,0.141
70,ec.gp.GPIndividual@1974636291{-197994541},3C_20_66-03.txt,118.340,0.250,29.585,2,2.781,9.40,1.391,3.234,0.141
70,ec.gp.GPIndividual@1974636291{-197994541},3C_20_66-02.txt,154.245,0.250,38.561,12,28.984,75.16,2.415,6.313,0.141
70,ec.gp.GPIndividual@1974636291{-197994541},3C_20_66-03.txt,118.340,0.250,29.585,2,11.266,38.08,5.633,7.453,0.141
70,ec.gp.GPIndividual@1974636291{-197994541},3C_20_80-01.txt,4.194,0.250,1.049,1,7.469,712.24,7.469,7.469,0.141
70,ec.gp.GPIndividual@1974636291{-197994541},3C_20_66-01.txt,7.322,0.250,1.831,3,2.063,112.67,0.688,7.469,0.141
70,ec.gp.GPIndividual@1974636291{-197994541},3C_20_80-02.txt,35.738,0.250,8.935,2,8.094,90.59,4.047,7.750,0.141
70,ec.gp.GPIndividual@1974636291{-197994541},3C_20_66-03.txt,118.340,0.250,29.585,3,5.047,17.06,1.682,7.750,0.141
70,ec.gp.GPIndividual@1974636291{-197994541},3C_20_66-02.txt,154.245,0.250,38.561,3,19.734,51.18,6.578,12.266,0.141
70,ec.gp.GPIndividual@1974636291{-197994541},3C_20_80-03.txt,169.439,0.250,42.360,10,43.719,103.21,4.372,12.266,0.141
70,ec.gp.GPIndividual@1974636291{-197994541},3C_20_80-01.txt,4.194,0.250,1.049,2,2.297,219.04,1.148,12.266,0.141
70,ec.gp.GPIndividual@1974636291{-197994541},3C_20_66-03.txt,118.340,0.250,29.585,2,1.359,4.59,0.680,12.266,0.141
70,ec.gp.GPIndividual@1974636291{-197994541},3C_20_66-02.txt,154.245,0.250,38.561,1,1.078,2.80,1.078,12.266,0.141
70,ec.gp.GPIndividual@1974636291{-197994541},3C_20_80-02.txt,35.738,0.250,8.935,1,4.859,54.39,4.859,12.266,0.141
70,ec.gp.GPIndividual@124317747{-1978710969},3C_20_50-02.txt,61.404,0.250,15.351,6,16.063,104.63,2.677,8.922,0.328
70,ec.gp.GPIndividual@124317747{-1978710969},3C_20_66-03.txt,118.340,0.250,29.585,1,0.328,1.11,0.328,8.922,0.328
70,ec.gp.GPIndividual@124317747{-1978710969},3C_20_66-01.txt,7.322,0.250,1.831,2,2.766,151.08,1.383,8.922,0.328
70,ec.gp.GPIndividual@124317747{-1978710969},3C_20_50-03.txt,30.993,0.250,7.748,1,0.313,4.03,0.313,8.922,0.313
70,ec.gp.GPIndividual@124317747{-1978710969},3C_20_80-03.txt,169.439,0.250,42.360,12,42.328,99.93,3.527,10.953,0.172
70,ec.gp.GPIndividual@810406137{-851574100},3C_20_50-02.txt,61.404,0.250,15.351,6,13.891,90.49,2.315,4.500,0.531
70,ec.gp.GPIndividual@810406137{-851574100},3C_20_50-03.txt,30.993,0.250,7.748,1,5.750,74.21,5.750,5.750,0.531
70,ec.gp.GPIndividual@810406137{-851574100},3C_20_80-01.txt,4.194,0.250,1.049,1,1.797,171.36,1.797,5.750,0.531
70,ec.gp.GPIndividual@810406137{-851574100},3C_20_80-01.txt,4.194,0.250,1.049,3,1.125,107.28,0.375,5.750,0.156
70,ec.gp.GPIndividual@810406137{-851574100},3C_20_80-02.txt,35.738,0.250,8.935,4,7.703,86.22,1.926,5.750,0.000
70,ec.gp.GPIndividual@810406137{-851574100},3C_20_66-01.txt,7.322,0.250,1.831,3,2.250,122.91,0.750,5.750,0.000
70,ec.gp.GPIndividual@810406137{-851574100},3C_20_66-02.txt,154.245,0.250,38.561,3,14.641,37.97,4.880,12.281,0.000
70,ec.gp.GPIndividual@810406137{-851574100},3C_20_80-01.txt,4.194,0.250,1.049,1,3.219,306.95,3.219,12.281,0.000
70,ec.gp.GPIndividual@810406137{-851574100},3C_20_66-01.txt,7.322,0.250,1.831,2,2.703,147.67,1.352,12.281,0.000
70,ec.gp.GPIndividual@810406137{-851574100},3C_20_66-02.txt,154.245,0.250,38.561,4,4.047,10.49,1.012,12.281,0.000
70,ec.gp.GPIndividual@810406137{-851574100},3C_20_80-02.txt,35.738,0.250,8.935,6,9.859,110.35,1.643,12.281,0.000
70,ec.gp.GPIndividual@810406137{-851574100},3C_20_66-03.txt,118.340,0.250,29.585,2,3.422,11.57,1.711,12.281,0.000
70,ec.gp.GPIndividual@810406137{-851574100},3C_20_66-02.txt,154.245,0.250,38.561,1,1.453,3.77,1.453,12.281,0.000
70,ec.gp.GPIndividual@810406137{-851574100},3C_20_80-02.txt,35.738,0.250,8.935,1,1.266,14.17,1.266,12.281,0.000
70,ec.gp.GPIndividual@810406137{-851574100},3C_20_80-03.txt,169.439,0.250,42.360,2,0.703,1.66,0.352,12.281,0.000
70,ec.gp.GPIndividual@810406137{-851574100},3C_20_66-03.txt,118.340,0.250,29.585,9,14.531,49.12,1.615,12.281,0.000
70,ec.gp.GPIndividual@810406137{-851574100},3C_20_66-03.txt,118.340,0.250,29.585,5,21.813,73.73,4.363,12.281,0.000
70,ec.gp.GPIndividual@810406137{-851574100},3C_20_80-03.txt,169.439,0.250,42.360,3,13.047,30.80,4.349,12.281,0.000
70,ec.gp.GPIndividual@810406137{-851574100},3C_20_80-01.txt,4.194,0.250,1.049,3,0.891,84.93,0.297,12.281,0.000
70,ec.gp.GPIndividual@810406137{-851574100},3C_20_80-02.txt,35.738,0.250,8.935,2,12.156,136.06,6.078,12.281,0.000
70,ec.gp.GPIndividual@1053232995{-1186198408},3C_20_50-02.txt,61.404,0.250,15.351,4,12.656,82.45,3.164,8.656,0.484
70,ec.gp.GPIndividual@1053232995{-1186198408},3C_20_80-03.txt,169.439,0.250,42.360,4,12.172,28.73,3.043,8.656,0.484
70,ec.gp.GPIndividual@988947156{-439495591},3C_20_50-02.txt,61.404,0.250,15.351,0,0.000,0.00,0.000,0.000,0.000
70,ec.gp.GPIndividual@988947156{-439495591},3C_20_50-03.txt,30.993,0.250,7.748,0,0.000,0.00,0.000,0.000,0.000
70,ec.gp.GPIndividual@988947156{-439495591},3C_20_66-01.txt,7.322,0.250,1.831,0,0.000,0.00,0.000,0.000,0.000
70,ec.gp.GPIndividual@988947156{-439495591},3C_20_66-02.txt,154.245,0.250,38.561,0,0.000,0.00,0.000,0.000,0.000
70,ec.gp.GPIndividual@988947156{-439495591},3C_20_66-03.txt,118.340,0.250,29.585,0,0.000,0.00,0.000,0.000,0.000
70,ec.gp.GPIndividual@988947156{-439495591},3C_20_80-01.txt,4.194,0.250,1.049,0,0.000,0.00,0.000,0.000,0.000
70,ec.gp.GPIndividual@988947156{-439495591},3C_20_80-02.txt,35.738,0.250,8.935,0,0.000,0.00,0.000,0.000,0.000
70,ec.gp.GPIndividual@988947156{-439495591},3C_20_80-03.txt,169.439,0.250,42.360,0,0.000,0.00,0.000,0.000,0.000
70,ec.gp.GPIndividual@126552172{-971214504},3C_20_50-02.txt,61.404,0.250,15.351,3,9.625,62.70,3.208,6.094,0.516
70,ec.gp.GPIndividual@1325809930{1846693759},3C_20_50-02.txt,61.404,0.250,15.351,4,19.016,123.87,4.754,14.391,0.516
70,ec.gp.GPIndividual@1325809930{1846693759},3C_20_80-01.txt,4.194,0.250,1.049,1,2.594,247.35,2.594,14.391,0.516
70,ec.gp.GPIndividual@1325809930{1846693759},3C_20_50-03.txt,30.993,0.250,7.748,1,15.813,204.08,15.813,15.813,0.516
70,ec.gp.GPIndividual@1325809930{1846693759},3C_20_80-01.txt,4.194,0.250,1.049,3,1.328,126.65,0.443,15.813,0.344
70,ec.gp.GPIndividual@1325809930{1846693759},3C_20_80-02.txt,35.738,0.250,8.935,2,4.969,55.61,2.484,15.813,0.156
70,ec.gp.GPIndividual@1325809930{1846693759},3C_20_50-03.txt,30.993,0.250,7.748,4,8.516,109.91,2.129,15.813,0.156
70,ec.gp.GPIndividual@1325809930{1846693759},3C_20_66-01.txt,7.322,0.250,1.831,1,2.172,118.65,2.172,15.813,0.156
70,ec.gp.GPIndividual@1325809930{1846693759},3C_20_50-03.txt,30.993,0.250,7.748,4,3.531,45.58,0.883,15.813,0.000
70,ec.gp.GPIndividual@1325809930{1846693759},3C_20_80-03.txt,169.439,0.250,42.360,6,26.781,63.22,4.464,15.813,0.000
70,ec.gp.GPIndividual@1325809930{1846693759},3C_20_80-03.txt,169.439,0.250,42.360,14,43.453,102.58,3.104,15.813,0.000
70,ec.gp.GPIndividual@1325809930{1846693759},3C_20_66-01.txt,7.322,0.250,1.831,3,1.922,104.99,0.641,15.813,0.000
70,ec.gp.GPIndividual@1325809930{1846693759},3C_20_80-02.txt,35.738,0.250,8.935,3,13.531,151.45,4.510,15.813,0.000
70,ec.gp.GPIndividual@2105996139{1515629971},3C_20_50-02.txt,61.404,0.250,15.351,5,6.078,39.59,1.216,2.234,0.484
70,ec.gp.GPIndividual@2105996139{1515629971},3C_20_66-02.txt,154.245,0.250,38.561,2,11.688,30.31,5.844,11.688,0.000
70,ec.gp.GPIndividual@1416844845{49167176},3C_20_50-02.txt,61.404,0.250,15.351,5,18.813,122.55,3.763,13.938,0.281
70,ec.gp.GPIndividual@1416844845{49167176},3C_20_66-02.txt,154.245,0.250,38.561,4,7.063,18.32,1.766,13.938,0.281
70,ec.gp.GPIndividual@1416844845{49167176},3C_20_50-03.txt,30.993,0.250,7.748,3,8.563,110.51,2.854,13.938,0.281
70,ec.gp.GPIndividual@1416844845{49167176},3C_20_66-01.txt,7.322,0.250,1.831,1,2.422,132.30,2.422,13.938,0.281
70,ec.gp.GPIndividual@1416844845{49167176},3C_20_66-03.txt,118.340,0.250,29.585,13,30.172,101.98,2.321,13.938,0.281
70,ec.gp.GPIndividual@1416844845{49167176},3C_20_66-01.txt,7.322,0.250,1.831,4,3.344,182.66,0.836,13.938,0.172
70,ec.gp.GPIndividual@1416844845{49167176},3C_20_80-01.txt,4.194,0.250,1.049,4,1.344,128.14,0.336,13.938,0.156
70,ec.gp.GPIndividual@1416844845{49167176},3C_20_66-02.txt,154.245,0.250,38.561,1,0.156,0.41,0.156,13.938,0.156
70,ec.gp.GPIndividual@1416844845{49167176},3C_20_80-02.txt,35.738,0.250,8.935,1,5.313,59.46,5.313,13.938,0.156
70,ec.gp.GPIndividual@1416844845{49167176},3C_20_66-03.txt,118.340,0.250,29.585,2,13.500,45.63,6.750,13.938,0.156
70,ec.gp.GPIndividual@1416844845{49167176},3C_20_50-03.txt,30.993,0.250,7.748,3,15.281,197.22,5.094,13.938,0.156
70,ec.gp.GPIndividual@1416844845{49167176},3C_20_80-03.txt,169.439,0.250,42.360,2,2.484,5.86,1.242,13.938,0.156
70,ec.gp.GPIndividual@1416844845{49167176},3C_20_66-03.txt,118.340,0.250,29.585,8,31.375,106.05,3.922,13.938,0.156
70,ec.gp.GPIndividual@1416844845{49167176},3C_20_66-01.txt,7.322,0.250,1.831,1,6.281,343.14,6.281,13.938,0.156
70,ec.gp.GPIndividual@1416844845{49167176},3C_20_80-01.txt,4.194,0.250,1.049,1,3.531,336.75,3.531,13.938,0.156
70,ec.gp.GPIndividual@1416844845{49167176},3C_20_80-01.txt,4.194,0.250,1.049,2,1.875,178.81,0.938,13.938,0.156
70,ec.gp.GPIndividual@1533988712{847913350},3C_20_50-02.txt,61.404,0.250,15.351,5,2.547,16.59,0.509,1.219,0.141
70,ec.gp.GPIndividual@1533988712{847913350},3C_20_80-02.txt,35.738,0.250,8.935,4,10.313,115.42,2.578,4.375,0.141
70,ec.gp.GPIndividual@1533988712{847913350},3C_20_66-02.txt,154.245,0.250,38.561,2,2.969,7.70,1.484,4.375,0.141
70,ec.gp.GPIndividual@1533988712{847913350},3C_20_66-02.txt,154.245,0.250,38.561,1,1.234,3.20,1.234,4.375,0.141
70,ec.gp.GPIndividual@1533988712{847913350},3C_20_80-03.txt,169.439,0.250,42.360,2,3.750,8.85,1.875,4.375,0.141
70,ec.gp.GPIndividual@1533988712{847913350},3C_20_80-03.txt,169.439,0.250,42.360,13,35.391,83.55,2.722,6.297,0.141
70,ec.gp.GPIndividual@1337583167{1810654850},3C_20_50-02.txt,61.404,0.250,15.351,0,0.000,0.00,0.000,0.000,0.000
70,ec.gp.GPIndividual@1337583167{1810654850},3C_20_50-03.txt,30.993,0.250,7.748,0,0.000,0.00,0.000,0.000,0.000
70,ec.gp.GPIndividual@1337583167{1810654850},3C_20_66-01.txt,7.322,0.250,1.831,1,1.609,87.92,1.609,1.609,1.609
70,ec.gp.GPIndividual@1337583167{1810654850},3C_20_66-02.txt,154.245,0.250,38.561,0,0.000,0.00,0.000,1.609,1.609
70,ec.gp.GPIndividual@1337583167{1810654850},3C_20_66-03.txt,118.340,0.250,29.585,0,0.000,0.00,0.000,1.609,1.609
70,ec.gp.GPIndividual@1337583167{1810654850},3C_20_80-01.txt,4.194,0.250,1.049,0,0.000,0.00,0.000,1.609,1.609
70,ec.gp.GPIndividual@1337583167{1810654850},3C_20_80-02.txt,35.738,0.250,8.935,0,0.000,0.00,0.000,1.609,1.609
70,ec.gp.GPIndividual@1337583167{1810654850},3C_20_80-03.txt,169.439,0.250,42.360,0,0.000,0.00,0.000,1.609,1.609
70,ec.gp.GPIndividual@870268762{824373796},3C_20_50-02.txt,61.404,0.250,15.351,1,0.156,1.02,0.156,0.156,0.156
70,ec.gp.GPIndividual@870268762{824373796},3C_20_66-03.txt,118.340,0.250,29.585,7,17.266,58.36,2.467,5.984,0.156
70,ec.gp.GPIndividual@870268762{824373796},3C_20_50-03.txt,30.993,0.250,7.748,2,7.094,91.55,3.547,6.359,0.156
70,ec.gp.GPIndividual@870268762{824373796},3C_20_80-01.txt,4.194,0.250,1.049,1,9.563,911.91,9.563,9.563,0.156
70,ec.gp.GPIndividual@870268762{824373796},3C_20_50-03.txt,30.993,0.250,7.748,4,6.109,78.85,1.527,9.563,0.156
70,ec.gp.GPIndividual@870268762{824373796},3C_20_80-02.txt,35.738,0.250,8.935,2,1.656,18.54,0.828,9.563,0.000
70,ec.gp.GPIndividual@870268762{824373796},3C_20_66-01.txt,7.322,0.250,1.831,2,6.703,366.18,3.352,9.563,0.000
70,ec.gp.GPIndividual@518059252{-1641243210},3C_20_50-02.txt,61.404,0.250,15.351,0,0.000,0.00,0.000,0.000,0.000
70,ec.gp.GPIndividual@518059252{-1641243210},3C_20_50-03.txt,30.993,0.250,7.748,0,0.000,0.00,0.000,0.000,0.000
70,ec.gp.GPIndividual@518059252{-1641243210},3C_20_66-01.txt,7.322,0.250,1.831,0,0.000,0.00,0.000,0.000,0.000
70,ec.gp.GPIndividual@518059252{-1641243210},3C_20_66-02.txt,154.245,0.250,38.561,0,0.000,0.00,0.000,0.000,0.000
70,ec.gp.GPIndividual@518059252{-1641243210},3C_20_66-03.txt,118.340,0.250,29.585,0,0.000,0.00,0.000,0.000,0.000
70,ec.gp.GPIndividual@518059252{-1641243210},3C_20_80-01.txt,4.194,0.250,1.049,0,0.000,0.00,0.000,0.000,0.000
70,ec.gp.GPIndividual@518059252{-1641243210},3C_20_80-02.txt,35.738,0.250,8.935,0,0.000,0.00,0.000,0.000,0.000
70,ec.gp.GPIndividual@518059252{-1641243210},3C_20_80-03.txt,169.439,0.250,42.360,0,0.000,0.00,0.000,0.000,0.000
70,ec.gp.GPIndividual@546519927{1315444124},3C_20_50-02.txt,61.404,0.250,15.351,2,8.016,52.22,4.008,7.766,0.250
70,ec.gp.GPIndividual@1789057573{1801589874},3C_20_50-02.txt,61.404,0.250,15.351,0,0.000,0.00,0.000,0.000,0.000
70,ec.gp.GPIndividual@1789057573{1801589874},3C_20_50-03.txt,30.993,0.250,7.748,0,0.000,0.00,0.000,0.000,0.000
70,ec.gp.GPIndividual@1789057573{1801589874},3C_20_66-01.txt,7.322,0.250,1.831,0,0.000,0.00,0.000,0.000,0.000
70,ec.gp.GPIndividual@1789057573{1801589874},3C_20_66-02.txt,154.245,0.250,38.561,0,0.000,0.00,0.000,0.000,0.000
70,ec.gp.GPIndividual@1789057573{1801589874},3C_20_66-03.txt,118.340,0.250,29.585,0,0.000,0.00,0.000,0.000,0.000
70,ec.gp.GPIndividual@1789057573{1801589874},3C_20_80-01.txt,4.194,0.250,1.049,0,0.000,0.00,0.000,0.000,0.000
70,ec.gp.GPIndividual@1789057573{1801589874},3C_20_80-02.txt,35.738,0.250,8.935,0,0.000,0.00,0.000,0.000,0.000
70,ec.gp.GPIndividual@1789057573{1801589874},3C_20_80-03.txt,169.439,0.250,42.360,0,0.000,0.00,0.000,0.000,0.000
70,ec.gp.GPIndividual@698839722{781213232},3C_20_50-02.txt,61.404,0.250,15.351,3,15.391,100.26,5.130,14.234,0.156
70,ec.gp.GPIndividual@698839722{781213232},3C_20_50-03.txt,30.993,0.250,7.748,2,0.938,12.10,0.469,14.234,0.156
70,ec.gp.GPIndividual@698839722{781213232},3C_20_66-01.txt,7.322,0.250,1.831,2,13.516,738.34,6.758,14.234,0.156
70,ec.gp.GPIndividual@698839722{781213232},3C_20_80-01.txt,4.194,0.250,1.049,2,1.078,102.81,0.539,14.234,0.109
70,ec.gp.GPIndividual@698839722{781213232},3C_20_50-03.txt,30.993,0.250,7.748,3,1.859,24.00,0.620,14.234,0.109
70,ec.gp.GPIndividual@698839722{781213232},3C_20_66-02.txt,154.245,0.250,38.561,18,41.297,107.09,2.294,14.234,0.109
70,ec.gp.GPIndividual@698839722{781213232},3C_20_80-02.txt,35.738,0.250,8.935,1,1.109,12.42,1.109,14.234,0.109
70,ec.gp.GPIndividual@698839722{781213232},3C_20_66-01.txt,7.322,0.250,1.831,2,3.813,208.27,1.906,14.234,0.109
70,ec.gp.GPIndividual@698839722{781213232},3C_20_66-01.txt,7.322,0.250,1.831,1,0.578,31.58,0.578,14.234,0.109
70,ec.gp.GPIndividual@698839722{781213232},3C_20_66-02.txt,154.245,0.250,38.561,18,44.531,115.48,2.474,14.234,0.109
70,ec.gp.GPIndividual@698839722{781213232},3C_20_66-03.txt,118.340,0.250,29.585,2,12.719,42.99,6.359,14.234,0.109
70,ec.gp.GPIndividual@698839722{781213232},3C_20_66-03.txt,118.340,0.250,29.585,2,4.531,15.32,2.266,14.234,0.109
70,ec.gp.GPIndividual@698839722{781213232},3C_20_66-02.txt,154.245,0.250,38.561,10,28.016,72.65,2.802,14.234,0.109
70,ec.gp.GPIndividual@698839722{781213232},3C_20_80-03.txt,169.439,0.250,42.360,2,13.719,32.39,6.859,14.234,0.109
70,ec.gp.GPIndividual@698839722{781213232},3C_20_80-01.txt,4.194,0.250,1.049,3,11.813,1126.48,3.938,14.234,0.109
70,ec.gp.GPIndividual@698839722{781213232},3C_20_80-01.txt,4.194,0.250,1.049,2,0.219,20.86,0.109,14.234,0.000
70,ec.gp.GPIndividual@698839722{781213232},3C_20_80-02.txt,35.738,0.250,8.935,2,9.438,105.63,4.719,14.234,0.000
70,ec.gp.GPIndividual@698839722{781213232},3C_20_66-03.txt,118.340,0.250,29.585,14,24.375,82.39,1.741,14.234,0.000
70,ec.gp.GPIndividual@698839722{781213232},3C_20_80-03.txt,169.439,0.250,42.360,1,6.047,14.28,6.047,14.234,0.000
70,ec.gp.GPIndividual@698839722{781213232},3C_20_80-01.txt,4.194,0.250,1.049,1,5.063,482.78,5.063,14.234,0.000
70,ec.gp.GPIndividual@698839722{781213232},3C_20_80-02.txt,35.738,0.250,8.935,3,16.875,188.87,5.625,15.672,0.000
70,ec.gp.GPIndividual@754549841{2022811963},3C_20_50-02.txt,61.404,0.250,15.351,2,13.000,84.68,6.500,12.844,0.156
70,ec.gp.GPIndividual@754549841{2022811963},3C_20_80-02.txt,35.738,0.250,8.935,2,0.891,9.97,0.445,12.844,0.156
70,ec.gp.GPIndividual@754549841{2022811963},3C_20_50-03.txt,30.993,0.250,7.748,7,6.938,89.54,0.991,12.844,0.156
70,ec.gp.GPIndividual@754549841{2022811963},3C_20_66-01.txt,7.322,0.250,1.831,2,1.406,76.82,0.703,12.844,0.156
70,ec.gp.GPIndividual@754549841{2022811963},3C_20_80-03.txt,169.439,0.250,42.360,1,0.609,1.44,0.609,12.844,0.156
70,ec.gp.GPIndividual@754549841{2022811963},3C_20_66-02.txt,154.245,0.250,38.561,2,8.547,22.16,4.273,12.844,0.156
70,ec.gp.GPIndividual@1260859359{-373180002},3C_20_50-02.txt,61.404,0.250,15.351,10,12.969,84.48,1.297,4.922,0.141
70,ec.gp.GPIndividual@513193338{1845674518},3C_20_50-02.txt,61.404,0.250,15.351,1,3.516,22.90,3.516,3.516,3.516
70,ec.gp.GPIndividual@513193338{1845674518},3C_20_66-03.txt,118.340,0.250,29.585,2,3.094,10.46,1.547,3.516,0.172
70,ec.gp.GPIndividual@513193338{1845674518},3C_20_50-03.txt,30.993,0.250,7.748,6,7.594,98.01,1.266,3.516,0.172
70,ec.gp.GPIndividual@513193338{1845674518},3C_20_50-03.txt,30.993,0.250,7.748,1,0.688,8.87,0.688,3.516,0.172
70,ec.gp.GPIndividual@513193338{1845674518},3C_20_80-01.txt,4.194,0.250,1.049,2,0.703,67.05,0.352,3.516,0.172
70,ec.gp.GPIndividual@513193338{1845674518},3C_20_80-02.txt,35.738,0.250,8.935,7,8.953,100.21,1.279,3.516,0.172
70,ec.gp.GPIndividual@513193338{1845674518},3C_20_66-01.txt,7.322,0.250,1.831,1,2.250,122.91,2.250,3.516,0.172
70,ec.gp.GPIndividual@513193338{1845674518},3C_20_66-01.txt,7.322,0.250,1.831,4,1.734,94.75,0.434,3.516,0.172
70,ec.gp.GPIndividual@513193338{1845674518},3C_20_66-02.txt,154.245,0.250,38.561,1,0.344,0.89,0.344,3.516,0.172
70,ec.gp.GPIndividual@513193338{1845674518},3C_20_80-03.txt,169.439,0.250,42.360,1,0.594,1.40,0.594,3.516,0.172
70,ec.gp.GPIndividual@513193338{1845674518},3C_20_66-02.txt,154.245,0.250,38.561,12,22.313,57.86,1.859,12.719,0.172
70,ec.gp.GPIndividual@1795395176{-2098076201},3C_20_50-02.txt,61.404,0.250,15.351,2,16.469,107.28,8.234,16.359,0.109
70,ec.gp.GPIndividual@136341174{-1358272050},3C_20_50-02.txt,61.404,0.250,15.351,6,3.188,20.76,0.531,0.844,0.078
70,ec.gp.GPIndividual@136341174{-1358272050},3C_20_50-03.txt,30.993,0.250,7.748,4,6.781,87.52,1.695,2.797,0.078
70,ec.gp.GPIndividual@136341174{-1358272050},3C_20_50-03.txt,30.993,0.250,7.748,4,6.719,86.71,1.680,2.797,0.078
70,ec.gp.GPIndividual@136341174{-1358272050},3C_20_66-01.txt,7.322,0.250,1.831,3,1.938,105.84,0.646,2.797,0.078
70,ec.gp.GPIndividual@136341174{-1358272050},3C_20_66-01.txt,7.322,0.250,1.831,3,1.000,54.63,0.333,2.797,0.078
70,ec.gp.GPIndividual@136341174{-1358272050},3C_20_66-02.txt,154.245,0.250,38.561,7,3.000,7.78,0.429,2.797,0.078
70,ec.gp.GPIndividual@136341174{-1358272050},3C_20_66-03.txt,118.340,0.250,29.585,6,26.516,89.63,4.419,10.766,0.078
70,ec.gp.GPIndividual@136341174{-1358272050},3C_20_80-01.txt,4.194,0.250,1.049,3,0.828,78.97,0.276,10.766,0.078
70,ec.gp.GPIndividual@136341174{-1358272050},3C_20_80-02.txt,35.738,0.250,8.935,1,6.406,71.70,6.406,10.766,0.078
70,ec.gp.GPIndividual@136341174{-1358272050},3C_20_66-02.txt,154.245,0.250,38.561,7,3.094,8.02,0.442,10.766,0.078
70,ec.gp.GPIndividual@136341174{-1358272050},3C_20_80-03.txt,169.439,0.250,42.360,7,40.188,94.87,5.741,15.984,0.078
70,ec.gp.GPIndividual@136341174{-1358272050},3C_20_66-03.txt,118.340,0.250,29.585,1,5.078,17.16,5.078,15.984,0.078
70,ec.gp.GPIndividual@257988448{1721628084},3C_20_50-02.txt,61.404,0.250,15.351,1,0.000,0.00,0.000,0.000,0.000
70,ec.gp.GPIndividual@257988448{1721628084},3C_20_50-03.txt,30.993,0.250,7.748,1,0.000,0.00,0.000,0.000,0.000
70,ec.gp.GPIndividual@257988448{1721628084},3C_20_66-01.txt,7.322,0.250,1.831,1,0.000,0.00,0.000,0.000,0.000
70,ec.gp.GPIndividual@257988448{1721628084},3C_20_66-02.txt,154.245,0.250,38.561,1,0.000,0.00,0.000,0.000,0.000
70,ec.gp.GPIndividual@257988448{1721628084},3C_20_66-03.txt,118.340,0.250,29.585,1,0.000,0.00,0.000,0.000,0.000
70,ec.gp.GPIndividual@257988448{1721628084},3C_20_80-01.txt,4.194,0.250,1.049,1,0.000,0.00,0.000,0.000,0.000
70,ec.gp.GPIndividual@257988448{1721628084},3C_20_80-02.txt,35.738,0.250,8.935,1,0.000,0.00,0.000,0.000,0.000
70,ec.gp.GPIndividual@257988448{1721628084},3C_20_80-03.txt,169.439,0.250,42.360,1,0.000,0.00,0.000,0.000,0.000
70,ec.gp.GPIndividual@576199787{602273149},3C_20_50-02.txt,61.404,0.250,15.351,7,8.953,58.32,1.279,4.297,0.125
70,ec.gp.GPIndividual@576199787{602273149},3C_20_80-01.txt,4.194,0.250,1.049,1,4.719,450.00,4.719,4.719,0.125
70,ec.gp.GPIndividual@576199787{602273149},3C_20_50-03.txt,30.993,0.250,7.748,9,7.234,93.37,0.804,4.719,0.125
70,ec.gp.GPIndividual@576199787{602273149},3C_20_66-01.txt,7.322,0.250,1.831,1,0.516,28.17,0.516,4.719,0.125
70,ec.gp.GPIndividual@576199787{602273149},3C_20_80-02.txt,35.738,0.250,8.935,11,8.516,95.31,0.774,4.719,0.125
70,ec.gp.GPIndividual@576199787{602273149},3C_20_80-03.txt,169.439,0.250,42.360,1,1.016,2.40,1.016,4.719,0.125
70,ec.gp.GPIndividual@576199787{602273149},3C_20_66-02.txt,154.245,0.250,38.561,8,29.594,76.74,3.699,14.547,0.125
70,ec.gp.GPIndividual@1115144562{1374744835},3C_20_50-02.txt,61.404,0.250,15.351,6,16.328,106.36,2.721,8.875,0.094
70,ec.gp.GPIndividual@1115144562{1374744835},3C_20_50-03.txt,30.993,0.250,7.748,1,1.797,23.19,1.797,8.875,0.094
70,ec.gp.GPIndividual@1115144562{1374744835},3C_20_66-03.txt,118.340,0.250,29.585,7,24.422,82.55,3.489,9.641,0.094
70,ec.gp.GPIndividual@1115144562{1374744835},3C_20_80-01.txt,4.194,0.250,1.049,2,0.641,61.09,0.320,9.641,0.094
70,ec.gp.GPIndividual@1115144562{1374744835},3C_20_80-02.txt,35.738,0.250,8.935,6,8.156,91.29,1.359,9.641,0.094
70,ec.gp.GPIndividual@1115144562{1374744835},3C_20_66-01.txt,7.322,0.250,1.831,2,2.938,160.47,1.469,9.641,0.094
70,ec.gp.GPIndividual@1115144562{1374744835},3C_20_80-03.txt,169.439,0.250,42.360,7,29.484,69.60,4.212,15.938,0.094
70,ec.gp.GPIndividual@1349748264{404295560},3C_20_50-02.txt,61.404,0.250,15.351,6,13.219,86.11,2.203,9.797,0.094
70,ec.gp.GPIndividual@1349748264{404295560},3C_20_66-02.txt,154.245,0.250,38.561,8,31.688,82.17,3.961,12.719,0.094
70,ec.gp.GPIndividual@1349748264{404295560},3C_20_50-03.txt,30.993,0.250,7.748,4,6.109,78.85,1.527,12.719,0.094
70,ec.gp.GPIndividual@1349748264{404295560},3C_20_66-01.txt,7.322,0.250,1.831,3,8.500,464.34,2.833,12.719,0.094
70,ec.gp.GPIndividual@1349748264{404295560},3C_20_66-03.txt,118.340,0.250,29.585,7,24.734,83.60,3.533,12.719,0.094
70,ec.gp.GPIndividual@1349748264{404295560},3C_20_80-01.txt,4.194,0.250,1.049,2,0.656,62.58,0.328,12.719,0.094
70,ec.gp.GPIndividual@1349748264{404295560},3C_20_80-02.txt,35.738,0.250,8.935,7,8.625,96.54,1.232,12.719,0.094
70,ec.gp.GPIndividual@1349748264{404295560},3C_20_66-02.txt,154.245,0.250,38.561,2,3.438,8.91,1.719,12.719,0.094
70,ec.gp.GPIndividual@1349748264{404295560},3C_20_80-03.txt,169.439,0.250,42.360,7,30.063,70.97,4.295,15.703,0.094
70,ec.gp.GPIndividual@2063995592{-1512946834},3C_20_50-02.txt,61.404,0.250,15.351,8,19.172,124.89,2.396,8.969,0.094
70,ec.gp.GPIndividual@2063995592{-1512946834},3C_20_50-03.txt,30.993,0.250,7.748,1,0.672,8.67,0.672,8.969,0.094
70,ec.gp.GPIndividual@2063995592{-1512946834},3C_20_66-03.txt,118.340,0.250,29.585,8,27.016,91.32,3.377,10.344,0.094
70,ec.gp.GPIndividual@2063995592{-1512946834},3C_20_80-01.txt,4.194,0.250,1.049,4,0.938,89.40,0.234,10.344,0.094
70,ec.gp.GPIndividual@2063995592{-1512946834},3C_20_80-02.txt,35.738,0.250,8.935,8,9.031,101.08,1.129,10.344,0.094
70,ec.gp.GPIndividual@2063995592{-1512946834},3C_20_80-03.txt,169.439,0.250,42.360,1,0.141,0.33,0.141,10.344,0.094
70,ec.gp.GPIndividual@2063995592{-1512946834},3C_20_66-01.txt,7.322,0.250,1.831,5,3.297,180.10,0.659,10.344,0.094
71,ec.gp.GPIndividual@2135665340{412185320},3C_20_50-02.txt,61.404,0.250,15.351,0,0.000,0.00,0.000,0.000,0.000
71,ec.gp.GPIndividual@2135665340{412185320},3C_20_50-02.txt,61.404,0.250,15.351,0,0.000,0.00,0.000,0.000,0.000
71,ec.gp.GPIndividual@2135665340{412185320},3C_20_50-03.txt,30.993,0.250,7.748,0,0.000,0.00,0.000,0.000,0.000
71,ec.gp.GPIndividual@2135665340{412185320},3C_20_50-03.txt,30.993,0.250,7.748,0,0.000,0.00,0.000,0.000,0.000
71,ec.gp.GPIndividual@2135665340{412185320},3C_20_66-01.txt,7.322,0.250,1.831,0,0.000,0.00,0.000,0.000,0.000
71,ec.gp.GPIndividual@2135665340{412185320},3C_20_66-02.txt,154.245,0.250,38.561,0,0.000,0.00,0.000,0.000,0.000
71,ec.gp.GPIndividual@2135665340{412185320},3C_20_66-02.txt,154.245,0.250,38.561,0,0.000,0.00,0.000,0.000,0.000
71,ec.gp.GPIndividual@2135665340{412185320},3C_20_66-03.txt,118.340,0.250,29.585,0,0.000,0.00,0.000,0.000,0.000
71,ec.gp.GPIndividual@2135665340{412185320},3C_20_80-01.txt,4.194,0.250,1.049,0,0.000,0.00,0.000,0.000,0.000
71,ec.gp.GPIndividual@2135665340{412185320},3C_20_80-01.txt,4.194,0.250,1.049,0,0.000,0.00,0.000,0.000,0.000
71,ec.gp.GPIndividual@2135665340{412185320},3C_20_80-02.txt,35.738,0.250,8.935,0,0.000,0.00,0.000,0.000,0.000
71,ec.gp.GPIndividual@2135665340{412185320},3C_20_80-02.txt,35.738,0.250,8.935,0,0.000,0.00,0.000,0.000,0.000
71,ec.gp.GPIndividual@2135665340{412185320},3C_20_80-01.txt,4.194,0.250,1.049,0,0.000,0.00,0.000,0.000,0.000
71,ec.gp.GPIndividual@1527684293{500373007},null,0.000,0.250,0.000,0,0.000,0.00,0.000,0.000,0.000
71,ec.gp.GPIndividual@1527684293{500373007},3C_20_80-02.txt,35.738,0.250,8.935,0,0.000,0.00,0.000,0.000,0.000
71,ec.gp.GPIndividual@1527684293{500373007},3C_20_80-03.txt,169.439,0.250,42.360,0,0.000,0.00,0.000,0.000,0.000
71,ec.gp.GPIndividual@740588185{-1339360360},3C_20_50-02.txt,61.404,0.250,15.351,14,13.781,89.77,0.984,1.828,0.375
71,ec.gp.GPIndividual@740588185{-1339360360},3C_20_50-03.txt,30.993,0.250,7.748,4,8.750,112.93,2.188,2.359,0.375
71,ec.gp.GPIndividual@740588185{-1339360360},3C_20_50-03.txt,30.993,0.250,7.748,4,4.656,60.10,1.164,2.391,0.000
71,ec.gp.GPIndividual@740588185{-1339360360},3C_20_50-03.txt,30.993,0.250,7.748,3,5.641,72.80,1.880,3.188,0.000
71,ec.gp.GPIndividual@740588185{-1339360360},3C_20_50-03.txt,30.993,0.250,7.748,1,2.266,29.24,2.266,3.188,0.000
71,ec.gp.GPIndividual@740588185{-1339360360},3C_20_50-03.txt,30.993,0.250,7.748,1,1.922,24.80,1.922,3.188,0.000
71,ec.gp.GPIndividual@740588185{-1339360360},3C_20_50-03.txt,30.993,0.250,7.748,3,8.281,106.88,2.760,3.188,0.000
71,ec.gp.GPIndividual@740588185{-1339360360},3C_20_66-01.txt,7.322,0.250,1.831,3,3.422,186.93,1.141,3.188,0.000
71,ec.gp.GPIndividual@740588185{-1339360360},3C_20_66-01.txt,7.322,0.250,1.831,1,3.203,174.98,3.203,3.203,0.000
71,ec.gp.GPIndividual@740588185{-1339360360},3C_20_66-01.txt,7.322,0.250,1.831,3,4.297,234.73,1.432,3.203,0.000
71,ec.gp.GPIndividual@740588185{-1339360360},3C_20_66-01.txt,7.322,0.250,1.831,1,3.109,169.86,3.109,3.203,0.000
71,ec.gp.GPIndividual@740588185{-1339360360},3C_20_66-01.txt,7.322,0.250,1.831,2,0.438,23.90,0.219,3.203,0.000
71,ec.gp.GPIndividual@740588185{-1339360360},3C_20_66-02.txt,154.245,0.250,38.561,28,40.125,104.06,1.433,3.984,0.000
71,ec.gp.GPIndividual@740588185{-1339360360},3C_20_66-02.txt,154.245,0.250,38.561,2,1.266,3.28,0.633,3.984,0.000
71,ec.gp.GPIndividual@740588185{-1339360360},3C_20_66-03.txt,118.340,0.250,29.585,1,0.531,1.80,0.531,3.984,0.000
71,ec.gp.GPIndividual@740588185{-1339360360},3C_20_66-02.txt,154.245,0.250,38.561,15,38.781,100.57,2.585,6.281,0.000
71,ec.gp.GPIndividual@740588185{-1339360360},3C_20_80-01.txt,4.194,0.250,1.049,1,1.453,138.57,1.453,6.281,0.000
71,ec.gp.GPIndividual@740588185{-1339360360},3C_20_66-03.txt,118.340,0.250,29.585,4,14.828,50.12,3.707,10.891,0.000
71,ec.gp.GPIndividual@740588185{-1339360360},3C_20_66-01.txt,7.322,0.250,1.831,3,2.922,159.62,0.974,10.891,0.000
71,ec.gp.GPIndividual@740588185{-1339360360},3C_20_80-02.txt,35.738,0.250,8.935,1,12.875,144.10,12.875,12.875,0.000
71,ec.gp.GPIndividual@740588185{-1339360360},3C_20_66-02.txt,154.245,0.250,38.561,3,14.609,37.89,4.870,14.297,0.000
71,ec.gp.GPIndividual@740588185{-1339360360},3C_20_66-02.txt,154.245,0.250,38.561,16,42.766,110.90,2.673,14.297,0.000
71,ec.gp.GPIndividual@740588185{-1339360360},3C_20_66-03.txt,118.340,0.250,29.585,5,9.844,33.27,1.969,14.297,0.000
71,ec.gp.GPIndividual@740588185{-1339360360},3C_20_80-01.txt,4.194,0.250,1.049,2,0.875,83.44,0.438,14.297,0.000
71,ec.gp.GPIndividual@740588185{-1339360360},3C_20_80-02.txt,35.738,0.250,8.935,4,10.047,112.45,2.512,14.297,0.000
71,ec.gp.GPIndividual@740588185{-1339360360},3C_20_80-03.txt,169.439,0.250,42.360,1,0.156,0.37,0.156,14.297,0.000
71,ec.gp.GPIndividual@740588185{-1339360360},3C_20_80-01.txt,4.194,0.250,1.049,3,13.266,1265.05,4.422,14.297,0.000
71,ec.gp.GPIndividual@740588185{-1339360360},3C_20_66-02.txt,154.245,0.250,38.561,1,0.156,0.41,0.156,14.297,0.000
71,ec.gp.GPIndividual@740588185{-1339360360},3C_20_80-02.txt,35.738,0.250,8.935,3,14.688,164.39,4.896,14.297,0.000
71,ec.gp.GPIndividual@740588185{-1339360360},3C_20_66-03.txt,118.340,0.250,29.585,1,9.375,31.69,9.375,14.297,0.000
71,ec.gp.GPIndividual@740588185{-1339360360},3C_20_66-03.txt,118.340,0.250,29.585,2,10.469,35.39,5.234,14.297,0.000
71,ec.gp.GPIndividual@740588185{-1339360360},3C_20_80-03.txt,169.439,0.250,42.360,13,38.938,91.92,2.995,14.297,0.000
71,ec.gp.GPIndividual@740588185{-1339360360},3C_20_80-01.txt,4.194,0.250,1.049,2,3.844,366.55,1.922,14.297,0.000
71,ec.gp.GPIndividual@740588185{-1339360360},3C_20_80-01.txt,4.194,0.250,1.049,4,1.391,132.61,0.348,14.297,0.000
71,ec.gp.GPIndividual@740588185{-1339360360},3C_20_80-02.txt,35.738,0.250,8.935,2,4.906,54.91,2.453,14.297,0.000
71,ec.gp.GPIndividual@655272583{1089229855},3C_20_50-02.txt,61.404,0.250,15.351,4,5.391,35.12,1.348,2.156,0.344
71,ec.gp.GPIndividual@655272583{1089229855},3C_20_80-02.txt,35.738,0.250,8.935,3,16.172,181.00,5.391,12.906,0.344
71,ec.gp.GPIndividual@1192097121{450457055},3C_20_50-02.txt,61.404,0.250,15.351,4,13.719,89.37,3.430,9.859,0.359
71,ec.gp.GPIndividual@1192097121{450457055},3C_20_66-03.txt,118.340,0.250,29.585,13,28.906,97.71,2.224,10.391,0.000
71,ec.gp.GPIndividual@1192097121{450457055},3C_20_50-03.txt,30.993,0.250,7.748,2,4.328,55.86,2.164,10.391,0.000
71,ec.gp.GPIndividual@1192097121{450457055},3C_20_50-03.txt,30.993,0.250,7.748,2,9.766,126.04,4.883,10.391,0.000
71,ec.gp.GPIndividual@1192097121{450457055},3C_20_80-03.txt,169.439,0.250,42.360,1,0.719,1.70,0.719,10.391,0.000
71,ec.gp.GPIndividual@1192097121{450457055},3C_20_80-01.txt,4.194,0.250,1.049,3,8.688,828.47,2.896,10.391,0.000
71,ec.gp.GPIndividual@1192097121{450457055},3C_20_80-03.txt,169.439,0.250,42.360,1,2.422,5.72,2.422,10.391,0.000
71,ec.gp.GPIndividual@1192097121{450457055},3C_20_80-03.txt,169.439,0.250,42.360,11,39.875,94.13,3.625,10.391,0.000
71,ec.gp.GPIndividual@1417986819{-814292234},3C_20_50-02.txt,61.404,0.250,15.351,5,20.719,134.97,4.144,7.328,0.531
71,ec.gp.GPIndividual@1417986819{-814292234},3C_20_66-01.txt,7.322,0.250,1.831,1,2.750,150.23,2.750,7.328,0.531
71,ec.gp.GPIndividual@1417986819{-814292234},3C_20_50-03.txt,30.993,0.250,7.748,3,0.875,11.29,0.292,7.328,0.000
71,ec.gp.GPIndividual@1417986819{-814292234},3C_20_66-01.txt,7.322,0.250,1.831,4,1.578,86.21,0.395,7.328,0.000
71,ec.gp.GPIndividual@1417986819{-814292234},3C_20_66-02.txt,154.245,0.250,38.561,2,5.156,13.37,2.578,7.328,0.000
71,ec.gp.GPIndividual@1031428631{1089197183},3C_20_50-02.txt,61.404,0.250,15.351,0,0.000,0.00,0.000,0.000,0.000
71,ec.gp.GPIndividual@1031428631{1089197183},3C_20_50-03.txt,30.993,0.250,7.748,0,0.000,0.00,0.000,0.000,0.000
71,ec.gp.GPIndividual@1031428631{1089197183},3C_20_66-01.txt,7.322,0.250,1.831,0,0.000,0.00,0.000,0.000,0.000
71,ec.gp.GPIndividual@1031428631{1089197183},3C_20_66-02.txt,154.245,0.250,38.561,0,0.000,0.00,0.000,0.000,0.000
71,ec.gp.GPIndividual@1031428631{1089197183},3C_20_66-03.txt,118.340,0.250,29.585,0,0.000,0.00,0.000,0.000,0.000
71,ec.gp.GPIndividual@1031428631{1089197183},3C_20_80-01.txt,4.194,0.250,1.049,0,0.000,0.00,0.000,0.000,0.000
71,ec.gp.GPIndividual@1031428631{1089197183},3C_20_80-02.txt,35.738,0.250,8.935,0,0.000,0.00,0.000,0.000,0.000
71,ec.gp.GPIndividual@1031428631{1089197183},3C_20_80-03.txt,169.439,0.250,42.360,0,0.000,0.00,0.000,0.000,0.000
71,ec.gp.GPIndividual@1039322009{-1067424868},3C_20_50-02.txt,61.404,0.250,15.351,3,11.750,76.54,3.917,10.422,0.500
71,ec.gp.GPIndividual@1456258613{752089060},3C_20_50-02.txt,61.404,0.250,15.351,6,22.109,144.02,3.685,12.891,0.531
71,ec.gp.GPIndividual@1456258613{752089060},3C_20_80-02.txt,35.738,0.250,8.935,5,9.547,106.85,1.909,12.891,0.531
71,ec.gp.GPIndividual@1456258613{752089060},3C_20_50-03.txt,30.993,0.250,7.748,3,3.719,48.00,1.240,12.891,0.531
71,ec.gp.GPIndividual@1456258613{752089060},3C_20_80-03.txt,169.439,0.250,42.360,11,39.547,93.36,3.595,12.891,0.531
71,ec.gp.GPIndividual@1456258613{752089060},3C_20_66-01.txt,7.322,0.250,1.831,2,1.438,78.53,0.719,12.891,0.531
71,ec.gp.GPIndividual@1456258613{752089060},3C_20_66-02.txt,154.245,0.250,38.561,2,14.344,37.20,7.172,12.891,0.531
71,ec.gp.GPIndividual@1456258613{752089060},3C_20_50-03.txt,30.993,0.250,7.748,1,6.797,87.72,6.797,12.891,0.531
71,ec.gp.GPIndividual@1325236274{-1258916312},3C_20_50-02.txt,61.404,0.250,15.351,1,10.656,69.42,10.656,10.656,10.656
71,ec.gp.GPIndividual@1325236274{-1258916312},3C_20_66-03.txt,118.340,0.250,29.585,5,15.609,52.76,3.122,12.625,0.000
71,ec.gp.GPIndividual@1325236274{-1258916312},3C_20_66-02.txt,154.245,0.250,38.561,14,40.141,104.10,2.867,12.625,0.000
71,ec.gp.GPIndividual@1325236274{-1258916312},3C_20_50-03.txt,30.993,0.250,7.748,1,0.641,8.27,0.641,12.625,0.000
71,ec.gp.GPIndividual@1325236274{-1258916312},3C_20_66-03.txt,118.340,0.250,29.585,3,6.484,21.92,2.161,12.625,0.000
71,ec.gp.GPIndividual@1325236274{-1258916312},3C_20_66-01.txt,7.322,0.250,1.831,1,3.500,191.20,3.500,12.625,0.000
71,ec.gp.GPIndividual@1325236274{-1258916312},3C_20_80-01.txt,4.194,0.250,1.049,1,1.422,135.59,1.422,12.625,0.000
71,ec.gp.GPIndividual@1325236274{-1258916312},3C_20_66-03.txt,118.340,0.250,29.585,14,29.313,99.08,2.094,12.625,0.000
71,ec.gp.GPIndividual@1325236274{-1258916312},3C_20_66-01.txt,7.322,0.250,1.831,3,7.766,424.22,2.589,12.625,0.000
71,ec.gp.GPIndividual@1325236274{-1258916312},3C_20_80-01.txt,4.194,0.250,1.049,2,0.156,14.90,0.078,12.625,0.000
71,ec.gp.GPIndividual@1325236274{-1258916312},3C_20_66-02.txt,154.245,0.250,38.561,4,7.750,20.10,1.938,12.625,0.000
71,ec.gp.GPIndividual@1325236274{-1258916312},3C_20_66-01.txt,7.322,0.250,1.831,1,3.641,198.88,3.641,12.625,0.000
71,ec.gp.GPIndividual@1325236274{-1258916312},3C_20_80-01.txt,4.194,0.250,1.049,2,1.000,95.36,0.500,12.625,0.000
71,ec.gp.GPIndividual@1325236274{-1258916312},3C_20_66-02.txt,154.245,0.250,38.561,23,40.000,103.73,1.739,12.625,0.000
71,ec.gp.GPIndividual@1325236274{-1258916312},3C_20_80-02.txt,35.738,0.250,8.935,4,6.594,73.80,1.648,12.625,0.000
71,ec.gp.GPIndividual@1325236274{-1258916312},3C_20_80-02.txt,35.738,0.250,8.935,2,1.453,16.26,0.727,12.625,0.000
71,ec.gp.GPIndividual@1325236274{-1258916312},3C_20_66-02.txt,154.245,0.250,38.561,3,9.031,23.42,3.010,12.625,0.000
71,ec.gp.GPIndividual@1325236274{-1258916312},3C_20_80-02.txt,35.738,0.250,8.935,1,2.984,33.40,2.984,12.625,0.000
71,ec.gp.GPIndividual@1325236274{-1258916312},3C_20_66-03.txt,118.340,0.250,29.585,17,31.422,106.21,1.848,12.625,0.000
71,ec.gp.GPIndividual@1325236274{-1258916312},3C_20_80-01.txt,4.194,0.250,1.049,1,1.938,184.77,1.938,12.625,0.000
71,ec.gp.GPIndividual@1325236274{-1258916312},3C_20_80-03.txt,169.439,0.250,42.360,4,5.094,12.02,1.273,12.625,0.000
71,ec.gp.GPIndividual@1325236274{-1258916312},3C_20_80-03.txt,169.439,0.250,42.360,1,3.094,7.30,3.094,12.625,0.000
71,ec.gp.GPIndividual@1325236274{-1258916312},3C_20_80-03.txt,169.439,0.250,42.360,3,22.391,52.86,7.464,14.828,0.000
71,ec.gp.GPIndividual@1325236274{-1258916312},3C_20_66-03.txt,118.340,0.250,29.585,8,34.109,115.29,4.264,14.828,0.000
71,ec.gp.GPIndividual@194210199{-1987809954},3C_20_50-02.txt,61.404,0.250,15.351,1,0.328,2.14,0.328,0.328,0.328
71,ec.gp.GPIndividual@194210199{-1987809954},3C_20_80-02.txt,35.738,0.250,8.935,2,1.516,16.96,0.758,1.016,0.328
71,ec.gp.GPIndividual@194210199{-1987809954},3C_20_80-01.txt,4.194,0.250,1.049,3,1.063,101.32,0.354,1.016,0.172
71,ec.gp.GPIndividual@194210199{-1987809954},3C_20_80-02.txt,35.738,0.250,8.935,2,9.016,100.91,4.508,7.406,0.172
71,ec.gp.GPIndividual@421080929{2062494765},3C_20_50-02.txt,61.404,0.250,15.351,3,18.766,122.24,6.255,16.172,0.500
71,ec.gp.GPIndividual@421080929{2062494765},3C_20_66-03.txt,118.340,0.250,29.585,7,24.422,82.55,3.489,16.172,0.500
71,ec.gp.GPIndividual@1817541884{1041116345},3C_20_50-02.txt,61.404,0.250,15.351,0,0.000,0.00,0.000,0.000,0.000
71,ec.gp.GPIndividual@1817541884{1041116345},3C_20_50-03.txt,30.993,0.250,7.748,0,0.000,0.00,0.000,0.000,0.000
71,ec.gp.GPIndividual@1817541884{1041116345},3C_20_66-01.txt,7.322,0.250,1.831,0,0.000,0.00,0.000,0.000,0.000
71,ec.gp.GPIndividual@1817541884{1041116345},3C_20_66-02.txt,154.245,0.250,38.561,0,0.000,0.00,0.000,0.000,0.000
71,ec.gp.GPIndividual@1817541884{1041116345},3C_20_66-03.txt,118.340,0.250,29.585,0,0.000,0.00,0.000,0.000,0.000
71,ec.gp.GPIndividual@1817541884{1041116345},3C_20_80-01.txt,4.194,0.250,1.049,0,0.000,0.00,0.000,0.000,0.000
71,ec.gp.GPIndividual@1817541884{1041116345},3C_20_80-02.txt,35.738,0.250,8.935,0,0.000,0.00,0.000,0.000,0.000
71,ec.gp.GPIndividual@1817541884{1041116345},3C_20_80-03.txt,169.439,0.250,42.360,0,0.000,0.00,0.000,0.000,0.000
71,ec.gp.GPIndividual@1052418348{220931664},3C_20_50-02.txt,61.404,0.250,15.351,0,0.000,0.00,0.000,0.000,0.000
71,ec.gp.GPIndividual@1052418348{220931664},3C_20_50-03.txt,30.993,0.250,7.748,0,0.000,0.00,0.000,0.000,0.000
71,ec.gp.GPIndividual@1052418348{220931664},3C_20_66-01.txt,7.322,0.250,1.831,0,0.000,0.00,0.000,0.000,0.000
71,ec.gp.GPIndividual@1052418348{220931664},3C_20_66-02.txt,154.245,0.250,38.561,0,0.000,0.00,0.000,0.000,0.000
71,ec.gp.GPIndividual@1052418348{220931664},3C_20_66-03.txt,118.340,0.250,29.585,0,0.000,0.00,0.000,0.000,0.000
71,ec.gp.GPIndividual@1052418348{220931664},3C_20_80-01.txt,4.194,0.250,1.049,0,0.000,0.00,0.000,0.000,0.000
71,ec.gp.GPIndividual@1052418348{220931664},3C_20_80-02.txt,35.738,0.250,8.935,0,0.000,0.00,0.000,0.000,0.000
71,ec.gp.GPIndividual@1052418348{220931664},3C_20_80-03.txt,169.439,0.250,42.360,0,0.000,0.00,0.000,0.000,0.000
71,ec.gp.GPIndividual@301853322{781213232},3C_20_50-02.txt,61.404,0.250,15.351,10,20.953,136.49,2.095,6.203,0.500
71,ec.gp.GPIndividual@301853322{781213232},3C_20_80-01.txt,4.194,0.250,1.049,1,1.250,119.20,1.250,6.203,0.500
71,ec.gp.GPIndividual@301853322{781213232},3C_20_80-03.txt,169.439,0.250,42.360,2,0.328,0.77,0.164,6.203,0.000
71,ec.gp.GPIndividual@301853322{781213232},3C_20_50-03.txt,30.993,0.250,7.748,3,6.031,77.84,2.010,6.203,0.000
71,ec.gp.GPIndividual@301853322{781213232},3C_20_50-03.txt,30.993,0.250,7.748,5,8.281,106.88,1.656,6.203,0.000
71,ec.gp.GPIndividual@301853322{781213232},3C_20_80-03.txt,169.439,0.250,42.360,2,4.016,9.48,2.008,6.203,0.000
71,ec.gp.GPIndividual@301853322{781213232},3C_20_80-02.txt,35.738,0.250,8.935,2,1.406,15.74,0.703,6.203,0.000
71,ec.gp.GPIndividual@301853322{781213232},3C_20_50-03.txt,30.993,0.250,7.748,4,7.656,98.81,1.914,6.203,0.000
71,ec.gp.GPIndividual@301853322{781213232},3C_20_66-01.txt,7.322,0.250,1.831,1,5.953,325.21,5.953,6.203,0.000
71,ec.gp.GPIndividual@2006779538{540596106},3C_20_50-02.txt,61.404,0.250,15.351,2,1.328,8.65,0.664,1.000,0.328
71,ec.gp.GPIndividual@2006779538{540596106},3C_20_80-03.txt,169.439,0.250,42.360,14,46.078,108.78,3.291,7.484,0.328
71,ec.gp.GPIndividual@2006779538{540596106},3C_20_66-01.txt,7.322,0.250,1.831,2,4.578,250.10,2.289,7.484,0.328
71,ec.gp.GPIndividual@1156363364{547188090},3C_20_50-02.txt,61.404,0.250,15.351,0,0.000,0.00,0.000,0.000,0.000
71,ec.gp.GPIndividual@1156363364{547188090},3C_20_50-03.txt,30.993,0.250,7.748,0,0.000,0.00,0.000,0.000,0.000
71,ec.gp.GPIndividual@1156363364{547188090},3C_20_66-01.txt,7.322,0.250,1.831,0,0.000,0.00,0.000,0.000,0.000
71,ec.gp.GPIndividual@1156363364{547188090},3C_20_66-02.txt,154.245,0.250,38.561,0,0.000,0.00,0.000,0.000,0.000
71,ec.gp.GPIndividual@1156363364{547188090},3C_20_66-03.txt,118.340,0.250,29.585,0,0.000,0.00,0.000,0.000,0.000
71,ec.gp.GPIndividual@1156363364{547188090},3C_20_80-01.txt,4.194,0.250,1.049,0,0.000,0.00,0.000,0.000,0.000
71,ec.gp.GPIndividual@1156363364{547188090},3C_20_80-02.txt,35.738,0.250,8.935,0,0.000,0.00,0.000,0.000,0.000
71,ec.gp.GPIndividual@1156363364{547188090},3C_20_80-03.txt,169.439,0.250,42.360,0,0.000,0.00,0.000,0.000,0.000
71,ec.gp.GPIndividual@618101668{-1606747384},3C_20_50-02.txt,61.404,0.250,15.351,1,0.156,1.02,0.156,0.156,0.156
71,ec.gp.GPIndividual@618101668{-1606747384},3C_20_50-03.txt,30.993,0.250,7.748,4,8.328,107.49,2.082,5.953,0.156
71,ec.gp.GPIndividual@618101668{-1606747384},3C_20_66-01.txt,7.322,0.250,1.831,1,5.375,293.63,5.375,5.953,0.156
71,ec.gp.GPIndividual@618101668{-1606747384},3C_20_66-02.txt,154.245,0.250,38.561,4,4.703,12.20,1.176,5.953,0.156
71,ec.gp.GPIndividual@618101668{-1606747384},3C_20_50-03.txt,30.993,0.250,7.748,2,11.000,141.97,5.500,10.172,0.156
71,ec.gp.GPIndividual@49483011{-2035267808},3C_20_50-02.txt,61.404,0.250,15.351,1,0.000,0.00,0.000,0.000,0.000
71,ec.gp.GPIndividual@49483011{-2035267808},3C_20_50-03.txt,30.993,0.250,7.748,1,0.000,0.00,0.000,0.000,0.000
71,ec.gp.GPIndividual@49483011{-2035267808},3C_20_66-01.txt,7.322,0.250,1.831,1,0.000,0.00,0.000,0.000,0.000
71,ec.gp.GPIndividual@49483011{-2035267808},3C_20_66-02.txt,154.245,0.250,38.561,1,0.000,0.00,0.000,0.000,0.000
71,ec.gp.GPIndividual@49483011{-2035267808},3C_20_66-03.txt,118.340,0.250,29.585,1,0.000,0.00,0.000,0.000,0.000
71,ec.gp.GPIndividual@49483011{-2035267808},3C_20_80-01.txt,4.194,0.250,1.049,1,0.000,0.00,0.000,0.000,0.000
71,ec.gp.GPIndividual@49483011{-2035267808},3C_20_80-02.txt,35.738,0.250,8.935,1,0.000,0.00,0.000,0.000,0.000
71,ec.gp.GPIndividual@49483011{-2035267808},3C_20_80-03.txt,169.439,0.250,42.360,1,0.000,0.00,0.000,0.000,0.000
71,ec.gp.GPIndividual@76894207{1458035150},3C_20_50-02.txt,61.404,0.250,15.351,10,18.094,117.87,1.809,3.266,0.500
71,ec.gp.GPIndividual@76894207{1458035150},3C_20_66-02.txt,154.245,0.250,38.561,0,0.000,0.00,0.000,3.266,0.500
71,ec.gp.GPIndividual@76894207{1458035150},3C_20_66-01.txt,7.322,0.250,1.831,1,0.672,36.70,0.672,3.266,0.500
71,ec.gp.GPIndividual@76894207{1458035150},3C_20_66-03.txt,118.340,0.250,29.585,1,1.156,3.91,1.156,3.266,0.500
71,ec.gp.GPIndividual@76894207{1458035150},3C_20_50-03.txt,30.993,0.250,7.748,7,7.719,99.62,1.103,4.156,0.000
71,ec.gp.GPIndividual@76894207{1458035150},3C_20_66-01.txt,7.322,0.250,1.831,1,1.219,66.58,1.219,4.156,0.000
71,ec.gp.GPIndividual@76894207{1458035150},3C_20_66-02.txt,154.245,0.250,38.561,4,5.328,13.82,1.332,4.156,0.000
71,ec.gp.GPIndividual@76894207{1458035150},3C_20_66-02.txt,154.245,0.250,38.561,9,21.453,55.63,2.384,6.109,0.000
71,ec.gp.GPIndividual@76894207{1458035150},3C_20_66-03.txt,118.340,0.250,29.585,11,26.016,87.94,2.365,6.109,0.000
71,ec.gp.GPIndividual@76894207{1458035150},3C_20_80-01.txt,4.194,0.250,1.049,3,1.063,101.32,0.354,6.109,0.000
71,ec.gp.GPIndividual@76894207{1458035150},3C_20_80-02.txt,35.738,0.250,8.935,1,5.313,59.46,5.313,6.109,0.000
71,ec.gp.GPIndividual@76894207{1458035150},3C_20_80-01.txt,4.194,0.250,1.049,1,2.000,190.73,2.000,6.109,0.000
71,ec.gp.GPIndividual@76894207{1458035150},3C_20_80-03.txt,169.439,0.250,42.360,4,19.234,45.41,4.809,7.594,0.000
71,ec.gp.GPIndividual@76894207{1458035150},3C_20_66-03.txt,118.340,0.250,29.585,2,7.734,26.14,3.867,7.734,0.000
71,ec.gp.GPIndividual@76894207{1458035150},3C_20_66-03.txt,118.340,0.250,29.585,3,8.641,29.21,2.880,7.734,0.000
71,ec.gp.GPIndividual@401740670{-1347650396},3C_20_50-02.txt,61.404,0.250,15.351,4,17.078,111.25,4.270,6.531,0.344
71,ec.gp.GPIndividual@401740670{-1347650396},3C_20_80-01.txt,4.194,0.250,1.049,4,1.047,99.83,0.262,6.531,0.000
71,ec.gp.GPIndividual@401740670{-1347650396},3C_20_80-02.txt,35.738,0.250,8.935,3,12.219,136.76,4.073,9.500,0.000
71,ec.gp.GPIndividual@401740670{-1347650396},3C_20_66-01.txt,7.322,0.250,1.831,1,3.469,189.49,3.469,9.500,0.000
71,ec.gp.GPIndividual@401740670{-1347650396},3C_20_80-01.txt,4.194,0.250,1.049,1,2.094,199.67,2.094,9.500,0.000
71,ec.gp.GPIndividual@401740670{-1347650396},3C_20_80-03.txt,169.439,0.250,42.360,12,33.328,78.68,2.777,13.766,0.000
71,ec.gp.GPIndividual@401740670{-1347650396},3C_20_50-03.txt,30.993,0.250,7.748,3,7.594,98.01,2.531,13.766,0.000
71,ec.gp.GPIndividual@1131749536{1428886517},3C_20_50-02.txt,61.404,0.250,15.351,4,10.500,68.40,2.625,4.078,0.531
71,ec.gp.GPIndividual@1131749536{1428886517},3C_20_66-02.txt,154.245,0.250,38.561,12,40.719,105.60,3.393,12.938,0.531
71,ec.gp.GPIndividual@1131749536{1428886517},3C_20_80-02.txt,35.738,0.250,8.935,3,7.609,85.17,2.536,12.938,0.531
71,ec.gp.GPIndividual@1131749536{1428886517},3C_20_66-01.txt,7.322,0.250,1.831,2,1.750,95.60,0.875,12.938,0.172
71,ec.gp.GPIndividual@1131749536{1428886517},3C_20_66-03.txt,118.340,0.250,29.585,9,20.516,69.34,2.280,12.938,0.172
71,ec.gp.GPIndividual@1131749536{1428886517},3C_20_66-02.txt,154.245,0.250,38.561,7,29.813,77.31,4.259,12.938,0.000
71,ec.gp.GPIndividual@1131749536{1428886517},3C_20_80-02.txt,35.738,0.250,8.935,6,17.297,193.60,2.883,12.938,0.000
71,ec.gp.GPIndividual@1131749536{1428886517},3C_20_50-03.txt,30.993,0.250,7.748,2,0.156,2.02,0.078,12.938,0.000
71,ec.gp.GPIndividual@1131749536{1428886517},3C_20_80-03.txt,169.439,0.250,42.360,1,1.219,2.88,1.219,12.938,0.000
71,ec.gp.GPIndividual@1131749536{1428886517},3C_20_66-03.txt,118.340,0.250,29.585,1,1.766,5.97,1.766,12.938,0.000
71,ec.gp.GPIndividual@1131749536{1428886517},3C_20_80-01.txt,4.194,0.250,1.049,2,0.891,84.93,0.445,12.938,0.000
71,ec.gp.GPIndividual@1131749536{1428886517},3C_20_80-02.txt,35.738,0.250,8.935,1,5.719,64.01,5.719,12.938,0.000
71,ec.gp.GPIndividual@1131749536{1428886517},3C_20_80-03.txt,169.439,0.250,42.360,10,43.516,102.73,4.352,12.938,0.000
71,ec.gp.GPIndividual@1131749536{1428886517},3C_20_80-03.txt,169.439,0.250,42.360,1,0.344,0.81,0.344,12.938,0.000
71,ec.gp.GPIndividual@315452229{2124491842},3C_20_50-02.txt,61.404,0.250,15.351,5,16.344,106.47,3.269,7.609,0.313
71,ec.gp.GPIndividual@1693066073{107298193},3C_20_50-02.txt,61.404,0.250,15.351,5,17.688,115.22,3.538,6.266,0.469
71,ec.gp.GPIndividual@837731683{-718255381},3C_20_50-02.txt,61.404,0.250,15.351,8,14.297,93.13,1.787,3.703,0.156
71,ec.gp.GPIndividual@837731683{-718255381},3C_20_50-03.txt,30.993,0.250,7.748,3,5.234,67.56,1.745,3.703,0.156
71,ec.gp.GPIndividual@837731683{-718255381},3C_20_66-01.txt,7.322,0.250,1.831,2,2.938,160.47,1.469,3.703,0.156
71,ec.gp.GPIndividual@837731683{-718255381},3C_20_80-01.txt,4.194,0.250,1.049,1,11.047,1053.47,11.047,11.047,0.156
71,ec.gp.GPIndividual@837731683{-718255381},3C_20_66-01.txt,7.322,0.250,1.831,1,0.609,33.29,0.609,11.047,0.156
71,ec.gp.GPIndividual@837731683{-718255381},3C_20_66-02.txt,154.245,0.250,38.561,19,35.953,93.24,1.892,12.469,0.156
71,ec.gp.GPIndividual@837731683{-718255381},3C_20_66-03.txt,118.340,0.250,29.585,5,28.344,95.80,5.669,12.469,0.156
71,ec.gp.GPIndividual@837731683{-718255381},3C_20_80-02.txt,35.738,0.250,8.935,4,10.891,121.89,2.723,12.469,0.156
71,ec.gp.GPIndividual@837731683{-718255381},3C_20_80-01.txt,4.194,0.250,1.049,3,1.094,104.30,0.365,12.469,0.063
71,ec.gp.GPIndividual@837731683{-718255381},3C_20_80-03.txt,169.439,0.250,42.360,1,0.313,0.74,0.313,12.469,0.063
71,ec.gp.GPIndividual@837731683{-718255381},3C_20_80-02.txt,35.738,0.250,8.935,1,2.172,24.31,2.172,12.469,0.063
71,ec.gp.GPIndividual@837731683{-718255381},3C_20_66-02.txt,154.245,0.250,38.561,13,34.906,90.52,2.685,13.250,0.063
71,ec.gp.GPIndividual@837731683{-718255381},3C_20_80-03.txt,169.439,0.250,42.360,3,20.734,48.95,6.911,13.250,0.063
71,ec.gp.GPIndividual@1588304811{-1079351005},3C_20_50-02.txt,61.404,0.250,15.351,6,9.672,63.00,1.612,3.859,0.109
71,ec.gp.GPIndividual@1588304811{-1079351005},3C_20_66-03.txt,118.340,0.250,29.585,1,5.375,18.17,5.375,5.375,0.109
71,ec.gp.GPIndividual@1588304811{-1079351005},3C_20_50-03.txt,30.993,0.250,7.748,6,7.500,96.80,1.250,5.375,0.109
71,ec.gp.GPIndividual@1588304811{-1079351005},3C_20_66-01.txt,7.322,0.250,1.831,4,1.719,93.89,0.430,5.375,0.094
71,ec.gp.GPIndividual@1588304811{-1079351005},3C_20_80-01.txt,4.194,0.250,1.049,4,1.172,111.75,0.293,5.375,0.094
71,ec.gp.GPIndividual@1588304811{-1079351005},3C_20_66-02.txt,154.245,0.250,38.561,15,35.469,91.98,2.365,13.328,0.094
71,ec.gp.GPIndividual@1588304811{-1079351005},3C_20_80-02.txt,35.738,0.250,8.935,1,8.859,99.16,8.859,13.328,0.094
71,ec.gp.GPIndividual@1588304811{-1079351005},3C_20_66-03.txt,118.340,0.250,29.585,9,25.047,84.66,2.783,13.328,0.094
71,ec.gp.GPIndividual@1588304811{-1079351005},3C_20_80-01.txt,4.194,0.250,1.049,2,0.656,62.58,0.328,13.328,0.094
71,ec.gp.GPIndividual@1588304811{-1079351005},3C_20_80-02.txt,35.738,0.250,8.935,6,4.953,55.44,0.826,13.328,0.094
71,ec.gp.GPIndividual@1588304811{-1079351005},3C_20_80-03.txt,169.439,0.250,42.360,4,36.078,85.17,9.020,14.641,0.094
71,ec.gp.GPIndividual@46792663{-2015604570},3C_20_50-02.txt,61.404,0.250,15.351,5,6.750,43.97,1.350,5.766,0.031
71,ec.gp.GPIndividual@46792663{-2015604570},3C_20_50-03.txt,30.993,0.250,7.748,4,4.734,61.10,1.184,5.766,0.031
71,ec.gp.GPIndividual@46792663{-2015604570},3C_20_66-01.txt,7.322,0.250,1.831,5,1.141,62.31,0.228,5.766,0.031
71,ec.gp.GPIndividual@46792663{-2015604570},3C_20_66-02.txt,154.245,0.250,38.561,9,28.234,73.22,3.137,10.625,0.031
71,ec.gp.GPIndividual@46792663{-2015604570},3C_20_66-03.txt,118.340,0.250,29.585,5,20.234,68.39,4.047,10.625,0.031
71,ec.gp.GPIndividual@46792663{-2015604570},3C_20_80-01.txt,4.194,0.250,1.049,3,0.656,62.58,0.219,10.625,0.031
71,ec.gp.GPIndividual@46792663{-2015604570},3C_20_80-02.txt,35.738,0.250,8.935,6,4.234,47.39,0.706,10.625,0.031
71,ec.gp.GPIndividual@46792663{-2015604570},3C_20_80-03.txt,169.439,0.250,42.360,2,17.422,41.13,8.711,16.641,0.031
71,ec.gp.GPIndividual@709338130{-586536300},3C_20_50-02.txt,61.404,0.250,15.351,5,6.734,43.87,1.347,5.750,0.031
71,ec.gp.GPIndividual@709338130{-586536300},3C_20_50-03.txt,30.993,0.250,7.748,6,6.656,85.91,1.109,5.750,0.031
71,ec.gp.GPIndividual@709338130{-586536300},3C_20_66-01.txt,7.322,0.250,1.831,7,1.453,79.38,0.208,5.750,0.000
71,ec.gp.GPIndividual@709338130{-586536300},3C_20_66-02.txt,154.245,0.250,38.561,9,28.297,73.38,3.144,10.734,0.000
71,ec.gp.GPIndividual@709338130{-586536300},3C_20_66-03.txt,118.340,0.250,29.585,5,20.203,68.29,4.041,10.734,0.000
71,ec.gp.GPIndividual@709338130{-586536300},3C_20_80-01.txt,4.194,0.250,1.049,3,0.656,62.58,0.219,10.734,0.000
71,ec.gp.GPIndividual@709338130{-586536300},3C_20_80-02.txt,35.738,0.250,8.935,6,4.219,47.22,0.703,10.734,0.000
71,ec.gp.GPIndividual@709338130{-586536300},3C_20_80-03.txt,169.439,0.250,42.360,2,17.422,41.13,8.711,16.641,0.000
71,ec.gp.GPIndividual@2054546460{-586536300},3C_20_50-02.txt,61.404,0.250,15.351,5,6.766,44.07,1.353,5.750,0.063
71,ec.gp.GPIndividual@2054546460{-586536300},3C_20_50-03.txt,30.993,0.250,7.748,6,6.625,85.50,1.104,5.750,0.063
71,ec.gp.GPIndividual@2054546460{-586536300},3C_20_66-01.txt,7.322,0.250,1.831,7,1.453,79.38,0.208,5.750,0.000
71,ec.gp.GPIndividual@2054546460{-586536300},3C_20_66-02.txt,154.245,0.250,38.561,9,28.266,73.30,3.141,10.719,0.000
71,ec.gp.GPIndividual@2054546460{-586536300},3C_20_66-03.txt,118.340,0.250,29.585,5,20.188,68.24,4.038,10.719,0.000
71,ec.gp.GPIndividual@2054546460{-586536300},3C_20_80-01.txt,4.194,0.250,1.049,3,0.656,62.58,0.219,10.719,0.000
71,ec.gp.GPIndividual@2054546460{-586536300},3C_20_80-02.txt,35.738,0.250,8.935,6,4.250,47.57,0.708,10.719,0.000
71,ec.gp.GPIndividual@2054546460{-586536300},3C_20_80-03.txt,169.439,0.250,42.360,2,17.406,41.09,8.703,16.641,0.000
72,ec.gp.GPIndividual@67114670{1547904191},3C_20_50-02.txt,61.404,0.250,15.351,15,15.344,99.95,1.023,1.984,0.328
72,ec.gp.GPIndividual@67114670{1547904191},3C_20_50-03.txt,30.993,0.250,7.748,5,8.938,115.35,1.788,2.438,0.328
72,ec.gp.GPIndividual@67114670{1547904191},3C_20_50-03.txt,30.993,0.250,7.748,2,2.813,36.30,1.406,2.438,0.328
72,ec.gp.GPIndividual@67114670{1547904191},3C_20_50-03.txt,30.993,0.250,7.748,2,1.563,20.17,0.781,2.438,0.000
72,ec.gp.GPIndividual@67114670{1547904191},3C_20_50-03.txt,30.993,0.250,7.748,5,10.203,131.68,2.041,3.156,0.000
72,ec.gp.GPIndividual@67114670{1547904191},3C_20_66-01.txt,7.322,0.250,1.831,1,2.813,153.64,2.813,3.156,0.000
72,ec.gp.GPIndividual@67114670{1547904191},3C_20_50-03.txt,30.993,0.250,7.748,2,2.578,33.27,1.289,3.156,0.000
72,ec.gp.GPIndividual@67114670{1547904191},3C_20_50-03.txt,30.993,0.250,7.748,6,7.734,99.82,1.289,3.281,0.000
72,ec.gp.GPIndividual@67114670{1547904191},3C_20_66-01.txt,7.322,0.250,1.831,2,1.375,75.11,0.688,3.281,0.000
72,ec.gp.GPIndividual@67114670{1547904191},3C_20_66-02.txt,154.245,0.250,38.561,16,39.906,103.49,2.494,4.328,0.000
72,ec.gp.GPIndividual@67114670{1547904191},3C_20_66-02.txt,154.245,0.250,38.561,13,39.172,101.58,3.013,7.469,0.000
72,ec.gp.GPIndividual@67114670{1547904191},3C_20_66-01.txt,7.322,0.250,1.831,1,3.516,192.05,3.516,7.469,0.000
72,ec.gp.GPIndividual@67114670{1547904191},3C_20_66-01.txt,7.322,0.250,1.831,1,2.734,149.37,2.734,7.469,0.000
72,ec.gp.GPIndividual@67114670{1547904191},3C_20_66-03.txt,118.340,0.250,29.585,8,26.625,90.00,3.328,12.359,0.000
72,ec.gp.GPIndividual@67114670{1547904191},3C_20_66-03.txt,118.340,0.250,29.585,3,17.563,59.36,5.854,14.688,0.000
72,ec.gp.GPIndividual@67114670{1547904191},3C_20_66-01.txt,7.322,0.250,1.831,2,2.141,116.94,1.070,14.688,0.000
72,ec.gp.GPIndividual@67114670{1547904191},3C_20_66-02.txt,154.245,0.250,38.561,14,37.875,98.22,2.705,14.688,0.000
72,ec.gp.GPIndividual@67114670{1547904191},3C_20_66-02.txt,154.245,0.250,38.561,1,2.328,6.04,2.328,14.688,0.000
72,ec.gp.GPIndividual@67114670{1547904191},3C_20_80-01.txt,4.194,0.250,1.049,1,1.234,117.71,1.234,14.688,0.000
72,ec.gp.GPIndividual@67114670{1547904191},3C_20_66-03.txt,118.340,0.250,29.585,4,9.844,33.27,2.461,14.688,0.000
72,ec.gp.GPIndividual@67114670{1547904191},3C_20_80-01.txt,4.194,0.250,1.049,3,2.656,253.31,0.885,14.688,0.000
72,ec.gp.GPIndividual@67114670{1547904191},3C_20_80-02.txt,35.738,0.250,8.935,2,0.156,1.75,0.078,14.688,0.000
72,ec.gp.GPIndividual@67114670{1547904191},3C_20_80-02.txt,35.738,0.250,8.935,3,8.438,94.44,2.813,14.688,0.000
72,ec.gp.GPIndividual@67114670{1547904191},3C_20_66-03.txt,118.340,0.250,29.585,8,30.406,102.78,3.801,14.984,0.000
72,ec.gp.GPIndividual@67114670{1547904191},3C_20_80-03.txt,169.439,0.250,42.360,2,0.344,0.81,0.172,14.984,0.000
72,ec.gp.GPIndividual@67114670{1547904191},3C_20_66-02.txt,154.245,0.250,38.561,8,27.609,71.60,3.451,14.984,0.000
72,ec.gp.GPIndividual@67114670{1547904191},3C_20_66-01.txt,7.322,0.250,1.831,1,3.578,195.47,3.578,14.984,0.000
72,ec.gp.GPIndividual@67114670{1547904191},3C_20_80-01.txt,4.194,0.250,1.049,1,1.391,132.61,1.391,14.984,0.000
72,ec.gp.GPIndividual@67114670{1547904191},3C_20_66-03.txt,118.340,0.250,29.585,12,31.609,106.84,2.634,14.984,0.000
72,ec.gp.GPIndividual@67114670{1547904191},3C_20_80-03.txt,169.439,0.250,42.360,1,13.453,31.76,13.453,14.984,0.000
72,ec.gp.GPIndividual@67114670{1547904191},3C_20_80-01.txt,4.194,0.250,1.049,1,2.734,260.76,2.734,14.984,0.000
72,ec.gp.GPIndividual@67114670{1547904191},3C_20_80-01.txt,4.194,0.250,1.049,3,10.016,955.12,3.339,14.984,0.000
72,ec.gp.GPIndividual@1109359660{781213232},3C_20_50-02.txt,61.404,0.250,15.351,4,6.828,44.48,1.707,5.859,0.156
72,ec.gp.GPIndividual@1109359660{781213232},3C_20_80-02.txt,35.738,0.250,8.935,5,9.969,111.58,1.994,5.859,0.156
72,ec.gp.GPIndividual@1109359660{781213232},3C_20_50-03.txt,30.993,0.250,7.748,2,1.703,21.98,0.852,5.859,0.156
72,ec.gp.GPIndividual@1109359660{781213232},3C_20_80-02.txt,35.738,0.250,8.935,1,1.547,17.31,1.547,5.859,0.156
72,ec.gp.GPIndividual@1109359660{781213232},3C_20_80-02.txt,35.738,0.250,8.935,3,8.469,94.79,2.823,5.859,0.156
72,ec.gp.GPIndividual@93517276{545511632},3C_20_50-02.txt,61.404,0.250,15.351,6,12.109,78.88,2.018,3.281,0.344
72,ec.gp.GPIndividual@93517276{545511632},3C_20_66-02.txt,154.245,0.250,38.561,23,38.594,100.08,1.678,4.469,0.172
72,ec.gp.GPIndividual@93517276{545511632},3C_20_66-03.txt,118.340,0.250,29.585,1,1.203,4.07,1.203,4.469,0.172
72,ec.gp.GPIndividual@93517276{545511632},3C_20_66-01.txt,7.322,0.250,1.831,1,2.984,163.03,2.984,4.469,0.172
72,ec.gp.GPIndividual@93517276{545511632},3C_20_50-03.txt,30.993,0.250,7.748,2,5.047,65.14,2.523,4.469,0.172
72,ec.gp.GPIndividual@93517276{545511632},3C_20_80-03.txt,169.439,0.250,42.360,2,6.547,15.46,3.273,5.469,0.172
72,ec.gp.GPIndividual@93517276{545511632},3C_20_80-03.txt,169.439,0.250,42.360,1,7.281,17.19,7.281,7.281,0.172
72,ec.gp.GPIndividual@93517276{545511632},3C_20_80-03.txt,169.439,0.250,42.360,12,43.469,102.62,3.622,7.281,0.172
72,ec.gp.GPIndividual@1876452547{-34660468},3C_20_50-02.txt,61.404,0.250,15.351,3,6.484,42.24,2.161,5.281,0.484
72,ec.gp.GPIndividual@1788353621{4794107},3C_20_50-02.txt,61.404,0.250,15.351,3,2.484,16.18,0.828,1.859,0.313
72,ec.gp.GPIndividual@1788353621{4794107},3C_20_50-03.txt,30.993,0.250,7.748,2,7.547,97.40,3.773,7.375,0.172
72,ec.gp.GPIndividual@1788353621{4794107},3C_20_66-01.txt,7.322,0.250,1.831,2,1.922,104.99,0.961,7.375,0.156
72,ec.gp.GPIndividual@1788353621{4794107},3C_20_50-03.txt,30.993,0.250,7.748,1,9.484,122.41,9.484,9.484,0.156
72,ec.gp.GPIndividual@691331081{739670688},3C_20_50-02.txt,61.404,0.250,15.351,0,0.000,0.00,0.000,0.000,0.000
72,ec.gp.GPIndividual@691331081{739670688},3C_20_50-03.txt,30.993,0.250,7.748,0,0.000,0.00,0.000,0.000,0.000
72,ec.gp.GPIndividual@691331081{739670688},3C_20_66-01.txt,7.322,0.250,1.831,0,0.000,0.00,0.000,0.000,0.000
72,ec.gp.GPIndividual@691331081{739670688},3C_20_66-02.txt,154.245,0.250,38.561,0,0.000,0.00,0.000,0.000,0.000
72,ec.gp.GPIndividual@691331081{739670688},3C_20_66-03.txt,118.340,0.250,29.585,0,0.000,0.00,0.000,0.000,0.000
72,ec.gp.GPIndividual@691331081{739670688},3C_20_80-01.txt,4.194,0.250,1.049,0,0.000,0.00,0.000,0.000,0.000
72,ec.gp.GPIndividual@691331081{739670688},3C_20_80-02.txt,35.738,0.250,8.935,0,0.000,0.00,0.000,0.000,0.000
72,ec.gp.GPIndividual@691331081{739670688},3C_20_80-03.txt,169.439,0.250,42.360,0,0.000,0.00,0.000,0.000,0.000
72,ec.gp.GPIndividual@859142969{658968121},3C_20_50-02.txt,61.404,0.250,15.351,4,16.063,104.63,4.016,11.656,0.344
72,ec.gp.GPIndividual@859142969{658968121},3C_20_66-02.txt,154.245,0.250,38.561,1,6.000,15.56,6.000,11.656,0.344
72,ec.gp.GPIndividual@859142969{658968121},3C_20_80-01.txt,4.194,0.250,1.049,2,1.172,111.75,0.586,11.656,0.141
72,ec.gp.GPIndividual@859142969{658968121},3C_20_66-02.txt,154.245,0.250,38.561,18,40.328,104.58,2.240,11.656,0.141
72,ec.gp.GPIndividual@859142969{658968121},3C_20_66-03.txt,118.340,0.250,29.585,5,9.313,31.48,1.863,11.656,0.141
72,ec.gp.GPIndividual@859142969{658968121},3C_20_50-03.txt,30.993,0.250,7.748,3,5.313,68.56,1.771,11.656,0.000
72,ec.gp.GPIndividual@859142969{658968121},3C_20_66-01.txt,7.322,0.250,1.831,1,2.906,158.76,2.906,11.656,0.000
72,ec.gp.GPIndividual@859142969{658968121},3C_20_80-02.txt,35.738,0.250,8.935,5,13.516,151.27,2.703,11.656,0.000
72,ec.gp.GPIndividual@859142969{658968121},3C_20_80-01.txt,4.194,0.250,1.049,2,2.469,235.43,1.234,11.656,0.000
72,ec.gp.GPIndividual@859142969{658968121},3C_20_66-01.txt,7.322,0.250,1.831,3,2.563,139.99,0.854,11.656,0.000
72,ec.gp.GPIndividual@859142969{658968121},3C_20_66-02.txt,154.245,0.250,38.561,3,1.641,4.25,0.547,11.656,0.000
72,ec.gp.GPIndividual@859142969{658968121},3C_20_80-02.txt,35.738,0.250,8.935,6,9.969,111.58,1.661,11.656,0.000
72,ec.gp.GPIndividual@859142969{658968121},3C_20_80-03.txt,169.439,0.250,42.360,1,0.625,1.48,0.625,11.656,0.000
72,ec.gp.GPIndividual@859142969{658968121},3C_20_66-02.txt,154.245,0.250,38.561,0,0.000,0.00,0.000,11.656,0.000
72,ec.gp.GPIndividual@859142969{658968121},3C_20_66-03.txt,118.340,0.250,29.585,3,12.594,42.57,4.198,11.656,0.000
72,ec.gp.GPIndividual@859142969{658968121},3C_20_66-01.txt,7.322,0.250,1.831,2,2.297,125.47,1.148,11.656,0.000
72,ec.gp.GPIndividual@859142969{658968121},3C_20_66-03.txt,118.340,0.250,29.585,4,5.406,18.27,1.352,11.656,0.000
72,ec.gp.GPIndividual@859142969{658968121},3C_20_66-02.txt,154.245,0.250,38.561,8,21.984,57.01,2.748,11.656,0.000
72,ec.gp.GPIndividual@859142969{658968121},3C_20_66-03.txt,118.340,0.250,29.585,5,21.656,73.20,4.331,11.656,0.000
72,ec.gp.GPIndividual@859142969{658968121},3C_20_80-01.txt,4.194,0.250,1.049,3,1.063,101.32,0.354,11.656,0.000
72,ec.gp.GPIndividual@859142969{658968121},3C_20_80-02.txt,35.738,0.250,8.935,1,11.484,128.54,11.484,11.656,0.000
72,ec.gp.GPIndividual@436712593{-1626590490},3C_20_50-02.txt,61.404,0.250,15.351,1,7.328,47.74,7.328,7.328,7.328
72,ec.gp.GPIndividual@436712593{-1626590490},3C_20_80-01.txt,4.194,0.250,1.049,2,9.078,865.72,4.539,8.750,0.328
72,ec.gp.GPIndividual@436712593{-1626590490},3C_20_66-03.txt,118.340,0.250,29.585,3,6.844,23.13,2.281,8.750,0.328
72,ec.gp.GPIndividual@436712593{-1626590490},3C_20_80-01.txt,4.194,0.250,1.049,1,2.219,211.59,2.219,8.750,0.328
72,ec.gp.GPIndividual@436712593{-1626590490},3C_20_80-03.txt,169.439,0.250,42.360,8,25.563,60.35,3.195,14.906,0.328
72,ec.gp.GPIndividual@436712593{-1626590490},3C_20_50-03.txt,30.993,0.250,7.748,2,12.250,158.10,6.125,14.906,0.328
72,ec.gp.GPIndividual@294615560{-79307514},3C_20_50-02.txt,61.404,0.250,15.351,1,0.719,4.68,0.719,0.719,0.719
72,ec.gp.GPIndividual@294615560{-79307514},3C_20_80-01.txt,4.194,0.250,1.049,1,4.156,396.35,4.156,4.156,0.719
72,ec.gp.GPIndividual@294615560{-79307514},3C_20_80-02.txt,35.738,0.250,8.935,6,9.734,108.95,1.622,4.156,0.484
72,ec.gp.GPIndividual@294615560{-79307514},3C_20_80-02.txt,35.738,0.250,8.935,2,0.156,1.75,0.078,4.156,0.000
72,ec.gp.GPIndividual@294615560{-79307514},3C_20_66-01.txt,7.322,0.250,1.831,2,3.016,164.74,1.508,4.156,0.000
72,ec.gp.GPIndividual@294615560{-79307514},3C_20_50-03.txt,30.993,0.250,7.748,1,0.328,4.23,0.328,4.156,0.000
72,ec.gp.GPIndividual@294615560{-79307514},3C_20_80-02.txt,35.738,0.250,8.935,6,9.047,101.26,1.508,4.156,0.000
72,ec.gp.GPIndividual@294615560{-79307514},3C_20_80-03.txt,169.439,0.250,42.360,1,0.859,2.03,0.859,4.156,0.000
72,ec.gp.GPIndividual@294615560{-79307514},3C_20_80-03.txt,169.439,0.250,42.360,12,40.750,96.20,3.396,10.828,0.000
72,ec.gp.GPIndividual@493953047{654079447},3C_20_50-02.txt,61.404,0.250,15.351,3,6.047,39.39,2.016,3.656,0.531
72,ec.gp.GPIndividual@765069752{-1626590490},3C_20_50-02.txt,61.404,0.250,15.351,3,14.188,92.42,4.729,7.656,0.516
72,ec.gp.GPIndividual@765069752{-1626590490},3C_20_80-03.txt,169.439,0.250,42.360,4,24.297,57.36,6.074,11.453,0.516
72,ec.gp.GPIndividual@765069752{-1626590490},3C_20_80-03.txt,169.439,0.250,42.360,4,9.031,21.32,2.258,11.453,0.000
72,ec.gp.GPIndividual@765069752{-1626590490},3C_20_66-01.txt,7.322,0.250,1.831,2,1.453,79.38,0.727,11.453,0.000
72,ec.gp.GPIndividual@765069752{-1626590490},3C_20_66-02.txt,154.245,0.250,38.561,6,21.266,55.15,3.544,11.453,0.000
72,ec.gp.GPIndividual@765069752{-1626590490},3C_20_66-03.txt,118.340,0.250,29.585,2,11.984,40.51,5.992,11.984,0.000
72,ec.gp.GPIndividual@765069752{-1626590490},3C_20_66-02.txt,154.245,0.250,38.561,5,31.672,82.13,6.334,11.984,0.000
72,ec.gp.GPIndividual@765069752{-1626590490},3C_20_50-03.txt,30.993,0.250,7.748,1,14.844,191.58,14.844,14.844,0.000
72,ec.gp.GPIndividual@765069752{-1626590490},3C_20_50-03.txt,30.993,0.250,7.748,2,14.609,188.55,7.305,14.844,0.000
72,ec.gp.GPIndividual@1389390377{144019781},3C_20_50-02.txt,61.404,0.250,15.351,7,15.594,101.58,2.228,3.422,0.359
72,ec.gp.GPIndividual@1389390377{144019781},3C_20_66-03.txt,118.340,0.250,29.585,4,8.688,29.36,2.172,3.953,0.359
72,ec.gp.GPIndividual@1389390377{144019781},3C_20_80-01.txt,4.194,0.250,1.049,1,2.563,244.37,2.563,3.953,0.359
72,ec.gp.GPIndividual@1389390377{144019781},3C_20_50-03.txt,30.993,0.250,7.748,3,12.547,161.93,4.182,10.750,0.359
72,ec.gp.GPIndividual@46827910{837197724},3C_20_50-02.txt,61.404,0.250,15.351,5,16.000,104.23,3.200,6.266,0.516
72,ec.gp.GPIndividual@46827910{837197724},3C_20_80-02.txt,35.738,0.250,8.935,2,5.047,56.49,2.523,6.266,0.500
72,ec.gp.GPIndividual@46827910{837197724},3C_20_80-01.txt,4.194,0.250,1.049,1,1.500,143.04,1.500,6.266,0.500
72,ec.gp.GPIndividual@46827910{837197724},3C_20_50-03.txt,30.993,0.250,7.748,2,2.281,29.44,1.141,6.266,0.500
72,ec.gp.GPIndividual@46827910{837197724},3C_20_66-01.txt,7.322,0.250,1.831,2,3.172,173.27,1.586,6.266,0.500
72,ec.gp.GPIndividual@46827910{837197724},3C_20_80-03.txt,169.439,0.250,42.360,1,0.484,1.14,0.484,6.266,0.484
72,ec.gp.GPIndividual@46827910{837197724},3C_20_80-02.txt,35.738,0.250,8.935,5,9.609,107.55,1.922,6.266,0.359
72,ec.gp.GPIndividual@46827910{837197724},3C_20_66-02.txt,154.245,0.250,38.561,5,7.484,19.41,1.497,6.266,0.000
72,ec.gp.GPIndividual@46827910{837197724},3C_20_66-01.txt,7.322,0.250,1.831,2,2.172,118.65,1.086,6.266,0.000
72,ec.gp.GPIndividual@46827910{837197724},3C_20_80-03.txt,169.439,0.250,42.360,8,18.047,42.60,2.256,6.266,0.000
72,ec.gp.GPIndividual@46827910{837197724},3C_20_66-02.txt,154.245,0.250,38.561,2,9.125,23.66,4.563,7.297,0.000
72,ec.gp.GPIndividual@46827910{837197724},3C_20_66-01.txt,7.322,0.250,1.831,1,2.547,139.13,2.547,7.297,0.000
72,ec.gp.GPIndividual@46827910{837197724},3C_20_66-03.txt,118.340,0.250,29.585,10,28.828,97.44,2.883,7.297,0.000
72,ec.gp.GPIndividual@46827910{837197724},3C_20_80-01.txt,4.194,0.250,1.049,3,5.438,518.54,1.813,7.297,0.000
72,ec.gp.GPIndividual@46827910{837197724},3C_20_66-01.txt,7.322,0.250,1.831,2,0.875,47.80,0.438,7.297,0.000
72,ec.gp.GPIndividual@46827910{837197724},3C_20_80-02.txt,35.738,0.250,8.935,3,17.438,195.17,5.813,13.188,0.000
72,ec.gp.GPIndividual@2073376953{-414241687},3C_20_50-02.txt,61.404,0.250,15.351,1,8.359,54.45,8.359,8.359,8.359
72,ec.gp.GPIndividual@2073376953{-414241687},3C_20_66-03.txt,118.340,0.250,29.585,1,9.000,30.42,9.000,9.000,8.359
72,ec.gp.GPIndividual@493436236{-312392708},3C_20_50-02.txt,61.404,0.250,15.351,11,15.719,102.39,1.429,2.203,0.453
72,ec.gp.GPIndividual@493436236{-312392708},3C_20_50-03.txt,30.993,0.250,7.748,1,1.078,13.91,1.078,2.203,0.453
72,ec.gp.GPIndividual@493436236{-312392708},3C_20_80-03.txt,169.439,0.250,42.360,11,42.625,100.63,3.875,6.594,0.453
72,ec.gp.GPIndividual@733914229{-829370552},3C_20_50-02.txt,61.404,0.250,15.351,2,10.672,69.52,5.336,10.328,0.344
72,ec.gp.GPIndividual@733914229{-829370552},3C_20_66-02.txt,154.245,0.250,38.561,2,2.141,5.55,1.070,10.328,0.000
72,ec.gp.GPIndividual@733914229{-829370552},3C_20_66-01.txt,7.322,0.250,1.831,1,8.063,440.44,8.063,10.328,0.000
72,ec.gp.GPIndividual@733914229{-829370552},3C_20_80-01.txt,4.194,0.250,1.049,2,2.266,216.06,1.133,10.328,0.000
72,ec.gp.GPIndividual@733914229{-829370552},3C_20_50-03.txt,30.993,0.250,7.748,6,21.281,274.66,3.547,15.813,0.000
72,ec.gp.GPIndividual@733914229{-829370552},3C_20_50-03.txt,30.993,0.250,7.748,1,15.266,197.02,15.266,15.813,0.000
72,ec.gp.GPIndividual@733914229{-829370552},3C_20_66-02.txt,154.245,0.250,38.561,2,2.422,6.28,1.211,15.813,0.000
72,ec.gp.GPIndividual@733914229{-829370552},3C_20_80-02.txt,35.738,0.250,8.935,1,1.375,15.39,1.375,15.813,0.000
72,ec.gp.GPIndividual@733914229{-829370552},3C_20_66-02.txt,154.245,0.250,38.561,14,29.016,75.25,2.073,15.813,0.000
72,ec.gp.GPIndividual@733914229{-829370552},3C_20_66-01.txt,7.322,0.250,1.831,2,1.734,94.75,0.867,15.813,0.000
72,ec.gp.GPIndividual@733914229{-829370552},3C_20_66-03.txt,118.340,0.250,29.585,4,4.625,15.63,1.156,15.813,0.000
72,ec.gp.GPIndividual@733914229{-829370552},3C_20_66-02.txt,154.245,0.250,38.561,1,4.344,11.26,4.344,15.813,0.000
72,ec.gp.GPIndividual@733914229{-829370552},3C_20_66-01.txt,7.322,0.250,1.831,2,1.906,104.14,0.953,15.813,0.000
72,ec.gp.GPIndividual@733914229{-829370552},3C_20_80-03.txt,169.439,0.250,42.360,4,6.516,15.38,1.629,15.813,0.000
72,ec.gp.GPIndividual@733914229{-829370552},3C_20_66-03.txt,118.340,0.250,29.585,6,29.047,98.18,4.841,15.813,0.000
72,ec.gp.GPIndividual@733914229{-829370552},3C_20_80-01.txt,4.194,0.250,1.049,2,3.406,324.83,1.703,15.813,0.000
72,ec.gp.GPIndividual@733914229{-829370552},3C_20_80-01.txt,4.194,0.250,1.049,1,4.313,411.25,4.313,15.813,0.000
72,ec.gp.GPIndividual@804170083{-141087546},3C_20_50-02.txt,61.404,0.250,15.351,1,0.328,2.14,0.328,0.328,0.328
72,ec.gp.GPIndividual@804170083{-141087546},3C_20_80-02.txt,35.738,0.250,8.935,4,11.250,125.92,2.813,9.172,0.328
72,ec.gp.GPIndividual@804170083{-141087546},3C_20_66-03.txt,118.340,0.250,29.585,4,6.766,22.87,1.691,9.172,0.328
72,ec.gp.GPIndividual@804170083{-141087546},3C_20_80-03.txt,169.439,0.250,42.360,2,18.578,43.86,9.289,16.047,0.328
72,ec.gp.GPIndividual@804170083{-141087546},3C_20_66-03.txt,118.340,0.250,29.585,1,16.078,54.35,16.078,16.078,0.328
72,ec.gp.GPIndividual@804170083{-141087546},3C_20_66-02.txt,154.245,0.250,38.561,11,39.094,101.38,3.554,16.078,0.328
72,ec.gp.GPIndividual@804170083{-141087546},3C_20_80-01.txt,4.194,0.250,1.049,4,1.031,98.34,0.258,16.078,0.000
72,ec.gp.GPIndividual@804170083{-141087546},3C_20_80-02.txt,35.738,0.250,8.935,5,8.969,100.38,1.794,16.078,0.000
72,ec.gp.GPIndividual@804170083{-141087546},3C_20_80-01.txt,4.194,0.250,1.049,1,2.156,205.63,2.156,16.078,0.000
72,ec.gp.GPIndividual@804170083{-141087546},3C_20_80-03.txt,169.439,0.250,42.360,1,0.516,1.22,0.516,16.078,0.000
72,ec.gp.GPIndividual@804170083{-141087546},3C_20_66-03.txt,118.340,0.250,29.585,1,2.125,7.18,2.125,16.078,0.000
72,ec.gp.GPIndividual@804170083{-141087546},3C_20_80-02.txt,35.738,0.250,8.935,1,5.641,63.13,5.641,16.078,0.000
72,ec.gp.GPIndividual@303645333{358354785},3C_20_50-02.txt,61.404,0.250,15.351,8,11.531,75.12,1.441,2.375,0.422
72,ec.gp.GPIndividual@303645333{358354785},3C_20_50-03.txt,30.993,0.250,7.748,1,12.625,162.94,12.625,12.625,0.422
72,ec.gp.GPIndividual@303645333{358354785},3C_20_50-03.txt,30.993,0.250,7.748,3,11.047,142.57,3.682,12.625,0.422
72,ec.gp.GPIndividual@364567289{-969441490},3C_20_50-02.txt,61.404,0.250,15.351,6,15.766,102.70,2.628,6.219,0.469
72,ec.gp.GPIndividual@364567289{-969441490},3C_20_66-01.txt,7.322,0.250,1.831,2,1.953,106.70,0.977,6.219,0.156
72,ec.gp.GPIndividual@364567289{-969441490},3C_20_50-03.txt,30.993,0.250,7.748,3,4.000,51.63,1.333,6.219,0.156
72,ec.gp.GPIndividual@364567289{-969441490},3C_20_66-01.txt,7.322,0.250,1.831,1,3.453,188.64,3.453,6.219,0.156
72,ec.gp.GPIndividual@364567289{-969441490},3C_20_80-01.txt,4.194,0.250,1.049,2,3.281,312.91,1.641,6.219,0.156
72,ec.gp.GPIndividual@364567289{-969441490},3C_20_80-02.txt,35.738,0.250,8.935,2,0.938,10.49,0.469,6.219,0.078
72,ec.gp.GPIndividual@364567289{-969441490},3C_20_66-02.txt,154.245,0.250,38.561,2,2.922,7.58,1.461,6.219,0.078
72,ec.gp.GPIndividual@364567289{-969441490},3C_20_80-03.txt,169.439,0.250,42.360,2,2.813,6.64,1.406,6.219,0.078
72,ec.gp.GPIndividual@364567289{-969441490},3C_20_80-02.txt,35.738,0.250,8.935,6,9.703,108.60,1.617,6.219,0.078
72,ec.gp.GPIndividual@364567289{-969441490},3C_20_66-03.txt,118.340,0.250,29.585,3,5.984,20.23,1.995,6.219,0.078
72,ec.gp.GPIndividual@364567289{-969441490},3C_20_66-01.txt,7.322,0.250,1.831,2,1.563,85.36,0.781,6.219,0.078
72,ec.gp.GPIndividual@364567289{-969441490},3C_20_66-02.txt,154.245,0.250,38.561,19,37.984,98.50,1.999,6.328,0.078
72,ec.gp.GPIndividual@364567289{-969441490},3C_20_66-02.txt,154.245,0.250,38.561,1,0.906,2.35,0.906,6.328,0.078
72,ec.gp.GPIndividual@364567289{-969441490},3C_20_66-03.txt,118.340,0.250,29.585,1,2.891,9.77,2.891,6.328,0.078
72,ec.gp.GPIndividual@364567289{-969441490},3C_20_80-03.txt,169.439,0.250,42.360,5,24.609,58.10,4.922,10.188,0.078
72,ec.gp.GPIndividual@1485120880{-1808367370},3C_20_50-02.txt,61.404,0.250,15.351,5,15.906,103.62,3.181,6.234,0.516
72,ec.gp.GPIndividual@1485120880{-1808367370},3C_20_66-03.txt,118.340,0.250,29.585,1,0.516,1.74,0.516,6.234,0.516
72,ec.gp.GPIndividual@1485120880{-1808367370},3C_20_80-01.txt,4.194,0.250,1.049,1,1.609,153.48,1.609,6.234,0.516
72,ec.gp.GPIndividual@1485120880{-1808367370},3C_20_50-03.txt,30.993,0.250,7.748,3,4.766,61.51,1.589,6.234,0.469
72,ec.gp.GPIndividual@1077578070{1169493779},3C_20_50-02.txt,61.404,0.250,15.351,2,16.266,105.96,8.133,16.031,0.234
72,ec.gp.GPIndividual@1177161410{109284017},3C_20_50-02.txt,61.404,0.250,15.351,0,0.000,0.00,0.000,0.000,0.000
72,ec.gp.GPIndividual@1177161410{109284017},3C_20_50-03.txt,30.993,0.250,7.748,0,0.000,0.00,0.000,0.000,0.000
72,ec.gp.GPIndividual@1177161410{109284017},3C_20_66-01.txt,7.322,0.250,1.831,0,0.000,0.00,0.000,0.000,0.000
72,ec.gp.GPIndividual@1177161410{109284017},3C_20_66-02.txt,154.245,0.250,38.561,0,0.000,0.00,0.000,0.000,0.000
72,ec.gp.GPIndividual@1177161410{109284017},3C_20_66-03.txt,118.340,0.250,29.585,0,0.000,0.00,0.000,0.000,0.000
72,ec.gp.GPIndividual@1177161410{109284017},3C_20_80-01.txt,4.194,0.250,1.049,0,0.000,0.00,0.000,0.000,0.000
72,ec.gp.GPIndividual@1177161410{109284017},3C_20_80-02.txt,35.738,0.250,8.935,0,0.000,0.00,0.000,0.000,0.000
72,ec.gp.GPIndividual@1177161410{109284017},3C_20_80-03.txt,169.439,0.250,42.360,0,0.000,0.00,0.000,0.000,0.000
72,ec.gp.GPIndividual@1209043622{1257993289},3C_20_50-02.txt,61.404,0.250,15.351,3,14.000,91.20,4.667,12.734,0.219
72,ec.gp.GPIndividual@736010982{1217265026},3C_20_50-02.txt,61.404,0.250,15.351,4,17.078,111.25,4.270,14.656,0.188
72,ec.gp.GPIndividual@736010982{1217265026},3C_20_66-03.txt,118.340,0.250,29.585,9,21.266,71.88,2.363,14.656,0.188
72,ec.gp.GPIndividual@736010982{1217265026},3C_20_50-03.txt,30.993,0.250,7.748,1,9.094,117.37,9.094,14.656,0.188
72,ec.gp.GPIndividual@736010982{1217265026},3C_20_50-03.txt,30.993,0.250,7.748,1,6.188,79.86,6.188,14.656,0.188
72,ec.gp.GPIndividual@736010982{1217265026},3C_20_80-01.txt,4.194,0.250,1.049,1,10.375,989.39,10.375,14.656,0.188
72,ec.gp.GPIndividual@736010982{1217265026},3C_20_50-03.txt,30.993,0.250,7.748,6,9.141,117.97,1.523,14.656,0.188
72,ec.gp.GPIndividual@736010982{1217265026},3C_20_66-01.txt,7.322,0.250,1.831,3,3.094,169.01,1.031,14.656,0.188
72,ec.gp.GPIndividual@736010982{1217265026},3C_20_66-01.txt,7.322,0.250,1.831,5,1.672,91.33,0.334,14.656,0.000
72,ec.gp.GPIndividual@736010982{1217265026},3C_20_66-01.txt,7.322,0.250,1.831,1,0.422,23.05,0.422,14.656,0.000
72,ec.gp.GPIndividual@736010982{1217265026},3C_20_66-02.txt,154.245,0.250,38.561,2,1.188,3.08,0.594,14.656,0.000
72,ec.gp.GPIndividual@736010982{1217265026},3C_20_80-02.txt,35.738,0.250,8.935,11,9.016,100.91,0.820,14.656,0.000
72,ec.gp.GPIndividual@736010982{1217265026},3C_20_80-03.txt,169.439,0.250,42.360,1,0.234,0.55,0.234,14.656,0.000
72,ec.gp.GPIndividual@736010982{1217265026},3C_20_66-02.txt,154.245,0.250,38.561,15,38.469,99.76,2.565,14.656,0.000
72,ec.gp.GPIndividual@736010982{1217265026},3C_20_66-02.txt,154.245,0.250,38.561,1,10.719,27.80,10.719,14.656,0.000
72,ec.gp.GPIndividual@736010982{1217265026},3C_20_66-03.txt,118.340,0.250,29.585,1,13.125,44.36,13.125,14.656,0.000
72,ec.gp.GPIndividual@736010982{1217265026},3C_20_66-03.txt,118.340,0.250,29.585,8,18.188,61.48,2.273,14.656,0.000
72,ec.gp.GPIndividual@147150401{-1869194699},3C_20_50-02.txt,61.404,0.250,15.351,0,0.000,0.00,0.000,0.000,0.000
72,ec.gp.GPIndividual@147150401{-1869194699},3C_20_50-03.txt,30.993,0.250,7.748,0,0.000,0.00,0.000,0.000,0.000
72,ec.gp.GPIndividual@147150401{-1869194699},3C_20_66-01.txt,7.322,0.250,1.831,0,0.000,0.00,0.000,0.000,0.000
72,ec.gp.GPIndividual@147150401{-1869194699},3C_20_66-02.txt,154.245,0.250,38.561,0,0.000,0.00,0.000,0.000,0.000
72,ec.gp.GPIndividual@147150401{-1869194699},3C_20_66-03.txt,118.340,0.250,29.585,0,0.000,0.00,0.000,0.000,0.000
72,ec.gp.GPIndividual@147150401{-1869194699},3C_20_80-01.txt,4.194,0.250,1.049,0,0.000,0.00,0.000,0.000,0.000
72,ec.gp.GPIndividual@147150401{-1869194699},3C_20_80-02.txt,35.738,0.250,8.935,0,0.000,0.00,0.000,0.000,0.000
72,ec.gp.GPIndividual@147150401{-1869194699},3C_20_80-03.txt,169.439,0.250,42.360,0,0.000,0.00,0.000,0.000,0.000
72,ec.gp.GPIndividual@1578461286{-1751674071},3C_20_50-02.txt,61.404,0.250,15.351,0,0.000,0.00,0.000,0.000,0.000
72,ec.gp.GPIndividual@1578461286{-1751674071},3C_20_50-03.txt,30.993,0.250,7.748,0,0.000,0.00,0.000,0.000,0.000
72,ec.gp.GPIndividual@1578461286{-1751674071},3C_20_66-01.txt,7.322,0.250,1.831,0,0.000,0.00,0.000,0.000,0.000
72,ec.gp.GPIndividual@1578461286{-1751674071},3C_20_66-02.txt,154.245,0.250,38.561,0,0.000,0.00,0.000,0.000,0.000
72,ec.gp.GPIndividual@1578461286{-1751674071},3C_20_66-03.txt,118.340,0.250,29.585,0,0.000,0.00,0.000,0.000,0.000
72,ec.gp.GPIndividual@1578461286{-1751674071},3C_20_80-01.txt,4.194,0.250,1.049,0,0.000,0.00,0.000,0.000,0.000
72,ec.gp.GPIndividual@1578461286{-1751674071},3C_20_80-02.txt,35.738,0.250,8.935,0,0.000,0.00,0.000,0.000,0.000
72,ec.gp.GPIndividual@1578461286{-1751674071},3C_20_80-03.txt,169.439,0.250,42.360,0,0.000,0.00,0.000,0.000,0.000
72,ec.gp.GPIndividual@2047739030{1005157169},3C_20_50-02.txt,61.404,0.250,15.351,7,16.516,107.59,2.359,6.281,0.094
72,ec.gp.GPIndividual@2047739030{1005157169},3C_20_50-03.txt,30.993,0.250,7.748,2,2.844,36.70,1.422,6.281,0.094
72,ec.gp.GPIndividual@2047739030{1005157169},3C_20_80-01.txt,4.194,0.250,1.049,3,0.813,77.48,0.271,6.281,0.094
72,ec.gp.GPIndividual@2047739030{1005157169},3C_20_80-02.txt,35.738,0.250,8.935,8,7.594,84.99,0.949,6.281,0.094
72,ec.gp.GPIndividual@2047739030{1005157169},3C_20_66-01.txt,7.322,0.250,1.831,1,1.938,105.84,1.938,6.281,0.094
72,ec.gp.GPIndividual@2047739030{1005157169},3C_20_80-03.txt,169.439,0.250,42.360,10,44.719,105.57,4.472,15.797,0.094
72,ec.gp.GPIndividual@1348783150{-519337153},3C_20_50-02.txt,61.404,0.250,15.351,3,1.797,11.71,0.599,1.141,0.125
72,ec.gp.GPIndividual@1348783150{-519337153},3C_20_66-02.txt,154.245,0.250,38.561,10,29.391,76.22,2.939,14.438,0.000
72,ec.gp.GPIndividual@1348783150{-519337153},3C_20_50-03.txt,30.993,0.250,7.748,4,4.969,64.13,1.242,14.438,0.000
72,ec.gp.GPIndividual@1348783150{-519337153},3C_20_66-01.txt,7.322,0.250,1.831,5,1.438,78.53,0.288,14.438,0.000
72,ec.gp.GPIndividual@1348783150{-519337153},3C_20_66-02.txt,154.245,0.250,38.561,7,23.094,59.89,3.299,14.438,0.000
72,ec.gp.GPIndividual@1348783150{-519337153},3C_20_66-03.txt,118.340,0.250,29.585,2,10.969,37.08,5.484,14.438,0.000
72,ec.gp.GPIndividual@1348783150{-519337153},3C_20_66-03.txt,118.340,0.250,29.585,6,14.938,50.49,2.490,14.438,0.000
72,ec.gp.GPIndividual@1348783150{-519337153},3C_20_80-01.txt,4.194,0.250,1.049,1,10.875,1037.08,10.875,14.438,0.000
72,ec.gp.GPIndividual@1348783150{-519337153},3C_20_80-01.txt,4.194,0.250,1.049,3,0.828,78.97,0.276,14.438,0.000
72,ec.gp.GPIndividual@1348783150{-519337153},3C_20_80-02.txt,35.738,0.250,8.935,2,0.328,3.67,0.164,14.438,0.000
72,ec.gp.GPIndividual@1348783150{-519337153},3C_20_80-02.txt,35.738,0.250,8.935,11,6.438,72.05,0.585,14.438,0.000
72,ec.gp.GPIndividual@1348783150{-519337153},3C_20_80-03.txt,169.439,0.250,42.360,2,1.844,4.35,0.922,14.438,0.000
72,ec.gp.GPIndividual@1348783150{-519337153},3C_20_80-03.txt,169.439,0.250,42.360,4,18.891,44.60,4.723,15.688,0.000
72,ec.gp.GPIndividual@1140928429{-78530238},3C_20_50-02.txt,61.404,0.250,15.351,3,16.891,110.03,5.630,16.313,0.094
73,ec.gp.GPIndividual@1252726697{795655226},3C_20_50-02.txt,61.404,0.250,15.351,1,0.000,0.00,0.000,0.000,0.000
73,ec.gp.GPIndividual@1389061617{213718833},3C_20_50-02.txt,61.404,0.250,15.351,0,0.000,0.00,0.000,0.000,0.000
73,ec.gp.GPIndividual@1389061617{213718833},3C_20_50-02.txt,61.404,0.250,15.351,0,0.000,0.00,0.000,0.000,0.000
73,ec.gp.GPIndividual@1389061617{213718833},3C_20_66-01.txt,7.322,0.250,1.831,1,0.000,0.00,0.000,0.000,0.000
73,ec.gp.GPIndividual@1389061617{213718833},3C_20_66-01.txt,7.322,0.250,1.831,1,0.000,0.00,0.000,0.000,0.000
73,ec.gp.GPIndividual@1389061617{213718833},3C_20_66-01.txt,7.322,0.250,1.831,1,0.000,0.00,0.000,0.000,0.000
73,ec.gp.GPIndividual@1389061617{213718833},3C_20_66-01.txt,7.322,0.250,1.831,1,0.000,0.00,0.000,0.000,0.000
73,ec.gp.GPIndividual@1389061617{213718833},3C_20_66-03.txt,118.340,0.250,29.585,0,0.000,0.00,0.000,0.000,0.000
73,ec.gp.GPIndividual@1389061617{213718833},3C_20_66-03.txt,118.340,0.250,29.585,1,0.000,0.00,0.000,0.000,0.000
73,ec.gp.GPIndividual@1389061617{213718833},3C_20_66-03.txt,118.340,0.250,29.585,1,0.000,0.00,0.000,0.000,0.000
73,ec.gp.GPIndividual@1389061617{213718833},3C_20_80-01.txt,4.194,0.250,1.049,1,0.000,0.00,0.000,0.000,0.000
73,ec.gp.GPIndividual@1389061617{213718833},3C_20_80-02.txt,35.738,0.250,8.935,1,0.000,0.00,0.000,0.000,0.000
73,ec.gp.GPIndividual@1389061617{213718833},3C_20_80-02.txt,35.738,0.250,8.935,0,0.000,0.00,0.000,0.000,0.000
73,ec.gp.GPIndividual@1389061617{213718833},3C_20_80-03.txt,169.439,0.250,42.360,1,0.000,0.00,0.000,0.000,0.000
73,ec.gp.GPIndividual@1389061617{213718833},3C_20_80-03.txt,169.439,0.250,42.360,0,0.000,0.00,0.000,0.000,0.000
73,ec.gp.GPIndividual@1831833937{744058697},3C_20_50-02.txt,61.404,0.250,15.351,0,0.000,0.00,0.000,0.000,0.000
73,ec.gp.GPIndividual@165627543{60421934},3C_20_50-02.txt,61.404,0.250,15.351,10,9.109,59.34,0.911,1.938,0.203
73,ec.gp.GPIndividual@165627543{60421934},3C_20_50-03.txt,30.993,0.250,7.748,4,4.719,60.90,1.180,2.031,0.203
73,ec.gp.GPIndividual@165627543{60421934},3C_20_50-03.txt,30.993,0.250,7.748,1,1.563,20.17,1.563,2.031,0.203
73,ec.gp.GPIndividual@165627543{60421934},3C_20_50-03.txt,30.993,0.250,7.748,2,1.594,20.57,0.797,2.031,0.000
73,ec.gp.GPIndividual@165627543{60421934},3C_20_66-01.txt,7.322,0.250,1.831,1,2.359,128.89,2.359,2.359,0.000
73,ec.gp.GPIndividual@165627543{60421934},3C_20_50-03.txt,30.993,0.250,7.748,4,5.578,71.99,1.395,2.359,0.000
73,ec.gp.GPIndividual@165627543{60421934},3C_20_66-02.txt,154.245,0.250,38.561,4,10.031,26.01,2.508,3.203,0.000
73,ec.gp.GPIndividual@165627543{60421934},3C_20_66-01.txt,7.322,0.250,1.831,1,3.172,173.27,3.172,3.203,0.000
73,ec.gp.GPIndividual@165627543{60421934},3C_20_66-01.txt,7.322,0.250,1.831,1,0.891,48.65,0.891,3.203,0.000
73,ec.gp.GPIndividual@165627543{60421934},3C_20_66-02.txt,154.245,0.250,38.561,4,7.766,20.14,1.941,3.203,0.000
73,ec.gp.GPIndividual@165627543{60421934},3C_20_66-03.txt,118.340,0.250,29.585,12,26.438,89.36,2.203,5.469,0.000
73,ec.gp.GPIndividual@165627543{60421934},3C_20_80-01.txt,4.194,0.250,1.049,2,0.547,52.15,0.273,5.469,0.000
73,ec.gp.GPIndividual@165627543{60421934},3C_20_80-02.txt,35.738,0.250,8.935,2,4.391,49.14,2.195,5.469,0.000
73,ec.gp.GPIndividual@165627543{60421934},3C_20_66-02.txt,154.245,0.250,38.561,2,12.406,32.17,6.203,7.484,0.000
73,ec.gp.GPIndividual@165627543{60421934},3C_20_66-03.txt,118.340,0.250,29.585,1,10.000,33.80,10.000,10.000,0.000
73,ec.gp.GPIndividual@165627543{60421934},3C_20_50-03.txt,30.993,0.250,7.748,3,6.125,79.05,2.042,10.000,0.000
73,ec.gp.GPIndividual@165627543{60421934},3C_20_80-03.txt,169.439,0.250,42.360,1,13.000,30.69,13.000,13.000,0.000
73,ec.gp.GPIndividual@165627543{60421934},3C_20_50-03.txt,30.993,0.250,7.748,2,1.406,18.15,0.703,13.000,0.000
73,ec.gp.GPIndividual@165627543{60421934},3C_20_66-03.txt,118.340,0.250,29.585,7,34.469,116.51,4.924,13.000,0.000
73,ec.gp.GPIndividual@165627543{60421934},3C_20_66-01.txt,7.322,0.250,1.831,2,7.547,412.27,3.773,13.000,0.000
73,ec.gp.GPIndividual@165627543{60421934},3C_20_80-01.txt,4.194,0.250,1.049,3,2.719,259.27,0.906,13.000,0.000
73,ec.gp.GPIndividual@2090363224{2052410656},3C_20_50-02.txt,61.404,0.250,15.351,7,12.172,79.29,1.739,4.234,0.125
73,ec.gp.GPIndividual@2090363224{2052410656},3C_20_80-01.txt,4.194,0.250,1.049,1,1.813,172.85,1.813,4.234,0.125
73,ec.gp.GPIndividual@2090363224{2052410656},3C_20_50-03.txt,30.993,0.250,7.748,1,0.500,6.45,0.500,4.234,0.125
73,ec.gp.GPIndividual@2090363224{2052410656},3C_20_80-02.txt,35.738,0.250,8.935,5,8.766,98.11,1.753,5.953,0.000
73,ec.gp.GPIndividual@2090363224{2052410656},3C_20_66-01.txt,7.322,0.250,1.831,1,2.969,162.18,2.969,5.953,0.000
73,ec.gp.GPIndividual@2090363224{2052410656},3C_20_66-02.txt,154.245,0.250,38.561,7,13.500,35.01,1.929,5.953,0.000
73,ec.gp.GPIndividual@2090363224{2052410656},3C_20_80-02.txt,35.738,0.250,8.935,5,9.094,101.78,1.819,5.953,0.000
73,ec.gp.GPIndividual@2090363224{2052410656},3C_20_80-03.txt,169.439,0.250,42.360,2,2.297,5.42,1.148,5.953,0.000
73,ec.gp.GPIndividual@2090363224{2052410656},3C_20_80-03.txt,169.439,0.250,42.360,11,44.047,103.98,4.004,8.875,0.000
73,ec.gp.GPIndividual@730496691{1199362825},3C_20_50-02.txt,61.404,0.250,15.351,2,1.781,11.60,0.891,1.438,0.344
73,ec.gp.GPIndividual@730496691{1199362825},3C_20_66-01.txt,7.322,0.250,1.831,2,8.250,450.69,4.125,7.344,0.344
73,ec.gp.GPIndividual@972575461{781213232},3C_20_50-02.txt,61.404,0.250,15.351,3,12.125,78.98,4.042,9.859,0.484
73,ec.gp.GPIndividual@972575461{781213232},3C_20_66-01.txt,7.322,0.250,1.831,3,1.922,104.99,0.641,9.859,0.484
73,ec.gp.GPIndividual@972575461{781213232},3C_20_66-02.txt,154.245,0.250,38.561,2,0.328,0.85,0.164,9.859,0.000
73,ec.gp.GPIndividual@972575461{781213232},3C_20_50-03.txt,30.993,0.250,7.748,1,9.438,121.80,9.438,9.859,0.000
73,ec.gp.GPIndividual@972575461{781213232},3C_20_66-03.txt,118.340,0.250,29.585,9,30.125,101.83,3.347,13.797,0.000
73,ec.gp.GPIndividual@972575461{781213232},3C_20_50-03.txt,30.993,0.250,7.748,3,4.094,52.84,1.365,13.797,0.000
73,ec.gp.GPIndividual@972575461{781213232},3C_20_66-03.txt,118.340,0.250,29.585,2,11.297,38.18,5.648,13.797,0.000
73,ec.gp.GPIndividual@972575461{781213232},3C_20_66-02.txt,154.245,0.250,38.561,2,1.969,5.11,0.984,13.797,0.000
73,ec.gp.GPIndividual@972575461{781213232},3C_20_66-01.txt,7.322,0.250,1.831,1,2.531,138.28,2.531,13.797,0.000
73,ec.gp.GPIndividual@972575461{781213232},3C_20_66-02.txt,154.245,0.250,38.561,19,38.828,100.69,2.044,13.797,0.000
73,ec.gp.GPIndividual@972575461{781213232},3C_20_66-03.txt,118.340,0.250,29.585,0,0.000,0.00,0.000,13.797,0.000
73,ec.gp.GPIndividual@972575461{781213232},3C_20_66-03.txt,118.340,0.250,29.585,4,20.609,69.66,5.152,13.797,0.000
73,ec.gp.GPIndividual@972575461{781213232},3C_20_80-01.txt,4.194,0.250,1.049,3,1.063,101.32,0.354,13.797,0.000
73,ec.gp.GPIndividual@972575461{781213232},3C_20_80-02.txt,35.738,0.250,8.935,2,12.703,142.18,6.352,13.797,0.000
73,ec.gp.GPIndividual@972575461{781213232},3C_20_80-01.txt,4.194,0.250,1.049,3,2.109,201.16,0.703,13.797,0.000
73,ec.gp.GPIndividual@972575461{781213232},3C_20_80-01.txt,4.194,0.250,1.049,2,0.156,14.90,0.078,13.797,0.000
73,ec.gp.GPIndividual@972575461{781213232},3C_20_80-02.txt,35.738,0.250,8.935,2,7.844,87.79,3.922,13.797,0.000
73,ec.gp.GPIndividual@972575461{781213232},3C_20_66-01.txt,7.322,0.250,1.831,1,2.203,120.35,2.203,13.797,0.000
73,ec.gp.GPIndividual@972575461{781213232},3C_20_80-03.txt,169.439,0.250,42.360,5,13.656,32.24,2.731,13.797,0.000
73,ec.gp.GPIndividual@972575461{781213232},3C_20_66-02.txt,154.245,0.250,38.561,2,11.516,29.86,5.758,13.797,0.000
73,ec.gp.GPIndividual@972575461{781213232},3C_20_80-01.txt,4.194,0.250,1.049,1,1.563,149.01,1.563,13.797,0.000
73,ec.gp.GPIndividual@972575461{781213232},3C_20_80-02.txt,35.738,0.250,8.935,7,8.563,95.84,1.223,13.797,0.000
73,ec.gp.GPIndividual@972575461{781213232},3C_20_80-03.txt,169.439,0.250,42.360,10,18.875,44.56,1.888,13.797,0.000
73,ec.gp.GPIndividual@972575461{781213232},3C_20_66-03.txt,118.340,0.250,29.585,9,31.594,106.79,3.510,13.797,0.000
73,ec.gp.GPIndividual@972575461{781213232},3C_20_80-03.txt,169.439,0.250,42.360,1,1.641,3.87,1.641,13.797,0.000
73,ec.gp.GPIndividual@972575461{781213232},3C_20_80-02.txt,35.738,0.250,8.935,1,2.578,28.86,2.578,13.797,0.000
73,ec.gp.GPIndividual@972575461{781213232},3C_20_80-01.txt,4.194,0.250,1.049,3,12.563,1198.00,4.188,13.797,0.000
73,ec.gp.GPIndividual@972575461{781213232},3C_20_66-02.txt,154.245,0.250,38.561,1,12.094,31.36,12.094,13.797,0.000
73,ec.gp.GPIndividual@33237987{-1377003539},3C_20_50-02.txt,61.404,0.250,15.351,1,6.859,44.68,6.859,6.859,6.859
73,ec.gp.GPIndividual@516063412{1367377855},3C_20_50-02.txt,61.404,0.250,15.351,9,13.125,85.50,1.458,2.438,0.453
73,ec.gp.GPIndividual@516063412{1367377855},3C_20_80-02.txt,35.738,0.250,8.935,2,0.797,8.92,0.398,2.438,0.297
73,ec.gp.GPIndividual@516063412{1367377855},3C_20_50-03.txt,30.993,0.250,7.748,5,12.984,167.58,2.597,5.906,0.297
73,ec.gp.GPIndividual@579812799{516065441},3C_20_50-02.txt,61.404,0.250,15.351,3,3.063,19.95,1.021,1.375,0.359
73,ec.gp.GPIndividual@579812799{516065441},3C_20_80-03.txt,169.439,0.250,42.360,9,17.391,41.05,1.932,3.281,0.359
73,ec.gp.GPIndividual@579812799{516065441},3C_20_50-03.txt,30.993,0.250,7.748,2,10.313,133.10,5.156,5.953,0.359
73,ec.gp.GPIndividual@1218924047{1477757656},3C_20_50-02.txt,61.404,0.250,15.351,7,13.875,90.38,1.982,4.250,0.000
73,ec.gp.GPIndividual@1218924047{1477757656},3C_20_66-01.txt,7.322,0.250,1.831,1,5.531,302.16,5.531,5.531,0.000
73,ec.gp.GPIndividual@1218924047{1477757656},3C_20_66-01.txt,7.322,0.250,1.831,2,3.250,177.54,1.625,5.531,0.000
73,ec.gp.GPIndividual@1218924047{1477757656},3C_20_50-03.txt,30.993,0.250,7.748,4,14.656,189.16,3.664,11.266,0.000
73,ec.gp.GPIndividual@1218924047{1477757656},3C_20_50-03.txt,30.993,0.250,7.748,1,13.781,177.87,13.781,13.781,0.000
73,ec.gp.GPIndividual@1218924047{1477757656},3C_20_80-03.txt,169.439,0.250,42.360,2,13.688,32.31,6.844,13.781,0.000
73,ec.gp.GPIndividual@1218924047{1477757656},3C_20_66-02.txt,154.245,0.250,38.561,9,19.875,51.54,2.208,13.781,0.000
73,ec.gp.GPIndividual@1218924047{1477757656},3C_20_66-03.txt,118.340,0.250,29.585,3,22.688,76.69,7.563,13.781,0.000
73,ec.gp.GPIndividual@1218924047{1477757656},3C_20_66-03.txt,118.340,0.250,29.585,1,6.641,22.45,6.641,13.781,0.000
73,ec.gp.GPIndividual@1218924047{1477757656},3C_20_80-01.txt,4.194,0.250,1.049,2,8.094,771.85,4.047,13.781,0.000
73,ec.gp.GPIndividual@1218924047{1477757656},3C_20_66-01.txt,7.322,0.250,1.831,2,0.328,17.92,0.164,13.781,0.000
73,ec.gp.GPIndividual@1218924047{1477757656},3C_20_80-02.txt,35.738,0.250,8.935,2,11.313,126.62,5.656,13.781,0.000
73,ec.gp.GPIndividual@1218924047{1477757656},3C_20_66-02.txt,154.245,0.250,38.561,3,10.328,26.78,3.443,13.781,0.000
73,ec.gp.GPIndividual@1218924047{1477757656},3C_20_80-03.txt,169.439,0.250,42.360,1,9.469,22.35,9.469,13.781,0.000
73,ec.gp.GPIndividual@1400269144{-1512946834},3C_20_50-02.txt,61.404,0.250,15.351,9,15.422,100.46,1.714,6.109,0.125
73,ec.gp.GPIndividual@1400269144{-1512946834},3C_20_80-01.txt,4.194,0.250,1.049,3,2.234,213.08,0.745,6.109,0.125
73,ec.gp.GPIndividual@1400269144{-1512946834},3C_20_66-03.txt,118.340,0.250,29.585,2,1.328,4.49,0.664,6.109,0.125
73,ec.gp.GPIndividual@1400269144{-1512946834},3C_20_80-02.txt,35.738,0.250,8.935,2,8.094,90.59,4.047,6.109,0.125
73,ec.gp.GPIndividual@682604492{1260909096},3C_20_50-02.txt,61.404,0.250,15.351,6,17.703,115.32,2.951,9.078,0.359
73,ec.gp.GPIndividual@682604492{1260909096},3C_20_66-01.txt,7.322,0.250,1.831,3,2.500,136.57,0.833,9.078,0.313
73,ec.gp.GPIndividual@682604492{1260909096},3C_20_66-02.txt,154.245,0.250,38.561,2,0.609,1.58,0.305,9.078,0.141
73,ec.gp.GPIndividual@682604492{1260909096},3C_20_50-03.txt,30.993,0.250,7.748,2,8.969,115.75,4.484,9.078,0.141
73,ec.gp.GPIndividual@682604492{1260909096},3C_20_50-03.txt,30.993,0.250,7.748,1,0.719,9.28,0.719,9.078,0.141
73,ec.gp.GPIndividual@682604492{1260909096},3C_20_80-01.txt,4.194,0.250,1.049,1,1.406,134.10,1.406,9.078,0.141
73,ec.gp.GPIndividual@682604492{1260909096},3C_20_80-03.txt,169.439,0.250,42.360,9,27.000,63.74,3.000,11.391,0.141
73,ec.gp.GPIndividual@682604492{1260909096},3C_20_66-02.txt,154.245,0.250,38.561,13,43.156,111.92,3.320,11.391,0.141
73,ec.gp.GPIndividual@682604492{1260909096},3C_20_66-01.txt,7.322,0.250,1.831,1,1.281,69.99,1.281,11.391,0.141
73,ec.gp.GPIndividual@682604492{1260909096},3C_20_66-03.txt,118.340,0.250,29.585,5,24.891,84.13,4.978,11.391,0.141
73,ec.gp.GPIndividual@682604492{1260909096},3C_20_66-03.txt,118.340,0.250,29.585,3,20.156,68.13,6.719,15.078,0.141
73,ec.gp.GPIndividual@682604492{1260909096},3C_20_80-02.txt,35.738,0.250,8.935,2,5.375,60.16,2.688,15.078,0.141
73,ec.gp.GPIndividual@1579771388{-1295298744},3C_20_50-02.txt,61.404,0.250,15.351,1,0.344,2.24,0.344,0.344,0.344
73,ec.gp.GPIndividual@1579771388{-1295298744},3C_20_50-03.txt,30.993,0.250,7.748,4,7.906,102.04,1.977,6.359,0.172
73,ec.gp.GPIndividual@1579771388{-1295298744},3C_20_80-01.txt,4.194,0.250,1.049,1,2.047,195.20,2.047,6.359,0.172
73,ec.gp.GPIndividual@1579771388{-1295298744},3C_20_80-03.txt,169.439,0.250,42.360,5,13.688,32.31,2.738,6.359,0.172
73,ec.gp.GPIndividual@1579771388{-1295298744},3C_20_66-01.txt,7.322,0.250,1.831,1,0.891,48.65,0.891,6.359,0.172
73,ec.gp.GPIndividual@1579771388{-1295298744},3C_20_66-02.txt,154.245,0.250,38.561,3,7.813,20.26,2.604,6.359,0.172
73,ec.gp.GPIndividual@1579771388{-1295298744},3C_20_66-03.txt,118.340,0.250,29.585,6,29.578,99.98,4.930,9.000,0.172
73,ec.gp.GPIndividual@2085692845{304176336},3C_20_50-02.txt,61.404,0.250,15.351,0,0.000,0.00,0.000,0.000,0.000
73,ec.gp.GPIndividual@2085692845{304176336},3C_20_50-03.txt,30.993,0.250,7.748,0,0.000,0.00,0.000,0.000,0.000
73,ec.gp.GPIndividual@2085692845{304176336},3C_20_66-01.txt,7.322,0.250,1.831,0,0.000,0.00,0.000,0.000,0.000
73,ec.gp.GPIndividual@2085692845{304176336},3C_20_66-02.txt,154.245,0.250,38.561,0,0.000,0.00,0.000,0.000,0.000
73,ec.gp.GPIndividual@2085692845{304176336},3C_20_66-03.txt,118.340,0.250,29.585,0,0.000,0.00,0.000,0.000,0.000
73,ec.gp.GPIndividual@2085692845{304176336},3C_20_80-01.txt,4.194,0.250,1.049,0,0.000,0.00,0.000,0.000,0.000
73,ec.gp.GPIndividual@2085692845{304176336},3C_20_80-02.txt,35.738,0.250,8.935,0,0.000,0.00,0.000,0.000,0.000
73,ec.gp.GPIndividual@2085692845{304176336},3C_20_80-03.txt,169.439,0.250,42.360,0,0.000,0.00,0.000,0.000,0.000
73,ec.gp.GPIndividual@640560885{1810654850},3C_20_50-02.txt,61.404,0.250,15.351,0,0.000,0.00,0.000,0.000,0.000
73,ec.gp.GPIndividual@640560885{1810654850},3C_20_50-03.txt,30.993,0.250,7.748,0,0.000,0.00,0.000,0.000,0.000
73,ec.gp.GPIndividual@640560885{1810654850},3C_20_66-01.txt,7.322,0.250,1.831,0,0.000,0.00,0.000,0.000,0.000
73,ec.gp.GPIndividual@640560885{1810654850},3C_20_66-02.txt,154.245,0.250,38.561,0,0.000,0.00,0.000,0.000,0.000
73,ec.gp.GPIndividual@640560885{1810654850},3C_20_66-03.txt,118.340,0.250,29.585,0,0.000,0.00,0.000,0.000,0.000
73,ec.gp.GPIndividual@640560885{1810654850},3C_20_80-01.txt,4.194,0.250,1.049,0,0.000,0.00,0.000,0.000,0.000
73,ec.gp.GPIndividual@640560885{1810654850},3C_20_80-02.txt,35.738,0.250,8.935,0,0.000,0.00,0.000,0.000,0.000
73,ec.gp.GPIndividual@640560885{1810654850},3C_20_80-03.txt,169.439,0.250,42.360,0,0.000,0.00,0.000,0.000,0.000
73,ec.gp.GPIndividual@1383258767{-1490213251},3C_20_50-02.txt,61.404,0.250,15.351,1,6.094,39.70,6.094,6.094,6.094
73,ec.gp.GPIndividual@1383258767{-1490213251},3C_20_80-01.txt,4.194,0.250,1.049,3,1.156,110.26,0.385,6.094,0.156
73,ec.gp.GPIndividual@1383258767{-1490213251},3C_20_50-03.txt,30.993,0.250,7.748,0,0.000,0.00,0.000,6.094,0.156
73,ec.gp.GPIndividual@1383258767{-1490213251},3C_20_80-02.txt,35.738,0.250,8.935,2,10.250,114.72,5.125,8.359,0.156
73,ec.gp.GPIndividual@1383258767{-1490213251},3C_20_66-01.txt,7.322,0.250,1.831,1,2.344,128.04,2.344,8.359,0.156
73,ec.gp.GPIndividual@1383258767{-1490213251},3C_20_80-03.txt,169.439,0.250,42.360,7,38.516,90.93,5.502,15.328,0.156
73,ec.gp.GPIndividual@1383258767{-1490213251},3C_20_80-01.txt,4.194,0.250,1.049,2,1.828,174.34,0.914,15.328,0.156
73,ec.gp.GPIndividual@1383258767{-1490213251},3C_20_66-02.txt,154.245,0.250,38.561,1,0.328,0.85,0.328,15.328,0.156
73,ec.gp.GPIndividual@1383258767{-1490213251},3C_20_80-02.txt,35.738,0.250,8.935,2,10.609,118.75,5.305,15.328,0.156
73,ec.gp.GPIndividual@456479506{1117198579},3C_20_50-02.txt,61.404,0.250,15.351,9,12.016,78.27,1.335,2.469,0.359
73,ec.gp.GPIndividual@456479506{1117198579},3C_20_50-03.txt,30.993,0.250,7.748,2,9.156,118.17,4.578,7.625,0.359
73,ec.gp.GPIndividual@456479506{1117198579},3C_20_66-02.txt,154.245,0.250,38.561,10,32.531,84.36,3.253,13.781,0.359
73,ec.gp.GPIndividual@456479506{1117198579},3C_20_80-02.txt,35.738,0.250,8.935,4,9.781,109.48,2.445,13.781,0.359
73,ec.gp.GPIndividual@456479506{1117198579},3C_20_80-03.txt,169.439,0.250,42.360,2,7.875,18.59,3.938,13.781,0.359
73,ec.gp.GPIndividual@456479506{1117198579},3C_20_66-01.txt,7.322,0.250,1.831,3,1.906,104.14,0.635,13.781,0.172
73,ec.gp.GPIndividual@456479506{1117198579},3C_20_66-03.txt,118.340,0.250,29.585,3,10.625,35.91,3.542,13.781,0.172
73,ec.gp.GPIndividual@456479506{1117198579},3C_20_66-03.txt,118.340,0.250,29.585,2,10.625,35.91,5.313,13.781,0.172
73,ec.gp.GPIndividual@456479506{1117198579},3C_20_80-03.txt,169.439,0.250,42.360,11,45.563,107.56,4.142,13.781,0.172
73,ec.gp.GPIndividual@456479506{1117198579},3C_20_66-01.txt,7.322,0.250,1.831,1,0.344,18.78,0.344,13.781,0.172
73,ec.gp.GPIndividual@456479506{1117198579},3C_20_80-01.txt,4.194,0.250,1.049,1,2.313,220.53,2.313,13.781,0.172
73,ec.gp.GPIndividual@1512247021{-1004105801},3C_20_50-02.txt,61.404,0.250,15.351,10,14.375,93.64,1.438,3.891,0.500
73,ec.gp.GPIndividual@1512247021{-1004105801},3C_20_66-02.txt,154.245,0.250,38.561,3,7.406,19.21,2.469,3.969,0.500
73,ec.gp.GPIndividual@1512247021{-1004105801},3C_20_80-01.txt,4.194,0.250,1.049,4,1.219,116.22,0.305,3.969,0.172
73,ec.gp.GPIndividual@1512247021{-1004105801},3C_20_80-02.txt,35.738,0.250,8.935,1,13.969,156.35,13.969,13.969,0.172
73,ec.gp.GPIndividual@1756441342{637834703},3C_20_50-02.txt,61.404,0.250,15.351,4,18.953,123.46,4.738,13.563,0.344
73,ec.gp.GPIndividual@1756441342{637834703},3C_20_66-02.txt,154.245,0.250,38.561,20,39.422,102.23,1.971,13.563,0.344
73,ec.gp.GPIndividual@1756441342{637834703},3C_20_50-03.txt,30.993,0.250,7.748,3,4.328,55.86,1.443,13.563,0.344
73,ec.gp.GPIndividual@1756441342{637834703},3C_20_80-03.txt,169.439,0.250,42.360,1,2.266,5.35,2.266,13.563,0.344
73,ec.gp.GPIndividual@1756441342{637834703},3C_20_66-03.txt,118.340,0.250,29.585,7,33.234,112.34,4.748,13.563,0.344
73,ec.gp.GPIndividual@1627377821{-1324159693},3C_20_50-02.txt,61.404,0.250,15.351,2,1.609,10.48,0.805,1.266,0.344
73,ec.gp.GPIndividual@1627377821{-1324159693},3C_20_66-01.txt,7.322,0.250,1.831,2,6.328,345.70,3.164,5.422,0.344
73,ec.gp.GPIndividual@1627377821{-1324159693},3C_20_50-03.txt,30.993,0.250,7.748,2,2.500,32.27,1.250,5.422,0.344
73,ec.gp.GPIndividual@1627377821{-1324159693},3C_20_66-02.txt,154.245,0.250,38.561,1,2.953,7.66,2.953,5.422,0.344
73,ec.gp.GPIndividual@1627377821{-1324159693},3C_20_80-01.txt,4.194,0.250,1.049,4,1.188,113.24,0.297,5.422,0.172
73,ec.gp.GPIndividual@1627377821{-1324159693},3C_20_80-02.txt,35.738,0.250,8.935,2,12.656,141.66,6.328,10.328,0.172
73,ec.gp.GPIndividual@1627377821{-1324159693},3C_20_80-02.txt,35.738,0.250,8.935,3,17.156,192.02,5.719,11.203,0.172
73,ec.gp.GPIndividual@1627377821{-1324159693},3C_20_66-03.txt,118.340,0.250,29.585,10,17.438,58.94,1.744,11.203,0.172
73,ec.gp.GPIndividual@1627377821{-1324159693},3C_20_50-03.txt,30.993,0.250,7.748,4,9.047,116.76,2.262,11.203,0.172
73,ec.gp.GPIndividual@1627377821{-1324159693},3C_20_66-01.txt,7.322,0.250,1.831,2,1.719,93.89,0.859,11.203,0.172
73,ec.gp.GPIndividual@1627377821{-1324159693},3C_20_66-03.txt,118.340,0.250,29.585,2,2.938,9.93,1.469,11.203,0.172
73,ec.gp.GPIndividual@1627377821{-1324159693},3C_20_80-03.txt,169.439,0.250,42.360,13,39.859,94.10,3.066,11.203,0.172
73,ec.gp.GPIndividual@1756185885{2134753058},3C_20_50-02.txt,61.404,0.250,15.351,5,15.906,103.62,3.181,6.766,0.516
73,ec.gp.GPIndividual@1756185885{2134753058},3C_20_50-03.txt,30.993,0.250,7.748,2,0.906,11.70,0.453,6.766,0.000
73,ec.gp.GPIndividual@1756185885{2134753058},3C_20_66-01.txt,7.322,0.250,1.831,1,9.813,536.04,9.813,9.813,0.000
73,ec.gp.GPIndividual@1756185885{2134753058},3C_20_80-01.txt,4.194,0.250,1.049,1,11.828,1127.97,11.828,11.828,0.000
73,ec.gp.GPIndividual@1756185885{2134753058},3C_20_80-03.txt,169.439,0.250,42.360,4,14.406,34.01,3.602,11.828,0.000
73,ec.gp.GPIndividual@1756185885{2134753058},3C_20_80-01.txt,4.194,0.250,1.049,2,1.563,149.01,0.781,11.828,0.000
73,ec.gp.GPIndividual@1756185885{2134753058},3C_20_80-02.txt,35.738,0.250,8.935,2,1.188,13.29,0.594,11.828,0.000
73,ec.gp.GPIndividual@1756185885{2134753058},3C_20_80-02.txt,35.738,0.250,8.935,4,9.359,104.76,2.340,11.828,0.000
73,ec.gp.GPIndividual@1756185885{2134753058},3C_20_80-03.txt,169.439,0.250,42.360,14,41.859,98.82,2.990,13.422,0.000
73,ec.gp.GPIndividual@1756185885{2134753058},3C_20_66-02.txt,154.245,0.250,38.561,2,12.563,32.58,6.281,13.422,0.000
73,ec.gp.GPIndividual@629148674{348265939},3C_20_50-02.txt,61.404,0.250,15.351,1,6.797,44.28,6.797,6.797,6.797
73,ec.gp.GPIndividual@629148674{348265939},3C_20_66-01.txt,7.322,0.250,1.831,1,2.672,145.96,2.672,6.797,2.672
73,ec.gp.GPIndividual@629148674{348265939},3C_20_66-03.txt,118.340,0.250,29.585,7,29.531,99.82,4.219,13.078,0.172
73,ec.gp.GPIndividual@629148674{348265939},3C_20_50-03.txt,30.993,0.250,7.748,1,0.875,11.29,0.875,13.078,0.172
73,ec.gp.GPIndividual@629148674{348265939},3C_20_66-02.txt,154.245,0.250,38.561,8,24.438,63.37,3.055,13.078,0.172
73,ec.gp.GPIndividual@629148674{348265939},3C_20_66-02.txt,154.245,0.250,38.561,3,9.969,25.85,3.323,13.078,0.172
73,ec.gp.GPIndividual@629148674{348265939},3C_20_66-01.txt,7.322,0.250,1.831,2,3.219,175.84,1.609,13.078,0.172
73,ec.gp.GPIndividual@629148674{348265939},3C_20_66-03.txt,118.340,0.250,29.585,1,0.500,1.69,0.500,13.078,0.172
73,ec.gp.GPIndividual@629148674{348265939},3C_20_66-02.txt,154.245,0.250,38.561,7,41.703,108.15,5.958,15.063,0.172
73,ec.gp.GPIndividual@629148674{348265939},3C_20_80-01.txt,4.194,0.250,1.049,4,1.047,99.83,0.262,15.063,0.000
73,ec.gp.GPIndividual@629148674{348265939},3C_20_80-02.txt,35.738,0.250,8.935,2,3.141,35.15,1.570,15.063,0.000
73,ec.gp.GPIndividual@969082372{902415433},3C_20_50-02.txt,61.404,0.250,15.351,5,15.719,102.39,3.144,9.641,0.500
73,ec.gp.GPIndividual@969082372{902415433},3C_20_80-03.txt,169.439,0.250,42.360,6,26.250,61.97,4.375,14.094,0.500
73,ec.gp.GPIndividual@969082372{902415433},3C_20_66-03.txt,118.340,0.250,29.585,1,14.875,50.28,14.875,14.875,0.500
73,ec.gp.GPIndividual@969082372{902415433},3C_20_66-03.txt,118.340,0.250,29.585,6,34.828,117.72,5.805,14.875,0.500
73,ec.gp.GPIndividual@969082372{902415433},3C_20_80-01.txt,4.194,0.250,1.049,2,2.906,277.15,1.453,14.875,0.500
73,ec.gp.GPIndividual@969082372{902415433},3C_20_80-01.txt,4.194,0.250,1.049,2,3.797,362.08,1.898,14.875,0.344
73,ec.gp.GPIndividual@969082372{902415433},3C_20_80-01.txt,4.194,0.250,1.049,3,8.172,779.30,2.724,14.875,0.328
73,ec.gp.GPIndividual@271241565{-1458877964},3C_20_50-02.txt,61.404,0.250,15.351,3,15.453,100.66,5.151,13.516,0.438
73,ec.gp.GPIndividual@753734062{-78530238},3C_20_50-02.txt,61.404,0.250,15.351,3,18.359,119.60,6.120,13.000,0.219
73,ec.gp.GPIndividual@753734062{-78530238},3C_20_66-01.txt,7.322,0.250,1.831,1,1.563,85.36,1.563,13.000,0.219
73,ec.gp.GPIndividual@753734062{-78530238},3C_20_50-03.txt,30.993,0.250,7.748,2,1.563,20.17,0.781,13.000,0.219
73,ec.gp.GPIndividual@753734062{-78530238},3C_20_80-03.txt,169.439,0.250,42.360,11,22.656,53.49,2.060,13.000,0.219
73,ec.gp.GPIndividual@753734062{-78530238},3C_20_66-01.txt,7.322,0.250,1.831,1,0.594,32.44,0.594,13.000,0.219
73,ec.gp.GPIndividual@753734062{-78530238},3C_20_66-02.txt,154.245,0.250,38.561,3,3.328,8.63,1.109,13.000,0.219
73,ec.gp.GPIndividual@753734062{-78530238},3C_20_66-03.txt,118.340,0.250,29.585,3,38.344,129.61,12.781,14.297,0.219
73,ec.gp.GPIndividual@753734062{-78530238},3C_20_66-02.txt,154.245,0.250,38.561,3,7.391,19.17,2.464,14.297,0.219
73,ec.gp.GPIndividual@753734062{-78530238},3C_20_80-01.txt,4.194,0.250,1.049,4,1.141,108.77,0.285,14.297,0.094
73,ec.gp.GPIndividual@753734062{-78530238},3C_20_66-03.txt,118.340,0.250,29.585,3,2.000,6.76,0.667,14.297,0.094
73,ec.gp.GPIndividual@753734062{-78530238},3C_20_80-02.txt,35.738,0.250,8.935,1,1.344,15.04,1.344,14.297,0.094
73,ec.gp.GPIndividual@753734062{-78530238},3C_20_80-03.txt,169.439,0.250,42.360,1,6.922,16.34,6.922,14.297,0.094
73,ec.gp.GPIndividual@1807855989{901480721},3C_20_50-02.txt,61.404,0.250,15.351,5,15.750,102.60,3.150,8.859,0.094
73,ec.gp.GPIndividual@1807855989{901480721},3C_20_50-03.txt,30.993,0.250,7.748,2,3.281,42.35,1.641,8.859,0.094
73,ec.gp.GPIndividual@1807855989{901480721},3C_20_66-03.txt,118.340,0.250,29.585,7,26.234,88.67,3.748,10.000,0.094
73,ec.gp.GPIndividual@1807855989{901480721},3C_20_80-01.txt,4.194,0.250,1.049,4,0.938,89.40,0.234,10.000,0.094
73,ec.gp.GPIndividual@1807855989{901480721},3C_20_80-02.txt,35.738,0.250,8.935,4,7.641,85.52,1.910,10.000,0.094
73,ec.gp.GPIndividual@1807855989{901480721},3C_20_66-01.txt,7.322,0.250,1.831,7,1.797,98.16,0.257,10.000,0.047
73,ec.gp.GPIndividual@1807855989{901480721},3C_20_80-03.txt,169.439,0.250,42.360,8,40.594,95.83,5.074,16.094,0.047
73,ec.gp.GPIndividual@1807855989{901480721},3C_20_66-02.txt,154.245,0.250,38.561,8,32.016,83.03,4.002,16.094,0.047
73,ec.gp.GPIndividual@648082343{938985654},3C_20_50-02.txt,61.404,0.250,15.351,5,7.375,48.04,1.475,5.328,0.094
73,ec.gp.GPIndividual@648082343{938985654},3C_20_50-03.txt,30.993,0.250,7.748,1,7.953,102.65,7.953,7.953,0.094
73,ec.gp.GPIndividual@648082343{938985654},3C_20_66-03.txt,118.340,0.250,29.585,7,25.328,85.61,3.618,10.375,0.094
73,ec.gp.GPIndividual@648082343{938985654},3C_20_80-01.txt,4.194,0.250,1.049,2,0.672,64.07,0.336,10.375,0.094
73,ec.gp.GPIndividual@648082343{938985654},3C_20_80-02.txt,35.738,0.250,8.935,6,8.063,90.24,1.344,10.375,0.094
73,ec.gp.GPIndividual@648082343{938985654},3C_20_66-01.txt,7.322,0.250,1.831,3,3.328,181.81,1.109,10.375,0.094
73,ec.gp.GPIndividual@648082343{938985654},3C_20_80-03.txt,169.439,0.250,42.360,6,29.469,69.57,4.911,16.063,0.094
73,ec.gp.GPIndividual@1193794391{-503280103},3C_20_50-02.txt,61.404,0.250,15.351,7,12.281,80.00,1.754,5.766,0.031
73,ec.gp.GPIndividual@1193794391{-503280103},3C_20_50-03.txt,30.993,0.250,7.748,7,7.109,91.76,1.016,5.766,0.031
73,ec.gp.GPIndividual@1193794391{-503280103},3C_20_66-01.txt,7.322,0.250,1.831,9,1.703,93.04,0.189,5.766,0.000
73,ec.gp.GPIndividual@1193794391{-503280103},3C_20_66-02.txt,154.245,0.250,38.561,11,34.875,90.44,3.170,10.734,0.000
73,ec.gp.GPIndividual@1193794391{-503280103},3C_20_66-03.txt,118.340,0.250,29.585,7,26.219,88.62,3.746,10.734,0.000
73,ec.gp.GPIndividual@1193794391{-503280103},3C_20_80-01.txt,4.194,0.250,1.049,5,0.938,89.40,0.188,10.734,0.000
73,ec.gp.GPIndividual@1193794391{-503280103},3C_20_80-02.txt,35.738,0.250,8.935,7,6.109,68.38,0.873,10.734,0.000
73,ec.gp.GPIndividual@1193794391{-503280103},3C_20_80-03.txt,169.439,0.250,42.360,3,27.391,64.66,9.130,16.641,0.000
74,ec.gp.GPIndividual@87638049{2004285173},3C_20_50-02.txt,61.404,0.250,15.351,0,0.000,0.00,0.000,0.000,0.000
74,ec.gp.GPIndividual@87638049{2004285173},3C_20_50-03.txt,30.993,0.250,7.748,0,0.000,0.00,0.000,0.000,0.000
74,ec.gp.GPIndividual@87638049{2004285173},3C_20_66-01.txt,7.322,0.250,1.831,0,0.000,0.00,0.000,0.000,0.000
74,ec.gp.GPIndividual@87638049{2004285173},3C_20_66-02.txt,154.245,0.250,38.561,0,0.000,0.00,0.000,0.000,0.000
74,ec.gp.GPIndividual@87638049{2004285173},3C_20_66-03.txt,118.340,0.250,29.585,0,0.000,0.00,0.000,0.000,0.000
74,ec.gp.GPIndividual@87638049{2004285173},3C_20_80-01.txt,4.194,0.250,1.049,0,0.000,0.00,0.000,0.000,0.000
74,ec.gp.GPIndividual@87638049{2004285173},3C_20_80-02.txt,35.738,0.250,8.935,0,0.000,0.00,0.000,0.000,0.000
74,ec.gp.GPIndividual@87638049{2004285173},3C_20_80-03.txt,169.439,0.250,42.360,0,0.000,0.00,0.000,0.000,0.000
74,ec.gp.GPIndividual@874856023{1527403887},3C_20_50-02.txt,61.404,0.250,15.351,0,0.000,0.00,0.000,0.000,0.000
74,ec.gp.GPIndividual@874856023{1527403887},3C_20_50-03.txt,30.993,0.250,7.748,0,0.000,0.00,0.000,0.000,0.000
74,ec.gp.GPIndividual@874856023{1527403887},3C_20_66-01.txt,7.322,0.250,1.831,0,0.000,0.00,0.000,0.000,0.000
74,ec.gp.GPIndividual@874856023{1527403887},3C_20_66-02.txt,154.245,0.250,38.561,0,0.000,0.00,0.000,0.000,0.000
74,ec.gp.GPIndividual@874856023{1527403887},3C_20_66-03.txt,118.340,0.250,29.585,0,0.000,0.00,0.000,0.000,0.000
74,ec.gp.GPIndividual@874856023{1527403887},3C_20_80-01.txt,4.194,0.250,1.049,0,0.000,0.00,0.000,0.000,0.000
74,ec.gp.GPIndividual@874856023{1527403887},3C_20_80-02.txt,35.738,0.250,8.935,0,0.000,0.00,0.000,0.000,0.000
74,ec.gp.GPIndividual@874856023{1527403887},3C_20_80-03.txt,169.439,0.250,42.360,0,0.000,0.00,0.000,0.000,0.000
74,ec.gp.GPIndividual@2139584416{1544217941},3C_20_50-02.txt,61.404,0.250,15.351,4,1.438,9.36,0.359,0.359,0.359
74,ec.gp.GPIndividual@2139584416{1544217941},3C_20_50-03.txt,30.993,0.250,7.748,7,9.359,120.80,1.337,1.766,0.266
74,ec.gp.GPIndividual@2139584416{1544217941},3C_20_50-03.txt,30.993,0.250,7.748,1,0.109,1.41,0.109,1.766,0.109
74,ec.gp.GPIndividual@2139584416{1544217941},3C_20_50-03.txt,30.993,0.250,7.748,2,0.750,9.68,0.375,1.766,0.109
74,ec.gp.GPIndividual@2139584416{1544217941},3C_20_50-03.txt,30.993,0.250,7.748,2,4.141,53.44,2.070,3.219,0.109
74,ec.gp.GPIndividual@2139584416{1544217941},3C_20_66-01.txt,7.322,0.250,1.831,1,2.266,123.77,2.266,3.219,0.109
74,ec.gp.GPIndividual@2139584416{1544217941},3C_20_50-03.txt,30.993,0.250,7.748,1,0.891,11.49,0.891,3.219,0.109
74,ec.gp.GPIndividual@2139584416{1544217941},3C_20_66-02.txt,154.245,0.250,38.561,4,9.359,24.27,2.340,3.234,0.109
74,ec.gp.GPIndividual@2139584416{1544217941},3C_20_50-03.txt,30.993,0.250,7.748,2,5.641,72.80,2.820,3.234,0.109
74,ec.gp.GPIndividual@2139584416{1544217941},3C_20_66-03.txt,118.340,0.250,29.585,8,32.656,110.38,4.082,6.219,0.109
74,ec.gp.GPIndividual@2139584416{1544217941},3C_20_80-01.txt,4.194,0.250,1.049,1,0.516,49.17,0.516,6.219,0.109
74,ec.gp.GPIndividual@2139584416{1544217941},3C_20_80-02.txt,35.738,0.250,8.935,3,10.813,121.02,3.604,6.219,0.109
74,ec.gp.GPIndividual@2139584416{1544217941},3C_20_66-01.txt,7.322,0.250,1.831,1,3.047,166.45,3.047,6.219,0.109
74,ec.gp.GPIndividual@2139584416{1544217941},3C_20_66-01.txt,7.322,0.250,1.831,1,1.234,67.43,1.234,6.219,0.109
74,ec.gp.GPIndividual@2139584416{1544217941},3C_20_66-01.txt,7.322,0.250,1.831,1,2.094,114.38,2.094,6.219,0.109
74,ec.gp.GPIndividual@2139584416{1544217941},3C_20_80-03.txt,169.439,0.250,42.360,7,13.359,31.54,1.908,6.875,0.109
74,ec.gp.GPIndividual@2139584416{1544217941},3C_20_66-02.txt,154.245,0.250,38.561,8,12.797,33.19,1.600,6.875,0.109
74,ec.gp.GPIndividual@2139584416{1544217941},3C_20_66-03.txt,118.340,0.250,29.585,1,5.984,20.23,5.984,6.875,0.109
74,ec.gp.GPIndividual@805549340{-1133628492},3C_20_50-02.txt,61.404,0.250,15.351,1,0.000,0.00,0.000,0.000,0.000
74,ec.gp.GPIndividual@805549340{-1133628492},3C_20_50-03.txt,30.993,0.250,7.748,1,0.000,0.00,0.000,0.000,0.000
74,ec.gp.GPIndividual@805549340{-1133628492},3C_20_66-01.txt,7.322,0.250,1.831,1,0.000,0.00,0.000,0.000,0.000
74,ec.gp.GPIndividual@805549340{-1133628492},3C_20_66-02.txt,154.245,0.250,38.561,1,0.000,0.00,0.000,0.000,0.000
74,ec.gp.GPIndividual@805549340{-1133628492},3C_20_66-03.txt,118.340,0.250,29.585,1,0.000,0.00,0.000,0.000,0.000
74,ec.gp.GPIndividual@805549340{-1133628492},3C_20_80-01.txt,4.194,0.250,1.049,1,0.000,0.00,0.000,0.000,0.000
74,ec.gp.GPIndividual@805549340{-1133628492},3C_20_80-02.txt,35.738,0.250,8.935,1,0.000,0.00,0.000,0.000,0.000
74,ec.gp.GPIndividual@805549340{-1133628492},3C_20_80-03.txt,169.439,0.250,42.360,1,0.000,0.00,0.000,0.000,0.000
74,ec.gp.GPIndividual@1118196261{-1457355704},3C_20_50-02.txt,61.404,0.250,15.351,4,16.516,107.59,4.129,7.422,0.516
74,ec.gp.GPIndividual@1118196261{-1457355704},3C_20_66-01.txt,7.322,0.250,1.831,2,1.969,107.55,0.984,7.422,0.172
74,ec.gp.GPIndividual@1118196261{-1457355704},3C_20_50-03.txt,30.993,0.250,7.748,3,4.234,54.65,1.411,7.422,0.172
74,ec.gp.GPIndividual@1118196261{-1457355704},3C_20_66-01.txt,7.322,0.250,1.831,2,2.500,136.57,1.250,7.422,0.172
74,ec.gp.GPIndividual@1118196261{-1457355704},3C_20_66-02.txt,154.245,0.250,38.561,3,9.922,25.73,3.307,7.422,0.172
74,ec.gp.GPIndividual@1118196261{-1457355704},3C_20_80-01.txt,4.194,0.250,1.049,1,5.578,531.95,5.578,7.422,0.172
74,ec.gp.GPIndividual@1118196261{-1457355704},3C_20_66-02.txt,154.245,0.250,38.561,4,4.922,12.76,1.230,7.422,0.172
74,ec.gp.GPIndividual@1118196261{-1457355704},3C_20_80-02.txt,35.738,0.250,8.935,1,1.438,16.09,1.438,7.422,0.172
74,ec.gp.GPIndividual@1118196261{-1457355704},3C_20_66-02.txt,154.245,0.250,38.561,3,5.969,15.48,1.990,7.422,0.172
74,ec.gp.GPIndividual@1118196261{-1457355704},3C_20_80-03.txt,169.439,0.250,42.360,14,39.484,93.21,2.820,10.969,0.172
74,ec.gp.GPIndividual@642134574{-616938345},3C_20_50-02.txt,61.404,0.250,15.351,5,13.266,86.41,2.653,4.938,0.359
74,ec.gp.GPIndividual@642134574{-616938345},3C_20_66-03.txt,118.340,0.250,29.585,5,29.438,99.50,5.888,9.734,0.359
74,ec.gp.GPIndividual@642134574{-616938345},3C_20_66-03.txt,118.340,0.250,29.585,7,29.844,100.87,4.263,9.734,0.359
74,ec.gp.GPIndividual@642134574{-616938345},3C_20_80-01.txt,4.194,0.250,1.049,3,1.063,101.32,0.354,9.734,0.172
74,ec.gp.GPIndividual@642134574{-616938345},3C_20_80-02.txt,35.738,0.250,8.935,1,6.391,71.53,6.391,9.734,0.172
74,ec.gp.GPIndividual@642134574{-616938345},3C_20_66-02.txt,154.245,0.250,38.561,1,2.656,6.89,2.656,9.734,0.172
74,ec.gp.GPIndividual@642134574{-616938345},3C_20_80-01.txt,4.194,0.250,1.049,3,2.969,283.11,0.990,9.734,0.172
74,ec.gp.GPIndividual@642134574{-616938345},3C_20_80-03.txt,169.439,0.250,42.360,1,8.328,19.66,8.328,9.734,0.172
74,ec.gp.GPIndividual@642134574{-616938345},3C_20_50-03.txt,30.993,0.250,7.748,1,9.516,122.81,9.516,9.734,0.172
74,ec.gp.GPIndividual@642134574{-616938345},3C_20_66-01.txt,7.322,0.250,1.831,1,9.500,518.97,9.500,9.734,0.172
74,ec.gp.GPIndividual@642134574{-616938345},3C_20_66-03.txt,118.340,0.250,29.585,14,31.188,105.42,2.228,9.734,0.172
74,ec.gp.GPIndividual@642134574{-616938345},3C_20_80-01.txt,4.194,0.250,1.049,2,2.016,192.22,1.008,9.734,0.172
74,ec.gp.GPIndividual@642134574{-616938345},3C_20_66-03.txt,118.340,0.250,29.585,4,7.922,26.78,1.980,9.734,0.172
74,ec.gp.GPIndividual@916590691{-1643599140},3C_20_50-02.txt,61.404,0.250,15.351,3,7.750,50.49,2.583,6.063,0.516
74,ec.gp.GPIndividual@916590691{-1643599140},3C_20_80-02.txt,35.738,0.250,8.935,5,10.781,120.67,2.156,6.063,0.516
74,ec.gp.GPIndividual@916590691{-1643599140},3C_20_50-03.txt,30.993,0.250,7.748,4,8.609,111.12,2.152,6.219,0.500
74,ec.gp.GPIndividual@916590691{-1643599140},3C_20_80-03.txt,169.439,0.250,42.360,4,13.547,31.98,3.387,6.938,0.344
74,ec.gp.GPIndividual@916590691{-1643599140},3C_20_80-02.txt,35.738,0.250,8.935,2,14.922,167.01,7.461,11.094,0.344
74,ec.gp.GPIndividual@916590691{-1643599140},3C_20_66-02.txt,154.245,0.250,38.561,3,7.156,18.56,2.385,11.094,0.344
74,ec.gp.GPIndividual@916590691{-1643599140},3C_20_66-01.txt,7.322,0.250,1.831,1,2.109,115.23,2.109,11.094,0.344
74,ec.gp.GPIndividual@916590691{-1643599140},3C_20_80-01.txt,4.194,0.250,1.049,1,6.281,599.00,6.281,11.094,0.344
74,ec.gp.GPIndividual@680109859{1459277922},3C_20_50-02.txt,61.404,0.250,15.351,0,0.000,0.00,0.000,0.000,0.000
74,ec.gp.GPIndividual@680109859{1459277922},3C_20_50-03.txt,30.993,0.250,7.748,0,0.000,0.00,0.000,0.000,0.000
74,ec.gp.GPIndividual@680109859{1459277922},3C_20_66-01.txt,7.322,0.250,1.831,0,0.000,0.00,0.000,0.000,0.000
74,ec.gp.GPIndividual@680109859{1459277922},3C_20_66-02.txt,154.245,0.250,38.561,0,0.000,0.00,0.000,0.000,0.000
74,ec.gp.GPIndividual@680109859{1459277922},3C_20_66-03.txt,118.340,0.250,29.585,0,0.000,0.00,0.000,0.000,0.000
74,ec.gp.GPIndividual@680109859{1459277922},3C_20_80-01.txt,4.194,0.250,1.049,0,0.000,0.00,0.000,0.000,0.000
74,ec.gp.GPIndividual@680109859{1459277922},3C_20_80-02.txt,35.738,0.250,8.935,0,0.000,0.00,0.000,0.000,0.000
74,ec.gp.GPIndividual@680109859{1459277922},3C_20_80-03.txt,169.439,0.250,42.360,0,0.000,0.00,0.000,0.000,0.000
74,ec.gp.GPIndividual@1827382815{1357612872},3C_20_50-02.txt,61.404,0.250,15.351,11,22.109,144.02,2.010,9.047,0.469
74,ec.gp.GPIndividual@1827382815{1357612872},3C_20_66-01.txt,7.322,0.250,1.831,2,1.750,95.60,0.875,9.047,0.469
74,ec.gp.GPIndividual@1827382815{1357612872},3C_20_66-03.txt,118.340,0.250,29.585,7,14.109,47.69,2.016,9.047,0.469
74,ec.gp.GPIndividual@1827382815{1357612872},3C_20_66-02.txt,154.245,0.250,38.561,14,41.188,106.81,2.942,9.047,0.469
74,ec.gp.GPIndividual@1827382815{1357612872},3C_20_80-03.txt,169.439,0.250,42.360,3,5.984,14.13,1.995,9.047,0.469
74,ec.gp.GPIndividual@1827382815{1357612872},3C_20_80-01.txt,4.194,0.250,1.049,3,1.063,101.32,0.354,9.047,0.172
74,ec.gp.GPIndividual@1827382815{1357612872},3C_20_80-02.txt,35.738,0.250,8.935,1,9.641,107.90,9.641,9.641,0.172
74,ec.gp.GPIndividual@1827382815{1357612872},3C_20_66-02.txt,154.245,0.250,38.561,12,41.563,107.78,3.464,13.750,0.172
74,ec.gp.GPIndividual@1827382815{1357612872},3C_20_50-03.txt,30.993,0.250,7.748,1,1.297,16.74,1.297,13.750,0.172
74,ec.gp.GPIndividual@1827382815{1357612872},3C_20_66-03.txt,118.340,0.250,29.585,1,1.984,6.71,1.984,13.750,0.172
74,ec.gp.GPIndividual@1827382815{1357612872},3C_20_80-03.txt,169.439,0.250,42.360,3,35.063,82.77,11.688,16.172,0.172
74,ec.gp.GPIndividual@1827382815{1357612872},3C_20_66-03.txt,118.340,0.250,29.585,6,29.641,100.19,4.940,16.172,0.172
74,ec.gp.GPIndividual@1827382815{1357612872},3C_20_66-01.txt,7.322,0.250,1.831,1,2.000,109.26,2.000,16.172,0.172
74,ec.gp.GPIndividual@3172602{-1846752685},3C_20_50-02.txt,61.404,0.250,15.351,7,15.422,100.46,2.203,6.000,0.516
74,ec.gp.GPIndividual@3172602{-1846752685},3C_20_66-02.txt,154.245,0.250,38.561,1,1.828,4.74,1.828,6.000,0.516
74,ec.gp.GPIndividual@3172602{-1846752685},3C_20_80-01.txt,4.194,0.250,1.049,3,1.328,126.65,0.443,6.000,0.172
74,ec.gp.GPIndividual@3172602{-1846752685},3C_20_80-02.txt,35.738,0.250,8.935,1,0.156,1.75,0.156,6.000,0.156
74,ec.gp.GPIndividual@3172602{-1846752685},3C_20_50-03.txt,30.993,0.250,7.748,2,10.422,134.51,5.211,7.109,0.156
74,ec.gp.GPIndividual@3172602{-1846752685},3C_20_80-01.txt,4.194,0.250,1.049,2,0.688,65.56,0.344,7.109,0.156
74,ec.gp.GPIndividual@69934075{-933779971},3C_20_50-02.txt,61.404,0.250,15.351,5,15.797,102.90,3.159,10.516,0.297
74,ec.gp.GPIndividual@69934075{-933779971},3C_20_80-03.txt,169.439,0.250,42.360,2,2.078,4.91,1.039,10.516,0.297
74,ec.gp.GPIndividual@69934075{-933779971},3C_20_80-02.txt,35.738,0.250,8.935,1,1.891,21.16,1.891,10.516,0.297
74,ec.gp.GPIndividual@69934075{-933779971},3C_20_80-02.txt,35.738,0.250,8.935,3,6.203,69.43,2.068,10.516,0.297
74,ec.gp.GPIndividual@69934075{-933779971},3C_20_66-03.txt,118.340,0.250,29.585,14,30.875,104.36,2.205,10.516,0.297
74,ec.gp.GPIndividual@69934075{-933779971},3C_20_80-03.txt,169.439,0.250,42.360,3,8.328,19.66,2.776,10.516,0.156
74,ec.gp.GPIndividual@69934075{-933779971},3C_20_80-03.txt,169.439,0.250,42.360,1,2.625,6.20,2.625,10.516,0.156
74,ec.gp.GPIndividual@69934075{-933779971},3C_20_50-03.txt,30.993,0.250,7.748,1,4.406,56.87,4.406,10.516,0.156
74,ec.gp.GPIndividual@131776650{-586652272},3C_20_50-02.txt,61.404,0.250,15.351,5,15.391,100.26,3.078,6.125,0.531
74,ec.gp.GPIndividual@1396791136{733926047},3C_20_50-02.txt,61.404,0.250,15.351,4,16.359,106.57,4.090,7.188,0.531
74,ec.gp.GPIndividual@1396791136{733926047},3C_20_50-03.txt,30.993,0.250,7.748,3,8.719,112.53,2.906,7.188,0.531
74,ec.gp.GPIndividual@1396791136{733926047},3C_20_80-01.txt,4.194,0.250,1.049,1,1.891,180.30,1.891,7.188,0.531
74,ec.gp.GPIndividual@1396791136{733926047},3C_20_50-03.txt,30.993,0.250,7.748,3,2.141,27.63,0.714,7.188,0.000
74,ec.gp.GPIndividual@1396791136{733926047},3C_20_66-01.txt,7.322,0.250,1.831,3,1.797,98.16,0.599,7.188,0.000
74,ec.gp.GPIndividual@1396791136{733926047},3C_20_80-02.txt,35.738,0.250,8.935,2,4.406,49.32,2.203,7.188,0.000
74,ec.gp.GPIndividual@1891930067{1565638796},3C_20_50-02.txt,61.404,0.250,15.351,0,0.000,0.00,0.000,0.000,0.000
74,ec.gp.GPIndividual@1891930067{1565638796},3C_20_50-03.txt,30.993,0.250,7.748,0,0.000,0.00,0.000,0.000,0.000
74,ec.gp.GPIndividual@1891930067{1565638796},3C_20_66-01.txt,7.322,0.250,1.831,0,0.000,0.00,0.000,0.000,0.000
74,ec.gp.GPIndividual@1891930067{1565638796},3C_20_66-02.txt,154.245,0.250,38.561,0,0.000,0.00,0.000,0.000,0.000
74,ec.gp.GPIndividual@1891930067{1565638796},3C_20_66-03.txt,118.340,0.250,29.585,0,0.000,0.00,0.000,0.000,0.000
74,ec.gp.GPIndividual@1891930067{1565638796},3C_20_80-01.txt,4.194,0.250,1.049,0,0.000,0.00,0.000,0.000,0.000
74,ec.gp.GPIndividual@1891930067{1565638796},3C_20_80-02.txt,35.738,0.250,8.935,0,0.000,0.00,0.000,0.000,0.000
74,ec.gp.GPIndividual@1891930067{1565638796},3C_20_80-03.txt,169.439,0.250,42.360,0,0.000,0.00,0.000,0.000,0.000
74,ec.gp.GPIndividual@2128498245{1798180499},3C_20_50-02.txt,61.404,0.250,15.351,1,0.000,0.00,0.000,0.000,0.000
74,ec.gp.GPIndividual@2128498245{1798180499},3C_20_50-03.txt,30.993,0.250,7.748,1,0.000,0.00,0.000,0.000,0.000
74,ec.gp.GPIndividual@2128498245{1798180499},3C_20_66-01.txt,7.322,0.250,1.831,1,0.000,0.00,0.000,0.000,0.000
74,ec.gp.GPIndividual@2128498245{1798180499},3C_20_66-02.txt,154.245,0.250,38.561,1,0.000,0.00,0.000,0.000,0.000
74,ec.gp.GPIndividual@2128498245{1798180499},3C_20_66-03.txt,118.340,0.250,29.585,1,0.000,0.00,0.000,0.000,0.000
74,ec.gp.GPIndividual@2128498245{1798180499},3C_20_80-01.txt,4.194,0.250,1.049,1,0.000,0.00,0.000,0.000,0.000
74,ec.gp.GPIndividual@2128498245{1798180499},3C_20_80-02.txt,35.738,0.250,8.935,1,0.000,0.00,0.000,0.000,0.000
74,ec.gp.GPIndividual@2128498245{1798180499},3C_20_80-03.txt,169.439,0.250,42.360,1,0.000,0.00,0.000,0.000,0.000
74,ec.gp.GPIndividual@221415780{1953581843},3C_20_50-02.txt,61.404,0.250,15.351,2,9.766,63.62,4.883,9.344,0.422
74,ec.gp.GPIndividual@221415780{1953581843},3C_20_50-03.txt,30.993,0.250,7.748,3,7.641,98.61,2.547,9.344,0.156
74,ec.gp.GPIndividual@221415780{1953581843},3C_20_66-01.txt,7.322,0.250,1.831,1,2.547,139.13,2.547,9.344,0.156
74,ec.gp.GPIndividual@221415780{1953581843},3C_20_66-03.txt,118.340,0.250,29.585,2,3.422,11.57,1.711,9.344,0.156
74,ec.gp.GPIndividual@221415780{1953581843},3C_20_66-03.txt,118.340,0.250,29.585,1,3.125,10.56,3.125,9.344,0.156
74,ec.gp.GPIndividual@221415780{1953581843},3C_20_66-01.txt,7.322,0.250,1.831,2,1.516,82.80,0.758,9.344,0.156
74,ec.gp.GPIndividual@221415780{1953581843},3C_20_66-02.txt,154.245,0.250,38.561,1,0.438,1.13,0.438,9.344,0.156
74,ec.gp.GPIndividual@221415780{1953581843},3C_20_66-02.txt,154.245,0.250,38.561,2,3.828,9.93,1.914,9.344,0.156
74,ec.gp.GPIndividual@221415780{1953581843},3C_20_66-03.txt,118.340,0.250,29.585,9,32.813,110.91,3.646,11.641,0.156
74,ec.gp.GPIndividual@221415780{1953581843},3C_20_80-01.txt,4.194,0.250,1.049,1,2.844,271.19,2.844,11.641,0.156
74,ec.gp.GPIndividual@221415780{1953581843},3C_20_80-01.txt,4.194,0.250,1.049,2,1.141,108.77,0.570,11.641,0.141
74,ec.gp.GPIndividual@221415780{1953581843},3C_20_80-01.txt,4.194,0.250,1.049,1,0.531,50.66,0.531,11.641,0.141
74,ec.gp.GPIndividual@221415780{1953581843},3C_20_66-03.txt,118.340,0.250,29.585,1,3.109,10.51,3.109,11.641,0.141
74,ec.gp.GPIndividual@338018908{1932013902},3C_20_50-02.txt,61.404,0.250,15.351,2,1.031,6.72,0.516,0.516,0.516
74,ec.gp.GPIndividual@338018908{1932013902},3C_20_80-02.txt,35.738,0.250,8.935,5,4.031,45.12,0.806,1.547,0.328
74,ec.gp.GPIndividual@338018908{1932013902},3C_20_80-03.txt,169.439,0.250,42.360,11,24.844,58.65,2.259,4.750,0.328
74,ec.gp.GPIndividual@452074926{-358873484},3C_20_50-02.txt,61.404,0.250,15.351,7,9.000,58.63,1.286,2.500,0.297
74,ec.gp.GPIndividual@452074926{-358873484},3C_20_50-03.txt,30.993,0.250,7.748,4,9.875,127.45,2.469,4.969,0.297
74,ec.gp.GPIndividual@452074926{-358873484},3C_20_80-01.txt,4.194,0.250,1.049,1,2.594,247.35,2.594,4.969,0.297
74,ec.gp.GPIndividual@452074926{-358873484},3C_20_80-02.txt,35.738,0.250,8.935,7,9.797,109.65,1.400,4.969,0.297
74,ec.gp.GPIndividual@452074926{-358873484},3C_20_80-02.txt,35.738,0.250,8.935,7,9.797,109.65,1.400,4.969,0.297
74,ec.gp.GPIndividual@452074926{-358873484},3C_20_80-03.txt,169.439,0.250,42.360,12,34.828,82.22,2.902,9.781,0.297
74,ec.gp.GPIndividual@1374674277{573233361},3C_20_50-02.txt,61.404,0.250,15.351,3,17.547,114.30,5.849,11.281,0.422
74,ec.gp.GPIndividual@1374674277{573233361},3C_20_80-02.txt,35.738,0.250,8.935,1,9.156,102.48,9.156,11.281,0.422
74,ec.gp.GPIndividual@1374674277{573233361},3C_20_66-01.txt,7.322,0.250,1.831,1,11.672,637.62,11.672,11.672,0.422
74,ec.gp.GPIndividual@1374674277{573233361},3C_20_50-03.txt,30.993,0.250,7.748,4,2.922,37.71,0.730,11.672,0.266
74,ec.gp.GPIndividual@1374674277{573233361},3C_20_50-03.txt,30.993,0.250,7.748,5,8.219,106.07,1.644,11.672,0.266
74,ec.gp.GPIndividual@1374674277{573233361},3C_20_80-03.txt,169.439,0.250,42.360,13,45.047,106.34,3.465,11.672,0.266
74,ec.gp.GPIndividual@1374674277{573233361},3C_20_66-01.txt,7.322,0.250,1.831,5,3.609,197.17,0.722,11.672,0.141
74,ec.gp.GPIndividual@1990099388{-1770225919},3C_20_50-02.txt,61.404,0.250,15.351,4,17.891,116.54,4.473,12.609,0.125
74,ec.gp.GPIndividual@1990099388{-1770225919},3C_20_66-02.txt,154.245,0.250,38.561,2,12.781,33.15,6.391,12.609,0.125
74,ec.gp.GPIndividual@1990099388{-1770225919},3C_20_80-03.txt,169.439,0.250,42.360,12,37.953,89.60,3.163,12.609,0.125
74,ec.gp.GPIndividual@1913886762{686580577},3C_20_50-02.txt,61.404,0.250,15.351,2,8.922,58.12,4.461,8.609,0.313
74,ec.gp.GPIndividual@1913886762{686580577},3C_20_66-03.txt,118.340,0.250,29.585,2,26.703,90.26,13.352,15.250,0.313
74,ec.gp.GPIndividual@1913886762{686580577},3C_20_50-03.txt,30.993,0.250,7.748,4,7.703,99.42,1.926,15.250,0.156
74,ec.gp.GPIndividual@1913886762{686580577},3C_20_66-01.txt,7.322,0.250,1.831,3,3.141,171.57,1.047,15.250,0.156
74,ec.gp.GPIndividual@1913886762{686580577},3C_20_50-03.txt,30.993,0.250,7.748,4,9.203,118.78,2.301,15.250,0.156
74,ec.gp.GPIndividual@1913886762{686580577},3C_20_80-01.txt,4.194,0.250,1.049,1,1.203,114.73,1.203,15.250,0.156
74,ec.gp.GPIndividual@1913886762{686580577},3C_20_66-02.txt,154.245,0.250,38.561,3,7.813,20.26,2.604,15.250,0.156
74,ec.gp.GPIndividual@1913886762{686580577},3C_20_66-02.txt,154.245,0.250,38.561,17,31.750,82.34,1.868,15.250,0.156
74,ec.gp.GPIndividual@1913886762{686580577},3C_20_66-01.txt,7.322,0.250,1.831,2,6.531,356.79,3.266,15.250,0.156
74,ec.gp.GPIndividual@1913886762{686580577},3C_20_66-01.txt,7.322,0.250,1.831,3,1.891,103.28,0.630,15.250,0.156
74,ec.gp.GPIndividual@1913886762{686580577},3C_20_66-02.txt,154.245,0.250,38.561,4,11.078,28.73,2.770,15.250,0.156
74,ec.gp.GPIndividual@1913886762{686580577},3C_20_66-03.txt,118.340,0.250,29.585,5,16.500,55.77,3.300,15.250,0.156
74,ec.gp.GPIndividual@1913886762{686580577},3C_20_80-02.txt,35.738,0.250,8.935,5,9.859,110.35,1.972,15.250,0.156
74,ec.gp.GPIndividual@1913886762{686580577},3C_20_80-01.txt,4.194,0.250,1.049,2,1.172,111.75,0.586,15.250,0.141
74,ec.gp.GPIndividual@1913886762{686580577},3C_20_80-03.txt,169.439,0.250,42.360,10,47.609,112.39,4.761,15.297,0.141
74,ec.gp.GPIndividual@1913886762{686580577},3C_20_66-02.txt,154.245,0.250,38.561,1,16.609,43.07,16.609,16.609,0.141
74,ec.gp.GPIndividual@1913886762{686580577},3C_20_66-03.txt,118.340,0.250,29.585,1,11.906,40.24,11.906,16.609,0.141
74,ec.gp.GPIndividual@1326089469{1055100556},3C_20_50-02.txt,61.404,0.250,15.351,1,0.219,1.42,0.219,0.219,0.219
74,ec.gp.GPIndividual@1326089469{1055100556},3C_20_50-03.txt,30.993,0.250,7.748,1,10.516,135.72,10.516,10.516,0.219
74,ec.gp.GPIndividual@1326089469{1055100556},3C_20_80-01.txt,4.194,0.250,1.049,3,2.938,280.13,0.979,10.516,0.219
74,ec.gp.GPIndividual@1326089469{1055100556},3C_20_80-01.txt,4.194,0.250,1.049,2,0.563,53.64,0.281,10.516,0.219
74,ec.gp.GPIndividual@1326089469{1055100556},3C_20_80-02.txt,35.738,0.250,8.935,2,14.891,166.66,7.445,14.438,0.219
74,ec.gp.GPIndividual@1326089469{1055100556},3C_20_80-01.txt,4.194,0.250,1.049,1,2.453,233.94,2.453,14.438,0.219
74,ec.gp.GPIndividual@1326089469{1055100556},3C_20_66-01.txt,7.322,0.250,1.831,3,1.656,90.48,0.552,14.438,0.219
74,ec.gp.GPIndividual@1326089469{1055100556},3C_20_66-02.txt,154.245,0.250,38.561,7,5.969,15.48,0.853,14.438,0.219
74,ec.gp.GPIndividual@1326089469{1055100556},3C_20_66-03.txt,118.340,0.250,29.585,2,1.813,6.13,0.906,14.438,0.219
74,ec.gp.GPIndividual@1326089469{1055100556},3C_20_80-02.txt,35.738,0.250,8.935,10,12.484,139.73,1.248,14.438,0.219
74,ec.gp.GPIndividual@1326089469{1055100556},3C_20_80-01.txt,4.194,0.250,1.049,1,0.094,8.94,0.094,14.438,0.094
74,ec.gp.GPIndividual@1326089469{1055100556},3C_20_80-02.txt,35.738,0.250,8.935,2,2.063,23.08,1.031,14.438,0.094
74,ec.gp.GPIndividual@1326089469{1055100556},3C_20_80-03.txt,169.439,0.250,42.360,1,0.516,1.22,0.516,14.438,0.094
74,ec.gp.GPIndividual@1326089469{1055100556},3C_20_80-02.txt,35.738,0.250,8.935,2,2.500,27.98,1.250,14.438,0.094
74,ec.gp.GPIndividual@1326089469{1055100556},3C_20_80-03.txt,169.439,0.250,42.360,7,13.156,31.06,1.879,14.438,0.094
74,ec.gp.GPIndividual@99162960{-618074676},3C_20_50-02.txt,61.404,0.250,15.351,0,0.000,0.00,0.000,0.000,0.000
74,ec.gp.GPIndividual@99162960{-618074676},3C_20_50-03.txt,30.993,0.250,7.748,0,0.000,0.00,0.000,0.000,0.000
74,ec.gp.GPIndividual@99162960{-618074676},3C_20_66-01.txt,7.322,0.250,1.831,0,0.000,0.00,0.000,0.000,0.000
74,ec.gp.GPIndividual@99162960{-618074676},3C_20_66-02.txt,154.245,0.250,38.561,0,0.000,0.00,0.000,0.000,0.000
74,ec.gp.GPIndividual@99162960{-618074676},3C_20_66-03.txt,118.340,0.250,29.585,0,0.000,0.00,0.000,0.000,0.000
74,ec.gp.GPIndividual@99162960{-618074676},3C_20_80-01.txt,4.194,0.250,1.049,0,0.000,0.00,0.000,0.000,0.000
74,ec.gp.GPIndividual@99162960{-618074676},3C_20_80-02.txt,35.738,0.250,8.935,0,0.000,0.00,0.000,0.000,0.000
74,ec.gp.GPIndividual@99162960{-618074676},3C_20_80-03.txt,169.439,0.250,42.360,0,0.000,0.00,0.000,0.000,0.000
74,ec.gp.GPIndividual@1497443541{1012388175},3C_20_50-02.txt,61.404,0.250,15.351,0,0.000,0.00,0.000,0.000,0.000
74,ec.gp.GPIndividual@1497443541{1012388175},3C_20_50-03.txt,30.993,0.250,7.748,0,0.000,0.00,0.000,0.000,0.000
74,ec.gp.GPIndividual@1497443541{1012388175},3C_20_66-01.txt,7.322,0.250,1.831,0,0.000,0.00,0.000,0.000,0.000
74,ec.gp.GPIndividual@1497443541{1012388175},3C_20_66-02.txt,154.245,0.250,38.561,0,0.000,0.00,0.000,0.000,0.000
74,ec.gp.GPIndividual@1497443541{1012388175},3C_20_66-03.txt,118.340,0.250,29.585,0,0.000,0.00,0.000,0.000,0.000
74,ec.gp.GPIndividual@1497443541{1012388175},3C_20_80-01.txt,4.194,0.250,1.049,0,0.000,0.00,0.000,0.000,0.000
74,ec.gp.GPIndividual@1497443541{1012388175},3C_20_80-02.txt,35.738,0.250,8.935,0,0.000,0.00,0.000,0.000,0.000
74,ec.gp.GPIndividual@1497443541{1012388175},3C_20_80-03.txt,169.439,0.250,42.360,0,0.000,0.00,0.000,0.000,0.000
74,ec.gp.GPIndividual@1995101805{-210314871},3C_20_50-02.txt,61.404,0.250,15.351,7,25.469,165.91,3.638,13.938,0.219
74,ec.gp.GPIndividual@348112132{1115274158},3C_20_50-02.txt,61.404,0.250,15.351,6,5.063,32.98,0.844,2.391,0.141
74,ec.gp.GPIndividual@348112132{1115274158},3C_20_50-03.txt,30.993,0.250,7.748,4,8.422,108.70,2.105,2.875,0.141
74,ec.gp.GPIndividual@348112132{1115274158},3C_20_66-01.txt,7.322,0.250,1.831,1,5.594,305.58,5.594,5.594,0.141
74,ec.gp.GPIndividual@1348181263{1089899982},3C_20_50-02.txt,61.404,0.250,15.351,2,0.859,5.60,0.430,0.734,0.125
74,ec.gp.GPIndividual@1348181263{1089899982},3C_20_66-01.txt,7.322,0.250,1.831,4,2.047,111.82,0.512,0.734,0.125
74,ec.gp.GPIndividual@1348181263{1089899982},3C_20_66-02.txt,154.245,0.250,38.561,1,0.156,0.41,0.156,0.734,0.125
74,ec.gp.GPIndividual@1348181263{1089899982},3C_20_50-03.txt,30.993,0.250,7.748,11,7.781,100.43,0.707,1.813,0.063
74,ec.gp.GPIndividual@1348181263{1089899982},3C_20_66-02.txt,154.245,0.250,38.561,1,1.109,2.88,1.109,1.813,0.063
74,ec.gp.GPIndividual@1348181263{1089899982},3C_20_66-01.txt,7.322,0.250,1.831,1,0.469,25.61,0.469,1.813,0.063
74,ec.gp.GPIndividual@1348181263{1089899982},3C_20_66-03.txt,118.340,0.250,29.585,14,36.406,123.06,2.600,10.156,0.063
74,ec.gp.GPIndividual@1348181263{1089899982},3C_20_80-01.txt,4.194,0.250,1.049,2,1.000,95.36,0.500,10.156,0.063
74,ec.gp.GPIndividual@1348181263{1089899982},3C_20_66-02.txt,154.245,0.250,38.561,9,9.781,25.37,1.087,10.156,0.063
74,ec.gp.GPIndividual@1348181263{1089899982},3C_20_66-03.txt,118.340,0.250,29.585,3,18.359,62.06,6.120,14.188,0.063
74,ec.gp.GPIndividual@1348181263{1089899982},3C_20_80-02.txt,35.738,0.250,8.935,2,14.250,159.49,7.125,14.188,0.063
74,ec.gp.GPIndividual@1348181263{1089899982},3C_20_66-03.txt,118.340,0.250,29.585,9,30.875,104.36,3.431,14.188,0.063
74,ec.gp.GPIndividual@1348181263{1089899982},3C_20_80-03.txt,169.439,0.250,42.360,1,5.203,12.28,5.203,14.188,0.063
74,ec.gp.GPIndividual@1348181263{1089899982},3C_20_80-01.txt,4.194,0.250,1.049,2,0.719,68.54,0.359,14.188,0.063
74,ec.gp.GPIndividual@1348181263{1089899982},3C_20_80-02.txt,35.738,0.250,8.935,1,2.250,25.18,2.250,14.188,0.063
74,ec.gp.GPIndividual@1348181263{1089899982},3C_20_80-01.txt,4.194,0.250,1.049,2,1.000,95.36,0.500,14.188,0.063
74,ec.gp.GPIndividual@1348181263{1089899982},3C_20_80-03.txt,169.439,0.250,42.360,10,26.234,61.93,2.623,15.891,0.063
74,ec.gp.GPIndividual@1238940069{1350701978},3C_20_50-02.txt,61.404,0.250,15.351,2,14.578,94.96,7.289,14.406,0.172
74,ec.gp.GPIndividual@898533528{-1820441647},3C_20_50-02.txt,61.404,0.250,15.351,5,15.516,101.07,3.103,12.813,0.188
74,ec.gp.GPIndividual@898533528{-1820441647},3C_20_80-02.txt,35.738,0.250,8.935,9,10.125,113.32,1.125,12.813,0.188
74,ec.gp.GPIndividual@898533528{-1820441647},3C_20_50-03.txt,30.993,0.250,7.748,5,8.609,111.12,1.722,12.813,0.188
74,ec.gp.GPIndividual@898533528{-1820441647},3C_20_50-03.txt,30.993,0.250,7.748,1,0.734,9.48,0.734,12.813,0.188
74,ec.gp.GPIndividual@898533528{-1820441647},3C_20_80-03.txt,169.439,0.250,42.360,1,1.828,4.32,1.828,12.813,0.188
74,ec.gp.GPIndividual@898533528{-1820441647},3C_20_66-01.txt,7.322,0.250,1.831,2,2.203,120.35,1.102,12.813,0.188
74,ec.gp.GPIndividual@898533528{-1820441647},3C_20_66-01.txt,7.322,0.250,1.831,3,1.516,82.80,0.505,12.813,0.188
74,ec.gp.GPIndividual@898533528{-1820441647},3C_20_66-02.txt,154.245,0.250,38.561,14,47.547,123.30,3.396,14.391,0.188
74,ec.gp.GPIndividual@898533528{-1820441647},3C_20_66-03.txt,118.340,0.250,29.585,1,1.359,4.59,1.359,14.391,0.188
74,ec.gp.GPIndividual@284892585{2080871926},3C_20_50-02.txt,61.404,0.250,15.351,4,0.984,6.41,0.246,0.625,0.109
74,ec.gp.GPIndividual@284892585{2080871926},3C_20_50-03.txt,30.993,0.250,7.748,2,10.094,130.27,5.047,8.938,0.109
74,ec.gp.GPIndividual@284892585{2080871926},3C_20_66-03.txt,118.340,0.250,29.585,8,27.563,93.16,3.445,10.031,0.109
74,ec.gp.GPIndividual@284892585{2080871926},3C_20_80-01.txt,4.194,0.250,1.049,1,6.375,607.94,6.375,10.031,0.109
74,ec.gp.GPIndividual@284892585{2080871926},3C_20_66-01.txt,7.322,0.250,1.831,5,1.578,86.21,0.316,10.031,0.109
74,ec.gp.GPIndividual@284892585{2080871926},3C_20_66-02.txt,154.245,0.250,38.561,15,44.344,115.00,2.956,13.375,0.109
74,ec.gp.GPIndividual@284892585{2080871926},3C_20_66-03.txt,118.340,0.250,29.585,1,1.250,4.23,1.250,13.375,0.109
74,ec.gp.GPIndividual@284892585{2080871926},3C_20_80-02.txt,35.738,0.250,8.935,9,8.453,94.61,0.939,13.375,0.109
74,ec.gp.GPIndividual@284892585{2080871926},3C_20_80-01.txt,4.194,0.250,1.049,2,0.656,62.58,0.328,13.375,0.109
74,ec.gp.GPIndividual@284892585{2080871926},3C_20_80-02.txt,35.738,0.250,8.935,8,7.469,83.59,0.934,13.375,0.109
74,ec.gp.GPIndividual@284892585{2080871926},3C_20_80-03.txt,169.439,0.250,42.360,1,2.313,5.46,2.313,13.375,0.109
74,ec.gp.GPIndividual@284892585{2080871926},3C_20_80-03.txt,169.439,0.250,42.360,3,18.891,44.60,6.297,15.703,0.109
75,ec.gp.GPIndividual@1843169569{-848771774},3C_20_50-02.txt,61.404,0.250,15.351,6,2.156,14.05,0.359,0.359,0.359
75,ec.gp.GPIndividual@1843169569{-848771774},3C_20_50-03.txt,30.993,0.250,7.748,5,9.438,121.80,1.888,1.922,0.359
75,ec.gp.GPIndividual@1843169569{-848771774},3C_20_50-03.txt,30.993,0.250,7.748,4,0.750,9.68,0.188,1.922,0.109
75,ec.gp.GPIndividual@1843169569{-848771774},3C_20_50-03.txt,30.993,0.250,7.748,1,0.281,3.63,0.281,1.922,0.109
75,ec.gp.GPIndividual@1843169569{-848771774},3C_20_50-03.txt,30.993,0.250,7.748,1,0.469,6.05,0.469,1.922,0.109
75,ec.gp.GPIndividual@1843169569{-848771774},3C_20_50-03.txt,30.993,0.250,7.748,1,3.156,40.74,3.156,3.156,0.109
75,ec.gp.GPIndividual@1843169569{-848771774},3C_20_66-01.txt,7.322,0.250,1.831,1,0.906,49.51,0.906,3.156,0.109
75,ec.gp.GPIndividual@1843169569{-848771774},3C_20_66-02.txt,154.245,0.250,38.561,6,17.359,45.02,2.893,3.219,0.109
75,ec.gp.GPIndividual@1843169569{-848771774},3C_20_66-03.txt,118.340,0.250,29.585,6,27.672,93.53,4.612,6.438,0.109
75,ec.gp.GPIndividual@1843169569{-848771774},3C_20_80-01.txt,4.194,0.250,1.049,1,0.531,50.66,0.531,6.438,0.109
75,ec.gp.GPIndividual@1843169569{-848771774},3C_20_80-02.txt,35.738,0.250,8.935,3,9.016,100.91,3.005,6.438,0.109
75,ec.gp.GPIndividual@1843169569{-848771774},3C_20_66-01.txt,7.322,0.250,1.831,1,2.391,130.60,2.391,6.438,0.109
75,ec.gp.GPIndividual@1843169569{-848771774},3C_20_80-03.txt,169.439,0.250,42.360,1,2.344,5.53,2.344,6.438,0.109
75,ec.gp.GPIndividual@1843169569{-848771774},3C_20_66-01.txt,7.322,0.250,1.831,2,7.922,432.76,3.961,7.078,0.109
75,ec.gp.GPIndividual@1843169569{-848771774},3C_20_66-01.txt,7.322,0.250,1.831,4,2.094,114.38,0.523,7.078,0.109
75,ec.gp.GPIndividual@1843169569{-848771774},3C_20_66-02.txt,154.245,0.250,38.561,3,20.328,52.72,6.776,10.703,0.109
75,ec.gp.GPIndividual@1843169569{-848771774},3C_20_66-01.txt,7.322,0.250,1.831,2,2.188,119.50,1.094,10.703,0.109
75,ec.gp.GPIndividual@1843169569{-848771774},3C_20_66-02.txt,154.245,0.250,38.561,3,4.594,11.91,1.531,10.703,0.109
75,ec.gp.GPIndividual@1843169569{-848771774},3C_20_66-02.txt,154.245,0.250,38.561,2,7.422,19.25,3.711,10.703,0.109
75,ec.gp.GPIndividual@1197314982{-1660103259},3C_20_50-02.txt,61.404,0.250,15.351,0,0.000,0.00,0.000,0.000,0.000
75,ec.gp.GPIndividual@1197314982{-1660103259},3C_20_50-03.txt,30.993,0.250,7.748,0,0.000,0.00,0.000,0.000,0.000
75,ec.gp.GPIndividual@1197314982{-1660103259},3C_20_66-01.txt,7.322,0.250,1.831,0,0.000,0.00,0.000,0.000,0.000
75,ec.gp.GPIndividual@1197314982{-1660103259},3C_20_66-02.txt,154.245,0.250,38.561,0,0.000,0.00,0.000,0.000,0.000
75,ec.gp.GPIndividual@1197314982{-1660103259},3C_20_66-03.txt,118.340,0.250,29.585,0,0.000,0.00,0.000,0.000,0.000
75,ec.gp.GPIndividual@1197314982{-1660103259},3C_20_80-01.txt,4.194,0.250,1.049,0,0.000,0.00,0.000,0.000,0.000
75,ec.gp.GPIndividual@1197314982{-1660103259},3C_20_80-02.txt,35.738,0.250,8.935,0,0.000,0.00,0.000,0.000,0.000
75,ec.gp.GPIndividual@1197314982{-1660103259},3C_20_80-03.txt,169.439,0.250,42.360,0,0.000,0.00,0.000,0.000,0.000
75,ec.gp.GPIndividual@1589468032{1137491216},3C_20_50-02.txt,61.404,0.250,15.351,9,14.938,97.31,1.660,2.656,0.500
75,ec.gp.GPIndividual@1589468032{1137491216},3C_20_66-03.txt,118.340,0.250,29.585,1,0.891,3.01,0.891,2.656,0.500
75,ec.gp.GPIndividual@1589468032{1137491216},3C_20_66-03.txt,118.340,0.250,29.585,1,1.406,4.75,1.406,2.656,0.500
75,ec.gp.GPIndividual@1589468032{1137491216},3C_20_66-03.txt,118.340,0.250,29.585,4,22.359,75.58,5.590,11.266,0.500
75,ec.gp.GPIndividual@1589468032{1137491216},3C_20_80-01.txt,4.194,0.250,1.049,1,6.031,575.16,6.031,11.266,0.500
75,ec.gp.GPIndividual@1589468032{1137491216},3C_20_80-01.txt,4.194,0.250,1.049,1,3.109,296.52,3.109,11.266,0.500
75,ec.gp.GPIndividual@1589468032{1137491216},3C_20_50-03.txt,30.993,0.250,7.748,6,8.125,104.86,1.354,11.266,0.172
75,ec.gp.GPIndividual@1589468032{1137491216},3C_20_80-01.txt,4.194,0.250,1.049,1,15.516,1479.62,15.516,15.516,0.172
75,ec.gp.GPIndividual@1589468032{1137491216},3C_20_66-02.txt,154.245,0.250,38.561,1,0.984,2.55,0.984,15.516,0.172
75,ec.gp.GPIndividual@1589468032{1137491216},3C_20_80-02.txt,35.738,0.250,8.935,3,7.359,82.37,2.453,15.516,0.172
75,ec.gp.GPIndividual@1589468032{1137491216},3C_20_50-03.txt,30.993,0.250,7.748,4,9.156,118.17,2.289,15.516,0.172
75,ec.gp.GPIndividual@1589468032{1137491216},3C_20_80-03.txt,169.439,0.250,42.360,14,28.672,67.69,2.048,15.516,0.172
75,ec.gp.GPIndividual@339372141{-213624339},3C_20_50-02.txt,61.404,0.250,15.351,3,5.969,38.88,1.990,4.078,0.391
75,ec.gp.GPIndividual@339372141{-213624339},3C_20_50-03.txt,30.993,0.250,7.748,2,3.281,42.35,1.641,4.078,0.391
75,ec.gp.GPIndividual@339372141{-213624339},3C_20_80-02.txt,35.738,0.250,8.935,1,3.266,36.55,3.266,4.078,0.391
75,ec.gp.GPIndividual@339372141{-213624339},3C_20_66-01.txt,7.322,0.250,1.831,1,3.938,215.10,3.938,4.078,0.391
75,ec.gp.GPIndividual@339372141{-213624339},3C_20_66-03.txt,118.340,0.250,29.585,2,2.859,9.66,1.430,4.078,0.391
75,ec.gp.GPIndividual@339372141{-213624339},3C_20_66-02.txt,154.245,0.250,38.561,5,16.938,43.92,3.388,6.875,0.391
75,ec.gp.GPIndividual@339372141{-213624339},3C_20_66-03.txt,118.340,0.250,29.585,2,14.984,50.65,7.492,13.531,0.391
75,ec.gp.GPIndividual@339372141{-213624339},3C_20_80-02.txt,35.738,0.250,8.935,3,8.781,98.28,2.927,13.531,0.359
75,ec.gp.GPIndividual@339372141{-213624339},3C_20_80-01.txt,4.194,0.250,1.049,2,2.734,260.76,1.367,13.531,0.359
75,ec.gp.GPIndividual@339372141{-213624339},3C_20_80-03.txt,169.439,0.250,42.360,3,10.641,25.12,3.547,13.531,0.344
75,ec.gp.GPIndividual@339372141{-213624339},3C_20_80-03.txt,169.439,0.250,42.360,2,7.313,17.26,3.656,13.531,0.344
75,ec.gp.GPIndividual@339372141{-213624339},3C_20_80-01.txt,4.194,0.250,1.049,1,0.531,50.66,0.531,13.531,0.344
75,ec.gp.GPIndividual@339372141{-213624339},3C_20_80-02.txt,35.738,0.250,8.935,2,10.031,112.28,5.016,13.531,0.344
75,ec.gp.GPIndividual@339372141{-213624339},3C_20_66-01.txt,7.322,0.250,1.831,2,1.969,107.55,0.984,13.531,0.344
75,ec.gp.GPIndividual@339372141{-213624339},3C_20_80-02.txt,35.738,0.250,8.935,2,2.656,29.73,1.328,13.531,0.344
75,ec.gp.GPIndividual@339372141{-213624339},3C_20_80-03.txt,169.439,0.250,42.360,12,39.172,92.47,3.264,13.531,0.344
75,ec.gp.GPIndividual@413396702{1880319765},3C_20_50-02.txt,61.404,0.250,15.351,8,19.813,129.06,2.477,5.141,0.531
75,ec.gp.GPIndividual@413396702{1880319765},3C_20_80-03.txt,169.439,0.250,42.360,2,1.969,4.65,0.984,5.141,0.328
75,ec.gp.GPIndividual@413396702{1880319765},3C_20_66-01.txt,7.322,0.250,1.831,1,10.344,565.06,10.344,10.344,0.328
75,ec.gp.GPIndividual@1047072394{-1416853269},3C_20_50-02.txt,61.404,0.250,15.351,5,25.219,164.28,5.044,14.469,0.484
75,ec.gp.GPIndividual@578398085{107298193},3C_20_50-02.txt,61.404,0.250,15.351,8,16.109,104.94,2.014,2.984,0.344
75,ec.gp.GPIndividual@578398085{107298193},3C_20_50-03.txt,30.993,0.250,7.748,2,8.844,114.14,4.422,5.984,0.344
75,ec.gp.GPIndividual@578398085{107298193},3C_20_66-02.txt,154.245,0.250,38.561,3,3.266,8.47,1.089,5.984,0.344
75,ec.gp.GPIndividual@547503185{60541098},3C_20_50-02.txt,61.404,0.250,15.351,0,0.000,0.00,0.000,0.000,0.000
75,ec.gp.GPIndividual@547503185{60541098},3C_20_50-03.txt,30.993,0.250,7.748,0,0.000,0.00,0.000,0.000,0.000
75,ec.gp.GPIndividual@547503185{60541098},3C_20_66-01.txt,7.322,0.250,1.831,0,0.000,0.00,0.000,0.000,0.000
75,ec.gp.GPIndividual@547503185{60541098},3C_20_66-02.txt,154.245,0.250,38.561,0,0.000,0.00,0.000,0.000,0.000
75,ec.gp.GPIndividual@547503185{60541098},3C_20_66-03.txt,118.340,0.250,29.585,0,0.000,0.00,0.000,0.000,0.000
75,ec.gp.GPIndividual@547503185{60541098},3C_20_80-01.txt,4.194,0.250,1.049,0,0.000,0.00,0.000,0.000,0.000
75,ec.gp.GPIndividual@547503185{60541098},3C_20_80-02.txt,35.738,0.250,8.935,0,0.000,0.00,0.000,0.000,0.000
75,ec.gp.GPIndividual@547503185{60541098},3C_20_80-03.txt,169.439,0.250,42.360,0,0.000,0.00,0.000,0.000,0.000
75,ec.gp.GPIndividual@1893042964{1012388175},3C_20_50-02.txt,61.404,0.250,15.351,0,0.000,0.00,0.000,0.000,0.000
75,ec.gp.GPIndividual@1893042964{1012388175},3C_20_50-03.txt,30.993,0.250,7.748,0,0.000,0.00,0.000,0.000,0.000
75,ec.gp.GPIndividual@1893042964{1012388175},3C_20_66-01.txt,7.322,0.250,1.831,0,0.000,0.00,0.000,0.000,0.000
75,ec.gp.GPIndividual@1893042964{1012388175},3C_20_66-02.txt,154.245,0.250,38.561,0,0.000,0.00,0.000,0.000,0.000
75,ec.gp.GPIndividual@1893042964{1012388175},3C_20_66-03.txt,118.340,0.250,29.585,0,0.000,0.00,0.000,0.000,0.000
75,ec.gp.GPIndividual@1893042964{1012388175},3C_20_80-01.txt,4.194,0.250,1.049,0,0.000,0.00,0.000,0.000,0.000
75,ec.gp.GPIndividual@1893042964{1012388175},3C_20_80-02.txt,35.738,0.250,8.935,0,0.000,0.00,0.000,0.000,0.000
75,ec.gp.GPIndividual@1893042964{1012388175},3C_20_80-03.txt,169.439,0.250,42.360,0,0.000,0.00,0.000,0.000,0.000
75,ec.gp.GPIndividual@1345090269{-116091506},3C_20_50-02.txt,61.404,0.250,15.351,7,15.672,102.09,2.239,4.063,0.500
75,ec.gp.GPIndividual@1345090269{-116091506},3C_20_50-03.txt,30.993,0.250,7.748,1,0.672,8.67,0.672,4.063,0.500
75,ec.gp.GPIndividual@1345090269{-116091506},3C_20_66-01.txt,7.322,0.250,1.831,3,2.500,136.57,0.833,4.063,0.500
75,ec.gp.GPIndividual@1345090269{-116091506},3C_20_66-03.txt,118.340,0.250,29.585,1,0.328,1.11,0.328,4.063,0.328
75,ec.gp.GPIndividual@1345090269{-116091506},3C_20_50-03.txt,30.993,0.250,7.748,3,9.359,120.80,3.120,4.516,0.328
75,ec.gp.GPIndividual@1345090269{-116091506},3C_20_50-03.txt,30.993,0.250,7.748,3,7.313,94.38,2.438,4.516,0.328
75,ec.gp.GPIndividual@1345090269{-116091506},3C_20_66-02.txt,154.245,0.250,38.561,2,4.672,12.12,2.336,4.516,0.328
75,ec.gp.GPIndividual@1345090269{-116091506},3C_20_66-02.txt,154.245,0.250,38.561,16,40.125,104.06,2.508,6.109,0.328
75,ec.gp.GPIndividual@1345090269{-116091506},3C_20_66-03.txt,118.340,0.250,29.585,4,5.266,17.80,1.316,6.109,0.141
75,ec.gp.GPIndividual@1345090269{-116091506},3C_20_66-03.txt,118.340,0.250,29.585,5,30.594,103.41,6.119,7.688,0.141
75,ec.gp.GPIndividual@1345090269{-116091506},3C_20_80-01.txt,4.194,0.250,1.049,3,1.063,101.32,0.354,7.688,0.141
75,ec.gp.GPIndividual@1345090269{-116091506},3C_20_80-02.txt,35.738,0.250,8.935,2,9.688,108.43,4.844,7.688,0.141
75,ec.gp.GPIndividual@1345090269{-116091506},3C_20_66-01.txt,7.322,0.250,1.831,1,3.625,198.03,3.625,7.688,0.141
75,ec.gp.GPIndividual@1345090269{-116091506},3C_20_80-01.txt,4.194,0.250,1.049,4,1.594,151.99,0.398,7.688,0.141
75,ec.gp.GPIndividual@1345090269{-116091506},3C_20_66-01.txt,7.322,0.250,1.831,2,2.797,152.79,1.398,7.688,0.141
75,ec.gp.GPIndividual@1345090269{-116091506},3C_20_80-03.txt,169.439,0.250,42.360,4,9.234,21.80,2.309,7.688,0.141
75,ec.gp.GPIndividual@1345090269{-116091506},3C_20_80-02.txt,35.738,0.250,8.935,1,10.563,118.22,10.563,10.563,0.141
75,ec.gp.GPIndividual@1345090269{-116091506},3C_20_80-01.txt,4.194,0.250,1.049,2,1.125,107.28,0.563,10.563,0.141
75,ec.gp.GPIndividual@1345090269{-116091506},3C_20_66-02.txt,154.245,0.250,38.561,20,44.391,115.12,2.220,10.563,0.141
75,ec.gp.GPIndividual@1345090269{-116091506},3C_20_66-01.txt,7.322,0.250,1.831,4,2.609,142.55,0.652,10.563,0.141
75,ec.gp.GPIndividual@1345090269{-116091506},3C_20_66-02.txt,154.245,0.250,38.561,1,1.938,5.02,1.938,10.563,0.141
75,ec.gp.GPIndividual@1345090269{-116091506},3C_20_80-03.txt,169.439,0.250,42.360,13,39.609,93.51,3.047,10.563,0.141
75,ec.gp.GPIndividual@852905901{298272770},3C_20_50-02.txt,61.404,0.250,15.351,4,17.750,115.63,4.438,7.875,0.531
75,ec.gp.GPIndividual@852905901{298272770},3C_20_66-02.txt,154.245,0.250,38.561,8,46.719,121.15,5.840,16.875,0.531
75,ec.gp.GPIndividual@852905901{298272770},3C_20_66-03.txt,118.340,0.250,29.585,9,31.297,105.79,3.477,16.875,0.531
75,ec.gp.GPIndividual@727660314{537370068},3C_20_50-02.txt,61.404,0.250,15.351,3,9.844,64.12,3.281,8.063,0.344
75,ec.gp.GPIndividual@727660314{537370068},3C_20_66-03.txt,118.340,0.250,29.585,2,21.063,71.19,10.531,13.766,0.344
75,ec.gp.GPIndividual@727660314{537370068},3C_20_80-02.txt,35.738,0.250,8.935,1,10.188,114.02,10.188,13.766,0.344
75,ec.gp.GPIndividual@727660314{537370068},3C_20_50-03.txt,30.993,0.250,7.748,1,1.750,22.59,1.750,13.766,0.344
75,ec.gp.GPIndividual@727660314{537370068},3C_20_50-03.txt,30.993,0.250,7.748,5,7.906,102.04,1.581,13.766,0.172
75,ec.gp.GPIndividual@727660314{537370068},3C_20_80-01.txt,4.194,0.250,1.049,1,3.250,309.93,3.250,13.766,0.172
75,ec.gp.GPIndividual@727660314{537370068},3C_20_66-01.txt,7.322,0.250,1.831,2,3.688,201.44,1.844,13.766,0.172
75,ec.gp.GPIndividual@727660314{537370068},3C_20_66-01.txt,7.322,0.250,1.831,3,1.859,101.57,0.620,13.766,0.172
75,ec.gp.GPIndividual@727660314{537370068},3C_20_66-02.txt,154.245,0.250,38.561,1,0.328,0.85,0.328,13.766,0.172
75,ec.gp.GPIndividual@727660314{537370068},3C_20_80-03.txt,169.439,0.250,42.360,5,10.156,23.98,2.031,13.766,0.172
75,ec.gp.GPIndividual@727660314{537370068},3C_20_66-02.txt,154.245,0.250,38.561,8,23.859,61.87,2.982,13.766,0.172
75,ec.gp.GPIndividual@727660314{537370068},3C_20_66-03.txt,118.340,0.250,29.585,8,31.453,106.31,3.932,13.766,0.172
75,ec.gp.GPIndividual@727660314{537370068},3C_20_80-01.txt,4.194,0.250,1.049,2,0.875,83.44,0.438,13.766,0.172
75,ec.gp.GPIndividual@727660314{537370068},3C_20_80-02.txt,35.738,0.250,8.935,3,13.516,151.27,4.505,13.766,0.172
75,ec.gp.GPIndividual@727660314{537370068},3C_20_66-03.txt,118.340,0.250,29.585,1,6.172,20.86,6.172,13.766,0.172
75,ec.gp.GPIndividual@727660314{537370068},3C_20_66-03.txt,118.340,0.250,29.585,1,2.141,7.24,2.141,13.766,0.172
75,ec.gp.GPIndividual@727660314{537370068},3C_20_80-03.txt,169.439,0.250,42.360,1,2.172,5.13,2.172,13.766,0.172
75,ec.gp.GPIndividual@727660314{537370068},3C_20_80-01.txt,4.194,0.250,1.049,1,9.453,901.48,9.453,13.766,0.172
75,ec.gp.GPIndividual@1411916436{-386029835},3C_20_50-02.txt,61.404,0.250,15.351,9,17.141,111.66,1.905,5.906,0.328
75,ec.gp.GPIndividual@1411916436{-386029835},3C_20_50-03.txt,30.993,0.250,7.748,3,11.906,153.67,3.969,6.219,0.328
75,ec.gp.GPIndividual@1411916436{-386029835},3C_20_80-01.txt,4.194,0.250,1.049,1,5.844,557.28,5.844,6.219,0.328
75,ec.gp.GPIndividual@673971507{-473133928},3C_20_50-02.txt,61.404,0.250,15.351,1,0.500,3.26,0.500,0.500,0.500
75,ec.gp.GPIndividual@673971507{-473133928},3C_20_80-02.txt,35.738,0.250,8.935,2,1.172,13.12,0.586,0.828,0.344
75,ec.gp.GPIndividual@673971507{-473133928},3C_20_80-02.txt,35.738,0.250,8.935,4,11.266,126.09,2.816,3.156,0.344
75,ec.gp.GPIndividual@673971507{-473133928},3C_20_80-01.txt,4.194,0.250,1.049,1,2.141,204.14,2.141,3.156,0.344
75,ec.gp.GPIndividual@673971507{-473133928},3C_20_80-03.txt,169.439,0.250,42.360,1,0.313,0.74,0.313,3.156,0.313
75,ec.gp.GPIndividual@673971507{-473133928},3C_20_50-03.txt,30.993,0.250,7.748,4,6.281,81.07,1.570,3.156,0.313
75,ec.gp.GPIndividual@673971507{-473133928},3C_20_66-01.txt,7.322,0.250,1.831,2,2.281,124.62,1.141,3.156,0.313
75,ec.gp.GPIndividual@673971507{-473133928},3C_20_80-03.txt,169.439,0.250,42.360,2,1.531,3.61,0.766,3.156,0.313
75,ec.gp.GPIndividual@673971507{-473133928},3C_20_80-02.txt,35.738,0.250,8.935,7,8.969,100.38,1.281,3.156,0.172
75,ec.gp.GPIndividual@673971507{-473133928},3C_20_80-03.txt,169.439,0.250,42.360,16,42.266,99.78,2.642,6.438,0.172
75,ec.gp.GPIndividual@75405985{753425794},3C_20_50-02.txt,61.404,0.250,15.351,0,0.000,0.00,0.000,0.000,0.000
75,ec.gp.GPIndividual@75405985{753425794},3C_20_50-03.txt,30.993,0.250,7.748,0,0.000,0.00,0.000,0.000,0.000
75,ec.gp.GPIndividual@75405985{753425794},3C_20_66-01.txt,7.322,0.250,1.831,0,0.000,0.00,0.000,0.000,0.000
75,ec.gp.GPIndividual@75405985{753425794},3C_20_66-02.txt,154.245,0.250,38.561,0,0.000,0.00,0.000,0.000,0.000
75,ec.gp.GPIndividual@75405985{753425794},3C_20_66-03.txt,118.340,0.250,29.585,0,0.000,0.00,0.000,0.000,0.000
75,ec.gp.GPIndividual@75405985{753425794},3C_20_80-01.txt,4.194,0.250,1.049,0,0.000,0.00,0.000,0.000,0.000
75,ec.gp.GPIndividual@75405985{753425794},3C_20_80-02.txt,35.738,0.250,8.935,0,0.000,0.00,0.000,0.000,0.000
75,ec.gp.GPIndividual@75405985{753425794},3C_20_80-03.txt,169.439,0.250,42.360,0,0.000,0.00,0.000,0.000,0.000
75,ec.gp.GPIndividual@1343236074{301424731},3C_20_50-02.txt,61.404,0.250,15.351,3,8.531,55.57,2.844,6.000,0.344
75,ec.gp.GPIndividual@1343236074{301424731},3C_20_66-01.txt,7.322,0.250,1.831,2,2.656,145.11,1.328,6.000,0.344
75,ec.gp.GPIndividual@1343236074{301424731},3C_20_80-02.txt,35.738,0.250,8.935,3,11.641,130.29,3.880,9.359,0.344
75,ec.gp.GPIndividual@1358806582{-2065257559},3C_20_50-02.txt,61.404,0.250,15.351,2,1.719,11.20,0.859,1.375,0.344
75,ec.gp.GPIndividual@1358806582{-2065257559},3C_20_66-02.txt,154.245,0.250,38.561,1,12.438,32.25,12.438,12.438,0.344
75,ec.gp.GPIndividual@1943919399{-1416277810},3C_20_50-02.txt,61.404,0.250,15.351,3,14.422,93.95,4.807,12.016,0.344
75,ec.gp.GPIndividual@1943919399{-1416277810},3C_20_66-02.txt,154.245,0.250,38.561,6,8.328,21.60,1.388,12.016,0.344
75,ec.gp.GPIndividual@1943919399{-1416277810},3C_20_50-03.txt,30.993,0.250,7.748,4,7.859,101.44,1.965,12.016,0.344
75,ec.gp.GPIndividual@1943919399{-1416277810},3C_20_66-03.txt,118.340,0.250,29.585,3,4.641,15.69,1.547,12.016,0.344
75,ec.gp.GPIndividual@1943919399{-1416277810},3C_20_66-03.txt,118.340,0.250,29.585,6,17.828,60.26,2.971,12.016,0.344
75,ec.gp.GPIndividual@1943919399{-1416277810},3C_20_80-01.txt,4.194,0.250,1.049,1,4.875,464.90,4.875,12.016,0.344
75,ec.gp.GPIndividual@1943919399{-1416277810},3C_20_66-01.txt,7.322,0.250,1.831,2,6.750,368.74,3.375,12.016,0.344
75,ec.gp.GPIndividual@1943919399{-1416277810},3C_20_80-01.txt,4.194,0.250,1.049,5,2.313,220.53,0.463,12.016,0.156
75,ec.gp.GPIndividual@1943919399{-1416277810},3C_20_80-02.txt,35.738,0.250,8.935,2,2.500,27.98,1.250,12.016,0.156
75,ec.gp.GPIndividual@1943919399{-1416277810},3C_20_80-02.txt,35.738,0.250,8.935,2,12.797,143.23,6.398,12.016,0.156
75,ec.gp.GPIndividual@1943919399{-1416277810},3C_20_50-03.txt,30.993,0.250,7.748,2,9.406,121.40,4.703,12.016,0.156
75,ec.gp.GPIndividual@1943919399{-1416277810},3C_20_80-03.txt,169.439,0.250,42.360,9,27.000,63.74,3.000,12.016,0.156
75,ec.gp.GPIndividual@708446955{-308478699},3C_20_50-02.txt,61.404,0.250,15.351,5,8.031,52.32,1.606,4.594,0.531
75,ec.gp.GPIndividual@708446955{-308478699},3C_20_50-03.txt,30.993,0.250,7.748,2,15.891,205.09,7.945,11.688,0.531
75,ec.gp.GPIndividual@708446955{-308478699},3C_20_66-02.txt,154.245,0.250,38.561,3,13.328,34.56,4.443,11.688,0.531
75,ec.gp.GPIndividual@708446955{-308478699},3C_20_80-03.txt,169.439,0.250,42.360,4,33.094,78.13,8.273,16.375,0.531
75,ec.gp.GPIndividual@708446955{-308478699},3C_20_50-03.txt,30.993,0.250,7.748,3,6.891,88.93,2.297,16.375,0.531
75,ec.gp.GPIndividual@708446955{-308478699},3C_20_66-03.txt,118.340,0.250,29.585,4,17.938,60.63,4.484,16.375,0.531
75,ec.gp.GPIndividual@708446955{-308478699},3C_20_66-01.txt,7.322,0.250,1.831,5,1.969,107.55,0.394,16.375,0.172
75,ec.gp.GPIndividual@708446955{-308478699},3C_20_66-02.txt,154.245,0.250,38.561,4,24.906,64.59,6.227,16.375,0.172
75,ec.gp.GPIndividual@708446955{-308478699},3C_20_80-03.txt,169.439,0.250,42.360,5,24.844,58.65,4.969,16.375,0.172
75,ec.gp.GPIndividual@1970520827{-1355878317},3C_20_50-02.txt,61.404,0.250,15.351,0,0.000,0.00,0.000,0.000,0.000
75,ec.gp.GPIndividual@1970520827{-1355878317},3C_20_50-03.txt,30.993,0.250,7.748,0,0.000,0.00,0.000,0.000,0.000
75,ec.gp.GPIndividual@1970520827{-1355878317},3C_20_66-01.txt,7.322,0.250,1.831,0,0.000,0.00,0.000,0.000,0.000
75,ec.gp.GPIndividual@1970520827{-1355878317},3C_20_66-02.txt,154.245,0.250,38.561,0,0.000,0.00,0.000,0.000,0.000
75,ec.gp.GPIndividual@1970520827{-1355878317},3C_20_66-03.txt,118.340,0.250,29.585,0,0.000,0.00,0.000,0.000,0.000
75,ec.gp.GPIndividual@1970520827{-1355878317},3C_20_80-01.txt,4.194,0.250,1.049,0,0.000,0.00,0.000,0.000,0.000
75,ec.gp.GPIndividual@1970520827{-1355878317},3C_20_80-02.txt,35.738,0.250,8.935,0,0.000,0.00,0.000,0.000,0.000
75,ec.gp.GPIndividual@1970520827{-1355878317},3C_20_80-03.txt,169.439,0.250,42.360,0,0.000,0.00,0.000,0.000,0.000
75,ec.gp.GPIndividual@1587064656{-1626457455},3C_20_50-02.txt,61.404,0.250,15.351,6,19.000,123.77,3.167,7.531,0.484
75,ec.gp.GPIndividual@1587064656{-1626457455},3C_20_66-01.txt,7.322,0.250,1.831,1,3.563,194.61,3.563,7.531,0.484
75,ec.gp.GPIndividual@1587064656{-1626457455},3C_20_66-01.txt,7.322,0.250,1.831,4,2.484,135.72,0.621,7.531,0.172
75,ec.gp.GPIndividual@1587064656{-1626457455},3C_20_66-02.txt,154.245,0.250,38.561,11,32.375,83.96,2.943,10.719,0.172
75,ec.gp.GPIndividual@1587064656{-1626457455},3C_20_80-01.txt,4.194,0.250,1.049,1,1.438,137.08,1.438,10.719,0.172
75,ec.gp.GPIndividual@1587064656{-1626457455},3C_20_66-02.txt,154.245,0.250,38.561,13,49.797,129.14,3.831,14.797,0.172
75,ec.gp.GPIndividual@383155400{1932013902},3C_20_50-02.txt,61.404,0.250,15.351,2,9.359,60.97,4.680,9.078,0.281
75,ec.gp.GPIndividual@842256331{-682721281},3C_20_50-02.txt,61.404,0.250,15.351,4,19.594,127.64,4.898,13.531,0.422
75,ec.gp.GPIndividual@842256331{-682721281},3C_20_80-01.txt,4.194,0.250,1.049,3,11.656,1111.58,3.885,13.531,0.281
75,ec.gp.GPIndividual@842256331{-682721281},3C_20_66-02.txt,154.245,0.250,38.561,20,42.984,111.47,2.149,13.531,0.250
75,ec.gp.GPIndividual@842256331{-682721281},3C_20_50-03.txt,30.993,0.250,7.748,1,9.109,117.57,9.109,13.531,0.250
75,ec.gp.GPIndividual@842256331{-682721281},3C_20_80-02.txt,35.738,0.250,8.935,2,11.844,132.56,5.922,13.531,0.250
75,ec.gp.GPIndividual@842256331{-682721281},3C_20_50-03.txt,30.993,0.250,7.748,4,8.922,115.15,2.230,13.531,0.250
75,ec.gp.GPIndividual@842256331{-682721281},3C_20_66-01.txt,7.322,0.250,1.831,2,2.781,151.94,1.391,13.531,0.250
75,ec.gp.GPIndividual@842256331{-682721281},3C_20_80-02.txt,35.738,0.250,8.935,3,4.453,49.84,1.484,13.531,0.250
75,ec.gp.GPIndividual@842256331{-682721281},3C_20_66-03.txt,118.340,0.250,29.585,3,4.875,16.48,1.625,13.531,0.250
75,ec.gp.GPIndividual@842256331{-682721281},3C_20_80-03.txt,169.439,0.250,42.360,15,43.469,102.62,2.898,13.531,0.250
75,ec.gp.GPIndividual@842256331{-682721281},3C_20_66-01.txt,7.322,0.250,1.831,1,7.109,388.37,7.109,13.531,0.250
75,ec.gp.GPIndividual@842256331{-682721281},3C_20_80-01.txt,4.194,0.250,1.049,2,1.219,116.22,0.609,13.531,0.250
75,ec.gp.GPIndividual@842256331{-682721281},3C_20_66-02.txt,154.245,0.250,38.561,5,25.672,66.57,5.134,13.531,0.250
75,ec.gp.GPIndividual@842256331{-682721281},3C_20_66-02.txt,154.245,0.250,38.561,18,36.984,95.91,2.055,13.531,0.250
75,ec.gp.GPIndividual@842256331{-682721281},3C_20_80-03.txt,169.439,0.250,42.360,3,30.516,72.04,10.172,14.734,0.250
75,ec.gp.GPIndividual@842256331{-682721281},3C_20_66-03.txt,118.340,0.250,29.585,6,27.938,94.43,4.656,14.734,0.250
75,ec.gp.GPIndividual@842256331{-682721281},3C_20_80-01.txt,4.194,0.250,1.049,2,2.906,277.15,1.453,14.734,0.250
75,ec.gp.GPIndividual@842256331{-682721281},3C_20_66-03.txt,118.340,0.250,29.585,1,0.281,0.95,0.281,14.734,0.250
75,ec.gp.GPIndividual@842256331{-682721281},3C_20_80-02.txt,35.738,0.250,8.935,1,11.172,125.04,11.172,14.734,0.250
75,ec.gp.GPIndividual@1888379579{-201884310},3C_20_50-02.txt,61.404,0.250,15.351,1,9.359,60.97,9.359,9.359,9.359
75,ec.gp.GPIndividual@1888379579{-201884310},3C_20_80-02.txt,35.738,0.250,8.935,3,9.094,101.78,3.031,9.359,0.250
75,ec.gp.GPIndividual@1888379579{-201884310},3C_20_80-03.txt,169.439,0.250,42.360,15,48.906,115.45,3.260,9.359,0.250
75,ec.gp.GPIndividual@1611057520{-1196768366},3C_20_50-02.txt,61.404,0.250,15.351,4,13.297,86.62,3.324,10.625,0.281
75,ec.gp.GPIndividual@1611057520{-1196768366},3C_20_50-03.txt,30.993,0.250,7.748,2,0.672,8.67,0.336,10.625,0.281
75,ec.gp.GPIndividual@1611057520{-1196768366},3C_20_50-03.txt,30.993,0.250,7.748,2,20.875,269.42,10.438,16.766,0.281
75,ec.gp.GPIndividual@1472639343{902415433},3C_20_50-02.txt,61.404,0.250,15.351,2,1.766,11.50,0.883,1.484,0.281
75,ec.gp.GPIndividual@1472639343{902415433},3C_20_80-01.txt,4.194,0.250,1.049,2,3.625,345.69,1.813,3.188,0.281
75,ec.gp.GPIndividual@1472639343{902415433},3C_20_66-01.txt,7.322,0.250,1.831,2,1.875,102.43,0.938,3.188,0.281
75,ec.gp.GPIndividual@1472639343{902415433},3C_20_50-03.txt,30.993,0.250,7.748,2,4.047,52.23,2.023,3.203,0.281
75,ec.gp.GPIndividual@1472639343{902415433},3C_20_66-02.txt,154.245,0.250,38.561,2,6.531,16.94,3.266,5.828,0.281
75,ec.gp.GPIndividual@1472639343{902415433},3C_20_80-03.txt,169.439,0.250,42.360,15,44.234,104.43,2.949,8.141,0.281
75,ec.gp.GPIndividual@1472639343{902415433},3C_20_66-01.txt,7.322,0.250,1.831,4,11.109,606.89,2.777,9.625,0.281
75,ec.gp.GPIndividual@530884256{-307327824},3C_20_50-02.txt,61.404,0.250,15.351,2,11.156,72.67,5.578,10.906,0.250
75,ec.gp.GPIndividual@530884256{-307327824},3C_20_80-03.txt,169.439,0.250,42.360,5,3.141,7.41,0.628,10.906,0.219
75,ec.gp.GPIndividual@530884256{-307327824},3C_20_50-03.txt,30.993,0.250,7.748,5,9.250,119.38,1.850,10.906,0.219
75,ec.gp.GPIndividual@530884256{-307327824},3C_20_80-01.txt,4.194,0.250,1.049,1,2.625,250.33,2.625,10.906,0.219
75,ec.gp.GPIndividual@530884256{-307327824},3C_20_66-01.txt,7.322,0.250,1.831,4,1.984,108.40,0.496,10.906,0.188
75,ec.gp.GPIndividual@1365776255{1576280855},3C_20_50-02.txt,61.404,0.250,15.351,1,0.313,2.04,0.313,0.313,0.313
75,ec.gp.GPIndividual@1365776255{1576280855},3C_20_66-02.txt,154.245,0.250,38.561,17,32.563,84.44,1.915,16.000,0.203
75,ec.gp.GPIndividual@1365776255{1576280855},3C_20_80-02.txt,35.738,0.250,8.935,3,11.547,129.24,3.849,16.000,0.203
75,ec.gp.GPIndividual@1365776255{1576280855},3C_20_66-03.txt,118.340,0.250,29.585,8,29.406,99.40,3.676,16.000,0.203
75,ec.gp.GPIndividual@1365776255{1576280855},3C_20_80-02.txt,35.738,0.250,8.935,1,1.578,17.66,1.578,16.000,0.203
75,ec.gp.GPIndividual@1365776255{1576280855},3C_20_80-01.txt,4.194,0.250,1.049,1,3.016,287.58,3.016,16.000,0.203
75,ec.gp.GPIndividual@1365776255{1576280855},3C_20_80-03.txt,169.439,0.250,42.360,12,28.641,67.61,2.387,16.000,0.203
75,ec.gp.GPIndividual@556660803{947698276},3C_20_50-02.txt,61.404,0.250,15.351,6,15.453,100.66,2.576,7.984,0.109
75,ec.gp.GPIndividual@556660803{947698276},3C_20_50-03.txt,30.993,0.250,7.748,4,7.016,90.55,1.754,7.984,0.109
75,ec.gp.GPIndividual@556660803{947698276},3C_20_66-01.txt,7.322,0.250,1.831,5,1.875,102.43,0.375,7.984,0.047
75,ec.gp.GPIndividual@556660803{947698276},3C_20_66-01.txt,7.322,0.250,1.831,7,1.844,100.72,0.263,7.984,0.047
75,ec.gp.GPIndividual@556660803{947698276},3C_20_66-02.txt,154.245,0.250,38.561,13,40.156,104.14,3.089,11.203,0.047
75,ec.gp.GPIndividual@556660803{947698276},3C_20_66-02.txt,154.245,0.250,38.561,7,14.484,37.56,2.069,11.203,0.047
75,ec.gp.GPIndividual@556660803{947698276},3C_20_66-03.txt,118.340,0.250,29.585,5,30.938,104.57,6.188,11.203,0.047
75,ec.gp.GPIndividual@556660803{947698276},3C_20_80-01.txt,4.194,0.250,1.049,1,3.813,363.57,3.813,11.203,0.047
75,ec.gp.GPIndividual@556660803{947698276},3C_20_66-03.txt,118.340,0.250,29.585,12,28.156,95.17,2.346,11.203,0.047
75,ec.gp.GPIndividual@556660803{947698276},3C_20_80-02.txt,35.738,0.250,8.935,7,8.219,91.99,1.174,11.203,0.047
75,ec.gp.GPIndividual@556660803{947698276},3C_20_80-01.txt,4.194,0.250,1.049,5,1.000,95.36,0.200,11.203,0.047
75,ec.gp.GPIndividual@556660803{947698276},3C_20_80-02.txt,35.738,0.250,8.935,9,9.516,106.50,1.057,11.203,0.047
75,ec.gp.GPIndividual@556660803{947698276},3C_20_80-03.txt,169.439,0.250,42.360,1,0.453,1.07,0.453,11.203,0.047
75,ec.gp.GPIndividual@556660803{947698276},3C_20_80-03.txt,169.439,0.250,42.360,7,40.891,96.53,5.842,16.328,0.047
75,ec.gp.GPIndividual@1446696594{-256528993},3C_20_50-02.txt,61.404,0.250,15.351,0,0.000,0.00,0.000,0.000,0.000
75,ec.gp.GPIndividual@1446696594{-256528993},3C_20_50-03.txt,30.993,0.250,7.748,0,0.000,0.00,0.000,0.000,0.000
75,ec.gp.GPIndividual@1446696594{-256528993},3C_20_66-01.txt,7.322,0.250,1.831,0,0.000,0.00,0.000,0.000,0.000
75,ec.gp.GPIndividual@1446696594{-256528993},3C_20_66-02.txt,154.245,0.250,38.561,0,0.000,0.00,0.000,0.000,0.000
75,ec.gp.GPIndividual@1446696594{-256528993},3C_20_66-03.txt,118.340,0.250,29.585,0,0.000,0.00,0.000,0.000,0.000
75,ec.gp.GPIndividual@1446696594{-256528993},3C_20_80-01.txt,4.194,0.250,1.049,0,0.000,0.00,0.000,0.000,0.000
75,ec.gp.GPIndividual@1446696594{-256528993},3C_20_80-02.txt,35.738,0.250,8.935,0,0.000,0.00,0.000,0.000,0.000
75,ec.gp.GPIndividual@1446696594{-256528993},3C_20_80-03.txt,169.439,0.250,42.360,0,0.000,0.00,0.000,0.000,0.000
76,ec.gp.GPIndividual@1870634087{-2045129030},3C_20_50-02.txt,61.404,0.250,15.351,17,14.844,96.70,0.873,1.922,0.234
76,ec.gp.GPIndividual@1870634087{-2045129030},3C_20_50-03.txt,30.993,0.250,7.748,1,0.266,3.43,0.266,1.922,0.234
76,ec.gp.GPIndividual@1870634087{-2045129030},3C_20_50-03.txt,30.993,0.250,7.748,1,0.406,5.24,0.406,1.922,0.234
76,ec.gp.GPIndividual@1870634087{-2045129030},3C_20_50-03.txt,30.993,0.250,7.748,1,0.266,3.43,0.266,1.922,0.234
76,ec.gp.GPIndividual@1870634087{-2045129030},3C_20_50-03.txt,30.993,0.250,7.748,4,8.641,111.52,2.160,3.219,0.234
76,ec.gp.GPIndividual@1870634087{-2045129030},3C_20_66-01.txt,7.322,0.250,1.831,4,12.016,656.40,3.004,3.234,0.234
76,ec.gp.GPIndividual@1870634087{-2045129030},3C_20_50-03.txt,30.993,0.250,7.748,5,8.438,108.90,1.688,3.234,0.234
76,ec.gp.GPIndividual@1870634087{-2045129030},3C_20_66-01.txt,7.322,0.250,1.831,1,3.172,173.27,3.172,3.234,0.234
76,ec.gp.GPIndividual@1870634087{-2045129030},3C_20_66-01.txt,7.322,0.250,1.831,3,8.047,439.59,2.682,3.234,0.234
76,ec.gp.GPIndividual@1870634087{-2045129030},3C_20_66-01.txt,7.322,0.250,1.831,1,0.094,5.12,0.094,3.234,0.094
76,ec.gp.GPIndividual@1870634087{-2045129030},3C_20_66-02.txt,154.245,0.250,38.561,5,4.109,10.66,0.822,3.234,0.094
76,ec.gp.GPIndividual@1870634087{-2045129030},3C_20_50-03.txt,30.993,0.250,7.748,6,8.047,103.86,1.341,3.234,0.094
76,ec.gp.GPIndividual@1870634087{-2045129030},3C_20_66-03.txt,118.340,0.250,29.585,3,3.469,11.72,1.156,3.234,0.094
76,ec.gp.GPIndividual@1870634087{-2045129030},3C_20_66-02.txt,154.245,0.250,38.561,4,10.219,26.50,2.555,4.500,0.094
76,ec.gp.GPIndividual@1870634087{-2045129030},3C_20_66-01.txt,7.322,0.250,1.831,2,3.438,187.79,1.719,4.500,0.094
76,ec.gp.GPIndividual@1870634087{-2045129030},3C_20_66-03.txt,118.340,0.250,29.585,12,29.531,99.82,2.461,6.359,0.094
76,ec.gp.GPIndividual@1870634087{-2045129030},3C_20_80-01.txt,4.194,0.250,1.049,4,2.625,250.33,0.656,6.359,0.094
76,ec.gp.GPIndividual@1870634087{-2045129030},3C_20_66-02.txt,154.245,0.250,38.561,1,2.250,5.83,2.250,6.359,0.094
76,ec.gp.GPIndividual@1870634087{-2045129030},3C_20_80-01.txt,4.194,0.250,1.049,1,6.984,666.05,6.984,6.984,0.094
76,ec.gp.GPIndividual@1870634087{-2045129030},3C_20_66-01.txt,7.322,0.250,1.831,2,1.875,102.43,0.938,6.984,0.094
76,ec.gp.GPIndividual@1870634087{-2045129030},3C_20_80-02.txt,35.738,0.250,8.935,3,11.984,134.14,3.995,10.469,0.094
76,ec.gp.GPIndividual@1870634087{-2045129030},3C_20_66-02.txt,154.245,0.250,38.561,2,13.219,34.28,6.609,10.844,0.094
76,ec.gp.GPIndividual@1870634087{-2045129030},3C_20_66-02.txt,154.245,0.250,38.561,25,38.063,98.71,1.523,10.844,0.094
76,ec.gp.GPIndividual@1870634087{-2045129030},3C_20_66-03.txt,118.340,0.250,29.585,2,3.969,13.41,1.984,10.844,0.094
76,ec.gp.GPIndividual@1870634087{-2045129030},3C_20_66-03.txt,118.340,0.250,29.585,1,1.922,6.50,1.922,10.844,0.094
76,ec.gp.GPIndividual@1870634087{-2045129030},3C_20_80-03.txt,169.439,0.250,42.360,3,15.344,36.22,5.115,10.844,0.094
76,ec.gp.GPIndividual@1870634087{-2045129030},3C_20_80-02.txt,35.738,0.250,8.935,3,8.766,98.11,2.922,10.844,0.094
76,ec.gp.GPIndividual@1870634087{-2045129030},3C_20_80-01.txt,4.194,0.250,1.049,1,6.188,590.06,6.188,10.844,0.094
76,ec.gp.GPIndividual@1870634087{-2045129030},3C_20_80-01.txt,4.194,0.250,1.049,2,1.875,178.81,0.938,10.844,0.094
76,ec.gp.GPIndividual@1870634087{-2045129030},3C_20_80-03.txt,169.439,0.250,42.360,12,50.766,119.84,4.230,14.453,0.094
76,ec.gp.GPIndividual@1870634087{-2045129030},3C_20_66-03.txt,118.340,0.250,29.585,2,17.188,58.10,8.594,14.609,0.094
76,ec.gp.GPIndividual@1008702232{-1096863436},3C_20_50-02.txt,61.404,0.250,15.351,1,8.281,53.95,8.281,8.281,8.281
76,ec.gp.GPIndividual@1048693013{1177700395},3C_20_50-02.txt,61.404,0.250,15.351,0,0.000,0.00,0.000,0.000,0.000
76,ec.gp.GPIndividual@1048693013{1177700395},3C_20_50-03.txt,30.993,0.250,7.748,0,0.000,0.00,0.000,0.000,0.000
76,ec.gp.GPIndividual@1048693013{1177700395},3C_20_66-01.txt,7.322,0.250,1.831,0,0.000,0.00,0.000,0.000,0.000
76,ec.gp.GPIndividual@1048693013{1177700395},3C_20_66-02.txt,154.245,0.250,38.561,0,0.000,0.00,0.000,0.000,0.000
76,ec.gp.GPIndividual@1048693013{1177700395},3C_20_66-03.txt,118.340,0.250,29.585,0,0.000,0.00,0.000,0.000,0.000
76,ec.gp.GPIndividual@1048693013{1177700395},3C_20_80-01.txt,4.194,0.250,1.049,0,0.000,0.00,0.000,0.000,0.000
76,ec.gp.GPIndividual@1048693013{1177700395},3C_20_80-02.txt,35.738,0.250,8.935,0,0.000,0.00,0.000,0.000,0.000
76,ec.gp.GPIndividual@1048693013{1177700395},3C_20_80-03.txt,169.439,0.250,42.360,0,0.000,0.00,0.000,0.000,0.000
76,ec.gp.GPIndividual@1025114052{-2114349747},3C_20_50-02.txt,61.404,0.250,15.351,4,17.984,117.15,4.496,10.953,0.484
76,ec.gp.GPIndividual@1025114052{-2114349747},3C_20_80-02.txt,35.738,0.250,8.935,1,11.484,128.54,11.484,11.484,0.484
76,ec.gp.GPIndividual@1025114052{-2114349747},3C_20_80-02.txt,35.738,0.250,8.935,5,8.484,94.96,1.697,11.484,0.484
76,ec.gp.GPIndividual@1025114052{-2114349747},3C_20_80-03.txt,169.439,0.250,42.360,2,5.016,11.84,2.508,11.484,0.484
76,ec.gp.GPIndividual@1025114052{-2114349747},3C_20_80-03.txt,169.439,0.250,42.360,10,40.641,95.94,4.064,11.484,0.484
76,ec.gp.GPIndividual@1749128107{63089280},3C_20_50-02.txt,61.404,0.250,15.351,4,11.031,71.86,2.758,5.047,0.344
76,ec.gp.GPIndividual@1839488873{-741669091},3C_20_50-02.txt,61.404,0.250,15.351,1,0.531,3.46,0.531,0.531,0.531
76,ec.gp.GPIndividual@1839488873{-741669091},3C_20_50-03.txt,30.993,0.250,7.748,1,7.406,95.59,7.406,7.406,0.531
76,ec.gp.GPIndividual@1839488873{-741669091},3C_20_50-03.txt,30.993,0.250,7.748,2,9.125,117.77,4.563,8.656,0.469
76,ec.gp.GPIndividual@1839488873{-741669091},3C_20_80-01.txt,4.194,0.250,1.049,3,1.063,101.32,0.354,8.656,0.172
76,ec.gp.GPIndividual@1839488873{-741669091},3C_20_80-02.txt,35.738,0.250,8.935,2,12.938,144.80,6.469,11.141,0.172
76,ec.gp.GPIndividual@1839488873{-741669091},3C_20_66-02.txt,154.245,0.250,38.561,2,6.328,16.41,3.164,11.141,0.172
76,ec.gp.GPIndividual@1839488873{-741669091},3C_20_66-01.txt,7.322,0.250,1.831,1,4.531,247.54,4.531,11.141,0.172
76,ec.gp.GPIndividual@1839488873{-741669091},3C_20_50-03.txt,30.993,0.250,7.748,1,0.875,11.29,0.875,11.141,0.172
76,ec.gp.GPIndividual@1839488873{-741669091},3C_20_66-02.txt,154.245,0.250,38.561,18,39.281,101.87,2.182,11.141,0.172
76,ec.gp.GPIndividual@1839488873{-741669091},3C_20_66-03.txt,118.340,0.250,29.585,4,10.172,34.38,2.543,11.141,0.172
76,ec.gp.GPIndividual@1839488873{-741669091},3C_20_66-01.txt,7.322,0.250,1.831,5,9.516,519.82,1.903,11.141,0.172
76,ec.gp.GPIndividual@1839488873{-741669091},3C_20_50-03.txt,30.993,0.250,7.748,2,7.797,100.63,3.898,11.141,0.172
76,ec.gp.GPIndividual@1839488873{-741669091},3C_20_80-01.txt,4.194,0.250,1.049,1,0.516,49.17,0.516,11.141,0.172
76,ec.gp.GPIndividual@1839488873{-741669091},3C_20_80-02.txt,35.738,0.250,8.935,2,10.500,117.52,5.250,11.141,0.172
76,ec.gp.GPIndividual@1839488873{-741669091},3C_20_66-01.txt,7.322,0.250,1.831,1,2.672,145.96,2.672,11.141,0.172
76,ec.gp.GPIndividual@1839488873{-741669091},3C_20_66-02.txt,154.245,0.250,38.561,11,36.625,94.98,3.330,11.359,0.172
76,ec.gp.GPIndividual@1839488873{-741669091},3C_20_66-03.txt,118.340,0.250,29.585,4,9.672,32.69,2.418,11.359,0.172
76,ec.gp.GPIndividual@1839488873{-741669091},3C_20_66-01.txt,7.322,0.250,1.831,4,1.922,104.99,0.480,11.359,0.172
76,ec.gp.GPIndividual@1839488873{-741669091},3C_20_66-02.txt,154.245,0.250,38.561,7,19.703,51.10,2.815,11.359,0.172
76,ec.gp.GPIndividual@1839488873{-741669091},3C_20_80-01.txt,4.194,0.250,1.049,1,1.234,117.71,1.234,11.359,0.172
76,ec.gp.GPIndividual@1839488873{-741669091},3C_20_66-03.txt,118.340,0.250,29.585,3,3.156,10.67,1.052,11.359,0.172
76,ec.gp.GPIndividual@1839488873{-741669091},3C_20_80-02.txt,35.738,0.250,8.935,2,3.641,40.75,1.820,11.359,0.172
76,ec.gp.GPIndividual@1839488873{-741669091},3C_20_80-03.txt,169.439,0.250,42.360,2,13.031,30.76,6.516,11.359,0.172
76,ec.gp.GPIndividual@1839488873{-741669091},3C_20_80-03.txt,169.439,0.250,42.360,4,26.672,62.97,6.668,11.359,0.172
76,ec.gp.GPIndividual@881862812{-300614656},3C_20_50-02.txt,61.404,0.250,15.351,2,14.891,97.00,7.445,14.359,0.531
76,ec.gp.GPIndividual@881862812{-300614656},3C_20_80-03.txt,169.439,0.250,42.360,7,39.797,93.95,5.685,14.359,0.531
76,ec.gp.GPIndividual@881862812{-300614656},3C_20_66-03.txt,118.340,0.250,29.585,1,15.813,53.45,15.813,15.813,0.531
76,ec.gp.GPIndividual@881862812{-300614656},3C_20_66-02.txt,154.245,0.250,38.561,7,41.063,106.49,5.866,15.813,0.531
76,ec.gp.GPIndividual@881862812{-300614656},3C_20_50-03.txt,30.993,0.250,7.748,1,10.250,132.29,10.250,15.813,0.531
76,ec.gp.GPIndividual@1580208189{-1616127501},3C_20_50-02.txt,61.404,0.250,15.351,7,17.172,111.86,2.453,6.125,0.297
76,ec.gp.GPIndividual@2145664263{830962248},3C_20_50-02.txt,61.404,0.250,15.351,6,13.797,89.88,2.299,3.797,0.500
76,ec.gp.GPIndividual@2145664263{830962248},3C_20_66-03.txt,118.340,0.250,29.585,2,2.531,8.56,1.266,3.797,0.500
76,ec.gp.GPIndividual@2145664263{830962248},3C_20_50-03.txt,30.993,0.250,7.748,3,17.969,231.91,5.990,12.250,0.500
76,ec.gp.GPIndividual@2145664263{830962248},3C_20_80-01.txt,4.194,0.250,1.049,2,1.078,102.81,0.539,12.250,0.156
76,ec.gp.GPIndividual@2145664263{830962248},3C_20_80-01.txt,4.194,0.250,1.049,1,4.438,423.17,4.438,12.250,0.156
76,ec.gp.GPIndividual@2145664263{830962248},3C_20_66-01.txt,7.322,0.250,1.831,3,3.063,167.30,1.021,12.250,0.156
76,ec.gp.GPIndividual@2145664263{830962248},3C_20_50-03.txt,30.993,0.250,7.748,7,8.188,105.67,1.170,12.250,0.156
76,ec.gp.GPIndividual@2145664263{830962248},3C_20_66-02.txt,154.245,0.250,38.561,15,40.688,105.51,2.713,12.250,0.156
76,ec.gp.GPIndividual@2145664263{830962248},3C_20_80-02.txt,35.738,0.250,8.935,6,9.594,107.38,1.599,12.250,0.156
76,ec.gp.GPIndividual@2145664263{830962248},3C_20_66-03.txt,118.340,0.250,29.585,6,16.594,56.09,2.766,12.250,0.156
76,ec.gp.GPIndividual@2145664263{830962248},3C_20_66-01.txt,7.322,0.250,1.831,4,2.625,143.40,0.656,12.250,0.156
76,ec.gp.GPIndividual@2145664263{830962248},3C_20_66-02.txt,154.245,0.250,38.561,1,0.156,0.41,0.156,12.250,0.156
76,ec.gp.GPIndividual@2145664263{830962248},3C_20_80-03.txt,169.439,0.250,42.360,5,20.266,47.84,4.053,12.250,0.156
76,ec.gp.GPIndividual@2145664263{830962248},3C_20_66-01.txt,7.322,0.250,1.831,1,1.641,89.62,1.641,12.250,0.156
76,ec.gp.GPIndividual@2145664263{830962248},3C_20_66-03.txt,118.340,0.250,29.585,5,20.000,67.60,4.000,12.250,0.156
76,ec.gp.GPIndividual@2145664263{830962248},3C_20_80-01.txt,4.194,0.250,1.049,3,2.484,236.92,0.828,12.250,0.156
76,ec.gp.GPIndividual@2145664263{830962248},3C_20_66-02.txt,154.245,0.250,38.561,1,0.156,0.41,0.156,12.250,0.156
76,ec.gp.GPIndividual@2145664263{830962248},3C_20_80-02.txt,35.738,0.250,8.935,3,10.641,119.10,3.547,12.250,0.156
76,ec.gp.GPIndividual@2145664263{830962248},3C_20_80-01.txt,4.194,0.250,1.049,2,1.766,168.38,0.883,12.250,0.156
76,ec.gp.GPIndividual@2145664263{830962248},3C_20_80-03.txt,169.439,0.250,42.360,3,3.016,7.12,1.005,12.250,0.156
76,ec.gp.GPIndividual@2145664263{830962248},3C_20_80-02.txt,35.738,0.250,8.935,2,8.953,100.21,4.477,12.250,0.156
76,ec.gp.GPIndividual@1310646264{1349976855},3C_20_50-02.txt,61.404,0.250,15.351,0,0.000,0.00,0.000,0.000,0.000
76,ec.gp.GPIndividual@1310646264{1349976855},3C_20_50-03.txt,30.993,0.250,7.748,0,0.000,0.00,0.000,0.000,0.000
76,ec.gp.GPIndividual@1310646264{1349976855},3C_20_66-01.txt,7.322,0.250,1.831,0,0.000,0.00,0.000,0.000,0.000
76,ec.gp.GPIndividual@1310646264{1349976855},3C_20_66-02.txt,154.245,0.250,38.561,0,0.000,0.00,0.000,0.000,0.000
76,ec.gp.GPIndividual@1310646264{1349976855},3C_20_66-03.txt,118.340,0.250,29.585,0,0.000,0.00,0.000,0.000,0.000
76,ec.gp.GPIndividual@1310646264{1349976855},3C_20_80-01.txt,4.194,0.250,1.049,0,0.000,0.00,0.000,0.000,0.000
76,ec.gp.GPIndividual@1310646264{1349976855},3C_20_80-02.txt,35.738,0.250,8.935,0,0.000,0.00,0.000,0.000,0.000
76,ec.gp.GPIndividual@1310646264{1349976855},3C_20_80-03.txt,169.439,0.250,42.360,0,0.000,0.00,0.000,0.000,0.000
76,ec.gp.GPIndividual@1608317611{-1319490571},3C_20_50-02.txt,61.404,0.250,15.351,4,15.844,103.21,3.961,11.594,0.531
76,ec.gp.GPIndividual@1608317611{-1319490571},3C_20_80-03.txt,169.439,0.250,42.360,6,15.078,35.60,2.513,11.594,0.359
76,ec.gp.GPIndividual@1608317611{-1319490571},3C_20_50-03.txt,30.993,0.250,7.748,3,7.281,93.97,2.427,11.594,0.359
76,ec.gp.GPIndividual@1095080065{-1531976262},3C_20_50-02.txt,61.404,0.250,15.351,5,12.344,80.41,2.469,6.234,0.516
76,ec.gp.GPIndividual@342576154{-1291522960},3C_20_50-02.txt,61.404,0.250,15.351,1,0.500,3.26,0.500,0.500,0.500
76,ec.gp.GPIndividual@342576154{-1291522960},3C_20_50-03.txt,30.993,0.250,7.748,5,10.359,133.70,2.072,4.344,0.500
76,ec.gp.GPIndividual@342576154{-1291522960},3C_20_66-01.txt,7.322,0.250,1.831,1,2.328,127.18,2.328,4.344,0.500
76,ec.gp.GPIndividual@342576154{-1291522960},3C_20_50-03.txt,30.993,0.250,7.748,3,13.078,168.79,4.359,11.297,0.500
76,ec.gp.GPIndividual@342576154{-1291522960},3C_20_66-03.txt,118.340,0.250,29.585,8,40.719,137.63,5.090,16.719,0.500
76,ec.gp.GPIndividual@342576154{-1291522960},3C_20_80-02.txt,35.738,0.250,8.935,4,8.766,98.11,2.191,16.719,0.359
76,ec.gp.GPIndividual@342576154{-1291522960},3C_20_66-01.txt,7.322,0.250,1.831,1,6.703,366.18,6.703,16.719,0.359
76,ec.gp.GPIndividual@342576154{-1291522960},3C_20_80-01.txt,4.194,0.250,1.049,1,2.313,220.53,2.313,16.719,0.359
76,ec.gp.GPIndividual@342576154{-1291522960},3C_20_66-02.txt,154.245,0.250,38.561,4,9.766,25.32,2.441,16.719,0.359
76,ec.gp.GPIndividual@342576154{-1291522960},3C_20_80-01.txt,4.194,0.250,1.049,1,2.219,211.59,2.219,16.719,0.359
76,ec.gp.GPIndividual@342576154{-1291522960},3C_20_66-01.txt,7.322,0.250,1.831,3,1.859,101.57,0.620,16.719,0.172
76,ec.gp.GPIndividual@342576154{-1291522960},3C_20_80-02.txt,35.738,0.250,8.935,9,9.063,101.43,1.007,16.719,0.172
76,ec.gp.GPIndividual@342576154{-1291522960},3C_20_80-02.txt,35.738,0.250,8.935,6,7.750,86.74,1.292,16.719,0.172
76,ec.gp.GPIndividual@342576154{-1291522960},3C_20_66-03.txt,118.340,0.250,29.585,17,29.125,98.45,1.713,16.719,0.172
76,ec.gp.GPIndividual@342576154{-1291522960},3C_20_80-01.txt,4.194,0.250,1.049,2,2.703,257.78,1.352,16.719,0.172
76,ec.gp.GPIndividual@342576154{-1291522960},3C_20_80-03.txt,169.439,0.250,42.360,10,41.672,98.38,4.167,16.719,0.172
76,ec.gp.GPIndividual@342576154{-1291522960},3C_20_66-02.txt,154.245,0.250,38.561,2,8.516,22.08,4.258,16.719,0.172
76,ec.gp.GPIndividual@342576154{-1291522960},3C_20_80-02.txt,35.738,0.250,8.935,1,9.922,111.05,9.922,16.719,0.172
76,ec.gp.GPIndividual@342576154{-1291522960},3C_20_80-03.txt,169.439,0.250,42.360,11,42.094,99.37,3.827,16.719,0.172
76,ec.gp.GPIndividual@342576154{-1291522960},3C_20_66-03.txt,118.340,0.250,29.585,2,3.422,11.57,1.711,16.719,0.172
76,ec.gp.GPIndividual@342576154{-1291522960},3C_20_80-03.txt,169.439,0.250,42.360,6,42.156,99.52,7.026,16.719,0.172
76,ec.gp.GPIndividual@1599220100{187503249},3C_20_50-02.txt,61.404,0.250,15.351,5,19.875,129.47,3.975,10.609,0.359
76,ec.gp.GPIndividual@1599220100{187503249},3C_20_66-02.txt,154.245,0.250,38.561,2,5.063,13.13,2.531,10.609,0.359
76,ec.gp.GPIndividual@1599220100{187503249},3C_20_80-01.txt,4.194,0.250,1.049,3,3.422,326.32,1.141,10.609,0.359
76,ec.gp.GPIndividual@1599220100{187503249},3C_20_66-03.txt,118.340,0.250,29.585,2,5.141,17.38,2.570,10.609,0.156
76,ec.gp.GPIndividual@119086665{1381385673},3C_20_50-02.txt,61.404,0.250,15.351,1,8.609,56.08,8.609,8.609,8.609
76,ec.gp.GPIndividual@119086665{1381385673},3C_20_80-03.txt,169.439,0.250,42.360,13,42.359,100.00,3.258,14.641,0.172
76,ec.gp.GPIndividual@119086665{1381385673},3C_20_80-02.txt,35.738,0.250,8.935,5,10.203,114.20,2.041,14.641,0.172
76,ec.gp.GPIndividual@119086665{1381385673},3C_20_80-03.txt,169.439,0.250,42.360,2,2.563,6.05,1.281,14.641,0.172
76,ec.gp.GPIndividual@119086665{1381385673},3C_20_50-03.txt,30.993,0.250,7.748,1,9.313,120.19,9.313,14.641,0.172
76,ec.gp.GPIndividual@129163105{60541098},3C_20_50-02.txt,61.404,0.250,15.351,0,0.000,0.00,0.000,0.000,0.000
76,ec.gp.GPIndividual@129163105{60541098},3C_20_50-03.txt,30.993,0.250,7.748,0,0.000,0.00,0.000,0.000,0.000
76,ec.gp.GPIndividual@129163105{60541098},3C_20_66-01.txt,7.322,0.250,1.831,0,0.000,0.00,0.000,0.000,0.000
76,ec.gp.GPIndividual@129163105{60541098},3C_20_66-02.txt,154.245,0.250,38.561,0,0.000,0.00,0.000,0.000,0.000
76,ec.gp.GPIndividual@129163105{60541098},3C_20_66-03.txt,118.340,0.250,29.585,0,0.000,0.00,0.000,0.000,0.000
76,ec.gp.GPIndividual@129163105{60541098},3C_20_80-01.txt,4.194,0.250,1.049,0,0.000,0.00,0.000,0.000,0.000
76,ec.gp.GPIndividual@129163105{60541098},3C_20_80-02.txt,35.738,0.250,8.935,0,0.000,0.00,0.000,0.000,0.000
76,ec.gp.GPIndividual@129163105{60541098},3C_20_80-03.txt,169.439,0.250,42.360,0,0.000,0.00,0.000,0.000,0.000
76,ec.gp.GPIndividual@400462992{-999016561},3C_20_50-02.txt,61.404,0.250,15.351,5,7.141,46.52,1.428,2.391,0.281
76,ec.gp.GPIndividual@400462992{-999016561},3C_20_80-01.txt,4.194,0.250,1.049,4,4.250,405.29,1.063,3.391,0.141
76,ec.gp.GPIndividual@400462992{-999016561},3C_20_66-01.txt,7.322,0.250,1.831,3,1.531,83.65,0.510,3.391,0.125
76,ec.gp.GPIndividual@400462992{-999016561},3C_20_66-03.txt,118.340,0.250,29.585,5,5.172,17.48,1.034,3.391,0.125
76,ec.gp.GPIndividual@400462992{-999016561},3C_20_80-02.txt,35.738,0.250,8.935,7,10.406,116.47,1.487,3.391,0.125
76,ec.gp.GPIndividual@400462992{-999016561},3C_20_50-03.txt,30.993,0.250,7.748,4,15.563,200.85,3.891,9.297,0.125
76,ec.gp.GPIndividual@269554776{-1945333590},3C_20_50-02.txt,61.404,0.250,15.351,3,1.938,12.62,0.646,0.828,0.297
76,ec.gp.GPIndividual@269554776{-1945333590},3C_20_80-01.txt,4.194,0.250,1.049,2,1.656,157.95,0.828,1.234,0.297
76,ec.gp.GPIndividual@269554776{-1945333590},3C_20_80-03.txt,169.439,0.250,42.360,1,0.266,0.63,0.266,1.234,0.266
76,ec.gp.GPIndividual@269554776{-1945333590},3C_20_80-02.txt,35.738,0.250,8.935,5,9.047,101.26,1.809,3.125,0.266
76,ec.gp.GPIndividual@269554776{-1945333590},3C_20_50-03.txt,30.993,0.250,7.748,1,1.813,23.39,1.813,3.125,0.266
76,ec.gp.GPIndividual@269554776{-1945333590},3C_20_66-01.txt,7.322,0.250,1.831,1,0.906,49.51,0.906,3.125,0.266
76,ec.gp.GPIndividual@269554776{-1945333590},3C_20_80-03.txt,169.439,0.250,42.360,12,40.672,96.02,3.389,7.875,0.266
76,ec.gp.GPIndividual@1561358718{-1898413693},3C_20_50-02.txt,61.404,0.250,15.351,4,23.797,155.02,5.949,12.328,0.281
76,ec.gp.GPIndividual@1561358718{-1898413693},3C_20_66-02.txt,154.245,0.250,38.561,1,0.547,1.42,0.547,12.328,0.281
76,ec.gp.GPIndividual@1561358718{-1898413693},3C_20_50-03.txt,30.993,0.250,7.748,1,1.109,14.32,1.109,12.328,0.281
76,ec.gp.GPIndividual@1561358718{-1898413693},3C_20_66-02.txt,154.245,0.250,38.561,2,18.781,48.71,9.391,14.953,0.281
76,ec.gp.GPIndividual@1561358718{-1898413693},3C_20_66-01.txt,7.322,0.250,1.831,1,2.016,110.11,2.016,14.953,0.281
76,ec.gp.GPIndividual@1561358718{-1898413693},3C_20_66-03.txt,118.340,0.250,29.585,15,31.922,107.90,2.128,14.953,0.281
76,ec.gp.GPIndividual@1561358718{-1898413693},3C_20_66-01.txt,7.322,0.250,1.831,1,9.469,517.26,9.469,14.953,0.281
76,ec.gp.GPIndividual@252875752{96559176},3C_20_50-02.txt,61.404,0.250,15.351,4,3.266,21.27,0.816,1.828,0.281
76,ec.gp.GPIndividual@252875752{96559176},3C_20_80-01.txt,4.194,0.250,1.049,2,0.734,70.03,0.367,1.828,0.281
76,ec.gp.GPIndividual@252875752{96559176},3C_20_80-02.txt,35.738,0.250,8.935,3,9.953,111.40,3.318,7.203,0.281
76,ec.gp.GPIndividual@252875752{96559176},3C_20_66-02.txt,154.245,0.250,38.561,2,0.844,2.19,0.422,7.203,0.281
76,ec.gp.GPIndividual@252875752{96559176},3C_20_50-03.txt,30.993,0.250,7.748,7,7.469,96.39,1.067,7.203,0.250
76,ec.gp.GPIndividual@252875752{96559176},3C_20_66-03.txt,118.340,0.250,29.585,3,2.969,10.03,0.990,7.203,0.000
76,ec.gp.GPIndividual@252875752{96559176},3C_20_66-02.txt,154.245,0.250,38.561,14,37.516,97.29,2.680,7.203,0.000
76,ec.gp.GPIndividual@252875752{96559176},3C_20_80-01.txt,4.194,0.250,1.049,1,7.359,701.81,7.359,7.359,0.000
76,ec.gp.GPIndividual@252875752{96559176},3C_20_66-01.txt,7.322,0.250,1.831,3,2.016,110.11,0.672,7.359,0.000
76,ec.gp.GPIndividual@252875752{96559176},3C_20_80-02.txt,35.738,0.250,8.935,2,10.156,113.67,5.078,9.875,0.000
76,ec.gp.GPIndividual@252875752{96559176},3C_20_80-03.txt,169.439,0.250,42.360,1,11.797,27.85,11.797,11.797,0.000
76,ec.gp.GPIndividual@252875752{96559176},3C_20_66-03.txt,118.340,0.250,29.585,2,1.953,6.60,0.977,11.797,0.000
76,ec.gp.GPIndividual@252875752{96559176},3C_20_66-03.txt,118.340,0.250,29.585,14,30.625,103.52,2.188,11.797,0.000
76,ec.gp.GPIndividual@252875752{96559176},3C_20_80-01.txt,4.194,0.250,1.049,1,1.672,159.44,1.672,11.797,0.000
76,ec.gp.GPIndividual@252875752{96559176},3C_20_80-03.txt,169.439,0.250,42.360,2,1.125,2.66,0.563,11.797,0.000
76,ec.gp.GPIndividual@252875752{96559176},3C_20_80-01.txt,4.194,0.250,1.049,3,1.578,150.50,0.526,11.797,0.000
76,ec.gp.GPIndividual@252875752{96559176},3C_20_80-02.txt,35.738,0.250,8.935,1,0.250,2.80,0.250,11.797,0.000
76,ec.gp.GPIndividual@252875752{96559176},3C_20_80-02.txt,35.738,0.250,8.935,3,9.875,110.53,3.292,11.797,0.000
76,ec.gp.GPIndividual@252875752{96559176},3C_20_66-02.txt,154.245,0.250,38.561,1,7.281,18.88,7.281,11.797,0.000
76,ec.gp.GPIndividual@468772367{-1589487298},3C_20_50-02.txt,61.404,0.250,15.351,0,0.000,0.00,0.000,0.000,0.000
76,ec.gp.GPIndividual@468772367{-1589487298},3C_20_50-03.txt,30.993,0.250,7.748,0,0.000,0.00,0.000,0.000,0.000
76,ec.gp.GPIndividual@468772367{-1589487298},3C_20_66-01.txt,7.322,0.250,1.831,0,0.000,0.00,0.000,0.000,0.000
76,ec.gp.GPIndividual@468772367{-1589487298},3C_20_66-02.txt,154.245,0.250,38.561,0,0.000,0.00,0.000,0.000,0.000
76,ec.gp.GPIndividual@468772367{-1589487298},3C_20_66-03.txt,118.340,0.250,29.585,0,0.000,0.00,0.000,0.000,0.000
76,ec.gp.GPIndividual@468772367{-1589487298},3C_20_80-01.txt,4.194,0.250,1.049,0,0.000,0.00,0.000,0.000,0.000
76,ec.gp.GPIndividual@468772367{-1589487298},3C_20_80-02.txt,35.738,0.250,8.935,0,0.000,0.00,0.000,0.000,0.000
76,ec.gp.GPIndividual@468772367{-1589487298},3C_20_80-03.txt,169.439,0.250,42.360,0,0.000,0.00,0.000,0.000,0.000
76,ec.gp.GPIndividual@33720246{965544051},3C_20_50-02.txt,61.404,0.250,15.351,6,15.859,103.31,2.643,5.531,0.219
76,ec.gp.GPIndividual@33720246{965544051},3C_20_80-03.txt,169.439,0.250,42.360,1,1.438,3.39,1.438,5.531,0.219
76,ec.gp.GPIndividual@33720246{965544051},3C_20_50-03.txt,30.993,0.250,7.748,2,4.406,56.87,2.203,5.531,0.219
76,ec.gp.GPIndividual@1788865701{-1177897496},3C_20_50-02.txt,61.404,0.250,15.351,7,9.984,65.04,1.426,5.688,0.172
76,ec.gp.GPIndividual@1788865701{-1177897496},3C_20_66-02.txt,154.245,0.250,38.561,9,37.125,96.28,4.125,15.313,0.172
76,ec.gp.GPIndividual@1788865701{-1177897496},3C_20_66-03.txt,118.340,0.250,29.585,2,12.266,41.46,6.133,15.313,0.172
76,ec.gp.GPIndividual@1788865701{-1177897496},3C_20_50-03.txt,30.993,0.250,7.748,3,6.688,86.31,2.229,15.313,0.172
76,ec.gp.GPIndividual@1788865701{-1177897496},3C_20_80-01.txt,4.194,0.250,1.049,1,0.438,41.72,0.438,15.313,0.172
76,ec.gp.GPIndividual@1788865701{-1177897496},3C_20_80-02.txt,35.738,0.250,8.935,6,13.453,150.57,2.242,15.313,0.172
76,ec.gp.GPIndividual@1788865701{-1177897496},3C_20_80-01.txt,4.194,0.250,1.049,1,2.250,214.57,2.250,15.313,0.172
76,ec.gp.GPIndividual@1788865701{-1177897496},3C_20_66-01.txt,7.322,0.250,1.831,6,2.125,116.09,0.354,15.313,0.078
76,ec.gp.GPIndividual@1788865701{-1177897496},3C_20_66-02.txt,154.245,0.250,38.561,1,0.453,1.18,0.453,15.313,0.078
76,ec.gp.GPIndividual@1788865701{-1177897496},3C_20_80-03.txt,169.439,0.250,42.360,10,22.141,52.27,2.214,15.313,0.078
76,ec.gp.GPIndividual@1111839677{-827076020},3C_20_50-02.txt,61.404,0.250,15.351,1,0.156,1.02,0.156,0.156,0.156
76,ec.gp.GPIndividual@1111839677{-827076020},3C_20_50-03.txt,30.993,0.250,7.748,1,15.656,202.06,15.656,15.656,0.156
76,ec.gp.GPIndividual@1111839677{-827076020},3C_20_80-02.txt,35.738,0.250,8.935,1,13.938,156.00,13.938,15.656,0.156
76,ec.gp.GPIndividual@1111839677{-827076020},3C_20_66-03.txt,118.340,0.250,29.585,3,3.219,10.88,1.073,15.656,0.156
76,ec.gp.GPIndividual@1111839677{-827076020},3C_20_66-01.txt,7.322,0.250,1.831,2,1.031,56.34,0.516,15.656,0.156
76,ec.gp.GPIndividual@1111839677{-827076020},3C_20_66-02.txt,154.245,0.250,38.561,1,0.531,1.38,0.531,15.656,0.156
76,ec.gp.GPIndividual@1111839677{-827076020},3C_20_80-03.txt,169.439,0.250,42.360,2,3.547,8.37,1.773,15.656,0.156
76,ec.gp.GPIndividual@1111839677{-827076020},3C_20_66-03.txt,118.340,0.250,29.585,2,3.203,10.83,1.602,15.656,0.156
76,ec.gp.GPIndividual@1111839677{-827076020},3C_20_80-01.txt,4.194,0.250,1.049,1,2.422,230.96,2.422,15.656,0.156
76,ec.gp.GPIndividual@153842444{965544051},3C_20_50-02.txt,61.404,0.250,15.351,2,0.594,3.87,0.297,0.422,0.172
76,ec.gp.GPIndividual@153842444{965544051},3C_20_80-02.txt,35.738,0.250,8.935,1,0.547,6.12,0.547,0.547,0.172
76,ec.gp.GPIndividual@153842444{965544051},3C_20_80-03.txt,169.439,0.250,42.360,3,4.109,9.70,1.370,2.297,0.172
76,ec.gp.GPIndividual@1380327185{1482782665},3C_20_50-02.txt,61.404,0.250,15.351,5,3.063,19.95,0.613,2.250,0.094
76,ec.gp.GPIndividual@1380327185{1482782665},3C_20_50-03.txt,30.993,0.250,7.748,3,8.453,109.10,2.818,5.250,0.094
76,ec.gp.GPIndividual@1380327185{1482782665},3C_20_80-01.txt,4.194,0.250,1.049,1,1.844,175.83,1.844,5.250,0.094
76,ec.gp.GPIndividual@1380327185{1482782665},3C_20_66-01.txt,7.322,0.250,1.831,5,1.703,93.04,0.341,5.250,0.094
76,ec.gp.GPIndividual@1380327185{1482782665},3C_20_66-02.txt,154.245,0.250,38.561,1,0.344,0.89,0.344,5.250,0.094
76,ec.gp.GPIndividual@1380327185{1482782665},3C_20_80-02.txt,35.738,0.250,8.935,11,6.281,70.30,0.571,5.250,0.094
76,ec.gp.GPIndividual@1380327185{1482782665},3C_20_80-03.txt,169.439,0.250,42.360,1,2.016,4.76,2.016,5.250,0.094
76,ec.gp.GPIndividual@1380327185{1482782665},3C_20_66-03.txt,118.340,0.250,29.585,4,15.391,52.02,3.848,11.234,0.094
76,ec.gp.GPIndividual@1467575083{-18508443},3C_20_50-02.txt,61.404,0.250,15.351,1,10.203,66.47,10.203,10.203,10.203
76,ec.gp.GPIndividual@1467575083{-18508443},3C_20_80-01.txt,4.194,0.250,1.049,3,0.781,74.50,0.260,10.203,0.078
76,ec.gp.GPIndividual@1467575083{-18508443},3C_20_50-03.txt,30.993,0.250,7.748,1,0.313,4.03,0.313,10.203,0.078
76,ec.gp.GPIndividual@1467575083{-18508443},3C_20_80-02.txt,35.738,0.250,8.935,8,6.734,75.37,0.842,10.203,0.078
76,ec.gp.GPIndividual@1467575083{-18508443},3C_20_66-01.txt,7.322,0.250,1.831,1,2.266,123.77,2.266,10.203,0.078
76,ec.gp.GPIndividual@1467575083{-18508443},3C_20_80-03.txt,169.439,0.250,42.360,8,29.750,70.23,3.719,15.797,0.078
76,ec.gp.GPIndividual@431810114{-475852292},3C_20_50-02.txt,61.404,0.250,15.351,2,0.281,1.83,0.141,0.250,0.031
76,ec.gp.GPIndividual@431810114{-475852292},3C_20_50-03.txt,30.993,0.250,7.748,2,1.500,19.36,0.750,0.938,0.031
76,ec.gp.GPIndividual@431810114{-475852292},3C_20_66-01.txt,7.322,0.250,1.831,2,0.328,17.92,0.164,0.938,0.031
76,ec.gp.GPIndividual@431810114{-475852292},3C_20_66-02.txt,154.245,0.250,38.561,2,0.516,1.34,0.258,0.938,0.031
76,ec.gp.GPIndividual@431810114{-475852292},3C_20_66-03.txt,118.340,0.250,29.585,2,1.250,4.23,0.625,0.938,0.031
76,ec.gp.GPIndividual@431810114{-475852292},3C_20_80-01.txt,4.194,0.250,1.049,2,0.375,35.76,0.188,0.938,0.031
76,ec.gp.GPIndividual@431810114{-475852292},3C_20_80-02.txt,35.738,0.250,8.935,2,0.406,4.55,0.203,0.938,0.031
76,ec.gp.GPIndividual@431810114{-475852292},3C_20_80-03.txt,169.439,0.250,42.360,2,17.406,41.09,8.703,16.641,0.031
77,ec.gp.GPIndividual@958950844{-422628503},3C_20_50-02.txt,61.404,0.250,15.351,0,0.000,0.00,0.000,0.000,0.000
77,ec.gp.GPIndividual@958950844{-422628503},3C_20_50-03.txt,30.993,0.250,7.748,0,0.000,0.00,0.000,0.000,0.000
77,ec.gp.GPIndividual@958950844{-422628503},3C_20_66-01.txt,7.322,0.250,1.831,0,0.000,0.00,0.000,0.000,0.000
77,ec.gp.GPIndividual@958950844{-422628503},3C_20_66-02.txt,154.245,0.250,38.561,0,0.000,0.00,0.000,0.000,0.000
77,ec.gp.GPIndividual@958950844{-422628503},3C_20_66-03.txt,118.340,0.250,29.585,0,0.000,0.00,0.000,0.000,0.000
77,ec.gp.GPIndividual@958950844{-422628503},3C_20_80-01.txt,4.194,0.250,1.049,0,0.000,0.00,0.000,0.000,0.000
77,ec.gp.GPIndividual@958950844{-422628503},3C_20_80-02.txt,35.738,0.250,8.935,0,0.000,0.00,0.000,0.000,0.000
77,ec.gp.GPIndividual@958950844{-422628503},3C_20_80-03.txt,169.439,0.250,42.360,0,0.000,0.00,0.000,0.000,0.000
77,ec.gp.GPIndividual@1355483908{-158679698},3C_20_50-02.txt,61.404,0.250,15.351,6,2.156,14.05,0.359,0.359,0.359
77,ec.gp.GPIndividual@1355483908{-158679698},3C_20_50-03.txt,30.993,0.250,7.748,5,8.828,113.94,1.766,1.828,0.359
77,ec.gp.GPIndividual@1355483908{-158679698},3C_20_50-03.txt,30.993,0.250,7.748,3,1.063,13.71,0.354,1.828,0.281
77,ec.gp.GPIndividual@1355483908{-158679698},3C_20_50-03.txt,30.993,0.250,7.748,1,0.500,6.45,0.500,1.828,0.281
77,ec.gp.GPIndividual@1355483908{-158679698},3C_20_50-03.txt,30.993,0.250,7.748,1,3.125,40.33,3.125,3.125,0.281
77,ec.gp.GPIndividual@1355483908{-158679698},3C_20_66-01.txt,7.322,0.250,1.831,2,1.984,108.40,0.992,3.125,0.172
77,ec.gp.GPIndividual@1355483908{-158679698},3C_20_50-03.txt,30.993,0.250,7.748,2,2.984,38.52,1.492,3.125,0.172
77,ec.gp.GPIndividual@1355483908{-158679698},3C_20_66-02.txt,154.245,0.250,38.561,4,11.844,30.71,2.961,3.234,0.172
77,ec.gp.GPIndividual@1355483908{-158679698},3C_20_50-03.txt,30.993,0.250,7.748,1,2.141,27.63,2.141,3.234,0.172
77,ec.gp.GPIndividual@1355483908{-158679698},3C_20_66-03.txt,118.340,0.250,29.585,5,20.172,68.18,4.034,4.734,0.172
77,ec.gp.GPIndividual@1355483908{-158679698},3C_20_80-01.txt,4.194,0.250,1.049,1,4.453,424.66,4.453,4.734,0.172
77,ec.gp.GPIndividual@1355483908{-158679698},3C_20_80-02.txt,35.738,0.250,8.935,2,5.750,64.36,2.875,4.734,0.172
77,ec.gp.GPIndividual@1355483908{-158679698},3C_20_80-03.txt,169.439,0.250,42.360,3,10.109,23.87,3.370,4.734,0.172
77,ec.gp.GPIndividual@1355483908{-158679698},3C_20_66-01.txt,7.322,0.250,1.831,6,7.609,415.69,1.268,5.656,0.172
77,ec.gp.GPIndividual@1355483908{-158679698},3C_20_66-02.txt,154.245,0.250,38.561,2,12.859,33.35,6.430,7.469,0.172
77,ec.gp.GPIndividual@965518994{285681400},3C_20_50-02.txt,61.404,0.250,15.351,6,21.047,137.10,3.508,7.297,0.516
77,ec.gp.GPIndividual@965518994{285681400},3C_20_66-01.txt,7.322,0.250,1.831,1,0.688,37.56,0.688,7.297,0.516
77,ec.gp.GPIndividual@965518994{285681400},3C_20_66-01.txt,7.322,0.250,1.831,2,2.266,123.77,1.133,7.297,0.516
77,ec.gp.GPIndividual@965518994{285681400},3C_20_66-02.txt,154.245,0.250,38.561,1,0.328,0.85,0.328,7.297,0.328
77,ec.gp.GPIndividual@965518994{285681400},3C_20_66-03.txt,118.340,0.250,29.585,5,8.094,27.36,1.619,7.297,0.328
77,ec.gp.GPIndividual@965518994{285681400},3C_20_66-02.txt,154.245,0.250,38.561,10,39.719,103.00,3.972,9.234,0.328
77,ec.gp.GPIndividual@965518994{285681400},3C_20_66-01.txt,7.322,0.250,1.831,1,1.063,58.04,1.063,9.234,0.328
77,ec.gp.GPIndividual@965518994{285681400},3C_20_66-03.txt,118.340,0.250,29.585,1,1.578,5.33,1.578,9.234,0.328
77,ec.gp.GPIndividual@965518994{285681400},3C_20_66-03.txt,118.340,0.250,29.585,2,2.578,8.71,1.289,9.234,0.328
77,ec.gp.GPIndividual@965518994{285681400},3C_20_66-01.txt,7.322,0.250,1.831,2,4.250,232.17,2.125,9.234,0.328
77,ec.gp.GPIndividual@965518994{285681400},3C_20_80-01.txt,4.194,0.250,1.049,1,1.234,117.71,1.234,9.234,0.328
77,ec.gp.GPIndividual@965518994{285681400},3C_20_66-02.txt,154.245,0.250,38.561,15,37.750,97.90,2.517,10.094,0.328
77,ec.gp.GPIndividual@965518994{285681400},3C_20_66-02.txt,154.245,0.250,38.561,1,2.109,5.47,2.109,10.094,0.328
77,ec.gp.GPIndividual@965518994{285681400},3C_20_80-02.txt,35.738,0.250,8.935,1,1.094,12.24,1.094,10.094,0.328
77,ec.gp.GPIndividual@965518994{285681400},3C_20_66-03.txt,118.340,0.250,29.585,6,15.531,52.50,2.589,10.094,0.328
77,ec.gp.GPIndividual@965518994{285681400},3C_20_80-01.txt,4.194,0.250,1.049,1,1.641,156.46,1.641,10.094,0.328
77,ec.gp.GPIndividual@965518994{285681400},3C_20_66-03.txt,118.340,0.250,29.585,3,13.203,44.63,4.401,11.094,0.328
77,ec.gp.GPIndividual@965518994{285681400},3C_20_50-03.txt,30.993,0.250,7.748,3,8.266,106.68,2.755,11.094,0.328
77,ec.gp.GPIndividual@965518994{285681400},3C_20_80-03.txt,169.439,0.250,42.360,1,0.328,0.77,0.328,11.094,0.328
77,ec.gp.GPIndividual@965518994{285681400},3C_20_80-01.txt,4.194,0.250,1.049,2,2.078,198.18,1.039,11.094,0.328
77,ec.gp.GPIndividual@965518994{285681400},3C_20_80-02.txt,35.738,0.250,8.935,6,14.719,164.74,2.453,11.094,0.328
77,ec.gp.GPIndividual@965518994{285681400},3C_20_80-01.txt,4.194,0.250,1.049,1,0.156,14.90,0.156,11.094,0.156
77,ec.gp.GPIndividual@965518994{285681400},3C_20_80-02.txt,35.738,0.250,8.935,3,3.250,36.38,1.083,11.094,0.156
77,ec.gp.GPIndividual@965518994{285681400},3C_20_66-01.txt,7.322,0.250,1.831,1,9.500,518.97,9.500,11.094,0.156
77,ec.gp.GPIndividual@965518994{285681400},3C_20_80-01.txt,4.194,0.250,1.049,2,1.328,126.65,0.664,11.094,0.156
77,ec.gp.GPIndividual@965518994{285681400},3C_20_66-02.txt,154.245,0.250,38.561,2,1.672,4.34,0.836,11.094,0.156
77,ec.gp.GPIndividual@965518994{285681400},3C_20_80-03.txt,169.439,0.250,42.360,20,41.438,97.82,2.072,11.094,0.156
77,ec.gp.GPIndividual@965518994{285681400},3C_20_66-03.txt,118.340,0.250,29.585,1,1.422,4.81,1.422,11.094,0.156
77,ec.gp.GPIndividual@965518994{285681400},3C_20_80-02.txt,35.738,0.250,8.935,1,3.609,40.40,3.609,11.094,0.156
77,ec.gp.GPIndividual@965518994{285681400},3C_20_80-03.txt,169.439,0.250,42.360,3,17.953,42.38,5.984,11.094,0.156
77,ec.gp.GPIndividual@965518994{285681400},3C_20_80-02.txt,35.738,0.250,8.935,2,15.750,176.28,7.875,14.281,0.156
77,ec.gp.GPIndividual@606577811{1236057743},3C_20_50-02.txt,61.404,0.250,15.351,6,18.031,117.46,3.005,6.344,0.516
77,ec.gp.GPIndividual@616848823{-2065257559},3C_20_50-02.txt,61.404,0.250,15.351,4,5.422,35.32,1.355,2.000,0.375
77,ec.gp.GPIndividual@616848823{-2065257559},3C_20_80-01.txt,4.194,0.250,1.049,1,1.453,138.57,1.453,2.000,0.375
77,ec.gp.GPIndividual@616848823{-2065257559},3C_20_80-03.txt,169.439,0.250,42.360,4,6.047,14.28,1.512,2.281,0.375
77,ec.gp.GPIndividual@616848823{-2065257559},3C_20_50-03.txt,30.993,0.250,7.748,2,1.688,21.78,0.844,2.281,0.375
77,ec.gp.GPIndividual@616848823{-2065257559},3C_20_80-02.txt,35.738,0.250,8.935,2,1.641,18.36,0.820,2.281,0.313
77,ec.gp.GPIndividual@616848823{-2065257559},3C_20_50-03.txt,30.993,0.250,7.748,5,7.547,97.40,1.509,3.109,0.172
77,ec.gp.GPIndividual@616848823{-2065257559},3C_20_66-01.txt,7.322,0.250,1.831,2,4.609,251.80,2.305,3.203,0.172
77,ec.gp.GPIndividual@616848823{-2065257559},3C_20_80-03.txt,169.439,0.250,42.360,3,8.922,21.06,2.974,5.609,0.172
77,ec.gp.GPIndividual@616848823{-2065257559},3C_20_80-03.txt,169.439,0.250,42.360,2,2.359,5.57,1.180,5.609,0.172
77,ec.gp.GPIndividual@616848823{-2065257559},3C_20_66-02.txt,154.245,0.250,38.561,1,15.016,38.94,15.016,15.016,0.172
77,ec.gp.GPIndividual@75589177{-1254987703},3C_20_50-02.txt,61.404,0.250,15.351,5,9.016,58.73,1.803,4.016,0.328
77,ec.gp.GPIndividual@75589177{-1254987703},3C_20_50-03.txt,30.993,0.250,7.748,2,7.750,100.02,3.875,6.344,0.328
77,ec.gp.GPIndividual@75589177{-1254987703},3C_20_66-03.txt,118.340,0.250,29.585,1,0.719,2.43,0.719,6.344,0.328
77,ec.gp.GPIndividual@1519767335{-509687555},3C_20_50-02.txt,61.404,0.250,15.351,5,16.125,105.04,3.225,6.078,0.328
77,ec.gp.GPIndividual@1519767335{-509687555},3C_20_50-03.txt,30.993,0.250,7.748,2,2.328,30.05,1.164,6.078,0.328
77,ec.gp.GPIndividual@1519767335{-509687555},3C_20_66-01.txt,7.322,0.250,1.831,1,3.766,205.71,3.766,6.078,0.328
77,ec.gp.GPIndividual@1291260421{-2065257559},3C_20_50-02.txt,61.404,0.250,15.351,8,17.047,111.05,2.131,6.031,0.172
77,ec.gp.GPIndividual@1291260421{-2065257559},3C_20_50-03.txt,30.993,0.250,7.748,1,0.156,2.02,0.156,6.031,0.156
77,ec.gp.GPIndividual@1291260421{-2065257559},3C_20_80-01.txt,4.194,0.250,1.049,2,1.844,175.83,0.922,6.031,0.156
77,ec.gp.GPIndividual@1291260421{-2065257559},3C_20_66-02.txt,154.245,0.250,38.561,5,21.281,55.19,4.256,14.719,0.156
77,ec.gp.GPIndividual@1291260421{-2065257559},3C_20_80-02.txt,35.738,0.250,8.935,4,9.250,103.53,2.313,14.719,0.156
77,ec.gp.GPIndividual@1291260421{-2065257559},3C_20_80-03.txt,169.439,0.250,42.360,9,35.453,83.70,3.939,14.719,0.156
77,ec.gp.GPIndividual@214525645{1542553068},3C_20_50-02.txt,61.404,0.250,15.351,3,2.922,19.03,0.974,1.859,0.531
77,ec.gp.GPIndividual@214525645{1542553068},3C_20_50-03.txt,30.993,0.250,7.748,2,9.766,126.04,4.883,6.609,0.531
77,ec.gp.GPIndividual@826842742{846219044},3C_20_50-02.txt,61.404,0.250,15.351,3,22.609,147.28,7.536,12.234,0.516
77,ec.gp.GPIndividual@826842742{846219044},3C_20_66-01.txt,7.322,0.250,1.831,1,9.141,499.34,9.141,12.234,0.516
77,ec.gp.GPIndividual@826842742{846219044},3C_20_66-03.txt,118.340,0.250,29.585,3,3.969,13.41,1.323,12.234,0.516
77,ec.gp.GPIndividual@826842742{846219044},3C_20_66-01.txt,7.322,0.250,1.831,2,1.906,104.14,0.953,12.234,0.156
77,ec.gp.GPIndividual@826842742{846219044},3C_20_50-03.txt,30.993,0.250,7.748,1,13.922,179.68,13.922,13.922,0.156
77,ec.gp.GPIndividual@826842742{846219044},3C_20_66-01.txt,7.322,0.250,1.831,2,2.031,110.96,1.016,13.922,0.156
77,ec.gp.GPIndividual@826842742{846219044},3C_20_66-02.txt,154.245,0.250,38.561,4,3.953,10.25,0.988,13.922,0.156
77,ec.gp.GPIndividual@826842742{846219044},3C_20_66-02.txt,154.245,0.250,38.561,10,25.781,66.86,2.578,13.922,0.156
77,ec.gp.GPIndividual@826842742{846219044},3C_20_66-03.txt,118.340,0.250,29.585,6,19.828,67.02,3.305,13.922,0.156
77,ec.gp.GPIndividual@826842742{846219044},3C_20_80-01.txt,4.194,0.250,1.049,3,1.063,101.32,0.354,13.922,0.156
77,ec.gp.GPIndividual@826842742{846219044},3C_20_80-02.txt,35.738,0.250,8.935,1,11.469,128.36,11.469,13.922,0.156
77,ec.gp.GPIndividual@826842742{846219044},3C_20_66-01.txt,7.322,0.250,1.831,1,7.313,399.47,7.313,13.922,0.156
77,ec.gp.GPIndividual@826842742{846219044},3C_20_66-01.txt,7.322,0.250,1.831,4,8.828,482.27,2.207,13.922,0.156
77,ec.gp.GPIndividual@826842742{846219044},3C_20_66-03.txt,118.340,0.250,29.585,1,2.266,7.66,2.266,13.922,0.156
77,ec.gp.GPIndividual@826842742{846219044},3C_20_80-03.txt,169.439,0.250,42.360,1,9.156,21.62,9.156,13.922,0.156
77,ec.gp.GPIndividual@826842742{846219044},3C_20_80-01.txt,4.194,0.250,1.049,1,1.344,128.14,1.344,13.922,0.156
77,ec.gp.GPIndividual@826842742{846219044},3C_20_66-02.txt,154.245,0.250,38.561,1,1.344,3.48,1.344,13.922,0.156
77,ec.gp.GPIndividual@826842742{846219044},3C_20_66-02.txt,154.245,0.250,38.561,2,11.828,30.67,5.914,13.922,0.156
77,ec.gp.GPIndividual@826842742{846219044},3C_20_66-02.txt,154.245,0.250,38.561,7,13.625,35.33,1.946,13.922,0.156
77,ec.gp.GPIndividual@826842742{846219044},3C_20_66-03.txt,118.340,0.250,29.585,3,8.266,27.94,2.755,13.922,0.156
77,ec.gp.GPIndividual@313028136{-2065257559},3C_20_50-02.txt,61.404,0.250,15.351,9,15.297,99.65,1.700,6.047,0.172
77,ec.gp.GPIndividual@313028136{-2065257559},3C_20_66-03.txt,118.340,0.250,29.585,1,1.016,3.43,1.016,6.047,0.172
77,ec.gp.GPIndividual@313028136{-2065257559},3C_20_66-03.txt,118.340,0.250,29.585,1,0.500,1.69,0.500,6.047,0.172
77,ec.gp.GPIndividual@313028136{-2065257559},3C_20_50-03.txt,30.993,0.250,7.748,2,5.297,68.36,2.648,6.047,0.172
77,ec.gp.GPIndividual@313028136{-2065257559},3C_20_80-01.txt,4.194,0.250,1.049,1,5.938,566.22,5.938,6.047,0.172
77,ec.gp.GPIndividual@313028136{-2065257559},3C_20_80-01.txt,4.194,0.250,1.049,4,1.516,144.53,0.379,6.047,0.172
77,ec.gp.GPIndividual@313028136{-2065257559},3C_20_80-02.txt,35.738,0.250,8.935,2,4.547,50.89,2.273,6.047,0.172
77,ec.gp.GPIndividual@313028136{-2065257559},3C_20_80-02.txt,35.738,0.250,8.935,1,2.328,26.06,2.328,6.047,0.172
77,ec.gp.GPIndividual@313028136{-2065257559},3C_20_80-03.txt,169.439,0.250,42.360,5,28.234,66.65,5.647,11.422,0.172
77,ec.gp.GPIndividual@313028136{-2065257559},3C_20_80-02.txt,35.738,0.250,8.935,4,10.000,111.93,2.500,11.422,0.172
77,ec.gp.GPIndividual@313028136{-2065257559},3C_20_80-01.txt,4.194,0.250,1.049,1,2.313,220.53,2.313,11.422,0.172
77,ec.gp.GPIndividual@313028136{-2065257559},3C_20_80-03.txt,169.439,0.250,42.360,3,5.922,13.98,1.974,11.422,0.172
77,ec.gp.GPIndividual@313028136{-2065257559},3C_20_80-03.txt,169.439,0.250,42.360,1,1.703,4.02,1.703,11.422,0.172
77,ec.gp.GPIndividual@313028136{-2065257559},3C_20_80-01.txt,4.194,0.250,1.049,1,6.016,573.67,6.016,11.422,0.172
77,ec.gp.GPIndividual@1131268683{-892072533},3C_20_50-02.txt,61.404,0.250,15.351,11,20.359,132.62,1.851,6.234,0.484
77,ec.gp.GPIndividual@1448177972{-741353628},3C_20_50-02.txt,61.404,0.250,15.351,1,0.500,3.26,0.500,0.500,0.500
77,ec.gp.GPIndividual@1448177972{-741353628},3C_20_50-03.txt,30.993,0.250,7.748,4,10.109,130.47,2.527,6.234,0.500
77,ec.gp.GPIndividual@1448177972{-741353628},3C_20_80-02.txt,35.738,0.250,8.935,1,0.703,7.87,0.703,6.234,0.500
77,ec.gp.GPIndividual@847733551{737409848},3C_20_50-02.txt,61.404,0.250,15.351,2,1.844,12.01,0.922,1.531,0.313
77,ec.gp.GPIndividual@847733551{737409848},3C_20_80-02.txt,35.738,0.250,8.935,5,8.484,94.96,1.697,2.125,0.313
77,ec.gp.GPIndividual@847733551{737409848},3C_20_50-03.txt,30.993,0.250,7.748,5,6.469,83.49,1.294,3.234,0.313
77,ec.gp.GPIndividual@847733551{737409848},3C_20_80-03.txt,169.439,0.250,42.360,1,0.500,1.18,0.500,3.234,0.313
77,ec.gp.GPIndividual@847733551{737409848},3C_20_50-03.txt,30.993,0.250,7.748,1,1.063,13.71,1.063,3.234,0.313
77,ec.gp.GPIndividual@847733551{737409848},3C_20_80-03.txt,169.439,0.250,42.360,1,1.891,4.46,1.891,3.234,0.313
77,ec.gp.GPIndividual@847733551{737409848},3C_20_66-01.txt,7.322,0.250,1.831,3,4.672,255.22,1.557,3.266,0.313
77,ec.gp.GPIndividual@847733551{737409848},3C_20_66-02.txt,154.245,0.250,38.561,6,32.844,85.17,5.474,15.203,0.313
77,ec.gp.GPIndividual@847733551{737409848},3C_20_66-01.txt,7.322,0.250,1.831,1,6.141,335.45,6.141,15.203,0.313
77,ec.gp.GPIndividual@1402249689{-586394791},3C_20_50-02.txt,61.404,0.250,15.351,7,15.922,103.72,2.275,4.828,0.531
77,ec.gp.GPIndividual@1179228900{418349764},3C_20_50-02.txt,61.404,0.250,15.351,4,7.078,46.11,1.770,3.219,0.516
77,ec.gp.GPIndividual@1179228900{418349764},3C_20_66-02.txt,154.245,0.250,38.561,2,11.719,30.39,5.859,8.188,0.516
77,ec.gp.GPIndividual@1179228900{418349764},3C_20_66-01.txt,7.322,0.250,1.831,1,1.906,104.14,1.906,8.188,0.516
77,ec.gp.GPIndividual@1179228900{418349764},3C_20_50-03.txt,30.993,0.250,7.748,5,7.953,102.65,1.591,8.188,0.516
77,ec.gp.GPIndividual@1179228900{418349764},3C_20_50-03.txt,30.993,0.250,7.748,1,0.328,4.23,0.328,8.188,0.328
77,ec.gp.GPIndividual@1179228900{418349764},3C_20_66-02.txt,154.245,0.250,38.561,1,1.547,4.01,1.547,8.188,0.328
77,ec.gp.GPIndividual@1179228900{418349764},3C_20_66-03.txt,118.340,0.250,29.585,2,8.797,29.73,4.398,8.188,0.328
77,ec.gp.GPIndividual@1179228900{418349764},3C_20_66-03.txt,118.340,0.250,29.585,9,32.891,111.17,3.655,8.188,0.328
77,ec.gp.GPIndividual@1179228900{418349764},3C_20_66-01.txt,7.322,0.250,1.831,1,1.281,69.99,1.281,8.188,0.328
77,ec.gp.GPIndividual@1179228900{418349764},3C_20_80-01.txt,4.194,0.250,1.049,1,0.672,64.07,0.672,8.188,0.328
77,ec.gp.GPIndividual@1179228900{418349764},3C_20_66-03.txt,118.340,0.250,29.585,4,11.219,37.92,2.805,8.188,0.328
77,ec.gp.GPIndividual@1179228900{418349764},3C_20_66-01.txt,7.322,0.250,1.831,2,2.516,137.42,1.258,8.188,0.328
77,ec.gp.GPIndividual@1179228900{418349764},3C_20_80-02.txt,35.738,0.250,8.935,3,7.828,87.62,2.609,8.188,0.313
77,ec.gp.GPIndividual@1179228900{418349764},3C_20_66-01.txt,7.322,0.250,1.831,2,4.703,256.92,2.352,8.188,0.313
77,ec.gp.GPIndividual@1179228900{418349764},3C_20_80-01.txt,4.194,0.250,1.049,3,1.344,128.14,0.448,8.188,0.172
77,ec.gp.GPIndividual@1179228900{418349764},3C_20_66-02.txt,154.245,0.250,38.561,7,9.563,24.80,1.366,8.188,0.172
77,ec.gp.GPIndividual@1179228900{418349764},3C_20_80-03.txt,169.439,0.250,42.360,16,40.203,94.91,2.513,8.188,0.172
77,ec.gp.GPIndividual@1696648954{519719313},3C_20_50-02.txt,61.404,0.250,15.351,6,17.500,114.00,2.917,8.188,0.516
77,ec.gp.GPIndividual@1696648954{519719313},3C_20_80-01.txt,4.194,0.250,1.049,1,10.203,973.00,10.203,10.203,0.516
77,ec.gp.GPIndividual@1696648954{519719313},3C_20_66-02.txt,154.245,0.250,38.561,4,17.422,45.18,4.355,10.516,0.500
77,ec.gp.GPIndividual@1696648954{519719313},3C_20_50-03.txt,30.993,0.250,7.748,2,2.969,38.32,1.484,10.516,0.500
77,ec.gp.GPIndividual@1696648954{519719313},3C_20_66-02.txt,154.245,0.250,38.561,1,3.297,8.55,3.297,10.516,0.500
77,ec.gp.GPIndividual@1696648954{519719313},3C_20_80-02.txt,35.738,0.250,8.935,6,8.766,98.11,1.461,10.516,0.172
77,ec.gp.GPIndividual@1696648954{519719313},3C_20_80-02.txt,35.738,0.250,8.935,3,6.656,74.50,2.219,10.516,0.172
77,ec.gp.GPIndividual@1696648954{519719313},3C_20_80-03.txt,169.439,0.250,42.360,2,2.688,6.34,1.344,10.516,0.172
77,ec.gp.GPIndividual@1696648954{519719313},3C_20_66-01.txt,7.322,0.250,1.831,2,1.719,93.89,0.859,10.516,0.172
77,ec.gp.GPIndividual@1696648954{519719313},3C_20_66-03.txt,118.340,0.250,29.585,12,29.953,101.24,2.496,10.516,0.172
77,ec.gp.GPIndividual@1696648954{519719313},3C_20_80-03.txt,169.439,0.250,42.360,1,0.516,1.22,0.516,10.516,0.172
77,ec.gp.GPIndividual@1696648954{519719313},3C_20_66-02.txt,154.245,0.250,38.561,1,1.203,3.12,1.203,10.516,0.172
77,ec.gp.GPIndividual@489212121{1917724363},3C_20_50-02.txt,61.404,0.250,15.351,7,15.375,100.16,2.196,6.234,0.172
77,ec.gp.GPIndividual@489212121{1917724363},3C_20_50-03.txt,30.993,0.250,7.748,1,1.031,13.31,1.031,6.234,0.172
77,ec.gp.GPIndividual@489212121{1917724363},3C_20_66-03.txt,118.340,0.250,29.585,3,14.344,48.48,4.781,8.609,0.172
77,ec.gp.GPIndividual@489212121{1917724363},3C_20_66-03.txt,118.340,0.250,29.585,3,12.813,43.31,4.271,8.609,0.172
77,ec.gp.GPIndividual@489212121{1917724363},3C_20_80-01.txt,4.194,0.250,1.049,3,1.063,101.32,0.354,8.609,0.172
77,ec.gp.GPIndividual@489212121{1917724363},3C_20_80-02.txt,35.738,0.250,8.935,2,7.422,83.07,3.711,8.609,0.172
77,ec.gp.GPIndividual@489212121{1917724363},3C_20_80-01.txt,4.194,0.250,1.049,1,4.516,430.62,4.516,8.609,0.172
77,ec.gp.GPIndividual@489212121{1917724363},3C_20_66-01.txt,7.322,0.250,1.831,2,6.609,361.06,3.305,8.609,0.172
77,ec.gp.GPIndividual@489212121{1917724363},3C_20_80-01.txt,4.194,0.250,1.049,1,2.266,216.06,2.266,8.609,0.172
77,ec.gp.GPIndividual@489212121{1917724363},3C_20_80-03.txt,169.439,0.250,42.360,3,1.922,4.54,0.641,8.609,0.172
77,ec.gp.GPIndividual@489212121{1917724363},3C_20_80-02.txt,35.738,0.250,8.935,6,16.531,185.03,2.755,9.641,0.172
77,ec.gp.GPIndividual@2056785787{-2065257559},3C_20_50-02.txt,61.404,0.250,15.351,1,0.875,5.70,0.875,0.875,0.875
77,ec.gp.GPIndividual@2056785787{-2065257559},3C_20_80-02.txt,35.738,0.250,8.935,3,12.875,144.10,4.292,11.031,0.500
77,ec.gp.GPIndividual@2056785787{-2065257559},3C_20_66-03.txt,118.340,0.250,29.585,9,16.578,56.04,1.842,11.031,0.500
77,ec.gp.GPIndividual@2056785787{-2065257559},3C_20_50-03.txt,30.993,0.250,7.748,4,10.625,137.13,2.656,11.031,0.500
77,ec.gp.GPIndividual@2056785787{-2065257559},3C_20_80-01.txt,4.194,0.250,1.049,2,4.891,466.39,2.445,11.031,0.500
77,ec.gp.GPIndividual@2056785787{-2065257559},3C_20_80-03.txt,169.439,0.250,42.360,1,1.547,3.65,1.547,11.031,0.500
77,ec.gp.GPIndividual@2056785787{-2065257559},3C_20_80-03.txt,169.439,0.250,42.360,12,44.438,104.91,3.703,11.031,0.359
77,ec.gp.GPIndividual@1841003121{-29691305},3C_20_50-02.txt,61.404,0.250,15.351,1,0.156,1.02,0.156,0.156,0.156
77,ec.gp.GPIndividual@1841003121{-29691305},3C_20_80-02.txt,35.738,0.250,8.935,4,9.469,105.98,2.367,4.906,0.156
77,ec.gp.GPIndividual@1841003121{-29691305},3C_20_50-03.txt,30.993,0.250,7.748,2,7.969,102.85,3.984,7.266,0.156
77,ec.gp.GPIndividual@1841003121{-29691305},3C_20_66-02.txt,154.245,0.250,38.561,1,1.625,4.21,1.625,7.266,0.156
77,ec.gp.GPIndividual@395370471{1301616033},3C_20_50-02.txt,61.404,0.250,15.351,7,24.594,160.21,3.513,13.750,0.500
77,ec.gp.GPIndividual@1191834952{1052486490},3C_20_50-02.txt,61.404,0.250,15.351,0,0.000,0.00,0.000,0.000,0.000
77,ec.gp.GPIndividual@1191834952{1052486490},3C_20_50-03.txt,30.993,0.250,7.748,0,0.000,0.00,0.000,0.000,0.000
77,ec.gp.GPIndividual@1191834952{1052486490},3C_20_66-01.txt,7.322,0.250,1.831,0,0.000,0.00,0.000,0.000,0.000
77,ec.gp.GPIndividual@1191834952{1052486490},3C_20_66-02.txt,154.245,0.250,38.561,0,0.000,0.00,0.000,0.000,0.000
77,ec.gp.GPIndividual@1191834952{1052486490},3C_20_66-03.txt,118.340,0.250,29.585,0,0.000,0.00,0.000,0.000,0.000
77,ec.gp.GPIndividual@1191834952{1052486490},3C_20_80-01.txt,4.194,0.250,1.049,0,0.000,0.00,0.000,0.000,0.000
77,ec.gp.GPIndividual@1191834952{1052486490},3C_20_80-02.txt,35.738,0.250,8.935,0,0.000,0.00,0.000,0.000,0.000
77,ec.gp.GPIndividual@1191834952{1052486490},3C_20_80-03.txt,169.439,0.250,42.360,1,11.375,26.85,11.375,11.375,11.375
77,ec.gp.GPIndividual@1022737834{-894536217},3C_20_50-02.txt,61.404,0.250,15.351,11,15.797,102.90,1.436,4.172,0.328
77,ec.gp.GPIndividual@1022737834{-894536217},3C_20_50-03.txt,30.993,0.250,7.748,6,7.828,101.03,1.305,4.172,0.141
77,ec.gp.GPIndividual@1022737834{-894536217},3C_20_66-03.txt,118.340,0.250,29.585,3,9.172,31.00,3.057,6.219,0.141
77,ec.gp.GPIndividual@1022737834{-894536217},3C_20_66-01.txt,7.322,0.250,1.831,2,6.406,349.96,3.203,6.219,0.141
77,ec.gp.GPIndividual@1022737834{-894536217},3C_20_66-01.txt,7.322,0.250,1.831,3,2.156,117.79,0.719,6.219,0.141
77,ec.gp.GPIndividual@1022737834{-894536217},3C_20_66-01.txt,7.322,0.250,1.831,5,3.406,186.08,0.681,6.219,0.141
77,ec.gp.GPIndividual@1022737834{-894536217},3C_20_66-02.txt,154.245,0.250,38.561,2,4.063,10.54,2.031,6.219,0.141
77,ec.gp.GPIndividual@1022737834{-894536217},3C_20_66-02.txt,154.245,0.250,38.561,7,17.625,45.71,2.518,6.219,0.141
77,ec.gp.GPIndividual@1022737834{-894536217},3C_20_66-03.txt,118.340,0.250,29.585,4,18.313,61.90,4.578,11.563,0.141
77,ec.gp.GPIndividual@1022737834{-894536217},3C_20_80-03.txt,169.439,0.250,42.360,2,8.078,19.07,4.039,11.563,0.141
77,ec.gp.GPIndividual@1022737834{-894536217},3C_20_80-01.txt,4.194,0.250,1.049,3,1.063,101.32,0.354,11.563,0.141
77,ec.gp.GPIndividual@1022737834{-894536217},3C_20_80-02.txt,35.738,0.250,8.935,1,10.859,121.54,10.859,11.563,0.141
77,ec.gp.GPIndividual@1022737834{-894536217},3C_20_66-02.txt,154.245,0.250,38.561,3,22.734,58.96,7.578,14.438,0.141
77,ec.gp.GPIndividual@1022737834{-894536217},3C_20_80-03.txt,169.439,0.250,42.360,5,21.969,51.86,4.394,14.438,0.141
77,ec.gp.GPIndividual@422062841{-199658810},3C_20_50-02.txt,61.404,0.250,15.351,0,0.000,0.00,0.000,0.000,0.000
77,ec.gp.GPIndividual@422062841{-199658810},3C_20_50-03.txt,30.993,0.250,7.748,0,0.000,0.00,0.000,0.000,0.000
77,ec.gp.GPIndividual@422062841{-199658810},3C_20_66-01.txt,7.322,0.250,1.831,0,0.000,0.00,0.000,0.000,0.000
77,ec.gp.GPIndividual@422062841{-199658810},3C_20_66-02.txt,154.245,0.250,38.561,0,0.000,0.00,0.000,0.000,0.000
77,ec.gp.GPIndividual@422062841{-199658810},3C_20_66-03.txt,118.340,0.250,29.585,0,0.000,0.00,0.000,0.000,0.000
77,ec.gp.GPIndividual@422062841{-199658810},3C_20_80-01.txt,4.194,0.250,1.049,0,0.000,0.00,0.000,0.000,0.000
77,ec.gp.GPIndividual@422062841{-199658810},3C_20_80-02.txt,35.738,0.250,8.935,0,0.000,0.00,0.000,0.000,0.000
77,ec.gp.GPIndividual@422062841{-199658810},3C_20_80-03.txt,169.439,0.250,42.360,0,0.000,0.00,0.000,0.000,0.000
77,ec.gp.GPIndividual@80085189{1694562689},3C_20_50-02.txt,61.404,0.250,15.351,1,0.297,1.93,0.297,0.297,0.297
77,ec.gp.GPIndividual@80085189{1694562689},3C_20_50-03.txt,30.993,0.250,7.748,2,15.328,197.83,7.664,12.750,0.297
77,ec.gp.GPIndividual@80085189{1694562689},3C_20_66-03.txt,118.340,0.250,29.585,1,6.688,22.60,6.688,12.750,0.297
77,ec.gp.GPIndividual@80085189{1694562689},3C_20_80-01.txt,4.194,0.250,1.049,1,3.125,298.01,3.125,12.750,0.297
77,ec.gp.GPIndividual@80085189{1694562689},3C_20_66-01.txt,7.322,0.250,1.831,4,2.031,110.96,0.508,12.750,0.281
77,ec.gp.GPIndividual@80085189{1694562689},3C_20_80-02.txt,35.738,0.250,8.935,2,2.391,26.76,1.195,12.750,0.266
77,ec.gp.GPIndividual@80085189{1694562689},3C_20_80-01.txt,4.194,0.250,1.049,2,1.172,111.75,0.586,12.750,0.266
77,ec.gp.GPIndividual@80085189{1694562689},3C_20_66-02.txt,154.245,0.250,38.561,2,3.359,8.71,1.680,12.750,0.250
77,ec.gp.GPIndividual@80085189{1694562689},3C_20_66-01.txt,7.322,0.250,1.831,4,1.938,105.84,0.484,12.750,0.125
77,ec.gp.GPIndividual@80085189{1694562689},3C_20_80-03.txt,169.439,0.250,42.360,2,1.672,3.95,0.836,12.750,0.125
77,ec.gp.GPIndividual@80085189{1694562689},3C_20_66-02.txt,154.245,0.250,38.561,6,11.563,29.98,1.927,12.750,0.125
77,ec.gp.GPIndividual@80085189{1694562689},3C_20_66-03.txt,118.340,0.250,29.585,6,15.813,53.45,2.635,12.750,0.125
77,ec.gp.GPIndividual@80085189{1694562689},3C_20_80-01.txt,4.194,0.250,1.049,1,0.453,43.21,0.453,12.750,0.125
77,ec.gp.GPIndividual@80085189{1694562689},3C_20_80-02.txt,35.738,0.250,8.935,1,1.531,17.14,1.531,12.750,0.125
77,ec.gp.GPIndividual@80085189{1694562689},3C_20_80-03.txt,169.439,0.250,42.360,3,27.703,65.40,9.234,12.750,0.125
77,ec.gp.GPIndividual@80085189{1694562689},3C_20_80-02.txt,35.738,0.250,8.935,1,10.313,115.42,10.313,12.750,0.125
77,ec.gp.GPIndividual@80085189{1694562689},3C_20_80-01.txt,4.194,0.250,1.049,2,5.859,558.77,2.930,12.750,0.125
77,ec.gp.GPIndividual@500973554{2107059342},3C_20_50-02.txt,61.404,0.250,15.351,13,15.328,99.85,1.179,1.984,0.266
77,ec.gp.GPIndividual@500973554{2107059342},3C_20_80-03.txt,169.439,0.250,42.360,1,2.719,6.42,2.719,2.719,0.266
77,ec.gp.GPIndividual@500973554{2107059342},3C_20_80-02.txt,35.738,0.250,8.935,5,16.578,185.55,3.316,10.594,0.266
77,ec.gp.GPIndividual@500973554{2107059342},3C_20_66-03.txt,118.340,0.250,29.585,1,1.203,4.07,1.203,10.594,0.266
77,ec.gp.GPIndividual@500973554{2107059342},3C_20_80-03.txt,169.439,0.250,42.360,7,38.250,90.30,5.464,13.625,0.266
77,ec.gp.GPIndividual@979007078{-974906235},3C_20_50-02.txt,61.404,0.250,15.351,5,15.594,101.58,3.119,9.063,0.438
77,ec.gp.GPIndividual@979007078{-974906235},3C_20_80-01.txt,4.194,0.250,1.049,4,1.266,120.69,0.316,9.063,0.141
77,ec.gp.GPIndividual@979007078{-974906235},3C_20_50-03.txt,30.993,0.250,7.748,2,2.500,32.27,1.250,9.063,0.141
77,ec.gp.GPIndividual@1737950029{1823513885},3C_20_50-02.txt,61.404,0.250,15.351,3,15.953,103.92,5.318,14.625,0.438
77,ec.gp.GPIndividual@921676186{2043414648},3C_20_50-02.txt,61.404,0.250,15.351,4,3.391,22.09,0.848,1.375,0.266
77,ec.gp.GPIndividual@921676186{2043414648},3C_20_50-03.txt,30.993,0.250,7.748,2,19.563,252.48,9.781,16.344,0.266
77,ec.gp.GPIndividual@921676186{2043414648},3C_20_50-03.txt,30.993,0.250,7.748,2,1.578,20.37,0.789,16.344,0.266
77,ec.gp.GPIndividual@921676186{2043414648},3C_20_50-03.txt,30.993,0.250,7.748,3,7.953,102.65,2.651,16.344,0.266
77,ec.gp.GPIndividual@921676186{2043414648},3C_20_66-01.txt,7.322,0.250,1.831,3,2.094,114.38,0.698,16.344,0.266
77,ec.gp.GPIndividual@921676186{2043414648},3C_20_66-02.txt,154.245,0.250,38.561,7,14.391,37.32,2.056,16.344,0.266
77,ec.gp.GPIndividual@921676186{2043414648},3C_20_66-03.txt,118.340,0.250,29.585,5,16.719,56.51,3.344,16.344,0.266
77,ec.gp.GPIndividual@921676186{2043414648},3C_20_80-01.txt,4.194,0.250,1.049,4,6.594,628.80,1.648,16.344,0.141
77,ec.gp.GPIndividual@921676186{2043414648},3C_20_66-01.txt,7.322,0.250,1.831,2,5.844,319.24,2.922,16.344,0.125
77,ec.gp.GPIndividual@921676186{2043414648},3C_20_66-01.txt,7.322,0.250,1.831,5,1.953,106.70,0.391,16.344,0.125
77,ec.gp.GPIndividual@921676186{2043414648},3C_20_66-02.txt,154.245,0.250,38.561,3,8.016,20.79,2.672,16.344,0.125
77,ec.gp.GPIndividual@921676186{2043414648},3C_20_66-01.txt,7.322,0.250,1.831,3,2.984,163.03,0.995,16.344,0.125
77,ec.gp.GPIndividual@921676186{2043414648},3C_20_66-02.txt,154.245,0.250,38.561,0,0.000,0.00,0.000,16.344,0.125
77,ec.gp.GPIndividual@921676186{2043414648},3C_20_80-02.txt,35.738,0.250,8.935,3,3.266,36.55,1.089,16.344,0.125
77,ec.gp.GPIndividual@921676186{2043414648},3C_20_66-02.txt,154.245,0.250,38.561,1,1.609,4.17,1.609,16.344,0.125
77,ec.gp.GPIndividual@921676186{2043414648},3C_20_80-03.txt,169.439,0.250,42.360,9,20.344,48.03,2.260,16.344,0.125
77,ec.gp.GPIndividual@921676186{2043414648},3C_20_66-03.txt,118.340,0.250,29.585,3,7.109,24.03,2.370,16.344,0.125
77,ec.gp.GPIndividual@1265914801{-529998189},3C_20_50-02.txt,61.404,0.250,15.351,4,2.000,13.03,0.500,0.875,0.156
77,ec.gp.GPIndividual@1265914801{-529998189},3C_20_50-03.txt,30.993,0.250,7.748,7,7.422,95.79,1.060,1.813,0.156
77,ec.gp.GPIndividual@1265914801{-529998189},3C_20_66-01.txt,7.322,0.250,1.831,1,0.438,23.90,0.438,1.813,0.156
77,ec.gp.GPIndividual@1265914801{-529998189},3C_20_66-02.txt,154.245,0.250,38.561,3,2.578,6.69,0.859,1.813,0.156
77,ec.gp.GPIndividual@1265914801{-529998189},3C_20_66-03.txt,118.340,0.250,29.585,2,11.594,39.19,5.797,8.922,0.156
77,ec.gp.GPIndividual@1265914801{-529998189},3C_20_80-01.txt,4.194,0.250,1.049,6,1.109,105.79,0.185,8.922,0.078
77,ec.gp.GPIndividual@1265914801{-529998189},3C_20_80-02.txt,35.738,0.250,8.935,1,0.906,10.14,0.906,8.922,0.078
77,ec.gp.GPIndividual@1265914801{-529998189},3C_20_80-03.txt,169.439,0.250,42.360,1,2.578,6.09,2.578,8.922,0.078
77,ec.gp.GPIndividual@1754442001{1069266086},3C_20_50-02.txt,61.404,0.250,15.351,1,1.922,12.52,1.922,1.922,1.922
77,ec.gp.GPIndividual@1742694600{-1325595256},3C_20_50-02.txt,61.404,0.250,15.351,6,1.375,8.96,0.229,0.484,0.078
77,ec.gp.GPIndividual@1742694600{-1325595256},3C_20_50-03.txt,30.993,0.250,7.748,7,7.422,95.79,1.060,2.094,0.078
77,ec.gp.GPIndividual@1742694600{-1325595256},3C_20_50-03.txt,30.993,0.250,7.748,1,1.234,15.93,1.234,2.094,0.078
77,ec.gp.GPIndividual@1742694600{-1325595256},3C_20_66-01.txt,7.322,0.250,1.831,3,1.844,100.72,0.615,2.094,0.078
77,ec.gp.GPIndividual@1742694600{-1325595256},3C_20_66-01.txt,7.322,0.250,1.831,5,1.578,86.21,0.316,2.094,0.078
77,ec.gp.GPIndividual@1742694600{-1325595256},3C_20_66-02.txt,154.245,0.250,38.561,12,30.953,80.27,2.579,11.469,0.078
77,ec.gp.GPIndividual@1742694600{-1325595256},3C_20_66-03.txt,118.340,0.250,29.585,5,30.031,101.51,6.006,11.469,0.078
77,ec.gp.GPIndividual@1742694600{-1325595256},3C_20_80-01.txt,4.194,0.250,1.049,1,4.219,402.31,4.219,11.469,0.078
77,ec.gp.GPIndividual@1742694600{-1325595256},3C_20_66-02.txt,154.245,0.250,38.561,13,29.969,77.72,2.305,13.172,0.078
77,ec.gp.GPIndividual@1742694600{-1325595256},3C_20_80-02.txt,35.738,0.250,8.935,6,4.938,55.26,0.823,13.172,0.078
77,ec.gp.GPIndividual@1742694600{-1325595256},3C_20_80-03.txt,169.439,0.250,42.360,4,32.281,76.21,8.070,13.172,0.078
78,ec.gp.GPIndividual@1878287054{1002076115},3C_20_50-02.txt,61.404,0.250,15.351,0,0.000,0.00,0.000,0.000,0.000
78,ec.gp.GPIndividual@1878287054{1002076115},3C_20_50-03.txt,30.993,0.250,7.748,0,0.000,0.00,0.000,0.000,0.000
78,ec.gp.GPIndividual@1878287054{1002076115},3C_20_66-01.txt,7.322,0.250,1.831,0,0.000,0.00,0.000,0.000,0.000
78,ec.gp.GPIndividual@1878287054{1002076115},3C_20_66-02.txt,154.245,0.250,38.561,0,0.000,0.00,0.000,0.000,0.000
78,ec.gp.GPIndividual@1878287054{1002076115},3C_20_66-03.txt,118.340,0.250,29.585,0,0.000,0.00,0.000,0.000,0.000
78,ec.gp.GPIndividual@1878287054{1002076115},3C_20_80-01.txt,4.194,0.250,1.049,0,0.000,0.00,0.000,0.000,0.000
78,ec.gp.GPIndividual@1878287054{1002076115},3C_20_80-02.txt,35.738,0.250,8.935,0,0.000,0.00,0.000,0.000,0.000
78,ec.gp.GPIndividual@1878287054{1002076115},3C_20_80-03.txt,169.439,0.250,42.360,0,0.000,0.00,0.000,0.000,0.000
78,ec.gp.GPIndividual@905474748{-2065257559},3C_20_50-02.txt,61.404,0.250,15.351,13,12.531,81.63,0.964,1.906,0.203
78,ec.gp.GPIndividual@905474748{-2065257559},3C_20_50-03.txt,30.993,0.250,7.748,2,0.797,10.28,0.398,1.906,0.203
78,ec.gp.GPIndividual@905474748{-2065257559},3C_20_50-03.txt,30.993,0.250,7.748,2,3.359,43.36,1.680,2.063,0.203
78,ec.gp.GPIndividual@905474748{-2065257559},3C_20_50-03.txt,30.993,0.250,7.748,3,7.953,102.65,2.651,3.141,0.203
78,ec.gp.GPIndividual@905474748{-2065257559},3C_20_66-01.txt,7.322,0.250,1.831,1,1.250,68.29,1.250,3.141,0.203
78,ec.gp.GPIndividual@905474748{-2065257559},3C_20_50-03.txt,30.993,0.250,7.748,4,8.969,115.75,2.242,3.188,0.203
78,ec.gp.GPIndividual@905474748{-2065257559},3C_20_50-03.txt,30.993,0.250,7.748,4,6.625,85.50,1.656,3.188,0.203
78,ec.gp.GPIndividual@905474748{-2065257559},3C_20_50-03.txt,30.993,0.250,7.748,1,1.391,17.95,1.391,3.188,0.203
78,ec.gp.GPIndividual@905474748{-2065257559},3C_20_66-02.txt,154.245,0.250,38.561,1,1.406,3.65,1.406,3.188,0.203
78,ec.gp.GPIndividual@905474748{-2065257559},3C_20_66-01.txt,7.322,0.250,1.831,1,3.281,179.25,3.281,3.281,0.203
78,ec.gp.GPIndividual@905474748{-2065257559},3C_20_66-01.txt,7.322,0.250,1.831,1,2.563,139.99,2.563,3.281,0.203
78,ec.gp.GPIndividual@905474748{-2065257559},3C_20_66-01.txt,7.322,0.250,1.831,3,4.891,267.17,1.630,3.281,0.203
78,ec.gp.GPIndividual@905474748{-2065257559},3C_20_66-01.txt,7.322,0.250,1.831,1,0.141,7.68,0.141,3.281,0.141
78,ec.gp.GPIndividual@905474748{-2065257559},3C_20_66-02.txt,154.245,0.250,38.561,3,3.953,10.25,1.318,3.281,0.141
78,ec.gp.GPIndividual@905474748{-2065257559},3C_20_66-02.txt,154.245,0.250,38.561,5,7.859,20.38,1.572,3.281,0.141
78,ec.gp.GPIndividual@905474748{-2065257559},3C_20_66-03.txt,118.340,0.250,29.585,16,32.859,111.07,2.054,6.219,0.141
78,ec.gp.GPIndividual@905474748{-2065257559},3C_20_80-01.txt,4.194,0.250,1.049,1,1.453,138.57,1.453,6.219,0.141
78,ec.gp.GPIndividual@905474748{-2065257559},3C_20_66-03.txt,118.340,0.250,29.585,3,4.344,14.68,1.448,6.219,0.141
78,ec.gp.GPIndividual@905474748{-2065257559},3C_20_66-03.txt,118.340,0.250,29.585,1,3.141,10.62,3.141,6.219,0.141
78,ec.gp.GPIndividual@905474748{-2065257559},3C_20_66-02.txt,154.245,0.250,38.561,2,5.250,13.61,2.625,6.219,0.141
78,ec.gp.GPIndividual@905474748{-2065257559},3C_20_80-02.txt,35.738,0.250,8.935,2,4.922,55.09,2.461,6.219,0.141
78,ec.gp.GPIndividual@905474748{-2065257559},3C_20_80-03.txt,169.439,0.250,42.360,10,38.969,91.99,3.897,7.297,0.141
78,ec.gp.GPIndividual@1759003132{1414818445},3C_20_50-02.txt,61.404,0.250,15.351,6,15.109,98.43,2.518,10.031,0.172
78,ec.gp.GPIndividual@1759003132{1414818445},3C_20_66-02.txt,154.245,0.250,38.561,2,5.219,13.53,2.609,10.031,0.172
78,ec.gp.GPIndividual@1759003132{1414818445},3C_20_80-01.txt,4.194,0.250,1.049,2,0.875,83.44,0.438,10.031,0.172
78,ec.gp.GPIndividual@1759003132{1414818445},3C_20_80-02.txt,35.738,0.250,8.935,1,5.172,57.89,5.172,10.031,0.172
78,ec.gp.GPIndividual@1759003132{1414818445},3C_20_80-01.txt,4.194,0.250,1.049,1,2.281,217.55,2.281,10.031,0.172
78,ec.gp.GPIndividual@1759003132{1414818445},3C_20_66-03.txt,118.340,0.250,29.585,4,16.875,57.04,4.219,10.031,0.172
78,ec.gp.GPIndividual@1759003132{1414818445},3C_20_66-03.txt,118.340,0.250,29.585,2,3.047,10.30,1.523,10.031,0.172
78,ec.gp.GPIndividual@1759003132{1414818445},3C_20_80-02.txt,35.738,0.250,8.935,5,8.281,92.69,1.656,10.031,0.172
78,ec.gp.GPIndividual@1759003132{1414818445},3C_20_80-03.txt,169.439,0.250,42.360,1,1.219,2.88,1.219,10.031,0.172
78,ec.gp.GPIndividual@1759003132{1414818445},3C_20_80-03.txt,169.439,0.250,42.360,8,42.859,101.18,5.357,10.031,0.172
78,ec.gp.GPIndividual@1930163979{1689939076},3C_20_50-02.txt,61.404,0.250,15.351,2,2.719,17.71,1.359,2.359,0.359
78,ec.gp.GPIndividual@1930163979{1689939076},3C_20_80-01.txt,4.194,0.250,1.049,1,2.016,192.22,2.016,2.359,0.359
78,ec.gp.GPIndividual@1930163979{1689939076},3C_20_50-03.txt,30.993,0.250,7.748,2,4.484,57.88,2.242,3.969,0.359
78,ec.gp.GPIndividual@2122160759{1430905615},3C_20_50-02.txt,61.404,0.250,15.351,7,22.703,147.89,3.243,7.750,0.516
78,ec.gp.GPIndividual@2122160759{1430905615},3C_20_66-01.txt,7.322,0.250,1.831,3,2.594,141.69,0.865,7.750,0.328
78,ec.gp.GPIndividual@2122160759{1430905615},3C_20_80-02.txt,35.738,0.250,8.935,4,1.828,20.46,0.457,7.750,0.000
78,ec.gp.GPIndividual@2122160759{1430905615},3C_20_50-03.txt,30.993,0.250,7.748,2,4.000,51.63,2.000,7.750,0.000
78,ec.gp.GPIndividual@2122160759{1430905615},3C_20_80-01.txt,4.194,0.250,1.049,4,3.313,315.89,0.828,7.750,0.000
78,ec.gp.GPIndividual@2122160759{1430905615},3C_20_80-02.txt,35.738,0.250,8.935,0,0.000,0.00,0.000,7.750,0.000
78,ec.gp.GPIndividual@2122160759{1430905615},3C_20_80-03.txt,169.439,0.250,42.360,10,36.094,85.21,3.609,16.203,0.000
78,ec.gp.GPIndividual@2122160759{1430905615},3C_20_66-01.txt,7.322,0.250,1.831,1,4.375,239.00,4.375,16.203,0.000
78,ec.gp.GPIndividual@2122160759{1430905615},3C_20_66-01.txt,7.322,0.250,1.831,1,5.984,326.92,5.984,16.203,0.000
78,ec.gp.GPIndividual@604433411{-2065257559},3C_20_50-02.txt,61.404,0.250,15.351,10,15.453,100.66,1.545,5.531,0.156
78,ec.gp.GPIndividual@604433411{-2065257559},3C_20_66-02.txt,154.245,0.250,38.561,5,11.484,29.78,2.297,7.469,0.156
78,ec.gp.GPIndividual@604433411{-2065257559},3C_20_50-03.txt,30.993,0.250,7.748,6,7.875,101.64,1.313,7.469,0.156
78,ec.gp.GPIndividual@604433411{-2065257559},3C_20_66-03.txt,118.340,0.250,29.585,7,30.203,102.09,4.315,11.984,0.156
78,ec.gp.GPIndividual@604433411{-2065257559},3C_20_50-03.txt,30.993,0.250,7.748,2,14.188,183.11,7.094,11.984,0.156
78,ec.gp.GPIndividual@604433411{-2065257559},3C_20_66-02.txt,154.245,0.250,38.561,2,21.109,54.74,10.555,11.984,0.156
78,ec.gp.GPIndividual@604433411{-2065257559},3C_20_80-03.txt,169.439,0.250,42.360,11,42.438,100.18,3.858,11.984,0.156
78,ec.gp.GPIndividual@604433411{-2065257559},3C_20_66-02.txt,154.245,0.250,38.561,8,36.969,95.87,4.621,11.984,0.156
78,ec.gp.GPIndividual@604433411{-2065257559},3C_20_66-01.txt,7.322,0.250,1.831,3,1.953,106.70,0.651,11.984,0.156
78,ec.gp.GPIndividual@604433411{-2065257559},3C_20_66-03.txt,118.340,0.250,29.585,5,30.609,103.46,6.122,16.422,0.156
78,ec.gp.GPIndividual@604433411{-2065257559},3C_20_66-03.txt,118.340,0.250,29.585,5,20.719,70.03,4.144,16.422,0.156
78,ec.gp.GPIndividual@604433411{-2065257559},3C_20_80-01.txt,4.194,0.250,1.049,2,6.828,651.15,3.414,16.422,0.156
78,ec.gp.GPIndividual@604433411{-2065257559},3C_20_80-01.txt,4.194,0.250,1.049,1,1.625,154.97,1.625,16.422,0.156
78,ec.gp.GPIndividual@604433411{-2065257559},3C_20_66-02.txt,154.245,0.250,38.561,12,31.656,82.09,2.638,16.422,0.156
78,ec.gp.GPIndividual@222119856{-199658810},3C_20_50-02.txt,61.404,0.250,15.351,0,0.000,0.00,0.000,0.000,0.000
78,ec.gp.GPIndividual@222119856{-199658810},3C_20_50-03.txt,30.993,0.250,7.748,0,0.000,0.00,0.000,0.000,0.000
78,ec.gp.GPIndividual@222119856{-199658810},3C_20_66-01.txt,7.322,0.250,1.831,0,0.000,0.00,0.000,0.000,0.000
78,ec.gp.GPIndividual@222119856{-199658810},3C_20_66-02.txt,154.245,0.250,38.561,0,0.000,0.00,0.000,0.000,0.000
78,ec.gp.GPIndividual@222119856{-199658810},3C_20_66-03.txt,118.340,0.250,29.585,0,0.000,0.00,0.000,0.000,0.000
78,ec.gp.GPIndividual@222119856{-199658810},3C_20_80-01.txt,4.194,0.250,1.049,0,0.000,0.00,0.000,0.000,0.000
78,ec.gp.GPIndividual@222119856{-199658810},3C_20_80-02.txt,35.738,0.250,8.935,0,0.000,0.00,0.000,0.000,0.000
78,ec.gp.GPIndividual@222119856{-199658810},3C_20_80-03.txt,169.439,0.250,42.360,0,0.000,0.00,0.000,0.000,0.000
78,ec.gp.GPIndividual@1443379406{324030031},3C_20_50-02.txt,61.404,0.250,15.351,8,16.016,104.33,2.002,4.063,0.172
78,ec.gp.GPIndividual@1443379406{324030031},3C_20_80-02.txt,35.738,0.250,8.935,5,7.734,86.57,1.547,4.063,0.156
78,ec.gp.GPIndividual@1443379406{324030031},3C_20_50-03.txt,30.993,0.250,7.748,1,6.484,83.69,6.484,6.484,0.156
78,ec.gp.GPIndividual@1443379406{324030031},3C_20_66-01.txt,7.322,0.250,1.831,1,2.703,147.67,2.703,6.484,0.156
78,ec.gp.GPIndividual@1443379406{324030031},3C_20_80-02.txt,35.738,0.250,8.935,2,7.125,79.75,3.563,6.484,0.156
78,ec.gp.GPIndividual@1443379406{324030031},3C_20_66-03.txt,118.340,0.250,29.585,16,29.906,101.09,1.869,6.484,0.156
78,ec.gp.GPIndividual@1443379406{324030031},3C_20_80-01.txt,4.194,0.250,1.049,2,4.844,461.92,2.422,6.484,0.156
78,ec.gp.GPIndividual@1443379406{324030031},3C_20_66-01.txt,7.322,0.250,1.831,4,3.719,203.15,0.930,6.484,0.156
78,ec.gp.GPIndividual@1443379406{324030031},3C_20_80-03.txt,169.439,0.250,42.360,5,9.375,22.13,1.875,6.484,0.156
78,ec.gp.GPIndividual@1443379406{324030031},3C_20_80-02.txt,35.738,0.250,8.935,3,13.922,155.82,4.641,10.094,0.156
78,ec.gp.GPIndividual@1443379406{324030031},3C_20_80-01.txt,4.194,0.250,1.049,2,2.125,202.65,1.063,10.094,0.156
78,ec.gp.GPIndividual@1443379406{324030031},3C_20_66-02.txt,154.245,0.250,38.561,16,43.219,112.08,2.701,14.234,0.156
78,ec.gp.GPIndividual@1443379406{324030031},3C_20_80-03.txt,169.439,0.250,42.360,4,29.688,70.08,7.422,15.703,0.156
78,ec.gp.GPIndividual@1443379406{324030031},3C_20_80-03.txt,169.439,0.250,42.360,6,44.188,104.31,7.365,15.703,0.156
78,ec.gp.GPIndividual@1443379406{324030031},3C_20_66-02.txt,154.245,0.250,38.561,4,23.641,61.31,5.910,15.703,0.156
78,ec.gp.GPIndividual@1292294889{-2065257559},3C_20_50-02.txt,61.404,0.250,15.351,7,17.563,114.41,2.509,9.016,0.344
78,ec.gp.GPIndividual@402467480{-506542767},3C_20_50-02.txt,61.404,0.250,15.351,1,0.156,1.02,0.156,0.156,0.156
78,ec.gp.GPIndividual@402467480{-506542767},3C_20_50-03.txt,30.993,0.250,7.748,3,17.875,230.70,5.958,16.203,0.156
78,ec.gp.GPIndividual@402467480{-506542767},3C_20_80-02.txt,35.738,0.250,8.935,6,10.000,111.93,1.667,16.203,0.156
78,ec.gp.GPIndividual@402467480{-506542767},3C_20_50-03.txt,30.993,0.250,7.748,3,11.672,150.64,3.891,16.203,0.156
78,ec.gp.GPIndividual@713735313{-408331946},3C_20_50-02.txt,61.404,0.250,15.351,8,15.438,100.56,1.930,3.234,0.531
78,ec.gp.GPIndividual@713735313{-408331946},3C_20_80-03.txt,169.439,0.250,42.360,4,18.688,44.12,4.672,14.172,0.531
78,ec.gp.GPIndividual@713735313{-408331946},3C_20_66-03.txt,118.340,0.250,29.585,1,2.531,8.56,2.531,14.172,0.531
78,ec.gp.GPIndividual@713735313{-408331946},3C_20_50-03.txt,30.993,0.250,7.748,2,7.891,101.84,3.945,14.172,0.531
78,ec.gp.GPIndividual@713735313{-408331946},3C_20_66-01.txt,7.322,0.250,1.831,1,1.422,77.67,1.422,14.172,0.531
78,ec.gp.GPIndividual@713735313{-408331946},3C_20_66-03.txt,118.340,0.250,29.585,9,30.938,104.57,3.438,14.172,0.531
78,ec.gp.GPIndividual@713735313{-408331946},3C_20_80-01.txt,4.194,0.250,1.049,1,4.703,448.51,4.703,14.172,0.531
78,ec.gp.GPIndividual@713735313{-408331946},3C_20_66-01.txt,7.322,0.250,1.831,1,3.266,178.40,3.266,14.172,0.531
78,ec.gp.GPIndividual@713735313{-408331946},3C_20_80-01.txt,4.194,0.250,1.049,1,1.609,153.48,1.609,14.172,0.531
78,ec.gp.GPIndividual@713735313{-408331946},3C_20_66-02.txt,154.245,0.250,38.561,17,40.766,105.72,2.398,14.172,0.438
78,ec.gp.GPIndividual@713735313{-408331946},3C_20_80-02.txt,35.738,0.250,8.935,4,10.016,112.10,2.504,14.172,0.438
78,ec.gp.GPIndividual@713735313{-408331946},3C_20_66-01.txt,7.322,0.250,1.831,2,2.641,144.25,1.320,14.172,0.438
78,ec.gp.GPIndividual@713735313{-408331946},3C_20_80-02.txt,35.738,0.250,8.935,1,0.156,1.75,0.156,14.172,0.156
78,ec.gp.GPIndividual@713735313{-408331946},3C_20_66-03.txt,118.340,0.250,29.585,2,2.609,8.82,1.305,14.172,0.156
78,ec.gp.GPIndividual@713735313{-408331946},3C_20_66-02.txt,154.245,0.250,38.561,16,39.375,102.11,2.461,14.172,0.156
78,ec.gp.GPIndividual@713735313{-408331946},3C_20_80-01.txt,4.194,0.250,1.049,1,1.250,119.20,1.250,14.172,0.156
78,ec.gp.GPIndividual@713735313{-408331946},3C_20_80-03.txt,169.439,0.250,42.360,5,7.453,17.59,1.491,14.172,0.156
78,ec.gp.GPIndividual@713735313{-408331946},3C_20_66-02.txt,154.245,0.250,38.561,12,42.906,111.27,3.576,14.172,0.156
78,ec.gp.GPIndividual@713735313{-408331946},3C_20_80-02.txt,35.738,0.250,8.935,1,11.984,134.14,11.984,14.172,0.156
78,ec.gp.GPIndividual@1171612649{1002172732},3C_20_50-02.txt,61.404,0.250,15.351,3,19.172,124.89,6.391,16.281,0.344
78,ec.gp.GPIndividual@1171612649{1002172732},3C_20_80-03.txt,169.439,0.250,42.360,1,5.344,12.62,5.344,16.281,0.344
78,ec.gp.GPIndividual@1171612649{1002172732},3C_20_66-03.txt,118.340,0.250,29.585,5,19.891,67.23,3.978,16.281,0.344
78,ec.gp.GPIndividual@1171612649{1002172732},3C_20_50-03.txt,30.993,0.250,7.748,3,7.828,101.03,2.609,16.281,0.344
78,ec.gp.GPIndividual@1375823947{1358388943},3C_20_50-02.txt,61.404,0.250,15.351,5,17.906,116.64,3.581,6.563,0.547
78,ec.gp.GPIndividual@1375823947{1358388943},3C_20_80-01.txt,4.194,0.250,1.049,1,6.031,575.16,6.031,6.563,0.547
78,ec.gp.GPIndividual@1375823947{1358388943},3C_20_66-03.txt,118.340,0.250,29.585,12,31.547,106.63,2.629,6.563,0.484
78,ec.gp.GPIndividual@1375823947{1358388943},3C_20_80-02.txt,35.738,0.250,8.935,1,3.891,43.55,3.891,6.563,0.484
78,ec.gp.GPIndividual@1375823947{1358388943},3C_20_50-03.txt,30.993,0.250,7.748,1,9.844,127.05,9.844,9.844,0.484
78,ec.gp.GPIndividual@1375823947{1358388943},3C_20_80-01.txt,4.194,0.250,1.049,2,1.906,181.79,0.953,9.844,0.484
78,ec.gp.GPIndividual@1375823947{1358388943},3C_20_66-01.txt,7.322,0.250,1.831,1,9.672,528.36,9.672,9.844,0.484
78,ec.gp.GPIndividual@165332009{2084177732},3C_20_50-02.txt,61.404,0.250,15.351,1,10.406,67.79,10.406,10.406,10.406
78,ec.gp.GPIndividual@165332009{2084177732},3C_20_80-03.txt,169.439,0.250,42.360,5,4.438,10.48,0.888,10.406,0.297
78,ec.gp.GPIndividual@165332009{2084177732},3C_20_80-02.txt,35.738,0.250,8.935,3,5.922,66.28,1.974,10.406,0.297
78,ec.gp.GPIndividual@165332009{2084177732},3C_20_66-01.txt,7.322,0.250,1.831,1,1.953,106.70,1.953,10.406,0.297
78,ec.gp.GPIndividual@165332009{2084177732},3C_20_50-03.txt,30.993,0.250,7.748,5,6.797,87.72,1.359,10.406,0.297
78,ec.gp.GPIndividual@165332009{2084177732},3C_20_80-03.txt,169.439,0.250,42.360,3,3.906,9.22,1.302,10.406,0.297
78,ec.gp.GPIndividual@165332009{2084177732},3C_20_66-02.txt,154.245,0.250,38.561,14,37.656,97.65,2.690,10.406,0.297
78,ec.gp.GPIndividual@192448903{412034686},3C_20_50-02.txt,61.404,0.250,15.351,2,2.141,13.94,1.070,1.625,0.516
78,ec.gp.GPIndividual@192448903{412034686},3C_20_66-03.txt,118.340,0.250,29.585,3,18.828,63.64,6.276,10.766,0.516
78,ec.gp.GPIndividual@192448903{412034686},3C_20_66-02.txt,154.245,0.250,38.561,2,19.859,51.50,9.930,12.016,0.516
78,ec.gp.GPIndividual@280993407{-1912680732},3C_20_50-02.txt,61.404,0.250,15.351,8,15.359,100.05,1.920,2.703,0.359
78,ec.gp.GPIndividual@280993407{-1912680732},3C_20_66-03.txt,118.340,0.250,29.585,1,0.703,2.38,0.703,2.703,0.359
78,ec.gp.GPIndividual@280993407{-1912680732},3C_20_50-03.txt,30.993,0.250,7.748,2,8.813,113.74,4.406,7.203,0.359
78,ec.gp.GPIndividual@280993407{-1912680732},3C_20_50-03.txt,30.993,0.250,7.748,2,9.672,124.83,4.836,9.344,0.328
78,ec.gp.GPIndividual@280993407{-1912680732},3C_20_80-01.txt,4.194,0.250,1.049,1,0.547,52.15,0.547,9.344,0.328
78,ec.gp.GPIndividual@280993407{-1912680732},3C_20_80-02.txt,35.738,0.250,8.935,3,9.625,107.73,3.208,9.344,0.328
78,ec.gp.GPIndividual@280993407{-1912680732},3C_20_66-01.txt,7.322,0.250,1.831,1,2.172,118.65,2.172,9.344,0.328
78,ec.gp.GPIndividual@280993407{-1912680732},3C_20_80-03.txt,169.439,0.250,42.360,2,1.922,4.54,0.961,9.344,0.328
78,ec.gp.GPIndividual@280993407{-1912680732},3C_20_66-01.txt,7.322,0.250,1.831,4,4.109,224.49,1.027,9.344,0.172
78,ec.gp.GPIndividual@280993407{-1912680732},3C_20_66-01.txt,7.322,0.250,1.831,2,0.656,35.85,0.328,9.344,0.156
78,ec.gp.GPIndividual@280993407{-1912680732},3C_20_66-02.txt,154.245,0.250,38.561,3,7.844,20.34,2.615,9.344,0.156
78,ec.gp.GPIndividual@280993407{-1912680732},3C_20_66-02.txt,154.245,0.250,38.561,1,12.297,31.89,12.297,12.297,0.156
78,ec.gp.GPIndividual@280993407{-1912680732},3C_20_80-03.txt,169.439,0.250,42.360,19,42.344,99.96,2.229,12.297,0.156
78,ec.gp.GPIndividual@1448420765{-886720876},3C_20_50-02.txt,61.404,0.250,15.351,1,2.578,16.79,2.578,2.578,2.578
78,ec.gp.GPIndividual@1448420765{-886720876},3C_20_66-03.txt,118.340,0.250,29.585,3,9.891,33.43,3.297,7.438,0.484
78,ec.gp.GPIndividual@1448420765{-886720876},3C_20_66-02.txt,154.245,0.250,38.561,2,11.359,29.46,5.680,9.531,0.484
78,ec.gp.GPIndividual@426354920{-793115298},3C_20_50-02.txt,61.404,0.250,15.351,3,15.250,99.34,5.083,12.000,0.531
78,ec.gp.GPIndividual@426354920{-793115298},3C_20_80-01.txt,4.194,0.250,1.049,1,1.828,174.34,1.828,12.000,0.531
78,ec.gp.GPIndividual@426354920{-793115298},3C_20_50-03.txt,30.993,0.250,7.748,6,11.719,151.25,1.953,12.000,0.469
78,ec.gp.GPIndividual@426354920{-793115298},3C_20_80-01.txt,4.194,0.250,1.049,1,1.156,110.26,1.156,12.000,0.469
78,ec.gp.GPIndividual@426354920{-793115298},3C_20_80-02.txt,35.738,0.250,8.935,3,2.094,23.43,0.698,12.000,0.469
78,ec.gp.GPIndividual@426354920{-793115298},3C_20_66-03.txt,118.340,0.250,29.585,1,0.484,1.64,0.484,12.000,0.469
78,ec.gp.GPIndividual@426354920{-793115298},3C_20_50-03.txt,30.993,0.250,7.748,4,7.031,90.75,1.758,12.000,0.469
78,ec.gp.GPIndividual@426354920{-793115298},3C_20_80-03.txt,169.439,0.250,42.360,10,43.891,103.61,4.389,12.000,0.469
78,ec.gp.GPIndividual@494069320{470113934},3C_20_50-02.txt,61.404,0.250,15.351,3,5.516,35.93,1.839,3.313,0.375
78,ec.gp.GPIndividual@494069320{470113934},3C_20_80-02.txt,35.738,0.250,8.935,3,8.469,94.79,2.823,4.125,0.375
78,ec.gp.GPIndividual@494069320{470113934},3C_20_66-01.txt,7.322,0.250,1.831,2,1.031,56.34,0.516,4.125,0.375
78,ec.gp.GPIndividual@494069320{470113934},3C_20_50-03.txt,30.993,0.250,7.748,4,7.359,94.98,1.840,4.125,0.375
78,ec.gp.GPIndividual@494069320{470113934},3C_20_66-02.txt,154.245,0.250,38.561,1,0.719,1.86,0.719,4.125,0.375
78,ec.gp.GPIndividual@494069320{470113934},3C_20_66-01.txt,7.322,0.250,1.831,2,1.781,97.31,0.891,4.125,0.375
78,ec.gp.GPIndividual@494069320{470113934},3C_20_80-03.txt,169.439,0.250,42.360,2,5.594,13.21,2.797,4.719,0.375
78,ec.gp.GPIndividual@494069320{470113934},3C_20_80-01.txt,4.194,0.250,1.049,1,10.063,959.59,10.063,10.063,0.375
78,ec.gp.GPIndividual@494069320{470113934},3C_20_66-03.txt,118.340,0.250,29.585,6,9.719,32.85,1.620,10.063,0.375
78,ec.gp.GPIndividual@494069320{470113934},3C_20_66-02.txt,154.245,0.250,38.561,1,1.438,3.73,1.438,10.063,0.375
78,ec.gp.GPIndividual@494069320{470113934},3C_20_66-03.txt,118.340,0.250,29.585,8,27.391,92.58,3.424,10.063,0.375
78,ec.gp.GPIndividual@494069320{470113934},3C_20_66-03.txt,118.340,0.250,29.585,2,7.391,24.98,3.695,10.063,0.375
78,ec.gp.GPIndividual@494069320{470113934},3C_20_80-01.txt,4.194,0.250,1.049,1,3.422,326.32,3.422,10.063,0.375
78,ec.gp.GPIndividual@494069320{470113934},3C_20_80-01.txt,4.194,0.250,1.049,3,1.422,135.59,0.474,10.063,0.344
78,ec.gp.GPIndividual@494069320{470113934},3C_20_80-02.txt,35.738,0.250,8.935,2,4.141,46.34,2.070,10.063,0.344
78,ec.gp.GPIndividual@494069320{470113934},3C_20_80-02.txt,35.738,0.250,8.935,1,6.109,68.38,6.109,10.063,0.344
78,ec.gp.GPIndividual@621532212{2058797297},3C_20_50-02.txt,61.404,0.250,15.351,3,2.297,14.96,0.766,1.547,0.313
78,ec.gp.GPIndividual@621532212{2058797297},3C_20_50-03.txt,30.993,0.250,7.748,2,10.438,134.71,5.219,7.188,0.313
78,ec.gp.GPIndividual@621532212{2058797297},3C_20_66-01.txt,7.322,0.250,1.831,3,8.672,473.73,2.891,7.328,0.313
78,ec.gp.GPIndividual@1448675168{-584168447},3C_20_50-02.txt,61.404,0.250,15.351,4,11.609,75.63,2.902,9.047,0.266
78,ec.gp.GPIndividual@1448675168{-584168447},3C_20_80-01.txt,4.194,0.250,1.049,2,1.516,144.53,0.758,9.047,0.266
78,ec.gp.GPIndividual@1448675168{-584168447},3C_20_66-02.txt,154.245,0.250,38.561,9,28.188,73.10,3.132,16.422,0.266
78,ec.gp.GPIndividual@1448675168{-584168447},3C_20_80-02.txt,35.738,0.250,8.935,1,1.094,12.24,1.094,16.422,0.266
78,ec.gp.GPIndividual@1448675168{-584168447},3C_20_80-02.txt,35.738,0.250,8.935,6,9.047,101.26,1.508,16.422,0.266
78,ec.gp.GPIndividual@1448675168{-584168447},3C_20_80-03.txt,169.439,0.250,42.360,1,0.438,1.03,0.438,16.422,0.266
78,ec.gp.GPIndividual@1448675168{-584168447},3C_20_66-03.txt,118.340,0.250,29.585,3,3.328,11.25,1.109,16.422,0.266
78,ec.gp.GPIndividual@1448675168{-584168447},3C_20_80-03.txt,169.439,0.250,42.360,5,29.688,70.08,5.938,16.422,0.266
78,ec.gp.GPIndividual@1448675168{-584168447},3C_20_66-01.txt,7.322,0.250,1.831,6,1.938,105.84,0.323,16.422,0.141
78,ec.gp.GPIndividual@1448675168{-584168447},3C_20_66-02.txt,154.245,0.250,38.561,3,14.203,36.83,4.734,16.422,0.141
78,ec.gp.GPIndividual@1448675168{-584168447},3C_20_66-03.txt,118.340,0.250,29.585,2,21.344,72.14,10.672,16.422,0.141
78,ec.gp.GPIndividual@1448675168{-584168447},3C_20_80-01.txt,4.194,0.250,1.049,5,5.797,552.81,1.159,16.422,0.141
78,ec.gp.GPIndividual@1448675168{-584168447},3C_20_80-01.txt,4.194,0.250,1.049,5,1.406,134.10,0.281,16.422,0.125
78,ec.gp.GPIndividual@1448675168{-584168447},3C_20_80-02.txt,35.738,0.250,8.935,1,15.141,169.46,15.141,16.422,0.125
78,ec.gp.GPIndividual@737334375{-1676883367},3C_20_50-02.txt,61.404,0.250,15.351,2,3.625,23.61,1.813,3.422,0.203
78,ec.gp.GPIndividual@267822792{965157636},3C_20_50-02.txt,61.404,0.250,15.351,5,4.141,26.97,0.828,2.391,0.219
78,ec.gp.GPIndividual@267822792{965157636},3C_20_50-03.txt,30.993,0.250,7.748,2,3.406,43.96,1.703,2.391,0.219
78,ec.gp.GPIndividual@267822792{965157636},3C_20_80-03.txt,169.439,0.250,42.360,9,39.953,94.32,4.439,11.797,0.219
78,ec.gp.GPIndividual@1883750898{1295570354},3C_20_50-02.txt,61.404,0.250,15.351,1,0.000,0.00,0.000,0.000,0.000
78,ec.gp.GPIndividual@1883750898{1295570354},3C_20_50-03.txt,30.993,0.250,7.748,1,0.000,0.00,0.000,0.000,0.000
78,ec.gp.GPIndividual@1883750898{1295570354},3C_20_66-01.txt,7.322,0.250,1.831,1,0.000,0.00,0.000,0.000,0.000
78,ec.gp.GPIndividual@1883750898{1295570354},3C_20_66-02.txt,154.245,0.250,38.561,1,0.000,0.00,0.000,0.000,0.000
78,ec.gp.GPIndividual@1883750898{1295570354},3C_20_66-03.txt,118.340,0.250,29.585,1,0.000,0.00,0.000,0.000,0.000
78,ec.gp.GPIndividual@1883750898{1295570354},3C_20_80-01.txt,4.194,0.250,1.049,1,0.000,0.00,0.000,0.000,0.000
78,ec.gp.GPIndividual@1883750898{1295570354},3C_20_80-02.txt,35.738,0.250,8.935,1,0.000,0.00,0.000,0.000,0.000
78,ec.gp.GPIndividual@1883750898{1295570354},3C_20_80-03.txt,169.439,0.250,42.360,1,0.000,0.00,0.000,0.000,0.000
78,ec.gp.GPIndividual@1205685621{1096608486},3C_20_50-02.txt,61.404,0.250,15.351,0,0.000,0.00,0.000,0.000,0.000
78,ec.gp.GPIndividual@1205685621{1096608486},3C_20_50-03.txt,30.993,0.250,7.748,0,0.000,0.00,0.000,0.000,0.000
78,ec.gp.GPIndividual@1205685621{1096608486},3C_20_66-01.txt,7.322,0.250,1.831,0,0.000,0.00,0.000,0.000,0.000
78,ec.gp.GPIndividual@1205685621{1096608486},3C_20_66-02.txt,154.245,0.250,38.561,0,0.000,0.00,0.000,0.000,0.000
78,ec.gp.GPIndividual@1205685621{1096608486},3C_20_66-03.txt,118.340,0.250,29.585,0,0.000,0.00,0.000,0.000,0.000
78,ec.gp.GPIndividual@1205685621{1096608486},3C_20_80-01.txt,4.194,0.250,1.049,0,0.000,0.00,0.000,0.000,0.000
78,ec.gp.GPIndividual@1205685621{1096608486},3C_20_80-02.txt,35.738,0.250,8.935,0,0.000,0.00,0.000,0.000,0.000
78,ec.gp.GPIndividual@1205685621{1096608486},3C_20_80-03.txt,169.439,0.250,42.360,0,0.000,0.00,0.000,0.000,0.000
78,ec.gp.GPIndividual@944512811{1612044955},3C_20_50-02.txt,61.404,0.250,15.351,2,15.797,102.90,7.898,15.609,0.188
78,ec.gp.GPIndividual@944512811{1612044955},3C_20_66-02.txt,154.245,0.250,38.561,4,15.031,38.98,3.758,15.609,0.156
78,ec.gp.GPIndividual@944512811{1612044955},3C_20_50-03.txt,30.993,0.250,7.748,8,7.359,94.98,0.920,15.609,0.156
78,ec.gp.GPIndividual@944512811{1612044955},3C_20_66-01.txt,7.322,0.250,1.831,5,2.063,112.67,0.413,15.609,0.078
78,ec.gp.GPIndividual@944512811{1612044955},3C_20_66-02.txt,154.245,0.250,38.561,1,0.063,0.16,0.063,15.609,0.063
78,ec.gp.GPIndividual@944512811{1612044955},3C_20_66-03.txt,118.340,0.250,29.585,10,25.250,85.35,2.525,15.609,0.063
78,ec.gp.GPIndividual@944512811{1612044955},3C_20_66-03.txt,118.340,0.250,29.585,2,18.313,61.90,9.156,15.609,0.063
78,ec.gp.GPIndividual@944512811{1612044955},3C_20_66-03.txt,118.340,0.250,29.585,6,25.203,85.19,4.201,15.609,0.063
78,ec.gp.GPIndividual@944512811{1612044955},3C_20_80-01.txt,4.194,0.250,1.049,1,9.109,868.70,9.109,15.609,0.063
78,ec.gp.GPIndividual@944512811{1612044955},3C_20_80-01.txt,4.194,0.250,1.049,4,1.328,126.65,0.332,15.609,0.063
78,ec.gp.GPIndividual@944512811{1612044955},3C_20_80-02.txt,35.738,0.250,8.935,1,5.234,58.59,5.234,15.609,0.063
78,ec.gp.GPIndividual@944512811{1612044955},3C_20_80-01.txt,4.194,0.250,1.049,3,1.031,98.34,0.344,15.609,0.063
78,ec.gp.GPIndividual@944512811{1612044955},3C_20_80-02.txt,35.738,0.250,8.935,13,9.016,100.91,0.694,15.609,0.063
78,ec.gp.GPIndividual@944512811{1612044955},3C_20_80-02.txt,35.738,0.250,8.935,9,11.313,126.62,1.257,15.609,0.063
78,ec.gp.GPIndividual@944512811{1612044955},3C_20_80-03.txt,169.439,0.250,42.360,4,21.313,50.31,5.328,16.797,0.063
78,ec.gp.GPIndividual@944512811{1612044955},3C_20_80-03.txt,169.439,0.250,42.360,2,31.344,73.99,15.672,16.797,0.063
78,ec.gp.GPIndividual@826202844{-1490213251},3C_20_50-02.txt,61.404,0.250,15.351,6,14.344,93.44,2.391,10.500,0.094
78,ec.gp.GPIndividual@826202844{-1490213251},3C_20_80-03.txt,169.439,0.250,42.360,7,40.875,96.49,5.839,16.516,0.094
79,ec.gp.GPIndividual@644303485{-1214739298},3C_20_50-02.txt,61.404,0.250,15.351,4,1.563,10.18,0.391,0.391,0.391
79,ec.gp.GPIndividual@644303485{-1214739298},3C_20_50-03.txt,30.993,0.250,7.748,6,8.172,105.47,1.362,1.891,0.391
79,ec.gp.GPIndividual@644303485{-1214739298},3C_20_50-03.txt,30.993,0.250,7.748,4,3.313,42.75,0.828,1.891,0.344
79,ec.gp.GPIndividual@644303485{-1214739298},3C_20_50-03.txt,30.993,0.250,7.748,1,2.859,36.90,2.859,2.859,0.344
79,ec.gp.GPIndividual@644303485{-1214739298},3C_20_66-01.txt,7.322,0.250,1.831,3,1.828,99.87,0.609,2.859,0.172
79,ec.gp.GPIndividual@644303485{-1214739298},3C_20_50-03.txt,30.993,0.250,7.748,1,0.859,11.09,0.859,2.859,0.172
79,ec.gp.GPIndividual@644303485{-1214739298},3C_20_66-02.txt,154.245,0.250,38.561,1,2.156,5.59,2.156,2.859,0.172
79,ec.gp.GPIndividual@644303485{-1214739298},3C_20_50-03.txt,30.993,0.250,7.748,4,7.531,97.20,1.883,3.219,0.172
79,ec.gp.GPIndividual@644303485{-1214739298},3C_20_66-03.txt,118.340,0.250,29.585,4,4.828,16.32,1.207,3.219,0.172
79,ec.gp.GPIndividual@644303485{-1214739298},3C_20_50-03.txt,30.993,0.250,7.748,3,6.984,90.14,2.328,3.219,0.172
79,ec.gp.GPIndividual@644303485{-1214739298},3C_20_66-01.txt,7.322,0.250,1.831,2,2.875,157.06,1.438,3.219,0.172
79,ec.gp.GPIndividual@644303485{-1214739298},3C_20_66-01.txt,7.322,0.250,1.831,1,3.172,173.27,3.172,3.219,0.172
79,ec.gp.GPIndividual@644303485{-1214739298},3C_20_66-01.txt,7.322,0.250,1.831,1,0.844,46.09,0.844,3.219,0.172
79,ec.gp.GPIndividual@644303485{-1214739298},3C_20_66-02.txt,154.245,0.250,38.561,6,17.125,44.41,2.854,5.938,0.172
79,ec.gp.GPIndividual@644303485{-1214739298},3C_20_80-01.txt,4.194,0.250,1.049,1,1.063,101.32,1.063,5.938,0.172
79,ec.gp.GPIndividual@644303485{-1214739298},3C_20_66-02.txt,154.245,0.250,38.561,1,0.500,1.30,0.500,5.938,0.172
79,ec.gp.GPIndividual@644303485{-1214739298},3C_20_80-02.txt,35.738,0.250,8.935,5,9.391,105.10,1.878,5.938,0.172
79,ec.gp.GPIndividual@644303485{-1214739298},3C_20_66-03.txt,118.340,0.250,29.585,1,1.969,6.65,1.969,5.938,0.172
79,ec.gp.GPIndividual@644303485{-1214739298},3C_20_80-03.txt,169.439,0.250,42.360,9,35.438,83.66,3.938,8.750,0.172
79,ec.gp.GPIndividual@2042837268{-1842346825},3C_20_50-02.txt,61.404,0.250,15.351,5,6.516,42.44,1.303,3.469,0.328
79,ec.gp.GPIndividual@2042837268{-1842346825},3C_20_50-03.txt,30.993,0.250,7.748,2,5.422,69.98,2.711,3.563,0.328
79,ec.gp.GPIndividual@2042837268{-1842346825},3C_20_80-01.txt,4.194,0.250,1.049,2,9.391,895.52,4.695,8.859,0.328
79,ec.gp.GPIndividual@2042837268{-1842346825},3C_20_66-01.txt,7.322,0.250,1.831,2,4.234,231.32,2.117,8.859,0.328
79,ec.gp.GPIndividual@2042837268{-1842346825},3C_20_66-01.txt,7.322,0.250,1.831,1,3.219,175.84,3.219,8.859,0.328
79,ec.gp.GPIndividual@2042837268{-1842346825},3C_20_66-01.txt,7.322,0.250,1.831,5,2.703,147.67,0.541,8.859,0.156
79,ec.gp.GPIndividual@2042837268{-1842346825},3C_20_66-02.txt,154.245,0.250,38.561,5,15.344,39.79,3.069,11.375,0.156
79,ec.gp.GPIndividual@2042837268{-1842346825},3C_20_66-03.txt,118.340,0.250,29.585,6,23.891,80.75,3.982,15.703,0.156
79,ec.gp.GPIndividual@2042837268{-1842346825},3C_20_80-02.txt,35.738,0.250,8.935,5,9.203,103.01,1.841,15.703,0.156
79,ec.gp.GPIndividual@2042837268{-1842346825},3C_20_66-02.txt,154.245,0.250,38.561,3,4.859,12.60,1.620,15.703,0.156
79,ec.gp.GPIndividual@2042837268{-1842346825},3C_20_66-02.txt,154.245,0.250,38.561,3,8.969,23.26,2.990,15.703,0.156
79,ec.gp.GPIndividual@2042837268{-1842346825},3C_20_80-03.txt,169.439,0.250,42.360,15,43.391,102.43,2.893,15.703,0.156
79,ec.gp.GPIndividual@2042837268{-1842346825},3C_20_66-03.txt,118.340,0.250,29.585,1,1.047,3.54,1.047,15.703,0.156
79,ec.gp.GPIndividual@2042837268{-1842346825},3C_20_66-02.txt,154.245,0.250,38.561,9,45.625,118.32,5.069,15.703,0.156
79,ec.gp.GPIndividual@2042837268{-1842346825},3C_20_80-01.txt,4.194,0.250,1.049,2,1.953,186.26,0.977,15.703,0.156
79,ec.gp.GPIndividual@2042837268{-1842346825},3C_20_66-03.txt,118.340,0.250,29.585,1,0.328,1.11,0.328,15.703,0.156
79,ec.gp.GPIndividual@2042837268{-1842346825},3C_20_80-02.txt,35.738,0.250,8.935,1,2.813,31.48,2.813,15.703,0.156
79,ec.gp.GPIndividual@2042837268{-1842346825},3C_20_80-01.txt,4.194,0.250,1.049,3,1.063,101.32,0.354,15.703,0.156
79,ec.gp.GPIndividual@2042837268{-1842346825},3C_20_80-02.txt,35.738,0.250,8.935,2,7.547,84.47,3.773,15.703,0.156
79,ec.gp.GPIndividual@1441459339{-344264245},3C_20_50-02.txt,61.404,0.250,15.351,6,15.703,102.29,2.617,8.906,0.531
79,ec.gp.GPIndividual@1441459339{-344264245},3C_20_50-03.txt,30.993,0.250,7.748,2,2.000,25.81,1.000,8.906,0.531
79,ec.gp.GPIndividual@1441459339{-344264245},3C_20_80-03.txt,169.439,0.250,42.360,4,24.625,58.13,6.156,15.516,0.531
79,ec.gp.GPIndividual@1441459339{-344264245},3C_20_66-03.txt,118.340,0.250,29.585,11,29.500,99.71,2.682,15.516,0.359
79,ec.gp.GPIndividual@1441459339{-344264245},3C_20_80-01.txt,4.194,0.250,1.049,2,4.172,397.84,2.086,15.516,0.359
79,ec.gp.GPIndividual@1441459339{-344264245},3C_20_66-01.txt,7.322,0.250,1.831,3,6.578,359.35,2.193,15.516,0.344
79,ec.gp.GPIndividual@2049313024{555582007},3C_20_50-02.txt,61.404,0.250,15.351,4,9.344,60.87,2.336,7.859,0.313
79,ec.gp.GPIndividual@2049313024{555582007},3C_20_80-01.txt,4.194,0.250,1.049,2,1.516,144.53,0.758,7.859,0.313
79,ec.gp.GPIndividual@2049313024{555582007},3C_20_80-02.txt,35.738,0.250,8.935,3,10.609,118.75,3.536,9.406,0.172
79,ec.gp.GPIndividual@2049313024{555582007},3C_20_80-03.txt,169.439,0.250,42.360,6,24.094,56.88,4.016,15.797,0.172
79,ec.gp.GPIndividual@2049313024{555582007},3C_20_66-03.txt,118.340,0.250,29.585,11,30.141,101.88,2.740,15.797,0.172
79,ec.gp.GPIndividual@2049313024{555582007},3C_20_80-01.txt,4.194,0.250,1.049,1,2.813,268.21,2.813,15.797,0.172
79,ec.gp.GPIndividual@2049313024{555582007},3C_20_80-02.txt,35.738,0.250,8.935,2,3.734,41.80,1.867,15.797,0.172
79,ec.gp.GPIndividual@1740591947{280203919},3C_20_50-02.txt,61.404,0.250,15.351,3,3.953,25.75,1.318,2.359,0.531
79,ec.gp.GPIndividual@1740591947{280203919},3C_20_80-03.txt,169.439,0.250,42.360,5,13.531,31.94,2.706,6.609,0.531
79,ec.gp.GPIndividual@1740591947{280203919},3C_20_50-03.txt,30.993,0.250,7.748,1,9.859,127.25,9.859,9.859,0.531
79,ec.gp.GPIndividual@1740591947{280203919},3C_20_66-02.txt,154.245,0.250,38.561,4,8.328,21.60,2.082,9.859,0.531
79,ec.gp.GPIndividual@1740591947{280203919},3C_20_66-01.txt,7.322,0.250,1.831,1,3.906,213.39,3.906,9.859,0.531
79,ec.gp.GPIndividual@1740591947{280203919},3C_20_80-02.txt,35.738,0.250,8.935,2,3.375,37.77,1.688,9.859,0.531
79,ec.gp.GPIndividual@1740591947{280203919},3C_20_66-02.txt,154.245,0.250,38.561,18,38.688,100.33,2.149,9.859,0.531
79,ec.gp.GPIndividual@1740591947{280203919},3C_20_66-03.txt,118.340,0.250,29.585,2,4.781,16.16,2.391,9.859,0.531
79,ec.gp.GPIndividual@1740591947{280203919},3C_20_66-03.txt,118.340,0.250,29.585,3,36.797,124.38,12.266,13.219,0.531
79,ec.gp.GPIndividual@847001863{1508256678},3C_20_50-02.txt,61.404,0.250,15.351,1,0.000,0.00,0.000,0.000,0.000
79,ec.gp.GPIndividual@847001863{1508256678},3C_20_50-03.txt,30.993,0.250,7.748,1,0.000,0.00,0.000,0.000,0.000
79,ec.gp.GPIndividual@847001863{1508256678},3C_20_66-01.txt,7.322,0.250,1.831,1,0.000,0.00,0.000,0.000,0.000
79,ec.gp.GPIndividual@847001863{1508256678},3C_20_66-02.txt,154.245,0.250,38.561,1,0.000,0.00,0.000,0.000,0.000
79,ec.gp.GPIndividual@847001863{1508256678},3C_20_66-03.txt,118.340,0.250,29.585,1,0.000,0.00,0.000,0.000,0.000
79,ec.gp.GPIndividual@847001863{1508256678},3C_20_80-01.txt,4.194,0.250,1.049,1,0.000,0.00,0.000,0.000,0.000
79,ec.gp.GPIndividual@847001863{1508256678},3C_20_80-02.txt,35.738,0.250,8.935,1,0.000,0.00,0.000,0.000,0.000
79,ec.gp.GPIndividual@847001863{1508256678},3C_20_80-03.txt,169.439,0.250,42.360,1,0.000,0.00,0.000,0.000,0.000
79,ec.gp.GPIndividual@951503270{1477757656},3C_20_50-02.txt,61.404,0.250,15.351,5,15.719,102.39,3.144,6.141,0.359
79,ec.gp.GPIndividual@951503270{1477757656},3C_20_80-01.txt,4.194,0.250,1.049,4,1.219,116.22,0.305,6.141,0.172
79,ec.gp.GPIndividual@951503270{1477757656},3C_20_80-02.txt,35.738,0.250,8.935,2,4.938,55.26,2.469,6.141,0.172
79,ec.gp.GPIndividual@951503270{1477757656},3C_20_80-01.txt,4.194,0.250,1.049,1,0.531,50.66,0.531,6.141,0.172
79,ec.gp.GPIndividual@951503270{1477757656},3C_20_80-02.txt,35.738,0.250,8.935,2,9.609,107.55,4.805,7.484,0.172
79,ec.gp.GPIndividual@951503270{1477757656},3C_20_80-03.txt,169.439,0.250,42.360,3,8.516,20.10,2.839,7.484,0.172
79,ec.gp.GPIndividual@951503270{1477757656},3C_20_50-03.txt,30.993,0.250,7.748,2,13.031,168.19,6.516,10.906,0.172
79,ec.gp.GPIndividual@951503270{1477757656},3C_20_80-03.txt,169.439,0.250,42.360,9,41.594,98.19,4.622,14.766,0.172
79,ec.gp.GPIndividual@951503270{1477757656},3C_20_80-03.txt,169.439,0.250,42.360,1,6.359,15.01,6.359,14.766,0.172
79,ec.gp.GPIndividual@951503270{1477757656},3C_20_66-01.txt,7.322,0.250,1.831,2,9.203,502.75,4.602,14.766,0.172
79,ec.gp.GPIndividual@34998400{-1766054161},3C_20_50-02.txt,61.404,0.250,15.351,1,0.531,3.46,0.531,0.531,0.531
79,ec.gp.GPIndividual@34998400{-1766054161},3C_20_66-02.txt,154.245,0.250,38.561,1,16.828,43.64,16.828,16.828,0.531
79,ec.gp.GPIndividual@34998400{-1766054161},3C_20_50-03.txt,30.993,0.250,7.748,2,11.875,153.26,5.938,16.828,0.500
79,ec.gp.GPIndividual@725460292{-934074327},3C_20_50-02.txt,61.404,0.250,15.351,2,11.297,73.59,5.648,10.953,0.344
79,ec.gp.GPIndividual@725460292{-934074327},3C_20_80-03.txt,169.439,0.250,42.360,8,16.703,39.43,2.088,10.953,0.344
79,ec.gp.GPIndividual@725460292{-934074327},3C_20_50-03.txt,30.993,0.250,7.748,6,6.766,87.32,1.128,10.953,0.344
79,ec.gp.GPIndividual@725460292{-934074327},3C_20_66-03.txt,118.340,0.250,29.585,1,0.531,1.80,0.531,10.953,0.344
79,ec.gp.GPIndividual@725460292{-934074327},3C_20_50-03.txt,30.993,0.250,7.748,3,12.219,157.70,4.073,10.953,0.344
79,ec.gp.GPIndividual@725460292{-934074327},3C_20_66-01.txt,7.322,0.250,1.831,1,1.063,58.04,1.063,10.953,0.344
79,ec.gp.GPIndividual@1463633364{167838405},3C_20_50-02.txt,61.404,0.250,15.351,8,15.891,103.51,1.986,6.063,0.484
79,ec.gp.GPIndividual@1463633364{167838405},3C_20_80-01.txt,4.194,0.250,1.049,1,1.656,157.95,1.656,6.063,0.484
79,ec.gp.GPIndividual@1463633364{167838405},3C_20_66-02.txt,154.245,0.250,38.561,15,39.516,102.48,2.634,10.656,0.359
79,ec.gp.GPIndividual@1463633364{167838405},3C_20_66-01.txt,7.322,0.250,1.831,2,3.578,195.47,1.789,10.656,0.156
79,ec.gp.GPIndividual@1463633364{167838405},3C_20_80-02.txt,35.738,0.250,8.935,4,11.953,133.79,2.988,10.656,0.156
79,ec.gp.GPIndividual@1976696165{-1490213251},3C_20_50-02.txt,61.404,0.250,15.351,4,4.547,29.62,1.137,1.734,0.328
79,ec.gp.GPIndividual@1976696165{-1490213251},3C_20_66-03.txt,118.340,0.250,29.585,2,3.594,12.15,1.797,2.266,0.328
79,ec.gp.GPIndividual@1976696165{-1490213251},3C_20_66-02.txt,154.245,0.250,38.561,8,17.797,46.15,2.225,5.234,0.328
79,ec.gp.GPIndividual@1976696165{-1490213251},3C_20_50-03.txt,30.993,0.250,7.748,1,13.766,177.66,13.766,13.766,0.328
79,ec.gp.GPIndividual@1976696165{-1490213251},3C_20_66-01.txt,7.322,0.250,1.831,2,2.344,128.04,1.172,13.766,0.328
79,ec.gp.GPIndividual@1976696165{-1490213251},3C_20_66-03.txt,118.340,0.250,29.585,11,30.594,103.41,2.781,13.766,0.328
79,ec.gp.GPIndividual@1976696165{-1490213251},3C_20_80-01.txt,4.194,0.250,1.049,1,4.547,433.60,4.547,13.766,0.328
79,ec.gp.GPIndividual@1976696165{-1490213251},3C_20_66-01.txt,7.322,0.250,1.831,2,3.922,214.25,1.961,13.766,0.328
79,ec.gp.GPIndividual@1976696165{-1490213251},3C_20_80-01.txt,4.194,0.250,1.049,2,1.391,132.61,0.695,13.766,0.328
79,ec.gp.GPIndividual@1976696165{-1490213251},3C_20_66-02.txt,154.245,0.250,38.561,3,2.969,7.70,0.990,13.766,0.313
79,ec.gp.GPIndividual@1976696165{-1490213251},3C_20_66-02.txt,154.245,0.250,38.561,5,13.781,35.74,2.756,13.766,0.313
79,ec.gp.GPIndividual@1976696165{-1490213251},3C_20_80-02.txt,35.738,0.250,8.935,3,15.375,172.09,5.125,13.766,0.313
79,ec.gp.GPIndividual@1976696165{-1490213251},3C_20_80-03.txt,169.439,0.250,42.360,9,15.453,36.48,1.717,13.766,0.313
79,ec.gp.GPIndividual@1976696165{-1490213251},3C_20_80-03.txt,169.439,0.250,42.360,12,41.953,99.04,3.496,13.766,0.313
79,ec.gp.GPIndividual@2043135618{1095624010},3C_20_50-02.txt,61.404,0.250,15.351,2,1.969,12.82,0.984,1.438,0.531
79,ec.gp.GPIndividual@2043135618{1095624010},3C_20_50-03.txt,30.993,0.250,7.748,1,5.828,75.22,5.828,5.828,0.531
79,ec.gp.GPIndividual@2043135618{1095624010},3C_20_50-03.txt,30.993,0.250,7.748,1,3.141,40.53,3.141,5.828,0.531
79,ec.gp.GPIndividual@2043135618{1095624010},3C_20_66-01.txt,7.322,0.250,1.831,1,0.906,49.51,0.906,5.828,0.531
79,ec.gp.GPIndividual@2043135618{1095624010},3C_20_66-02.txt,154.245,0.250,38.561,2,16.016,41.53,8.008,12.891,0.531
79,ec.gp.GPIndividual@1982912275{764630280},3C_20_50-02.txt,61.404,0.250,15.351,3,8.734,56.90,2.911,5.672,0.359
79,ec.gp.GPIndividual@1982912275{764630280},3C_20_66-03.txt,118.340,0.250,29.585,2,31.000,104.78,15.500,15.781,0.359
79,ec.gp.GPIndividual@1982912275{764630280},3C_20_66-03.txt,118.340,0.250,29.585,2,2.484,8.40,1.242,15.781,0.359
79,ec.gp.GPIndividual@1982912275{764630280},3C_20_50-03.txt,30.993,0.250,7.748,2,8.359,107.89,4.180,15.781,0.359
79,ec.gp.GPIndividual@1982912275{764630280},3C_20_80-02.txt,35.738,0.250,8.935,4,12.672,141.83,3.168,15.781,0.359
79,ec.gp.GPIndividual@1982912275{764630280},3C_20_66-03.txt,118.340,0.250,29.585,2,6.984,23.61,3.492,15.781,0.359
79,ec.gp.GPIndividual@1982912275{764630280},3C_20_80-01.txt,4.194,0.250,1.049,1,0.516,49.17,0.516,15.781,0.359
79,ec.gp.GPIndividual@1982912275{764630280},3C_20_80-02.txt,35.738,0.250,8.935,4,11.484,128.54,2.871,15.781,0.359
79,ec.gp.GPIndividual@1982912275{764630280},3C_20_66-01.txt,7.322,0.250,1.831,4,2.797,152.79,0.699,15.781,0.172
79,ec.gp.GPIndividual@1982912275{764630280},3C_20_80-01.txt,4.194,0.250,1.049,5,2.344,223.51,0.469,15.781,0.141
79,ec.gp.GPIndividual@1982912275{764630280},3C_20_66-02.txt,154.245,0.250,38.561,2,2.313,6.00,1.156,15.781,0.141
79,ec.gp.GPIndividual@1982912275{764630280},3C_20_80-03.txt,169.439,0.250,42.360,2,2.375,5.61,1.188,15.781,0.141
79,ec.gp.GPIndividual@1982912275{764630280},3C_20_80-03.txt,169.439,0.250,42.360,8,24.484,57.80,3.061,15.781,0.141
79,ec.gp.GPIndividual@1136525204{577754417},3C_20_50-02.txt,61.404,0.250,15.351,6,15.719,102.39,2.620,6.063,0.531
79,ec.gp.GPIndividual@1136525204{577754417},3C_20_66-03.txt,118.340,0.250,29.585,3,2.438,8.24,0.813,6.063,0.469
79,ec.gp.GPIndividual@1136525204{577754417},3C_20_50-03.txt,30.993,0.250,7.748,2,12.047,155.48,6.023,7.469,0.469
79,ec.gp.GPIndividual@1136525204{577754417},3C_20_80-01.txt,4.194,0.250,1.049,0,0.000,0.00,0.000,7.469,0.469
79,ec.gp.GPIndividual@1136525204{577754417},3C_20_66-01.txt,7.322,0.250,1.831,4,2.438,133.16,0.609,7.469,0.359
79,ec.gp.GPIndividual@1136525204{577754417},3C_20_80-02.txt,35.738,0.250,8.935,2,4.641,51.94,2.320,7.469,0.359
79,ec.gp.GPIndividual@1136525204{577754417},3C_20_66-02.txt,154.245,0.250,38.561,5,23.984,62.20,4.797,12.609,0.359
79,ec.gp.GPIndividual@1136525204{577754417},3C_20_80-02.txt,35.738,0.250,8.935,4,9.734,108.95,2.434,12.609,0.359
79,ec.gp.GPIndividual@1136525204{577754417},3C_20_80-03.txt,169.439,0.250,42.360,1,1.453,3.43,1.453,12.609,0.359
79,ec.gp.GPIndividual@1136525204{577754417},3C_20_66-03.txt,118.340,0.250,29.585,7,30.750,103.94,4.393,12.609,0.359
79,ec.gp.GPIndividual@537955674{-1212481296},3C_20_50-02.txt,61.404,0.250,15.351,2,10.844,70.64,5.422,6.750,4.094
79,ec.gp.GPIndividual@537955674{-1212481296},3C_20_80-01.txt,4.194,0.250,1.049,4,1.406,134.10,0.352,6.750,0.156
79,ec.gp.GPIndividual@537955674{-1212481296},3C_20_50-03.txt,30.993,0.250,7.748,1,1.813,23.39,1.813,6.750,0.156
79,ec.gp.GPIndividual@1682318613{1569339323},3C_20_50-02.txt,61.404,0.250,15.351,1,1.219,7.94,1.219,1.219,1.219
79,ec.gp.GPIndividual@1682318613{1569339323},3C_20_80-02.txt,35.738,0.250,8.935,2,10.000,111.93,5.000,9.516,0.484
79,ec.gp.GPIndividual@1682318613{1569339323},3C_20_66-01.txt,7.322,0.250,1.831,1,3.188,174.13,3.188,9.516,0.484
79,ec.gp.GPIndividual@1682318613{1569339323},3C_20_66-01.txt,7.322,0.250,1.831,2,1.938,105.84,0.969,9.516,0.156
79,ec.gp.GPIndividual@1682318613{1569339323},3C_20_50-03.txt,30.993,0.250,7.748,1,2.109,27.22,2.109,9.516,0.156
79,ec.gp.GPIndividual@1682318613{1569339323},3C_20_80-03.txt,169.439,0.250,42.360,14,38.188,90.15,2.728,11.688,0.156
79,ec.gp.GPIndividual@256949599{938852545},3C_20_50-02.txt,61.404,0.250,15.351,1,0.594,3.87,0.594,0.594,0.594
79,ec.gp.GPIndividual@256949599{938852545},3C_20_80-03.txt,169.439,0.250,42.360,8,29.578,69.83,3.697,11.344,0.391
79,ec.gp.GPIndividual@256949599{938852545},3C_20_66-03.txt,118.340,0.250,29.585,6,36.188,122.32,6.031,11.344,0.391
79,ec.gp.GPIndividual@256949599{938852545},3C_20_80-03.txt,169.439,0.250,42.360,4,26.609,62.82,6.652,11.344,0.391
79,ec.gp.GPIndividual@256949599{938852545},3C_20_80-01.txt,4.194,0.250,1.049,1,4.875,464.90,4.875,11.344,0.391
79,ec.gp.GPIndividual@1942193426{1482782665},3C_20_50-02.txt,61.404,0.250,15.351,3,2.016,13.13,0.672,1.188,0.391
79,ec.gp.GPIndividual@1942193426{1482782665},3C_20_80-02.txt,35.738,0.250,8.935,3,2.250,25.18,0.750,1.516,0.297
79,ec.gp.GPIndividual@1942193426{1482782665},3C_20_50-03.txt,30.993,0.250,7.748,4,12.531,161.73,3.133,8.766,0.297
79,ec.gp.GPIndividual@1942193426{1482782665},3C_20_50-03.txt,30.993,0.250,7.748,3,5.766,74.41,1.922,8.766,0.297
79,ec.gp.GPIndividual@1942193426{1482782665},3C_20_80-03.txt,169.439,0.250,42.360,7,46.109,108.85,6.587,16.484,0.297
79,ec.gp.GPIndividual@1942193426{1482782665},3C_20_66-02.txt,154.245,0.250,38.561,4,9.516,24.68,2.379,16.484,0.297
79,ec.gp.GPIndividual@279311969{1855625552},3C_20_50-02.txt,61.404,0.250,15.351,4,17.797,115.93,4.449,10.078,0.438
79,ec.gp.GPIndividual@251375780{-788169768},3C_20_50-02.txt,61.404,0.250,15.351,5,12.016,78.27,2.403,8.734,0.391
79,ec.gp.GPIndividual@251375780{-788169768},3C_20_50-03.txt,30.993,0.250,7.748,2,1.719,22.18,0.859,8.734,0.391
79,ec.gp.GPIndividual@251375780{-788169768},3C_20_50-03.txt,30.993,0.250,7.748,1,1.625,20.97,1.625,8.734,0.391
79,ec.gp.GPIndividual@251375780{-788169768},3C_20_66-01.txt,7.322,0.250,1.831,2,4.359,238.15,2.180,8.734,0.391
79,ec.gp.GPIndividual@251375780{-788169768},3C_20_66-01.txt,7.322,0.250,1.831,5,4.922,268.87,0.984,8.734,0.125
79,ec.gp.GPIndividual@251375780{-788169768},3C_20_66-02.txt,154.245,0.250,38.561,13,30.563,79.26,2.351,8.734,0.125
79,ec.gp.GPIndividual@251375780{-788169768},3C_20_66-01.txt,7.322,0.250,1.831,1,9.344,510.44,9.344,9.344,0.125
79,ec.gp.GPIndividual@251375780{-788169768},3C_20_66-01.txt,7.322,0.250,1.831,2,11.094,606.03,5.547,10.359,0.125
79,ec.gp.GPIndividual@251375780{-788169768},3C_20_66-02.txt,154.245,0.250,38.561,1,0.719,1.86,0.719,10.359,0.125
79,ec.gp.GPIndividual@251375780{-788169768},3C_20_66-02.txt,154.245,0.250,38.561,4,19.094,49.52,4.773,11.484,0.125
79,ec.gp.GPIndividual@251375780{-788169768},3C_20_66-02.txt,154.245,0.250,38.561,4,6.125,15.88,1.531,11.484,0.125
79,ec.gp.GPIndividual@251375780{-788169768},3C_20_66-03.txt,118.340,0.250,29.585,3,4.125,13.94,1.375,11.484,0.125
79,ec.gp.GPIndividual@251375780{-788169768},3C_20_66-03.txt,118.340,0.250,29.585,3,6.984,23.61,2.328,11.484,0.125
79,ec.gp.GPIndividual@251375780{-788169768},3C_20_80-01.txt,4.194,0.250,1.049,2,8.797,838.90,4.398,11.484,0.125
79,ec.gp.GPIndividual@251375780{-788169768},3C_20_66-03.txt,118.340,0.250,29.585,2,5.203,17.59,2.602,11.484,0.125
79,ec.gp.GPIndividual@251375780{-788169768},3C_20_80-01.txt,4.194,0.250,1.049,1,1.016,96.85,1.016,11.484,0.125
79,ec.gp.GPIndividual@251375780{-788169768},3C_20_80-02.txt,35.738,0.250,8.935,2,1.328,14.87,0.664,11.484,0.125
79,ec.gp.GPIndividual@251375780{-788169768},3C_20_80-02.txt,35.738,0.250,8.935,1,1.641,18.36,1.641,11.484,0.125
79,ec.gp.GPIndividual@251375780{-788169768},3C_20_80-03.txt,169.439,0.250,42.360,1,1.641,3.87,1.641,11.484,0.125
79,ec.gp.GPIndividual@251375780{-788169768},3C_20_80-03.txt,169.439,0.250,42.360,1,12.938,30.54,12.938,12.938,0.125
79,ec.gp.GPIndividual@251375780{-788169768},3C_20_66-03.txt,118.340,0.250,29.585,2,9.859,33.33,4.930,12.938,0.125
79,ec.gp.GPIndividual@304733770{75526776},3C_20_50-02.txt,61.404,0.250,15.351,3,14.281,93.03,4.760,11.063,0.281
79,ec.gp.GPIndividual@304733770{75526776},3C_20_66-03.txt,118.340,0.250,29.585,1,4.984,16.85,4.984,11.063,0.281
79,ec.gp.GPIndividual@1650166626{659674454},3C_20_50-02.txt,61.404,0.250,15.351,7,10.734,69.93,1.533,4.672,0.422
79,ec.gp.GPIndividual@1650166626{659674454},3C_20_50-03.txt,30.993,0.250,7.748,2,7.844,101.23,3.922,5.031,0.422
79,ec.gp.GPIndividual@1650166626{659674454},3C_20_80-01.txt,4.194,0.250,1.049,2,2.500,238.41,1.250,5.031,0.422
79,ec.gp.GPIndividual@1650166626{659674454},3C_20_50-03.txt,30.993,0.250,7.748,5,8.078,104.26,1.616,5.031,0.328
79,ec.gp.GPIndividual@1650166626{659674454},3C_20_80-01.txt,4.194,0.250,1.049,3,4.641,442.55,1.547,5.031,0.125
79,ec.gp.GPIndividual@1650166626{659674454},3C_20_80-01.txt,4.194,0.250,1.049,4,1.172,111.75,0.293,5.031,0.094
79,ec.gp.GPIndividual@1650166626{659674454},3C_20_80-02.txt,35.738,0.250,8.935,2,0.922,10.32,0.461,5.031,0.094
79,ec.gp.GPIndividual@1650166626{659674454},3C_20_80-02.txt,35.738,0.250,8.935,7,8.875,99.33,1.268,5.031,0.094
79,ec.gp.GPIndividual@1650166626{659674454},3C_20_80-02.txt,35.738,0.250,8.935,8,9.031,101.08,1.129,5.031,0.094
79,ec.gp.GPIndividual@1650166626{659674454},3C_20_80-03.txt,169.439,0.250,42.360,16,42.156,99.52,2.635,7.719,0.094
79,ec.gp.GPIndividual@1650166626{659674454},3C_20_66-01.txt,7.322,0.250,1.831,2,10.906,595.79,5.453,10.141,0.094
79,ec.gp.GPIndividual@1650166626{659674454},3C_20_80-03.txt,169.439,0.250,42.360,10,42.828,101.11,4.283,12.828,0.094
79,ec.gp.GPIndividual@1650166626{659674454},3C_20_66-01.txt,7.322,0.250,1.831,1,2.313,126.33,2.313,12.828,0.094
79,ec.gp.GPIndividual@493595115{640838633},3C_20_50-02.txt,61.404,0.250,15.351,4,1.672,10.89,0.418,0.984,0.219
79,ec.gp.GPIndividual@493595115{640838633},3C_20_50-03.txt,30.993,0.250,7.748,3,5.969,77.03,1.990,2.594,0.219
79,ec.gp.GPIndividual@493595115{640838633},3C_20_66-01.txt,7.322,0.250,1.831,2,1.203,65.72,0.602,2.594,0.219
79,ec.gp.GPIndividual@493595115{640838633},3C_20_66-02.txt,154.245,0.250,38.561,3,29.094,75.45,9.698,15.391,0.219
79,ec.gp.GPIndividual@493595115{640838633},3C_20_66-02.txt,154.245,0.250,38.561,12,40.656,105.43,3.388,15.391,0.219
79,ec.gp.GPIndividual@493595115{640838633},3C_20_66-03.txt,118.340,0.250,29.585,1,8.406,28.41,8.406,15.391,0.219
79,ec.gp.GPIndividual@493595115{640838633},3C_20_66-03.txt,118.340,0.250,29.585,1,7.422,25.09,7.422,15.391,0.219
79,ec.gp.GPIndividual@493595115{640838633},3C_20_66-03.txt,118.340,0.250,29.585,1,3.297,11.14,3.297,15.391,0.219
79,ec.gp.GPIndividual@1010311047{-506542767},3C_20_50-02.txt,61.404,0.250,15.351,6,8.953,58.32,1.492,3.609,0.219
79,ec.gp.GPIndividual@1010311047{-506542767},3C_20_50-03.txt,30.993,0.250,7.748,4,7.625,98.41,1.906,3.609,0.219
79,ec.gp.GPIndividual@1010311047{-506542767},3C_20_80-01.txt,4.194,0.250,1.049,2,1.406,134.10,0.703,3.609,0.219
79,ec.gp.GPIndividual@1010311047{-506542767},3C_20_80-01.txt,4.194,0.250,1.049,1,1.750,166.89,1.750,3.609,0.219
79,ec.gp.GPIndividual@1010311047{-506542767},3C_20_80-01.txt,4.194,0.250,1.049,3,3.516,335.26,1.172,3.609,0.219
79,ec.gp.GPIndividual@1010311047{-506542767},3C_20_66-01.txt,7.322,0.250,1.831,5,1.906,104.14,0.381,3.609,0.094
79,ec.gp.GPIndividual@1010311047{-506542767},3C_20_66-02.txt,154.245,0.250,38.561,25,22.391,58.07,0.896,3.609,0.094
79,ec.gp.GPIndividual@1010311047{-506542767},3C_20_80-02.txt,35.738,0.250,8.935,1,0.813,9.09,0.813,3.609,0.094
79,ec.gp.GPIndividual@1010311047{-506542767},3C_20_80-02.txt,35.738,0.250,8.935,8,9.969,111.58,1.246,3.609,0.094
79,ec.gp.GPIndividual@1010311047{-506542767},3C_20_80-02.txt,35.738,0.250,8.935,8,8.625,96.54,1.078,3.609,0.094
79,ec.gp.GPIndividual@1010311047{-506542767},3C_20_80-03.txt,169.439,0.250,42.360,1,8.313,19.62,8.313,8.313,0.094
79,ec.gp.GPIndividual@1010311047{-506542767},3C_20_66-03.txt,118.340,0.250,29.585,2,3.266,11.04,1.633,8.313,0.094
79,ec.gp.GPIndividual@1010311047{-506542767},3C_20_80-03.txt,169.439,0.250,42.360,6,26.109,61.64,4.352,12.313,0.094
79,ec.gp.GPIndividual@664824380{1091289198},3C_20_50-02.txt,61.404,0.250,15.351,2,11.766,76.64,5.883,11.547,0.219
79,ec.gp.GPIndividual@664824380{1091289198},3C_20_80-01.txt,4.194,0.250,1.049,1,1.094,104.30,1.094,11.547,0.219
79,ec.gp.GPIndividual@664824380{1091289198},3C_20_50-03.txt,30.993,0.250,7.748,2,17.063,220.21,8.531,16.578,0.219
79,ec.gp.GPIndividual@664824380{1091289198},3C_20_80-03.txt,169.439,0.250,42.360,2,15.766,37.22,7.883,16.578,0.219
79,ec.gp.GPIndividual@1473240399{965157636},3C_20_50-02.txt,61.404,0.250,15.351,10,15.375,100.16,1.538,3.938,0.109
79,ec.gp.GPIndividual@1473240399{965157636},3C_20_66-01.txt,7.322,0.250,1.831,1,2.906,158.76,2.906,3.938,0.109
79,ec.gp.GPIndividual@1784750471{875236040},3C_20_50-02.txt,61.404,0.250,15.351,7,14.047,91.50,2.007,9.406,0.094
79,ec.gp.GPIndividual@1566605688{342229619},3C_20_50-02.txt,61.404,0.250,15.351,6,6.844,44.58,1.141,5.313,0.094
79,ec.gp.GPIndividual@1566605688{342229619},3C_20_50-03.txt,30.993,0.250,7.748,1,0.141,1.81,0.141,5.313,0.094
79,ec.gp.GPIndividual@1566605688{342229619},3C_20_50-03.txt,30.993,0.250,7.748,4,6.281,81.07,1.570,5.313,0.094
79,ec.gp.GPIndividual@1566605688{342229619},3C_20_66-01.txt,7.322,0.250,1.831,2,0.719,39.26,0.359,5.313,0.094
79,ec.gp.GPIndividual@1566605688{342229619},3C_20_66-02.txt,154.245,0.250,38.561,1,1.438,3.73,1.438,5.313,0.094
79,ec.gp.GPIndividual@1566605688{342229619},3C_20_66-01.txt,7.322,0.250,1.831,3,1.375,75.11,0.458,5.313,0.094
79,ec.gp.GPIndividual@1566605688{342229619},3C_20_66-03.txt,118.340,0.250,29.585,1,0.391,1.32,0.391,5.313,0.094
79,ec.gp.GPIndividual@1566605688{342229619},3C_20_66-02.txt,154.245,0.250,38.561,6,4.453,11.55,0.742,5.313,0.094
79,ec.gp.GPIndividual@1566605688{342229619},3C_20_80-01.txt,4.194,0.250,1.049,2,0.688,65.56,0.344,5.313,0.094
79,ec.gp.GPIndividual@1566605688{342229619},3C_20_66-03.txt,118.340,0.250,29.585,2,0.781,2.64,0.391,5.313,0.094
79,ec.gp.GPIndividual@1566605688{342229619},3C_20_80-02.txt,35.738,0.250,8.935,2,0.953,10.67,0.477,5.313,0.094
79,ec.gp.GPIndividual@1566605688{342229619},3C_20_80-03.txt,169.439,0.250,42.360,5,32.047,75.65,6.409,15.313,0.094
79,ec.gp.GPIndividual@239957216{-680799665},3C_20_50-02.txt,61.404,0.250,15.351,3,0.734,4.78,0.245,0.531,0.094
79,ec.gp.GPIndividual@239957216{-680799665},3C_20_50-03.txt,30.993,0.250,7.748,2,3.203,41.34,1.602,2.047,0.094
79,ec.gp.GPIndividual@239957216{-680799665},3C_20_66-01.txt,7.322,0.250,1.831,1,0.281,15.36,0.281,2.047,0.094
79,ec.gp.GPIndividual@239957216{-680799665},3C_20_66-02.txt,154.245,0.250,38.561,2,1.078,2.80,0.539,2.047,0.094
79,ec.gp.GPIndividual@239957216{-680799665},3C_20_66-03.txt,118.340,0.250,29.585,1,1.578,5.33,1.578,2.047,0.094
79,ec.gp.GPIndividual@239957216{-680799665},3C_20_80-01.txt,4.194,0.250,1.049,1,10.266,978.96,10.266,10.266,0.094
79,ec.gp.GPIndividual@239957216{-680799665},3C_20_80-01.txt,4.194,0.250,1.049,1,0.313,29.80,0.313,10.266,0.094
79,ec.gp.GPIndividual@239957216{-680799665},3C_20_80-02.txt,35.738,0.250,8.935,3,1.281,14.34,0.427,10.266,0.094
79,ec.gp.GPIndividual@239957216{-680799665},3C_20_80-03.txt,169.439,0.250,42.360,3,2.969,7.01,0.990,10.266,0.094
80,ec.gp.GPIndividual@1425563342{-1534832060},3C_20_50-02.txt,61.404,0.250,15.351,0,0.000,0.00,0.000,0.000,0.000
80,ec.gp.GPIndividual@1425563342{-1534832060},3C_20_50-03.txt,30.993,0.250,7.748,1,0.000,0.00,0.000,0.000,0.000
80,ec.gp.GPIndividual@1425563342{-1534832060},3C_20_66-01.txt,7.322,0.250,1.831,1,0.000,0.00,0.000,0.000,0.000
80,ec.gp.GPIndividual@1425563342{-1534832060},3C_20_66-02.txt,154.245,0.250,38.561,1,0.000,0.00,0.000,0.000,0.000
80,ec.gp.GPIndividual@1425563342{-1534832060},3C_20_66-03.txt,118.340,0.250,29.585,1,0.000,0.00,0.000,0.000,0.000
80,ec.gp.GPIndividual@1425563342{-1534832060},3C_20_80-01.txt,4.194,0.250,1.049,1,0.000,0.00,0.000,0.000,0.000
80,ec.gp.GPIndividual@1425563342{-1534832060},3C_20_80-02.txt,35.738,0.250,8.935,1,0.000,0.00,0.000,0.000,0.000
80,ec.gp.GPIndividual@1425563342{-1534832060},3C_20_80-03.txt,169.439,0.250,42.360,1,0.000,0.00,0.000,0.000,0.000
80,ec.gp.GPIndividual@29603785{1548671973},3C_20_50-02.txt,61.404,0.250,15.351,16,15.109,98.43,0.944,1.938,0.234
80,ec.gp.GPIndividual@29603785{1548671973},3C_20_50-03.txt,30.993,0.250,7.748,1,0.313,4.03,0.313,1.938,0.234
80,ec.gp.GPIndividual@29603785{1548671973},3C_20_50-03.txt,30.993,0.250,7.748,1,0.313,4.03,0.313,1.938,0.234
80,ec.gp.GPIndividual@29603785{1548671973},3C_20_50-03.txt,30.993,0.250,7.748,1,1.375,17.75,1.375,1.938,0.234
80,ec.gp.GPIndividual@29603785{1548671973},3C_20_50-03.txt,30.993,0.250,7.748,6,15.594,201.26,2.599,3.250,0.234
80,ec.gp.GPIndividual@29603785{1548671973},3C_20_66-01.txt,7.322,0.250,1.831,1,0.813,44.39,0.813,3.250,0.234
80,ec.gp.GPIndividual@29603785{1548671973},3C_20_50-03.txt,30.993,0.250,7.748,2,5.422,69.98,2.711,3.250,0.234
80,ec.gp.GPIndividual@29603785{1548671973},3C_20_66-01.txt,7.322,0.250,1.831,3,2.438,133.16,0.813,3.250,0.234
80,ec.gp.GPIndividual@29603785{1548671973},3C_20_66-01.txt,7.322,0.250,1.831,1,0.813,44.39,0.813,3.250,0.234
80,ec.gp.GPIndividual@29603785{1548671973},3C_20_66-02.txt,154.245,0.250,38.561,21,38.172,98.99,1.818,4.297,0.234
80,ec.gp.GPIndividual@29603785{1548671973},3C_20_66-03.txt,118.340,0.250,29.585,2,3.922,13.26,1.961,4.297,0.234
80,ec.gp.GPIndividual@29603785{1548671973},3C_20_66-02.txt,154.245,0.250,38.561,2,7.875,20.42,3.938,4.500,0.234
80,ec.gp.GPIndividual@29603785{1548671973},3C_20_66-02.txt,154.245,0.250,38.561,8,30.438,78.93,3.805,7.484,0.234
80,ec.gp.GPIndividual@29603785{1548671973},3C_20_66-01.txt,7.322,0.250,1.831,2,1.766,96.45,0.883,7.484,0.234
80,ec.gp.GPIndividual@29603785{1548671973},3C_20_66-03.txt,118.340,0.250,29.585,10,33.375,112.81,3.338,13.672,0.234
80,ec.gp.GPIndividual@29603785{1548671973},3C_20_66-01.txt,7.322,0.250,1.831,2,13.469,735.78,6.734,13.672,0.234
80,ec.gp.GPIndividual@29603785{1548671973},3C_20_50-03.txt,30.993,0.250,7.748,4,14.219,183.51,3.555,13.672,0.234
80,ec.gp.GPIndividual@29603785{1548671973},3C_20_80-01.txt,4.194,0.250,1.049,1,8.406,801.65,8.406,13.672,0.234
80,ec.gp.GPIndividual@29603785{1548671973},3C_20_66-03.txt,118.340,0.250,29.585,1,1.078,3.64,1.078,13.672,0.234
80,ec.gp.GPIndividual@29603785{1548671973},3C_20_66-02.txt,154.245,0.250,38.561,1,0.500,1.30,0.500,13.672,0.234
80,ec.gp.GPIndividual@29603785{1548671973},3C_20_80-02.txt,35.738,0.250,8.935,1,1.594,17.84,1.594,13.672,0.234
80,ec.gp.GPIndividual@29603785{1548671973},3C_20_80-01.txt,4.194,0.250,1.049,2,3.641,347.18,1.820,13.672,0.234
80,ec.gp.GPIndividual@29603785{1548671973},3C_20_66-01.txt,7.322,0.250,1.831,1,6.031,329.48,6.031,13.672,0.234
80,ec.gp.GPIndividual@29603785{1548671973},3C_20_66-02.txt,154.245,0.250,38.561,24,38.938,100.98,1.622,13.672,0.234
80,ec.gp.GPIndividual@29603785{1548671973},3C_20_66-03.txt,118.340,0.250,29.585,1,0.516,1.74,0.516,13.672,0.234
80,ec.gp.GPIndividual@29603785{1548671973},3C_20_80-03.txt,169.439,0.250,42.360,1,1.219,2.88,1.219,13.672,0.234
80,ec.gp.GPIndividual@29603785{1548671973},3C_20_66-03.txt,118.340,0.250,29.585,3,14.172,47.90,4.724,13.672,0.234
80,ec.gp.GPIndividual@29603785{1548671973},3C_20_80-02.txt,35.738,0.250,8.935,2,12.781,143.05,6.391,13.672,0.234
80,ec.gp.GPIndividual@1105964871{-421550160},3C_20_50-02.txt,61.404,0.250,15.351,4,10.063,65.55,2.516,6.375,0.484
80,ec.gp.GPIndividual@1105964871{-421550160},3C_20_80-01.txt,4.194,0.250,1.049,2,1.938,184.77,0.969,6.375,0.484
80,ec.gp.GPIndividual@1105964871{-421550160},3C_20_80-03.txt,169.439,0.250,42.360,4,12.984,30.65,3.246,9.609,0.344
80,ec.gp.GPIndividual@1105964871{-421550160},3C_20_80-01.txt,4.194,0.250,1.049,1,3.719,354.63,3.719,9.609,0.344
80,ec.gp.GPIndividual@1105964871{-421550160},3C_20_80-01.txt,4.194,0.250,1.049,1,9.938,947.67,9.938,9.938,0.344
80,ec.gp.GPIndividual@1105964871{-421550160},3C_20_66-02.txt,154.245,0.250,38.561,20,40.938,106.16,2.047,9.938,0.344
80,ec.gp.GPIndividual@1105964871{-421550160},3C_20_80-02.txt,35.738,0.250,8.935,1,6.141,68.73,6.141,9.938,0.344
80,ec.gp.GPIndividual@540347089{1223214555},3C_20_50-02.txt,61.404,0.250,15.351,1,1.266,8.24,1.266,1.266,1.266
80,ec.gp.GPIndividual@540347089{1223214555},3C_20_80-02.txt,35.738,0.250,8.935,4,12.984,145.33,3.246,8.656,0.375
80,ec.gp.GPIndividual@540347089{1223214555},3C_20_50-03.txt,30.993,0.250,7.748,5,5.891,76.03,1.178,8.656,0.328
80,ec.gp.GPIndividual@540347089{1223214555},3C_20_50-03.txt,30.993,0.250,7.748,3,4.953,63.93,1.651,8.656,0.328
80,ec.gp.GPIndividual@540347089{1223214555},3C_20_80-03.txt,169.439,0.250,42.360,1,12.125,28.62,12.125,12.125,0.328
80,ec.gp.GPIndividual@540347089{1223214555},3C_20_80-02.txt,35.738,0.250,8.935,6,12.781,143.05,2.130,12.125,0.328
80,ec.gp.GPIndividual@540347089{1223214555},3C_20_66-01.txt,7.322,0.250,1.831,2,1.703,93.04,0.852,12.125,0.297
80,ec.gp.GPIndividual@540347089{1223214555},3C_20_80-03.txt,169.439,0.250,42.360,1,0.281,0.66,0.281,12.125,0.281
80,ec.gp.GPIndividual@540347089{1223214555},3C_20_80-03.txt,169.439,0.250,42.360,3,3.859,9.11,1.286,12.125,0.281
80,ec.gp.GPIndividual@540347089{1223214555},3C_20_66-03.txt,118.340,0.250,29.585,5,14.469,48.91,2.894,12.125,0.281
80,ec.gp.GPIndividual@540347089{1223214555},3C_20_66-01.txt,7.322,0.250,1.831,2,6.859,374.72,3.430,12.125,0.281
80,ec.gp.GPIndividual@1047158638{928284554},3C_20_50-02.txt,61.404,0.250,15.351,7,16.313,106.26,2.330,6.297,0.328
80,ec.gp.GPIndividual@1047158638{928284554},3C_20_50-02.txt,61.404,0.250,15.351,7,16.313,106.26,2.330,6.297,0.328
80,ec.gp.GPIndividual@1047158638{928284554},3C_20_66-02.txt,154.245,0.250,38.561,3,3.672,9.52,1.224,6.297,0.328
80,ec.gp.GPIndividual@1047158638{928284554},3C_20_50-03.txt,30.993,0.250,7.748,1,2.953,38.11,2.953,6.297,0.328
80,ec.gp.GPIndividual@338068344{-1819946228},3C_20_50-02.txt,61.404,0.250,15.351,5,14.219,92.62,2.844,8.438,0.516
80,ec.gp.GPIndividual@110623874{-648055050},3C_20_50-02.txt,61.404,0.250,15.351,1,0.000,0.00,0.000,0.000,0.000
80,ec.gp.GPIndividual@110623874{-648055050},3C_20_50-03.txt,30.993,0.250,7.748,1,0.000,0.00,0.000,0.000,0.000
80,ec.gp.GPIndividual@110623874{-648055050},3C_20_66-01.txt,7.322,0.250,1.831,1,0.000,0.00,0.000,0.000,0.000
80,ec.gp.GPIndividual@110623874{-648055050},3C_20_66-02.txt,154.245,0.250,38.561,1,0.000,0.00,0.000,0.000,0.000
80,ec.gp.GPIndividual@110623874{-648055050},3C_20_66-03.txt,118.340,0.250,29.585,1,0.000,0.00,0.000,0.000,0.000
80,ec.gp.GPIndividual@110623874{-648055050},3C_20_80-01.txt,4.194,0.250,1.049,1,0.000,0.00,0.000,0.000,0.000
80,ec.gp.GPIndividual@110623874{-648055050},3C_20_80-02.txt,35.738,0.250,8.935,1,0.000,0.00,0.000,0.000,0.000
80,ec.gp.GPIndividual@110623874{-648055050},3C_20_80-03.txt,169.439,0.250,42.360,1,0.000,0.00,0.000,0.000,0.000
80,ec.gp.GPIndividual@712696475{-369881530},3C_20_50-02.txt,61.404,0.250,15.351,2,7.375,48.04,3.688,5.578,1.797
80,ec.gp.GPIndividual@712696475{-369881530},3C_20_66-02.txt,154.245,0.250,38.561,19,39.750,103.08,2.092,5.578,0.359
80,ec.gp.GPIndividual@712696475{-369881530},3C_20_66-03.txt,118.340,0.250,29.585,3,6.750,22.82,2.250,5.578,0.156
80,ec.gp.GPIndividual@712696475{-369881530},3C_20_66-01.txt,7.322,0.250,1.831,2,1.969,107.55,0.984,5.578,0.156
80,ec.gp.GPIndividual@712696475{-369881530},3C_20_80-02.txt,35.738,0.250,8.935,2,7.641,85.52,3.820,6.750,0.156
80,ec.gp.GPIndividual@712696475{-369881530},3C_20_66-03.txt,118.340,0.250,29.585,1,1.234,4.17,1.234,6.750,0.156
80,ec.gp.GPIndividual@712696475{-369881530},3C_20_66-02.txt,154.245,0.250,38.561,7,25.656,66.53,3.665,10.266,0.156
80,ec.gp.GPIndividual@712696475{-369881530},3C_20_66-03.txt,118.340,0.250,29.585,7,29.156,98.55,4.165,11.875,0.156
80,ec.gp.GPIndividual@712696475{-369881530},3C_20_80-01.txt,4.194,0.250,1.049,3,2.844,271.19,0.948,11.875,0.156
80,ec.gp.GPIndividual@712696475{-369881530},3C_20_50-03.txt,30.993,0.250,7.748,1,6.313,81.47,6.313,11.875,0.156
80,ec.gp.GPIndividual@712696475{-369881530},3C_20_80-01.txt,4.194,0.250,1.049,3,1.141,108.77,0.380,11.875,0.141
80,ec.gp.GPIndividual@712696475{-369881530},3C_20_80-02.txt,35.738,0.250,8.935,1,10.547,118.05,10.547,11.875,0.141
80,ec.gp.GPIndividual@712696475{-369881530},3C_20_50-03.txt,30.993,0.250,7.748,1,1.234,15.93,1.234,11.875,0.141
80,ec.gp.GPIndividual@712696475{-369881530},3C_20_80-02.txt,35.738,0.250,8.935,2,9.609,107.55,4.805,11.875,0.141
80,ec.gp.GPIndividual@712696475{-369881530},3C_20_80-01.txt,4.194,0.250,1.049,1,3.125,298.01,3.125,11.875,0.141
80,ec.gp.GPIndividual@712696475{-369881530},3C_20_66-01.txt,7.322,0.250,1.831,1,6.688,365.33,6.688,11.875,0.141
80,ec.gp.GPIndividual@712696475{-369881530},3C_20_80-03.txt,169.439,0.250,42.360,5,7.891,18.63,1.578,11.875,0.141
80,ec.gp.GPIndividual@712696475{-369881530},3C_20_80-03.txt,169.439,0.250,42.360,8,13.906,32.83,1.738,11.875,0.141
80,ec.gp.GPIndividual@712696475{-369881530},3C_20_66-01.txt,7.322,0.250,1.831,2,1.984,108.40,0.992,11.875,0.141
80,ec.gp.GPIndividual@712696475{-369881530},3C_20_80-03.txt,169.439,0.250,42.360,4,14.422,34.05,3.605,11.875,0.141
80,ec.gp.GPIndividual@1651318119{-225382099},3C_20_50-02.txt,61.404,0.250,15.351,6,8.375,54.56,1.396,3.922,0.328
80,ec.gp.GPIndividual@1651318119{-225382099},3C_20_50-03.txt,30.993,0.250,7.748,2,9.125,117.77,4.563,6.422,0.328
80,ec.gp.GPIndividual@154766909{-2065257559},3C_20_50-02.txt,61.404,0.250,15.351,6,8.313,54.15,1.385,3.266,0.344
80,ec.gp.GPIndividual@154766909{-2065257559},3C_20_50-03.txt,30.993,0.250,7.748,3,12.344,159.31,4.115,5.234,0.344
80,ec.gp.GPIndividual@154766909{-2065257559},3C_20_80-02.txt,35.738,0.250,8.935,3,15.625,174.88,5.208,13.688,0.328
80,ec.gp.GPIndividual@1057984547{-1333008396},3C_20_50-02.txt,61.404,0.250,15.351,5,23.766,154.81,4.753,16.188,0.516
80,ec.gp.GPIndividual@1057984547{-1333008396},3C_20_66-02.txt,154.245,0.250,38.561,2,18.000,46.68,9.000,16.359,0.516
80,ec.gp.GPIndividual@1057984547{-1333008396},3C_20_66-02.txt,154.245,0.250,38.561,18,38.297,99.31,2.128,16.359,0.188
80,ec.gp.GPIndividual@1057984547{-1333008396},3C_20_66-03.txt,118.340,0.250,29.585,5,19.859,67.13,3.972,16.359,0.188
80,ec.gp.GPIndividual@1057984547{-1333008396},3C_20_80-03.txt,169.439,0.250,42.360,2,13.438,31.72,6.719,16.359,0.188
80,ec.gp.GPIndividual@1057984547{-1333008396},3C_20_66-01.txt,7.322,0.250,1.831,2,4.594,250.95,2.297,16.359,0.188
80,ec.gp.GPIndividual@1057984547{-1333008396},3C_20_80-01.txt,4.194,0.250,1.049,2,6.859,654.13,3.430,16.359,0.188
80,ec.gp.GPIndividual@1698009213{-728657687},3C_20_50-02.txt,61.404,0.250,15.351,3,10.063,65.55,3.354,9.281,0.313
80,ec.gp.GPIndividual@1698009213{-728657687},3C_20_50-03.txt,30.993,0.250,7.748,2,11.234,144.99,5.617,10.813,0.313
80,ec.gp.GPIndividual@1698009213{-728657687},3C_20_66-03.txt,118.340,0.250,29.585,1,11.531,38.98,11.531,11.531,0.313
80,ec.gp.GPIndividual@1698009213{-728657687},3C_20_66-01.txt,7.322,0.250,1.831,2,2.500,136.57,1.250,11.531,0.313
80,ec.gp.GPIndividual@1698009213{-728657687},3C_20_80-02.txt,35.738,0.250,8.935,1,0.313,3.50,0.313,11.531,0.313
80,ec.gp.GPIndividual@1698009213{-728657687},3C_20_66-02.txt,154.245,0.250,38.561,20,38.656,100.25,1.933,11.531,0.156
80,ec.gp.GPIndividual@1698009213{-728657687},3C_20_66-01.txt,7.322,0.250,1.831,2,2.625,143.40,1.313,11.531,0.156
80,ec.gp.GPIndividual@1698009213{-728657687},3C_20_66-03.txt,118.340,0.250,29.585,3,4.078,13.78,1.359,11.531,0.156
80,ec.gp.GPIndividual@1698009213{-728657687},3C_20_66-02.txt,154.245,0.250,38.561,2,4.328,11.22,2.164,11.531,0.156
80,ec.gp.GPIndividual@1698009213{-728657687},3C_20_66-02.txt,154.245,0.250,38.561,14,42.391,109.93,3.028,11.531,0.156
80,ec.gp.GPIndividual@1698009213{-728657687},3C_20_80-03.txt,169.439,0.250,42.360,2,6.781,16.01,3.391,11.531,0.156
80,ec.gp.GPIndividual@1698009213{-728657687},3C_20_66-03.txt,118.340,0.250,29.585,1,4.344,14.68,4.344,11.531,0.156
80,ec.gp.GPIndividual@1698009213{-728657687},3C_20_80-01.txt,4.194,0.250,1.049,3,15.031,1433.43,5.010,14.141,0.156
80,ec.gp.GPIndividual@1698009213{-728657687},3C_20_80-01.txt,4.194,0.250,1.049,3,1.188,113.24,0.396,14.141,0.156
80,ec.gp.GPIndividual@1698009213{-728657687},3C_20_80-02.txt,35.738,0.250,8.935,2,14.406,161.24,7.203,14.141,0.156
80,ec.gp.GPIndividual@1698009213{-728657687},3C_20_50-03.txt,30.993,0.250,7.748,3,9.219,118.98,3.073,14.141,0.156
80,ec.gp.GPIndividual@1698009213{-728657687},3C_20_80-03.txt,169.439,0.250,42.360,1,0.344,0.81,0.344,14.141,0.156
80,ec.gp.GPIndividual@1301588933{-2065257559},3C_20_50-02.txt,61.404,0.250,15.351,8,14.969,97.51,1.871,6.156,0.344
80,ec.gp.GPIndividual@1301588933{-2065257559},3C_20_50-03.txt,30.993,0.250,7.748,1,1.250,16.13,1.250,6.156,0.344
80,ec.gp.GPIndividual@1301588933{-2065257559},3C_20_80-02.txt,35.738,0.250,8.935,1,1.672,18.71,1.672,6.156,0.344
80,ec.gp.GPIndividual@1301588933{-2065257559},3C_20_80-01.txt,4.194,0.250,1.049,3,1.063,101.32,0.354,6.156,0.172
80,ec.gp.GPIndividual@1301588933{-2065257559},3C_20_80-02.txt,35.738,0.250,8.935,3,11.875,132.91,3.958,6.156,0.172
80,ec.gp.GPIndividual@1165887955{965157636},3C_20_50-02.txt,61.404,0.250,15.351,9,13.859,90.28,1.540,3.172,0.531
80,ec.gp.GPIndividual@1165887955{965157636},3C_20_80-03.txt,169.439,0.250,42.360,6,29.516,69.68,4.919,15.734,0.531
80,ec.gp.GPIndividual@1165887955{965157636},3C_20_66-03.txt,118.340,0.250,29.585,2,6.875,23.24,3.438,15.734,0.531
80,ec.gp.GPIndividual@1165887955{965157636},3C_20_66-01.txt,7.322,0.250,1.831,1,6.141,335.45,6.141,15.734,0.531
80,ec.gp.GPIndividual@1790442372{2081164055},3C_20_50-02.txt,61.404,0.250,15.351,7,14.656,95.47,2.094,6.375,0.516
80,ec.gp.GPIndividual@1790442372{2081164055},3C_20_50-03.txt,30.993,0.250,7.748,4,9.359,120.80,2.340,6.375,0.516
80,ec.gp.GPIndividual@1790442372{2081164055},3C_20_50-03.txt,30.993,0.250,7.748,1,9.766,126.04,9.766,9.766,0.516
80,ec.gp.GPIndividual@1790442372{2081164055},3C_20_66-01.txt,7.322,0.250,1.831,1,1.969,107.55,1.969,9.766,0.516
80,ec.gp.GPIndividual@1790442372{2081164055},3C_20_80-01.txt,4.194,0.250,1.049,1,1.234,117.71,1.234,9.766,0.516
80,ec.gp.GPIndividual@1790442372{2081164055},3C_20_66-02.txt,154.245,0.250,38.561,4,16.047,41.61,4.012,11.484,0.516
80,ec.gp.GPIndividual@1790442372{2081164055},3C_20_80-03.txt,169.439,0.250,42.360,18,43.328,102.29,2.407,11.484,0.516
80,ec.gp.GPIndividual@1790442372{2081164055},3C_20_66-01.txt,7.322,0.250,1.831,1,2.547,139.13,2.547,11.484,0.516
80,ec.gp.GPIndividual@1962226122{324030031},3C_20_50-02.txt,61.404,0.250,15.351,6,9.672,63.00,1.612,2.906,0.344
80,ec.gp.GPIndividual@1962226122{324030031},3C_20_80-02.txt,35.738,0.250,8.935,2,14.984,167.71,7.492,8.125,0.344
80,ec.gp.GPIndividual@1962226122{324030031},3C_20_66-02.txt,154.245,0.250,38.561,16,43.031,111.59,2.689,9.625,0.344
80,ec.gp.GPIndividual@1962226122{324030031},3C_20_66-01.txt,7.322,0.250,1.831,1,6.766,369.60,6.766,9.625,0.344
80,ec.gp.GPIndividual@1962226122{324030031},3C_20_50-03.txt,30.993,0.250,7.748,3,14.828,191.38,4.943,10.531,0.344
80,ec.gp.GPIndividual@1962226122{324030031},3C_20_66-02.txt,154.245,0.250,38.561,1,2.125,5.51,2.125,10.531,0.344
80,ec.gp.GPIndividual@1962226122{324030031},3C_20_66-03.txt,118.340,0.250,29.585,2,2.266,7.66,1.133,10.531,0.344
80,ec.gp.GPIndividual@1962226122{324030031},3C_20_80-03.txt,169.439,0.250,42.360,11,42.516,100.37,3.865,13.328,0.344
80,ec.gp.GPIndividual@830113181{1393456696},3C_20_50-02.txt,61.404,0.250,15.351,7,12.984,84.58,1.855,3.375,0.297
80,ec.gp.GPIndividual@830113181{1393456696},3C_20_80-01.txt,4.194,0.250,1.049,1,8.859,844.86,8.859,8.859,0.297
80,ec.gp.GPIndividual@830113181{1393456696},3C_20_66-03.txt,118.340,0.250,29.585,9,26.953,91.10,2.995,8.859,0.297
80,ec.gp.GPIndividual@830113181{1393456696},3C_20_66-03.txt,118.340,0.250,29.585,2,9.422,31.85,4.711,8.859,0.297
80,ec.gp.GPIndividual@830113181{1393456696},3C_20_80-02.txt,35.738,0.250,8.935,1,5.813,65.06,5.813,8.859,0.297
80,ec.gp.GPIndividual@830113181{1393456696},3C_20_66-01.txt,7.322,0.250,1.831,1,7.797,425.93,7.797,8.859,0.297
80,ec.gp.GPIndividual@830113181{1393456696},3C_20_66-02.txt,154.245,0.250,38.561,17,39.125,101.46,2.301,10.438,0.297
80,ec.gp.GPIndividual@830113181{1393456696},3C_20_80-03.txt,169.439,0.250,42.360,5,14.547,34.34,2.909,10.438,0.297
80,ec.gp.GPIndividual@830113181{1393456696},3C_20_50-03.txt,30.993,0.250,7.748,4,6.938,89.54,1.734,10.438,0.297
80,ec.gp.GPIndividual@830113181{1393456696},3C_20_80-01.txt,4.194,0.250,1.049,1,6.141,585.59,6.141,10.438,0.297
80,ec.gp.GPIndividual@681258211{-2065257559},3C_20_50-02.txt,61.404,0.250,15.351,5,19.219,125.19,3.844,12.563,0.484
80,ec.gp.GPIndividual@681258211{-2065257559},3C_20_80-01.txt,4.194,0.250,1.049,1,1.203,114.73,1.203,12.563,0.484
80,ec.gp.GPIndividual@681258211{-2065257559},3C_20_80-02.txt,35.738,0.250,8.935,5,4.313,48.27,0.863,12.563,0.328
80,ec.gp.GPIndividual@681258211{-2065257559},3C_20_50-03.txt,30.993,0.250,7.748,2,5.609,72.40,2.805,12.563,0.328
80,ec.gp.GPIndividual@681258211{-2065257559},3C_20_66-01.txt,7.322,0.250,1.831,3,1.859,101.57,0.620,12.563,0.156
80,ec.gp.GPIndividual@681258211{-2065257559},3C_20_80-02.txt,35.738,0.250,8.935,4,7.953,89.02,1.988,12.563,0.156
80,ec.gp.GPIndividual@681258211{-2065257559},3C_20_66-02.txt,154.245,0.250,38.561,1,1.250,3.24,1.250,12.563,0.156
80,ec.gp.GPIndividual@681258211{-2065257559},3C_20_80-03.txt,169.439,0.250,42.360,2,4.922,11.62,2.461,12.563,0.156
80,ec.gp.GPIndividual@681258211{-2065257559},3C_20_66-03.txt,118.340,0.250,29.585,8,31.344,105.95,3.918,16.844,0.156
80,ec.gp.GPIndividual@681258211{-2065257559},3C_20_66-01.txt,7.322,0.250,1.831,2,2.781,151.94,1.391,16.844,0.156
80,ec.gp.GPIndividual@681258211{-2065257559},3C_20_66-02.txt,154.245,0.250,38.561,2,1.188,3.08,0.594,16.844,0.156
80,ec.gp.GPIndividual@681258211{-2065257559},3C_20_66-03.txt,118.340,0.250,29.585,13,31.078,105.05,2.391,16.844,0.156
80,ec.gp.GPIndividual@681258211{-2065257559},3C_20_66-02.txt,154.245,0.250,38.561,12,36.766,95.34,3.064,16.844,0.156
80,ec.gp.GPIndividual@681258211{-2065257559},3C_20_80-01.txt,4.194,0.250,1.049,2,2.219,211.59,1.109,16.844,0.156
80,ec.gp.GPIndividual@681258211{-2065257559},3C_20_66-03.txt,118.340,0.250,29.585,1,0.313,1.06,0.313,16.844,0.156
80,ec.gp.GPIndividual@681258211{-2065257559},3C_20_80-02.txt,35.738,0.250,8.935,1,4.563,51.07,4.563,16.844,0.156
80,ec.gp.GPIndividual@68575816{875723198},3C_20_50-02.txt,61.404,0.250,15.351,1,0.531,3.46,0.531,0.531,0.531
80,ec.gp.GPIndividual@68575816{875723198},3C_20_50-03.txt,30.993,0.250,7.748,3,11.828,152.66,3.943,8.188,0.531
80,ec.gp.GPIndividual@68575816{875723198},3C_20_66-03.txt,118.340,0.250,29.585,2,13.609,46.00,6.805,10.344,0.531
80,ec.gp.GPIndividual@68575816{875723198},3C_20_66-01.txt,7.322,0.250,1.831,2,2.281,124.62,1.141,10.344,0.531
80,ec.gp.GPIndividual@68575816{875723198},3C_20_66-02.txt,154.245,0.250,38.561,1,0.359,0.93,0.359,10.344,0.359
80,ec.gp.GPIndividual@68575816{875723198},3C_20_80-03.txt,169.439,0.250,42.360,2,21.609,51.01,10.805,15.375,0.359
80,ec.gp.GPIndividual@68575816{875723198},3C_20_80-01.txt,4.194,0.250,1.049,1,2.375,226.49,2.375,15.375,0.359
80,ec.gp.GPIndividual@68575816{875723198},3C_20_66-03.txt,118.340,0.250,29.585,7,27.172,91.84,3.882,15.375,0.359
80,ec.gp.GPIndividual@68575816{875723198},3C_20_80-03.txt,169.439,0.250,42.360,2,9.547,22.54,4.773,15.375,0.359
80,ec.gp.GPIndividual@68575816{875723198},3C_20_80-01.txt,4.194,0.250,1.049,1,0.547,52.15,0.547,15.375,0.359
80,ec.gp.GPIndividual@68575816{875723198},3C_20_80-02.txt,35.738,0.250,8.935,2,8.328,93.21,4.164,15.375,0.359
80,ec.gp.GPIndividual@1099056366{207354070},3C_20_50-02.txt,61.404,0.250,15.351,3,3.859,25.14,1.286,2.016,0.547
80,ec.gp.GPIndividual@1099056366{207354070},3C_20_80-03.txt,169.439,0.250,42.360,4,20.875,49.28,5.219,9.797,0.547
80,ec.gp.GPIndividual@1099056366{207354070},3C_20_80-01.txt,4.194,0.250,1.049,3,3.203,305.46,1.068,9.797,0.359
80,ec.gp.GPIndividual@1099056366{207354070},3C_20_50-03.txt,30.993,0.250,7.748,4,9.266,119.59,2.316,9.797,0.156
80,ec.gp.GPIndividual@217944985{-1912680732},3C_20_50-02.txt,61.404,0.250,15.351,4,7.797,50.79,1.949,3.234,0.531
80,ec.gp.GPIndividual@217944985{-1912680732},3C_20_66-01.txt,7.322,0.250,1.831,1,0.891,48.65,0.891,3.234,0.531
80,ec.gp.GPIndividual@217944985{-1912680732},3C_20_66-02.txt,154.245,0.250,38.561,12,39.859,103.37,3.322,15.641,0.531
80,ec.gp.GPIndividual@217944985{-1912680732},3C_20_50-03.txt,30.993,0.250,7.748,1,0.672,8.67,0.672,15.641,0.531
80,ec.gp.GPIndividual@217944985{-1912680732},3C_20_80-02.txt,35.738,0.250,8.935,2,3.656,40.92,1.828,15.641,0.531
80,ec.gp.GPIndividual@217944985{-1912680732},3C_20_66-03.txt,118.340,0.250,29.585,4,22.078,74.63,5.520,15.641,0.531
80,ec.gp.GPIndividual@217944985{-1912680732},3C_20_80-01.txt,4.194,0.250,1.049,1,1.250,119.20,1.250,15.641,0.531
80,ec.gp.GPIndividual@217944985{-1912680732},3C_20_80-03.txt,169.439,0.250,42.360,5,14.297,33.75,2.859,15.641,0.500
80,ec.gp.GPIndividual@217944985{-1912680732},3C_20_66-01.txt,7.322,0.250,1.831,1,6.344,346.55,6.344,15.641,0.500
80,ec.gp.GPIndividual@420315003{1217876282},3C_20_50-02.txt,61.404,0.250,15.351,5,19.234,125.30,3.847,10.875,0.484
80,ec.gp.GPIndividual@120672862{-2065257559},3C_20_50-02.txt,61.404,0.250,15.351,1,1.938,12.62,1.938,1.938,1.938
80,ec.gp.GPIndividual@120672862{-2065257559},3C_20_80-02.txt,35.738,0.250,8.935,1,1.609,18.01,1.609,1.938,1.609
80,ec.gp.GPIndividual@120672862{-2065257559},3C_20_50-03.txt,30.993,0.250,7.748,2,1.313,16.94,0.656,1.938,0.313
80,ec.gp.GPIndividual@120672862{-2065257559},3C_20_66-02.txt,154.245,0.250,38.561,8,16.203,42.02,2.025,4.000,0.313
80,ec.gp.GPIndividual@120672862{-2065257559},3C_20_50-03.txt,30.993,0.250,7.748,5,10.063,129.87,2.013,4.000,0.313
80,ec.gp.GPIndividual@120672862{-2065257559},3C_20_80-02.txt,35.738,0.250,8.935,2,2.078,23.26,1.039,4.000,0.156
80,ec.gp.GPIndividual@120672862{-2065257559},3C_20_66-01.txt,7.322,0.250,1.831,1,0.844,46.09,0.844,4.000,0.156
80,ec.gp.GPIndividual@120672862{-2065257559},3C_20_66-03.txt,118.340,0.250,29.585,2,2.078,7.02,1.039,4.000,0.156
80,ec.gp.GPIndividual@120672862{-2065257559},3C_20_80-03.txt,169.439,0.250,42.360,15,50.984,120.36,3.399,14.047,0.156
80,ec.gp.GPIndividual@120672862{-2065257559},3C_20_80-01.txt,4.194,0.250,1.049,1,0.547,52.15,0.547,14.047,0.156
80,ec.gp.GPIndividual@120672862{-2065257559},3C_20_80-02.txt,35.738,0.250,8.935,3,10.250,114.72,3.417,14.047,0.156
80,ec.gp.GPIndividual@120672862{-2065257559},3C_20_80-01.txt,4.194,0.250,1.049,3,1.156,110.26,0.385,14.047,0.156
80,ec.gp.GPIndividual@120672862{-2065257559},3C_20_80-02.txt,35.738,0.250,8.935,6,8.641,96.71,1.440,14.047,0.156
80,ec.gp.GPIndividual@120672862{-2065257559},3C_20_80-03.txt,169.439,0.250,42.360,2,18.438,43.53,9.219,14.047,0.156
80,ec.gp.GPIndividual@120672862{-2065257559},3C_20_66-02.txt,154.245,0.250,38.561,1,1.328,3.44,1.328,14.047,0.156
80,ec.gp.GPIndividual@120672862{-2065257559},3C_20_80-03.txt,169.439,0.250,42.360,2,5.344,12.62,2.672,14.047,0.156
80,ec.gp.GPIndividual@437091407{-1587938790},3C_20_50-02.txt,61.404,0.250,15.351,8,20.766,135.27,2.596,6.328,0.531
80,ec.gp.GPIndividual@1812109726{-351785661},3C_20_50-02.txt,61.404,0.250,15.351,2,3.219,20.97,1.609,2.781,0.438
80,ec.gp.GPIndividual@1812109726{-351785661},3C_20_66-01.txt,7.322,0.250,1.831,3,1.641,89.62,0.547,2.781,0.141
80,ec.gp.GPIndividual@1812109726{-351785661},3C_20_66-03.txt,118.340,0.250,29.585,5,6.031,20.39,1.206,2.781,0.141
80,ec.gp.GPIndividual@1812109726{-351785661},3C_20_50-03.txt,30.993,0.250,7.748,5,11.563,149.23,2.313,4.906,0.141
80,ec.gp.GPIndividual@1812109726{-351785661},3C_20_80-01.txt,4.194,0.250,1.049,3,1.031,98.34,0.344,4.906,0.141
80,ec.gp.GPIndividual@1812109726{-351785661},3C_20_80-02.txt,35.738,0.250,8.935,1,0.281,3.15,0.281,4.906,0.141
80,ec.gp.GPIndividual@1812109726{-351785661},3C_20_66-01.txt,7.322,0.250,1.831,1,1.766,96.45,1.766,4.906,0.141
80,ec.gp.GPIndividual@1812109726{-351785661},3C_20_66-02.txt,154.245,0.250,38.561,8,25.125,65.16,3.141,16.359,0.141
80,ec.gp.GPIndividual@1812109726{-351785661},3C_20_80-03.txt,169.439,0.250,42.360,11,41.047,96.90,3.732,16.359,0.141
80,ec.gp.GPIndividual@1812109726{-351785661},3C_20_80-03.txt,169.439,0.250,42.360,2,21.188,50.02,10.594,16.359,0.141
80,ec.gp.GPIndividual@1812109726{-351785661},3C_20_66-03.txt,118.340,0.250,29.585,4,30.844,104.26,7.711,16.359,0.141
80,ec.gp.GPIndividual@1812109726{-351785661},3C_20_80-01.txt,4.194,0.250,1.049,5,1.141,108.77,0.228,16.359,0.141
80,ec.gp.GPIndividual@1812109726{-351785661},3C_20_80-02.txt,35.738,0.250,8.935,1,1.422,15.91,1.422,16.359,0.141
80,ec.gp.GPIndividual@1506445621{335162672},3C_20_50-02.txt,61.404,0.250,15.351,6,12.688,82.65,2.115,5.453,0.281
80,ec.gp.GPIndividual@1506445621{335162672},3C_20_66-02.txt,154.245,0.250,38.561,2,1.141,2.96,0.570,5.453,0.281
80,ec.gp.GPIndividual@1506445621{335162672},3C_20_50-03.txt,30.993,0.250,7.748,5,8.563,110.51,1.713,5.453,0.281
80,ec.gp.GPIndividual@1506445621{335162672},3C_20_66-01.txt,7.322,0.250,1.831,1,12.547,685.42,12.547,12.547,0.281
80,ec.gp.GPIndividual@1506445621{335162672},3C_20_50-03.txt,30.993,0.250,7.748,1,4.719,60.90,4.719,12.547,0.281
80,ec.gp.GPIndividual@657210499{2040594619},3C_20_50-02.txt,61.404,0.250,15.351,2,10.094,65.75,5.047,9.844,0.250
80,ec.gp.GPIndividual@657210499{2040594619},3C_20_66-02.txt,154.245,0.250,38.561,12,29.328,76.06,2.444,9.844,0.250
80,ec.gp.GPIndividual@657210499{2040594619},3C_20_66-01.txt,7.322,0.250,1.831,1,8.953,489.10,8.953,9.844,0.250
80,ec.gp.GPIndividual@657210499{2040594619},3C_20_50-03.txt,30.993,0.250,7.748,1,12.906,166.57,12.906,12.906,0.250
80,ec.gp.GPIndividual@657210499{2040594619},3C_20_80-01.txt,4.194,0.250,1.049,2,8.828,841.88,4.414,12.906,0.250
80,ec.gp.GPIndividual@657210499{2040594619},3C_20_66-03.txt,118.340,0.250,29.585,18,29.391,99.34,1.633,12.906,0.203
80,ec.gp.GPIndividual@657210499{2040594619},3C_20_80-02.txt,35.738,0.250,8.935,1,5.859,65.58,5.859,12.906,0.203
80,ec.gp.GPIndividual@657210499{2040594619},3C_20_80-01.txt,4.194,0.250,1.049,1,1.438,137.08,1.438,12.906,0.203
80,ec.gp.GPIndividual@657210499{2040594619},3C_20_66-01.txt,7.322,0.250,1.831,1,9.109,497.63,9.109,12.906,0.203
80,ec.gp.GPIndividual@657210499{2040594619},3C_20_66-02.txt,154.245,0.250,38.561,21,47.938,124.32,2.283,12.906,0.203
80,ec.gp.GPIndividual@657210499{2040594619},3C_20_80-02.txt,35.738,0.250,8.935,1,9.422,105.45,9.422,12.906,0.203
80,ec.gp.GPIndividual@657210499{2040594619},3C_20_66-03.txt,118.340,0.250,29.585,1,0.922,3.12,0.922,12.906,0.203
80,ec.gp.GPIndividual@657210499{2040594619},3C_20_80-03.txt,169.439,0.250,42.360,10,28.984,68.42,2.898,12.906,0.203
80,ec.gp.GPIndividual@657210499{2040594619},3C_20_80-03.txt,169.439,0.250,42.360,5,40.688,96.05,8.138,12.906,0.203
80,ec.gp.GPIndividual@793739957{-1396827925},3C_20_50-02.txt,61.404,0.250,15.351,1,2.219,14.45,2.219,2.219,2.219
80,ec.gp.GPIndividual@1170703580{438620982},3C_20_50-02.txt,61.404,0.250,15.351,5,2.875,18.73,0.575,1.094,0.219
80,ec.gp.GPIndividual@1170703580{438620982},3C_20_50-03.txt,30.993,0.250,7.748,2,10.250,132.29,5.125,8.844,0.219
80,ec.gp.GPIndividual@1170703580{438620982},3C_20_66-02.txt,154.245,0.250,38.561,9,26.813,69.53,2.979,13.172,0.219
80,ec.gp.GPIndividual@1170703580{438620982},3C_20_66-01.txt,7.322,0.250,1.831,1,0.594,32.44,0.594,13.172,0.219
80,ec.gp.GPIndividual@1170703580{438620982},3C_20_66-02.txt,154.245,0.250,38.561,2,2.453,6.36,1.227,13.172,0.219
80,ec.gp.GPIndividual@1170703580{438620982},3C_20_66-03.txt,118.340,0.250,29.585,3,17.000,57.46,5.667,13.172,0.219
80,ec.gp.GPIndividual@1170703580{438620982},3C_20_80-01.txt,4.194,0.250,1.049,5,1.141,108.77,0.228,13.172,0.109
80,ec.gp.GPIndividual@1170703580{438620982},3C_20_80-02.txt,35.738,0.250,8.935,1,1.344,15.04,1.344,13.172,0.109
80,ec.gp.GPIndividual@1170703580{438620982},3C_20_80-03.txt,169.439,0.250,42.360,1,14.750,34.82,14.750,14.750,0.109
80,ec.gp.GPIndividual@1170703580{438620982},3C_20_50-03.txt,30.993,0.250,7.748,2,9.188,118.58,4.594,14.750,0.109
80,ec.gp.GPIndividual@1170703580{438620982},3C_20_66-01.txt,7.322,0.250,1.831,2,3.938,215.10,1.969,14.750,0.109
80,ec.gp.GPIndividual@213406305{1503564363},3C_20_50-02.txt,61.404,0.250,15.351,2,1.188,7.74,0.594,0.641,0.547
80,ec.gp.GPIndividual@213406305{1503564363},3C_20_66-03.txt,118.340,0.250,29.585,3,10.203,34.49,3.401,9.203,0.203
80,ec.gp.GPIndividual@213406305{1503564363},3C_20_80-01.txt,4.194,0.250,1.049,2,1.047,99.83,0.523,9.203,0.094
80,ec.gp.GPIndividual@213406305{1503564363},3C_20_50-03.txt,30.993,0.250,7.748,7,8.938,115.35,1.277,9.203,0.094
80,ec.gp.GPIndividual@213406305{1503564363},3C_20_66-01.txt,7.322,0.250,1.831,2,1.016,55.48,0.508,9.203,0.094
80,ec.gp.GPIndividual@213406305{1503564363},3C_20_66-02.txt,154.245,0.250,38.561,2,2.703,7.01,1.352,9.203,0.094
80,ec.gp.GPIndividual@213406305{1503564363},3C_20_66-02.txt,154.245,0.250,38.561,4,5.406,14.02,1.352,9.203,0.094
80,ec.gp.GPIndividual@213406305{1503564363},3C_20_66-03.txt,118.340,0.250,29.585,9,12.953,43.78,1.439,9.203,0.094
80,ec.gp.GPIndividual@213406305{1503564363},3C_20_80-01.txt,4.194,0.250,1.049,2,1.531,146.03,0.766,9.203,0.094
80,ec.gp.GPIndividual@213406305{1503564363},3C_20_80-02.txt,35.738,0.250,8.935,2,1.047,11.72,0.523,9.203,0.094
80,ec.gp.GPIndividual@213406305{1503564363},3C_20_80-02.txt,35.738,0.250,8.935,3,3.344,37.43,1.115,9.203,0.094
80,ec.gp.GPIndividual@213406305{1503564363},3C_20_80-03.txt,169.439,0.250,42.360,4,6.281,14.83,1.570,9.203,0.094
80,ec.gp.GPIndividual@2126250538{-712193143},3C_20_50-02.txt,61.404,0.250,15.351,4,21.141,137.71,5.285,11.172,0.219
80,ec.gp.GPIndividual@2126250538{-712193143},3C_20_66-03.txt,118.340,0.250,29.585,2,0.547,1.85,0.273,11.172,0.219
80,ec.gp.GPIndividual@2126250538{-712193143},3C_20_50-03.txt,30.993,0.250,7.748,3,6.594,85.10,2.198,11.172,0.219
80,ec.gp.GPIndividual@2126250538{-712193143},3C_20_80-01.txt,4.194,0.250,1.049,1,3.672,350.16,3.672,11.172,0.219
80,ec.gp.GPIndividual@2126250538{-712193143},3C_20_80-01.txt,4.194,0.250,1.049,3,1.000,95.36,0.333,11.172,0.094
80,ec.gp.GPIndividual@2126250538{-712193143},3C_20_80-02.txt,35.738,0.250,8.935,8,9.406,105.28,1.176,11.172,0.094
80,ec.gp.GPIndividual@2126250538{-712193143},3C_20_66-01.txt,7.322,0.250,1.831,2,2.594,141.69,1.297,11.172,0.094
80,ec.gp.GPIndividual@2126250538{-712193143},3C_20_80-03.txt,169.439,0.250,42.360,5,4.750,11.21,0.950,11.172,0.094
80,ec.gp.GPIndividual@2126250538{-712193143},3C_20_80-02.txt,35.738,0.250,8.935,6,23.156,259.18,3.859,16.000,0.094
80,ec.gp.GPIndividual@2126250538{-712193143},3C_20_80-03.txt,169.439,0.250,42.360,1,1.891,4.46,1.891,16.000,0.094
80,ec.gp.GPIndividual@1258077356{-1067359582},3C_20_50-02.txt,61.404,0.250,15.351,13,15.438,100.56,1.188,3.516,0.109
80,ec.gp.GPIndividual@600305760{1129253375},3C_20_50-02.txt,61.404,0.250,15.351,1,4.797,31.25,4.797,4.797,4.797
80,ec.gp.GPIndividual@600305760{1129253375},3C_20_66-02.txt,154.245,0.250,38.561,1,0.672,1.74,0.672,4.797,0.672
80,ec.gp.GPIndividual@600305760{1129253375},3C_20_50-03.txt,30.993,0.250,7.748,5,6.469,83.49,1.294,4.797,0.219
80,ec.gp.GPIndividual@600305760{1129253375},3C_20_50-03.txt,30.993,0.250,7.748,5,6.875,88.73,1.375,4.797,0.219
80,ec.gp.GPIndividual@600305760{1129253375},3C_20_66-01.txt,7.322,0.250,1.831,1,0.844,46.09,0.844,4.797,0.219
80,ec.gp.GPIndividual@600305760{1129253375},3C_20_66-03.txt,118.340,0.250,29.585,3,5.094,17.22,1.698,4.797,0.219
80,ec.gp.GPIndividual@600305760{1129253375},3C_20_80-03.txt,169.439,0.250,42.360,5,10.250,24.20,2.050,4.797,0.219
80,ec.gp.GPIndividual@600305760{1129253375},3C_20_66-01.txt,7.322,0.250,1.831,1,3.531,192.91,3.531,4.797,0.219
80,ec.gp.GPIndividual@1334731040{2129256187},3C_20_50-02.txt,61.404,0.250,15.351,2,0.688,4.48,0.344,0.469,0.219
80,ec.gp.GPIndividual@1334731040{2129256187},3C_20_66-02.txt,154.245,0.250,38.561,5,6.859,17.79,1.372,1.922,0.219
80,ec.gp.GPIndividual@1334731040{2129256187},3C_20_66-03.txt,118.340,0.250,29.585,2,5.781,19.54,2.891,3.828,0.219
80,ec.gp.GPIndividual@1334731040{2129256187},3C_20_80-01.txt,4.194,0.250,1.049,5,1.156,110.26,0.231,3.828,0.109
80,ec.gp.GPIndividual@1334731040{2129256187},3C_20_80-02.txt,35.738,0.250,8.935,1,1.219,13.64,1.219,3.828,0.109
80,ec.gp.GPIndividual@1334731040{2129256187},3C_20_80-03.txt,169.439,0.250,42.360,1,3.594,8.48,3.594,3.828,0.109
80,ec.gp.GPIndividual@420099113{1439128043},3C_20_50-02.txt,61.404,0.250,15.351,3,0.750,4.89,0.250,0.500,0.094
80,ec.gp.GPIndividual@420099113{1439128043},3C_20_50-03.txt,30.993,0.250,7.748,2,3.203,41.34,1.602,2.047,0.094
80,ec.gp.GPIndividual@420099113{1439128043},3C_20_66-01.txt,7.322,0.250,1.831,1,0.281,15.36,0.281,2.047,0.094
80,ec.gp.GPIndividual@420099113{1439128043},3C_20_66-02.txt,154.245,0.250,38.561,2,1.016,2.63,0.508,2.047,0.094
80,ec.gp.GPIndividual@420099113{1439128043},3C_20_66-03.txt,118.340,0.250,29.585,1,1.672,5.65,1.672,2.047,0.094
80,ec.gp.GPIndividual@420099113{1439128043},3C_20_80-01.txt,4.194,0.250,1.049,1,0.391,37.25,0.391,2.047,0.094
80,ec.gp.GPIndividual@420099113{1439128043},3C_20_80-02.txt,35.738,0.250,8.935,1,0.578,6.47,0.578,2.047,0.094
80,ec.gp.GPIndividual@420099113{1439128043},3C_20_80-03.txt,169.439,0.250,42.360,2,10.953,25.86,5.477,9.328,0.094
81,ec.gp.GPIndividual@1932705769{1300340135},3C_20_50-02.txt,61.404,0.250,15.351,16,15.109,98.43,0.944,1.922,0.297
81,ec.gp.GPIndividual@1932705769{1300340135},3C_20_50-03.txt,30.993,0.250,7.748,1,0.297,3.83,0.297,1.922,0.297
81,ec.gp.GPIndividual@1932705769{1300340135},3C_20_50-03.txt,30.993,0.250,7.748,1,0.297,3.83,0.297,1.922,0.297
81,ec.gp.GPIndividual@1932705769{1300340135},3C_20_50-03.txt,30.993,0.250,7.748,2,2.484,32.06,1.242,1.922,0.297
81,ec.gp.GPIndividual@1932705769{1300340135},3C_20_50-03.txt,30.993,0.250,7.748,1,2.328,30.05,2.328,2.328,0.297
81,ec.gp.GPIndividual@1932705769{1300340135},3C_20_50-03.txt,30.993,0.250,7.748,4,12.063,155.68,3.016,3.234,0.297
81,ec.gp.GPIndividual@1932705769{1300340135},3C_20_66-01.txt,7.322,0.250,1.831,1,3.141,171.57,3.141,3.234,0.297
81,ec.gp.GPIndividual@1932705769{1300340135},3C_20_66-01.txt,7.322,0.250,1.831,3,2.484,135.72,0.828,3.234,0.297
81,ec.gp.GPIndividual@1932705769{1300340135},3C_20_66-01.txt,7.322,0.250,1.831,3,1.031,56.34,0.344,3.234,0.125
81,ec.gp.GPIndividual@1932705769{1300340135},3C_20_66-02.txt,154.245,0.250,38.561,5,7.531,19.53,1.506,3.234,0.125
81,ec.gp.GPIndividual@1932705769{1300340135},3C_20_66-01.txt,7.322,0.250,1.831,4,1.938,105.84,0.484,3.234,0.125
81,ec.gp.GPIndividual@1932705769{1300340135},3C_20_66-02.txt,154.245,0.250,38.561,8,17.328,44.94,2.166,4.234,0.125
81,ec.gp.GPIndividual@1932705769{1300340135},3C_20_66-01.txt,7.322,0.250,1.831,2,2.172,118.65,1.086,4.234,0.125
81,ec.gp.GPIndividual@1932705769{1300340135},3C_20_66-03.txt,118.340,0.250,29.585,7,39.031,131.93,5.576,13.047,0.125
81,ec.gp.GPIndividual@1932705769{1300340135},3C_20_66-02.txt,154.245,0.250,38.561,1,1.609,4.17,1.609,13.047,0.125
81,ec.gp.GPIndividual@1932705769{1300340135},3C_20_80-01.txt,4.194,0.250,1.049,1,11.422,1089.23,11.422,13.047,0.125
81,ec.gp.GPIndividual@1932705769{1300340135},3C_20_66-02.txt,154.245,0.250,38.561,1,14.641,37.97,14.641,14.641,0.125
81,ec.gp.GPIndividual@1932705769{1300340135},3C_20_66-02.txt,154.245,0.250,38.561,2,3.516,9.12,1.758,14.641,0.125
81,ec.gp.GPIndividual@1932705769{1300340135},3C_20_50-03.txt,30.993,0.250,7.748,2,11.125,143.58,5.563,14.641,0.125
81,ec.gp.GPIndividual@1932705769{1300340135},3C_20_66-03.txt,118.340,0.250,29.585,15,28.766,97.23,1.918,14.641,0.125
81,ec.gp.GPIndividual@1932705769{1300340135},3C_20_66-03.txt,118.340,0.250,29.585,1,1.250,4.23,1.250,14.641,0.125
81,ec.gp.GPIndividual@1932705769{1300340135},3C_20_80-01.txt,4.194,0.250,1.049,1,1.766,168.38,1.766,14.641,0.125
81,ec.gp.GPIndividual@1932705769{1300340135},3C_20_66-03.txt,118.340,0.250,29.585,2,2.078,7.02,1.039,14.641,0.125
81,ec.gp.GPIndividual@1932705769{1300340135},3C_20_80-02.txt,35.738,0.250,8.935,3,10.453,117.00,3.484,14.641,0.125
81,ec.gp.GPIndividual@1932705769{1300340135},3C_20_80-02.txt,35.738,0.250,8.935,2,3.781,42.32,1.891,14.641,0.125
81,ec.gp.GPIndividual@1932705769{1300340135},3C_20_66-03.txt,118.340,0.250,29.585,12,32.984,111.49,2.749,14.641,0.125
81,ec.gp.GPIndividual@1932705769{1300340135},3C_20_80-01.txt,4.194,0.250,1.049,1,3.547,338.24,3.547,14.641,0.125
81,ec.gp.GPIndividual@1932705769{1300340135},3C_20_80-01.txt,4.194,0.250,1.049,1,3.703,353.14,3.703,14.641,0.125
81,ec.gp.GPIndividual@1932705769{1300340135},3C_20_80-01.txt,4.194,0.250,1.049,4,1.219,116.22,0.305,14.641,0.125
81,ec.gp.GPIndividual@1932705769{1300340135},3C_20_80-02.txt,35.738,0.250,8.935,2,1.500,16.79,0.750,14.641,0.125
81,ec.gp.GPIndividual@1932705769{1300340135},3C_20_80-03.txt,169.439,0.250,42.360,4,11.141,26.30,2.785,14.641,0.125
81,ec.gp.GPIndividual@1932705769{1300340135},3C_20_80-02.txt,35.738,0.250,8.935,5,8.281,92.69,1.656,14.641,0.125
81,ec.gp.GPIndividual@1932705769{1300340135},3C_20_80-02.txt,35.738,0.250,8.935,2,2.078,23.26,1.039,14.641,0.125
81,ec.gp.GPIndividual@1932705769{1300340135},3C_20_80-03.txt,169.439,0.250,42.360,11,45.734,107.97,4.158,14.641,0.125
81,ec.gp.GPIndividual@1932705769{1300340135},3C_20_80-03.txt,169.439,0.250,42.360,1,5.000,11.80,5.000,14.641,0.125
81,ec.gp.GPIndividual@858633770{-1298652056},3C_20_50-02.txt,61.404,0.250,15.351,1,4.234,27.58,4.234,4.234,4.234
81,ec.gp.GPIndividual@858633770{-1298652056},3C_20_80-03.txt,169.439,0.250,42.360,4,22.359,52.78,5.590,12.109,0.516
81,ec.gp.GPIndividual@858633770{-1298652056},3C_20_80-03.txt,169.439,0.250,42.360,2,21.047,49.69,10.523,14.797,0.516
81,ec.gp.GPIndividual@474879276{-1721501833},3C_20_50-02.txt,61.404,0.250,15.351,7,17.094,111.35,2.442,5.813,0.500
81,ec.gp.GPIndividual@842398791{1368786350},3C_20_50-02.txt,61.404,0.250,15.351,1,2.000,13.03,2.000,2.000,2.000
81,ec.gp.GPIndividual@842398791{1368786350},3C_20_50-03.txt,30.993,0.250,7.748,4,7.266,93.77,1.816,5.891,0.359
81,ec.gp.GPIndividual@1800473121{1965348630},3C_20_50-02.txt,61.404,0.250,15.351,3,5.344,34.81,1.781,3.016,0.531
81,ec.gp.GPIndividual@1800473121{1965348630},3C_20_50-03.txt,30.993,0.250,7.748,4,7.953,102.65,1.988,3.188,0.516
81,ec.gp.GPIndividual@1800473121{1965348630},3C_20_50-03.txt,30.993,0.250,7.748,1,0.516,6.65,0.516,3.188,0.516
81,ec.gp.GPIndividual@1800473121{1965348630},3C_20_50-03.txt,30.993,0.250,7.748,1,1.891,24.40,1.891,3.188,0.516
81,ec.gp.GPIndividual@1800473121{1965348630},3C_20_66-01.txt,7.322,0.250,1.831,2,14.500,792.11,7.250,13.594,0.516
81,ec.gp.GPIndividual@1800473121{1965348630},3C_20_66-01.txt,7.322,0.250,1.831,1,3.141,171.57,3.141,13.594,0.516
81,ec.gp.GPIndividual@1800473121{1965348630},3C_20_66-01.txt,7.322,0.250,1.831,1,0.484,26.46,0.484,13.594,0.484
81,ec.gp.GPIndividual@1800473121{1965348630},3C_20_66-02.txt,154.245,0.250,38.561,10,29.891,77.51,2.989,14.547,0.484
81,ec.gp.GPIndividual@82382385{-1515815514},3C_20_50-02.txt,61.404,0.250,15.351,8,16.547,107.79,2.068,4.297,0.531
81,ec.gp.GPIndividual@82382385{-1515815514},3C_20_66-01.txt,7.322,0.250,1.831,2,2.594,141.69,1.297,4.297,0.531
81,ec.gp.GPIndividual@82382385{-1515815514},3C_20_66-02.txt,154.245,0.250,38.561,1,0.484,1.26,0.484,4.297,0.484
81,ec.gp.GPIndividual@82382385{-1515815514},3C_20_50-03.txt,30.993,0.250,7.748,6,7.125,91.96,1.188,4.297,0.281
81,ec.gp.GPIndividual@82382385{-1515815514},3C_20_66-03.txt,118.340,0.250,29.585,3,5.828,19.70,1.943,4.297,0.281
81,ec.gp.GPIndividual@82382385{-1515815514},3C_20_66-02.txt,154.245,0.250,38.561,14,38.438,99.68,2.746,7.625,0.281
81,ec.gp.GPIndividual@82382385{-1515815514},3C_20_66-03.txt,118.340,0.250,29.585,3,12.188,41.20,4.063,7.688,0.281
81,ec.gp.GPIndividual@82382385{-1515815514},3C_20_66-01.txt,7.322,0.250,1.831,1,7.125,389.23,7.125,7.688,0.281
81,ec.gp.GPIndividual@82382385{-1515815514},3C_20_66-03.txt,118.340,0.250,29.585,4,22.922,77.48,5.730,14.375,0.281
81,ec.gp.GPIndividual@82382385{-1515815514},3C_20_66-02.txt,154.245,0.250,38.561,6,25.922,67.22,4.320,14.375,0.281
81,ec.gp.GPIndividual@82382385{-1515815514},3C_20_66-03.txt,118.340,0.250,29.585,1,10.203,34.49,10.203,14.375,0.281
81,ec.gp.GPIndividual@82382385{-1515815514},3C_20_80-01.txt,4.194,0.250,1.049,2,0.891,84.93,0.445,14.375,0.281
81,ec.gp.GPIndividual@82382385{-1515815514},3C_20_80-02.txt,35.738,0.250,8.935,3,6.766,75.72,2.255,14.375,0.281
81,ec.gp.GPIndividual@82382385{-1515815514},3C_20_80-03.txt,169.439,0.250,42.360,2,8.391,19.81,4.195,14.375,0.281
81,ec.gp.GPIndividual@82382385{-1515815514},3C_20_80-01.txt,4.194,0.250,1.049,4,9.188,876.15,2.297,14.375,0.172
81,ec.gp.GPIndividual@82382385{-1515815514},3C_20_66-02.txt,154.245,0.250,38.561,2,10.984,28.49,5.492,14.375,0.172
81,ec.gp.GPIndividual@82382385{-1515815514},3C_20_80-02.txt,35.738,0.250,8.935,3,8.797,98.46,2.932,14.375,0.172
81,ec.gp.GPIndividual@729620687{-912497844},3C_20_50-02.txt,61.404,0.250,15.351,1,2.344,15.27,2.344,2.344,2.344
81,ec.gp.GPIndividual@729620687{-912497844},3C_20_80-03.txt,169.439,0.250,42.360,2,14.484,34.19,7.242,13.063,1.422
81,ec.gp.GPIndividual@729620687{-912497844},3C_20_80-01.txt,4.194,0.250,1.049,5,1.563,149.01,0.313,13.063,0.156
81,ec.gp.GPIndividual@729620687{-912497844},3C_20_50-03.txt,30.993,0.250,7.748,5,9.203,118.78,1.841,13.063,0.156
81,ec.gp.GPIndividual@729620687{-912497844},3C_20_80-02.txt,35.738,0.250,8.935,3,7.250,81.15,2.417,13.063,0.156
81,ec.gp.GPIndividual@241544686{-1489045931},3C_20_50-02.txt,61.404,0.250,15.351,6,21.797,141.99,3.633,11.188,0.516
81,ec.gp.GPIndividual@241544686{-1489045931},3C_20_66-01.txt,7.322,0.250,1.831,1,1.969,107.55,1.969,11.188,0.516
81,ec.gp.GPIndividual@241544686{-1489045931},3C_20_50-03.txt,30.993,0.250,7.748,5,21.438,276.68,4.288,16.172,0.516
81,ec.gp.GPIndividual@241544686{-1489045931},3C_20_80-01.txt,4.194,0.250,1.049,1,1.422,135.59,1.422,16.172,0.516
81,ec.gp.GPIndividual@241544686{-1489045931},3C_20_80-03.txt,169.439,0.250,42.360,10,19.391,45.78,1.939,16.172,0.516
81,ec.gp.GPIndividual@241544686{-1489045931},3C_20_66-01.txt,7.322,0.250,1.831,3,6.250,341.43,2.083,16.172,0.344
81,ec.gp.GPIndividual@241544686{-1489045931},3C_20_66-01.txt,7.322,0.250,1.831,3,6.797,371.30,2.266,16.172,0.156
81,ec.gp.GPIndividual@441449472{-1131065772},3C_20_50-02.txt,61.404,0.250,15.351,13,15.156,98.73,1.166,3.781,0.344
81,ec.gp.GPIndividual@441449472{-1131065772},3C_20_66-02.txt,154.245,0.250,38.561,5,12.203,31.65,2.441,5.453,0.344
81,ec.gp.GPIndividual@441449472{-1131065772},3C_20_66-02.txt,154.245,0.250,38.561,2,5.078,13.17,2.539,5.453,0.344
81,ec.gp.GPIndividual@441449472{-1131065772},3C_20_50-03.txt,30.993,0.250,7.748,4,8.078,104.26,2.020,5.453,0.344
81,ec.gp.GPIndividual@441449472{-1131065772},3C_20_66-03.txt,118.340,0.250,29.585,6,24.859,84.03,4.143,15.047,0.344
81,ec.gp.GPIndividual@441449472{-1131065772},3C_20_66-03.txt,118.340,0.250,29.585,3,8.172,27.62,2.724,15.047,0.344
81,ec.gp.GPIndividual@441449472{-1131065772},3C_20_66-03.txt,118.340,0.250,29.585,3,17.344,58.62,5.781,15.047,0.344
81,ec.gp.GPIndividual@441449472{-1131065772},3C_20_66-01.txt,7.322,0.250,1.831,3,4.953,270.58,1.651,15.047,0.344
81,ec.gp.GPIndividual@441449472{-1131065772},3C_20_80-01.txt,4.194,0.250,1.049,1,0.328,31.29,0.328,15.047,0.328
81,ec.gp.GPIndividual@441449472{-1131065772},3C_20_66-02.txt,154.245,0.250,38.561,11,38.547,99.96,3.504,15.047,0.172
81,ec.gp.GPIndividual@441449472{-1131065772},3C_20_66-03.txt,118.340,0.250,29.585,7,34.703,117.30,4.958,15.047,0.172
81,ec.gp.GPIndividual@441449472{-1131065772},3C_20_66-02.txt,154.245,0.250,38.561,4,12.031,31.20,3.008,15.047,0.172
81,ec.gp.GPIndividual@441449472{-1131065772},3C_20_80-01.txt,4.194,0.250,1.049,1,2.563,244.37,2.563,15.047,0.172
81,ec.gp.GPIndividual@441449472{-1131065772},3C_20_66-03.txt,118.340,0.250,29.585,4,23.406,79.12,5.852,15.047,0.172
81,ec.gp.GPIndividual@441449472{-1131065772},3C_20_80-02.txt,35.738,0.250,8.935,1,3.422,38.30,3.422,15.047,0.172
81,ec.gp.GPIndividual@441449472{-1131065772},3C_20_80-01.txt,4.194,0.250,1.049,1,1.609,153.48,1.609,15.047,0.172
81,ec.gp.GPIndividual@441449472{-1131065772},3C_20_80-02.txt,35.738,0.250,8.935,7,9.766,109.30,1.395,15.047,0.172
81,ec.gp.GPIndividual@441449472{-1131065772},3C_20_80-02.txt,35.738,0.250,8.935,2,7.016,78.52,3.508,15.047,0.172
81,ec.gp.GPIndividual@441449472{-1131065772},3C_20_80-03.txt,169.439,0.250,42.360,14,42.266,99.78,3.019,15.047,0.172
81,ec.gp.GPIndividual@1396946569{-1587938790},3C_20_50-02.txt,61.404,0.250,15.351,6,13.422,87.43,2.237,3.391,0.344
81,ec.gp.GPIndividual@1396946569{-1587938790},3C_20_80-02.txt,35.738,0.250,8.935,2,14.297,160.02,7.148,8.969,0.344
81,ec.gp.GPIndividual@1396946569{-1587938790},3C_20_80-01.txt,4.194,0.250,1.049,2,2.656,253.31,1.328,8.969,0.344
81,ec.gp.GPIndividual@1396946569{-1587938790},3C_20_50-03.txt,30.993,0.250,7.748,1,10.391,134.10,10.391,10.391,0.344
81,ec.gp.GPIndividual@1396946569{-1587938790},3C_20_80-03.txt,169.439,0.250,42.360,2,12.797,30.21,6.398,12.469,0.328
81,ec.gp.GPIndividual@1396946569{-1587938790},3C_20_80-01.txt,4.194,0.250,1.049,1,2.234,213.08,2.234,12.469,0.328
81,ec.gp.GPIndividual@1396946569{-1587938790},3C_20_80-03.txt,169.439,0.250,42.360,2,2.016,4.76,1.008,12.469,0.328
81,ec.gp.GPIndividual@1396946569{-1587938790},3C_20_80-03.txt,169.439,0.250,42.360,14,42.797,101.03,3.057,12.469,0.328
81,ec.gp.GPIndividual@1396946569{-1587938790},3C_20_66-01.txt,7.322,0.250,1.831,4,2.031,110.96,0.508,12.469,0.172
81,ec.gp.GPIndividual@1396946569{-1587938790},3C_20_80-02.txt,35.738,0.250,8.935,1,0.172,1.92,0.172,12.469,0.172
81,ec.gp.GPIndividual@1396946569{-1587938790},3C_20_80-02.txt,35.738,0.250,8.935,6,8.969,100.38,1.495,12.469,0.172
81,ec.gp.GPIndividual@1396946569{-1587938790},3C_20_80-03.txt,169.439,0.250,42.360,12,43.875,103.58,3.656,12.469,0.172
81,ec.gp.GPIndividual@1396946569{-1587938790},3C_20_80-03.txt,169.439,0.250,42.360,5,32.141,75.88,6.428,13.781,0.172
81,ec.gp.GPIndividual@102190041{1072232970},3C_20_50-02.txt,61.404,0.250,15.351,4,15.563,101.38,3.891,12.109,0.531
81,ec.gp.GPIndividual@102190041{1072232970},3C_20_50-03.txt,30.993,0.250,7.748,2,3.641,46.99,1.820,12.109,0.531
81,ec.gp.GPIndividual@102190041{1072232970},3C_20_66-02.txt,154.245,0.250,38.561,4,27.438,71.15,6.859,12.266,0.531
81,ec.gp.GPIndividual@486752113{-117663675},3C_20_50-02.txt,61.404,0.250,15.351,1,15.438,100.56,15.438,15.438,15.438
81,ec.gp.GPIndividual@170533943{1119131649},3C_20_50-02.txt,61.404,0.250,15.351,1,16.859,109.83,16.859,16.859,16.859
81,ec.gp.GPIndividual@1965251816{-564519039},3C_20_50-02.txt,61.404,0.250,15.351,10,14.844,96.70,1.484,4.266,0.313
81,ec.gp.GPIndividual@1965251816{-564519039},3C_20_50-03.txt,30.993,0.250,7.748,1,0.469,6.05,0.469,4.266,0.313
81,ec.gp.GPIndividual@1965251816{-564519039},3C_20_50-03.txt,30.993,0.250,7.748,2,2.813,36.30,1.406,4.266,0.313
81,ec.gp.GPIndividual@1965251816{-564519039},3C_20_50-03.txt,30.993,0.250,7.748,3,6.938,89.54,2.313,4.266,0.313
81,ec.gp.GPIndividual@1965251816{-564519039},3C_20_66-01.txt,7.322,0.250,1.831,2,4.391,239.85,2.195,4.266,0.313
81,ec.gp.GPIndividual@1965251816{-564519039},3C_20_66-03.txt,118.340,0.250,29.585,9,29.688,100.35,3.299,9.438,0.313
81,ec.gp.GPIndividual@1965251816{-564519039},3C_20_66-02.txt,154.245,0.250,38.561,2,5.047,13.09,2.523,9.438,0.313
81,ec.gp.GPIndividual@1965251816{-564519039},3C_20_66-01.txt,7.322,0.250,1.831,1,6.078,332.04,6.078,9.438,0.313
81,ec.gp.GPIndividual@1965251816{-564519039},3C_20_80-01.txt,4.194,0.250,1.049,4,1.719,163.91,0.430,9.438,0.156
81,ec.gp.GPIndividual@1965251816{-564519039},3C_20_80-02.txt,35.738,0.250,8.935,1,2.594,29.03,2.594,9.438,0.156
81,ec.gp.GPIndividual@1965251816{-564519039},3C_20_66-01.txt,7.322,0.250,1.831,1,2.594,141.69,2.594,9.438,0.156
81,ec.gp.GPIndividual@1965251816{-564519039},3C_20_66-03.txt,118.340,0.250,29.585,3,6.984,23.61,2.328,9.438,0.156
81,ec.gp.GPIndividual@1965251816{-564519039},3C_20_66-02.txt,154.245,0.250,38.561,2,3.281,8.51,1.641,9.438,0.156
81,ec.gp.GPIndividual@1965251816{-564519039},3C_20_66-02.txt,154.245,0.250,38.561,6,15.281,39.63,2.547,9.438,0.156
81,ec.gp.GPIndividual@1965251816{-564519039},3C_20_66-03.txt,118.340,0.250,29.585,2,3.031,10.25,1.516,9.438,0.156
81,ec.gp.GPIndividual@1965251816{-564519039},3C_20_66-03.txt,118.340,0.250,29.585,7,29.141,98.50,4.163,9.875,0.156
81,ec.gp.GPIndividual@1965251816{-564519039},3C_20_80-01.txt,4.194,0.250,1.049,1,6.344,604.96,6.344,9.875,0.156
81,ec.gp.GPIndividual@1965251816{-564519039},3C_20_80-01.txt,4.194,0.250,1.049,4,1.313,125.16,0.328,9.875,0.156
81,ec.gp.GPIndividual@1965251816{-564519039},3C_20_80-02.txt,35.738,0.250,8.935,1,6.094,68.20,6.094,9.875,0.156
81,ec.gp.GPIndividual@1965251816{-564519039},3C_20_80-01.txt,4.194,0.250,1.049,1,2.234,213.08,2.234,9.875,0.156
81,ec.gp.GPIndividual@1274810210{1077579148},3C_20_50-02.txt,61.404,0.250,15.351,3,2.172,14.15,0.724,1.172,0.500
81,ec.gp.GPIndividual@1274810210{1077579148},3C_20_80-02.txt,35.738,0.250,8.935,1,1.234,13.82,1.234,1.234,0.500
81,ec.gp.GPIndividual@1274810210{1077579148},3C_20_80-02.txt,35.738,0.250,8.935,3,5.922,66.28,1.974,2.109,0.500
81,ec.gp.GPIndividual@1274810210{1077579148},3C_20_80-03.txt,169.439,0.250,42.360,2,3.313,7.82,1.656,2.109,0.500
81,ec.gp.GPIndividual@1274810210{1077579148},3C_20_80-03.txt,169.439,0.250,42.360,1,6.234,14.72,6.234,6.234,0.500
81,ec.gp.GPIndividual@1274810210{1077579148},3C_20_66-01.txt,7.322,0.250,1.831,1,8.656,472.88,8.656,8.656,0.500
81,ec.gp.GPIndividual@1274810210{1077579148},3C_20_80-03.txt,169.439,0.250,42.360,9,18.656,44.04,2.073,8.656,0.500
81,ec.gp.GPIndividual@1226351629{601871684},3C_20_50-02.txt,61.404,0.250,15.351,0,0.000,0.00,0.000,0.000,0.000
81,ec.gp.GPIndividual@1226351629{601871684},3C_20_50-03.txt,30.993,0.250,7.748,0,0.000,0.00,0.000,0.000,0.000
81,ec.gp.GPIndividual@1226351629{601871684},3C_20_66-01.txt,7.322,0.250,1.831,0,0.000,0.00,0.000,0.000,0.000
81,ec.gp.GPIndividual@1226351629{601871684},3C_20_66-02.txt,154.245,0.250,38.561,0,0.000,0.00,0.000,0.000,0.000
81,ec.gp.GPIndividual@1226351629{601871684},3C_20_66-03.txt,118.340,0.250,29.585,0,0.000,0.00,0.000,0.000,0.000
81,ec.gp.GPIndividual@1226351629{601871684},3C_20_80-01.txt,4.194,0.250,1.049,0,0.000,0.00,0.000,0.000,0.000
81,ec.gp.GPIndividual@1226351629{601871684},3C_20_80-02.txt,35.738,0.250,8.935,0,0.000,0.00,0.000,0.000,0.000
81,ec.gp.GPIndividual@1226351629{601871684},3C_20_80-03.txt,169.439,0.250,42.360,0,0.000,0.00,0.000,0.000,0.000
81,ec.gp.GPIndividual@1782066856{-1092878754},3C_20_50-02.txt,61.404,0.250,15.351,3,8.141,53.03,2.714,6.125,0.328
81,ec.gp.GPIndividual@1154438217{-441162349},3C_20_50-02.txt,61.404,0.250,15.351,7,16.313,106.26,2.330,6.109,0.344
81,ec.gp.GPIndividual@1154438217{-441162349},3C_20_66-02.txt,154.245,0.250,38.561,1,0.500,1.30,0.500,6.109,0.344
81,ec.gp.GPIndividual@1154438217{-441162349},3C_20_50-03.txt,30.993,0.250,7.748,4,10.500,135.52,2.625,6.109,0.344
81,ec.gp.GPIndividual@1154438217{-441162349},3C_20_50-03.txt,30.993,0.250,7.748,4,9.375,121.00,2.344,6.109,0.344
81,ec.gp.GPIndividual@1154438217{-441162349},3C_20_66-01.txt,7.322,0.250,1.831,3,1.906,104.14,0.635,6.109,0.156
81,ec.gp.GPIndividual@1154438217{-441162349},3C_20_50-03.txt,30.993,0.250,7.748,2,1.984,25.61,0.992,6.109,0.156
81,ec.gp.GPIndividual@519175742{-712193143},3C_20_50-02.txt,61.404,0.250,15.351,4,3.859,25.14,0.965,1.391,0.313
81,ec.gp.GPIndividual@519175742{-712193143},3C_20_66-02.txt,154.245,0.250,38.561,7,22.469,58.27,3.210,11.938,0.313
81,ec.gp.GPIndividual@519175742{-712193143},3C_20_50-03.txt,30.993,0.250,7.748,3,5.375,69.37,1.792,11.938,0.313
81,ec.gp.GPIndividual@519175742{-712193143},3C_20_66-03.txt,118.340,0.250,29.585,2,5.641,19.07,2.820,11.938,0.313
81,ec.gp.GPIndividual@519175742{-712193143},3C_20_66-03.txt,118.340,0.250,29.585,5,27.219,92.00,5.444,11.938,0.313
81,ec.gp.GPIndividual@519175742{-712193143},3C_20_80-01.txt,4.194,0.250,1.049,1,6.609,630.29,6.609,11.938,0.313
81,ec.gp.GPIndividual@519175742{-712193143},3C_20_80-01.txt,4.194,0.250,1.049,3,8.281,789.73,2.760,11.938,0.313
81,ec.gp.GPIndividual@519175742{-712193143},3C_20_66-01.txt,7.322,0.250,1.831,4,1.891,103.28,0.473,11.938,0.156
81,ec.gp.GPIndividual@519175742{-712193143},3C_20_80-02.txt,35.738,0.250,8.935,3,11.563,129.41,3.854,11.938,0.156
81,ec.gp.GPIndividual@519175742{-712193143},3C_20_66-01.txt,7.322,0.250,1.831,2,2.094,114.38,1.047,11.938,0.156
81,ec.gp.GPIndividual@519175742{-712193143},3C_20_80-02.txt,35.738,0.250,8.935,4,3.766,42.15,0.941,11.938,0.156
81,ec.gp.GPIndividual@519175742{-712193143},3C_20_80-03.txt,169.439,0.250,42.360,1,5.656,13.35,5.656,11.938,0.156
81,ec.gp.GPIndividual@519175742{-712193143},3C_20_80-03.txt,169.439,0.250,42.360,3,4.813,11.36,1.604,11.938,0.156
81,ec.gp.GPIndividual@519175742{-712193143},3C_20_80-03.txt,169.439,0.250,42.360,7,16.828,39.73,2.404,11.938,0.156
81,ec.gp.GPIndividual@1432415108{1306052855},3C_20_50-02.txt,61.404,0.250,15.351,3,12.734,82.95,4.245,6.266,0.344
81,ec.gp.GPIndividual@1518121896{2084177732},3C_20_50-02.txt,61.404,0.250,15.351,2,2.516,16.39,1.258,1.984,0.531
81,ec.gp.GPIndividual@1518121896{2084177732},3C_20_50-03.txt,30.993,0.250,7.748,4,15.688,202.47,3.922,9.281,0.531
81,ec.gp.GPIndividual@1518121896{2084177732},3C_20_66-01.txt,7.322,0.250,1.831,2,3.813,208.27,1.906,9.281,0.531
81,ec.gp.GPIndividual@2101211850{1801589874},3C_20_50-02.txt,61.404,0.250,15.351,0,0.000,0.00,0.000,0.000,0.000
81,ec.gp.GPIndividual@2101211850{1801589874},3C_20_50-03.txt,30.993,0.250,7.748,0,0.000,0.00,0.000,0.000,0.000
81,ec.gp.GPIndividual@2101211850{1801589874},3C_20_66-01.txt,7.322,0.250,1.831,0,0.000,0.00,0.000,0.000,0.000
81,ec.gp.GPIndividual@2101211850{1801589874},3C_20_66-02.txt,154.245,0.250,38.561,0,0.000,0.00,0.000,0.000,0.000
81,ec.gp.GPIndividual@2101211850{1801589874},3C_20_66-03.txt,118.340,0.250,29.585,0,0.000,0.00,0.000,0.000,0.000
81,ec.gp.GPIndividual@2101211850{1801589874},3C_20_80-01.txt,4.194,0.250,1.049,0,0.000,0.00,0.000,0.000,0.000
81,ec.gp.GPIndividual@2101211850{1801589874},3C_20_80-02.txt,35.738,0.250,8.935,0,0.000,0.00,0.000,0.000,0.000
81,ec.gp.GPIndividual@2101211850{1801589874},3C_20_80-03.txt,169.439,0.250,42.360,0,0.000,0.00,0.000,0.000,0.000
81,ec.gp.GPIndividual@1356772015{236026909},3C_20_50-02.txt,61.404,0.250,15.351,0,0.000,0.00,0.000,0.000,0.000
81,ec.gp.GPIndividual@1356772015{236026909},3C_20_50-03.txt,30.993,0.250,7.748,0,0.000,0.00,0.000,0.000,0.000
81,ec.gp.GPIndividual@1356772015{236026909},3C_20_66-01.txt,7.322,0.250,1.831,0,0.000,0.00,0.000,0.000,0.000
81,ec.gp.GPIndividual@1356772015{236026909},3C_20_66-02.txt,154.245,0.250,38.561,0,0.000,0.00,0.000,0.000,0.000
81,ec.gp.GPIndividual@1356772015{236026909},3C_20_66-03.txt,118.340,0.250,29.585,0,0.000,0.00,0.000,0.000,0.000
81,ec.gp.GPIndividual@1356772015{236026909},3C_20_80-01.txt,4.194,0.250,1.049,0,0.000,0.00,0.000,0.000,0.000
81,ec.gp.GPIndividual@1356772015{236026909},3C_20_80-02.txt,35.738,0.250,8.935,0,0.000,0.00,0.000,0.000,0.000
81,ec.gp.GPIndividual@1356772015{236026909},3C_20_80-03.txt,169.439,0.250,42.360,0,0.000,0.00,0.000,0.000,0.000
81,ec.gp.GPIndividual@1301588791{224793447},3C_20_50-02.txt,61.404,0.250,15.351,12,30.609,199.40,2.551,15.906,0.281
81,ec.gp.GPIndividual@1301588791{224793447},3C_20_66-03.txt,118.340,0.250,29.585,3,3.141,10.62,1.047,15.906,0.281
81,ec.gp.GPIndividual@1301588791{224793447},3C_20_80-03.txt,169.439,0.250,42.360,1,3.063,7.23,3.063,15.906,0.281
81,ec.gp.GPIndividual@1301588791{224793447},3C_20_80-01.txt,4.194,0.250,1.049,3,1.875,178.81,0.625,15.906,0.281
81,ec.gp.GPIndividual@1301588791{224793447},3C_20_66-03.txt,118.340,0.250,29.585,12,31.078,105.05,2.590,15.906,0.250
81,ec.gp.GPIndividual@1301588791{224793447},3C_20_80-01.txt,4.194,0.250,1.049,2,0.859,81.95,0.430,15.906,0.250
81,ec.gp.GPIndividual@1301588791{224793447},3C_20_80-01.txt,4.194,0.250,1.049,1,2.063,196.69,2.063,15.906,0.250
81,ec.gp.GPIndividual@1301588791{224793447},3C_20_80-02.txt,35.738,0.250,8.935,3,7.094,79.40,2.365,15.906,0.250
81,ec.gp.GPIndividual@1378214743{1689939076},3C_20_50-02.txt,61.404,0.250,15.351,9,19.250,125.40,2.139,10.156,0.406
81,ec.gp.GPIndividual@1378214743{1689939076},3C_20_50-03.txt,30.993,0.250,7.748,6,10.594,136.73,1.766,10.156,0.141
81,ec.gp.GPIndividual@1378214743{1689939076},3C_20_80-02.txt,35.738,0.250,8.935,3,4.141,46.34,1.380,10.156,0.125
81,ec.gp.GPIndividual@1378214743{1689939076},3C_20_80-02.txt,35.738,0.250,8.935,7,8.969,100.38,1.281,10.156,0.125
81,ec.gp.GPIndividual@1378214743{1689939076},3C_20_80-03.txt,169.439,0.250,42.360,12,44.219,104.39,3.685,10.719,0.125
81,ec.gp.GPIndividual@119717908{521928164},3C_20_50-02.txt,61.404,0.250,15.351,2,15.484,100.87,7.742,15.063,0.422
81,ec.gp.GPIndividual@119717908{521928164},3C_20_50-03.txt,30.993,0.250,7.748,1,16.828,217.19,16.828,16.828,0.422
81,ec.gp.GPIndividual@119717908{521928164},3C_20_80-03.txt,169.439,0.250,42.360,11,44.141,104.20,4.013,16.828,0.422
81,ec.gp.GPIndividual@119717908{521928164},3C_20_66-01.txt,7.322,0.250,1.831,2,7.828,427.64,3.914,16.828,0.422
81,ec.gp.GPIndividual@888822051{-1092878754},3C_20_50-02.txt,61.404,0.250,15.351,6,15.281,99.55,2.547,11.859,0.141
81,ec.gp.GPIndividual@888822051{-1092878754},3C_20_80-03.txt,169.439,0.250,42.360,7,20.938,49.43,2.991,11.859,0.141
81,ec.gp.GPIndividual@888822051{-1092878754},3C_20_66-01.txt,7.322,0.250,1.831,1,4.766,260.34,4.766,11.859,0.141
81,ec.gp.GPIndividual@1896627744{-1250894761},3C_20_50-02.txt,61.404,0.250,15.351,13,21.406,139.44,1.647,8.125,0.125
81,ec.gp.GPIndividual@1896627744{-1250894761},3C_20_80-03.txt,169.439,0.250,42.360,4,21.625,51.05,5.406,15.594,0.125
81,ec.gp.GPIndividual@1896627744{-1250894761},3C_20_50-03.txt,30.993,0.250,7.748,1,15.938,205.69,15.938,15.938,0.125
81,ec.gp.GPIndividual@1896627744{-1250894761},3C_20_80-02.txt,35.738,0.250,8.935,1,14.625,163.69,14.625,15.938,0.125
81,ec.gp.GPIndividual@1797870249{-1531839023},3C_20_50-02.txt,61.404,0.250,15.351,13,15.781,102.80,1.214,2.922,0.078
81,ec.gp.GPIndividual@1797870249{-1531839023},3C_20_50-03.txt,30.993,0.250,7.748,4,7.984,103.05,1.996,3.359,0.078
81,ec.gp.GPIndividual@1797870249{-1531839023},3C_20_80-03.txt,169.439,0.250,42.360,1,1.375,3.25,1.375,3.359,0.078
81,ec.gp.GPIndividual@1797870249{-1531839023},3C_20_66-01.txt,7.322,0.250,1.831,4,1.953,106.70,0.488,3.359,0.078
81,ec.gp.GPIndividual@1797870249{-1531839023},3C_20_66-01.txt,7.322,0.250,1.831,6,2.141,116.94,0.357,3.359,0.078
81,ec.gp.GPIndividual@1797870249{-1531839023},3C_20_66-02.txt,154.245,0.250,38.561,3,3.078,7.98,1.026,3.359,0.078
81,ec.gp.GPIndividual@1797870249{-1531839023},3C_20_66-02.txt,154.245,0.250,38.561,13,47.203,122.41,3.631,14.516,0.078
81,ec.gp.GPIndividual@1797870249{-1531839023},3C_20_66-03.txt,118.340,0.250,29.585,6,30.516,103.15,5.086,14.516,0.078
81,ec.gp.GPIndividual@1797870249{-1531839023},3C_20_66-03.txt,118.340,0.250,29.585,4,16.328,55.19,4.082,14.516,0.000
81,ec.gp.GPIndividual@1540458312{1095624010},3C_20_50-02.txt,61.404,0.250,15.351,1,0.172,1.12,0.172,0.172,0.172
81,ec.gp.GPIndividual@1540458312{1095624010},3C_20_50-03.txt,30.993,0.250,7.748,2,3.172,40.94,1.586,1.734,0.172
81,ec.gp.GPIndividual@1540458312{1095624010},3C_20_66-01.txt,7.322,0.250,1.831,1,0.359,19.63,0.359,1.734,0.172
81,ec.gp.GPIndividual@1540458312{1095624010},3C_20_66-02.txt,154.245,0.250,38.561,2,3.641,9.44,1.820,2.563,0.172
81,ec.gp.GPIndividual@1540458312{1095624010},3C_20_66-03.txt,118.340,0.250,29.585,2,10.688,36.12,5.344,8.016,0.172
81,ec.gp.GPIndividual@1540458312{1095624010},3C_20_80-01.txt,4.194,0.250,1.049,1,0.438,41.72,0.438,8.016,0.172
81,ec.gp.GPIndividual@1540458312{1095624010},3C_20_80-02.txt,35.738,0.250,8.935,1,0.828,9.27,0.828,8.016,0.172
81,ec.gp.GPIndividual@1540458312{1095624010},3C_20_80-03.txt,169.439,0.250,42.360,1,2.672,6.31,2.672,8.016,0.172
81,ec.gp.GPIndividual@688942171{1892798760},3C_20_50-02.txt,61.404,0.250,15.351,3,0.734,4.78,0.245,0.484,0.109
81,ec.gp.GPIndividual@688942171{1892798760},3C_20_50-03.txt,30.993,0.250,7.748,2,10.078,130.07,5.039,8.891,0.109
81,ec.gp.GPIndividual@688942171{1892798760},3C_20_80-03.txt,169.439,0.250,42.360,1,1.859,4.39,1.859,8.891,0.109
81,ec.gp.GPIndividual@688942171{1892798760},3C_20_66-01.txt,7.322,0.250,1.831,2,1.844,100.72,0.922,8.891,0.109
81,ec.gp.GPIndividual@688942171{1892798760},3C_20_66-02.txt,154.245,0.250,38.561,3,1.203,3.12,0.401,8.891,0.109
81,ec.gp.GPIndividual@688942171{1892798760},3C_20_66-03.txt,118.340,0.250,29.585,1,1.672,5.65,1.672,8.891,0.109
81,ec.gp.GPIndividual@688942171{1892798760},3C_20_80-01.txt,4.194,0.250,1.049,1,0.391,37.25,0.391,8.891,0.109
81,ec.gp.GPIndividual@688942171{1892798760},3C_20_80-02.txt,35.738,0.250,8.935,1,0.594,6.65,0.594,8.891,0.109
81,ec.gp.GPIndividual@688942171{1892798760},3C_20_80-03.txt,169.439,0.250,42.360,1,1.656,3.91,1.656,8.891,0.109
81,ec.gp.GPIndividual@37544196{1223214555},3C_20_50-02.txt,61.404,0.250,15.351,4,0.875,5.70,0.219,0.484,0.109
81,ec.gp.GPIndividual@37544196{1223214555},3C_20_50-03.txt,30.993,0.250,7.748,3,5.078,65.54,1.693,2.047,0.109
81,ec.gp.GPIndividual@37544196{1223214555},3C_20_66-01.txt,7.322,0.250,1.831,4,1.469,80.24,0.367,2.047,0.109
81,ec.gp.GPIndividual@37544196{1223214555},3C_20_66-02.txt,154.245,0.250,38.561,9,37.859,98.18,4.207,15.406,0.109
81,ec.gp.GPIndividual@37544196{1223214555},3C_20_66-03.txt,118.340,0.250,29.585,1,5.000,16.90,5.000,15.406,0.109
82,ec.gp.GPIndividual@1068841334{-1919047143},null,0.000,0.250,0.000,1,0.000,0.00,0.000,0.000,0.000
82,ec.gp.GPIndividual@1068841334{-1919047143},3C_20_50-03.txt,30.993,0.250,7.748,0,0.000,0.00,0.000,0.000,0.000
82,ec.gp.GPIndividual@1068841334{-1919047143},3C_20_66-01.txt,7.322,0.250,1.831,0,0.000,0.00,0.000,0.000,0.000
82,ec.gp.GPIndividual@1068841334{-1919047143},3C_20_66-02.txt,154.245,0.250,38.561,0,0.000,0.00,0.000,0.000,0.000
82,ec.gp.GPIndividual@1068841334{-1919047143},3C_20_66-03.txt,118.340,0.250,29.585,0,0.000,0.00,0.000,0.000,0.000
82,ec.gp.GPIndividual@1068841334{-1919047143},3C_20_80-01.txt,4.194,0.250,1.049,0,0.000,0.00,0.000,0.000,0.000
82,ec.gp.GPIndividual@1068841334{-1919047143},3C_20_80-02.txt,35.738,0.250,8.935,0,0.000,0.00,0.000,0.000,0.000
82,ec.gp.GPIndividual@1068841334{-1919047143},3C_20_80-03.txt,169.439,0.250,42.360,0,0.000,0.00,0.000,0.000,0.000
82,ec.gp.GPIndividual@840042469{-856552452},3C_20_50-02.txt,61.404,0.250,15.351,13,13.797,89.88,1.061,1.922,0.344
82,ec.gp.GPIndividual@840042469{-856552452},3C_20_50-03.txt,30.993,0.250,7.748,4,8.250,106.48,2.063,2.609,0.344
82,ec.gp.GPIndividual@840042469{-856552452},3C_20_50-03.txt,30.993,0.250,7.748,4,9.156,118.17,2.289,3.219,0.344
82,ec.gp.GPIndividual@840042469{-856552452},3C_20_66-01.txt,7.322,0.250,1.831,1,1.891,103.28,1.891,3.219,0.344
82,ec.gp.GPIndividual@840042469{-856552452},3C_20_50-03.txt,30.993,0.250,7.748,6,8.969,115.75,1.495,3.219,0.000
82,ec.gp.GPIndividual@840042469{-856552452},3C_20_66-01.txt,7.322,0.250,1.831,2,2.313,126.33,1.156,3.219,0.000
82,ec.gp.GPIndividual@840042469{-856552452},3C_20_66-02.txt,154.245,0.250,38.561,10,20.109,52.15,2.011,3.219,0.000
82,ec.gp.GPIndividual@840042469{-856552452},3C_20_50-03.txt,30.993,0.250,7.748,2,4.266,55.05,2.133,3.219,0.000
82,ec.gp.GPIndividual@840042469{-856552452},3C_20_66-03.txt,118.340,0.250,29.585,6,18.797,63.54,3.133,6.438,0.000
82,ec.gp.GPIndividual@840042469{-856552452},3C_20_80-01.txt,4.194,0.250,1.049,2,4.969,473.84,2.484,6.438,0.000
82,ec.gp.GPIndividual@840042469{-856552452},3C_20_66-01.txt,7.322,0.250,1.831,3,1.922,104.99,0.641,6.438,0.000
82,ec.gp.GPIndividual@840042469{-856552452},3C_20_66-02.txt,154.245,0.250,38.561,3,17.406,45.14,5.802,8.703,0.000
82,ec.gp.GPIndividual@840042469{-856552452},3C_20_80-02.txt,35.738,0.250,8.935,3,11.391,127.49,3.797,8.703,0.000
82,ec.gp.GPIndividual@840042469{-856552452},3C_20_66-03.txt,118.340,0.250,29.585,2,2.297,7.76,1.148,8.703,0.000
82,ec.gp.GPIndividual@840042469{-856552452},3C_20_80-03.txt,169.439,0.250,42.360,3,22.516,53.15,7.505,9.906,0.000
82,ec.gp.GPIndividual@1736905416{-1380895256},3C_20_50-02.txt,61.404,0.250,15.351,3,21.688,141.28,7.229,12.047,0.516
82,ec.gp.GPIndividual@1736905416{-1380895256},3C_20_50-03.txt,30.993,0.250,7.748,3,8.000,103.25,2.667,12.047,0.516
82,ec.gp.GPIndividual@1736905416{-1380895256},3C_20_80-01.txt,4.194,0.250,1.049,3,1.063,101.32,0.354,12.047,0.172
82,ec.gp.GPIndividual@1736905416{-1380895256},3C_20_80-02.txt,35.738,0.250,8.935,1,1.578,17.66,1.578,12.047,0.172
82,ec.gp.GPIndividual@1736905416{-1380895256},3C_20_66-01.txt,7.322,0.250,1.831,1,2.453,134.01,2.453,12.047,0.172
82,ec.gp.GPIndividual@1736905416{-1380895256},3C_20_50-03.txt,30.993,0.250,7.748,1,11.828,152.66,11.828,12.047,0.172
82,ec.gp.GPIndividual@1736905416{-1380895256},3C_20_50-03.txt,30.993,0.250,7.748,8,8.375,108.09,1.047,12.047,0.000
82,ec.gp.GPIndividual@1736905416{-1380895256},3C_20_80-03.txt,169.439,0.250,42.360,12,44.578,105.24,3.715,13.063,0.000
82,ec.gp.GPIndividual@2088976857{1629907336},3C_20_50-02.txt,61.404,0.250,15.351,5,8.500,55.37,1.700,3.641,0.500
82,ec.gp.GPIndividual@2088976857{1629907336},3C_20_50-03.txt,30.993,0.250,7.748,2,15.922,205.49,7.961,10.516,0.500
82,ec.gp.GPIndividual@2088976857{1629907336},3C_20_66-02.txt,154.245,0.250,38.561,2,8.109,21.03,4.055,10.516,0.500
82,ec.gp.GPIndividual@2088976857{1629907336},3C_20_66-02.txt,154.245,0.250,38.561,13,39.219,101.71,3.017,10.516,0.500
82,ec.gp.GPIndividual@2088976857{1629907336},3C_20_66-01.txt,7.322,0.250,1.831,2,2.484,135.72,1.242,10.516,0.500
82,ec.gp.GPIndividual@2088976857{1629907336},3C_20_66-03.txt,118.340,0.250,29.585,2,7.656,25.88,3.828,10.516,0.500
82,ec.gp.GPIndividual@2088976857{1629907336},3C_20_66-01.txt,7.322,0.250,1.831,2,9.188,501.90,4.594,10.516,0.500
82,ec.gp.GPIndividual@2088976857{1629907336},3C_20_66-01.txt,7.322,0.250,1.831,5,2.484,135.72,0.497,10.516,0.000
82,ec.gp.GPIndividual@2088976857{1629907336},3C_20_66-03.txt,118.340,0.250,29.585,4,5.750,19.44,1.438,10.516,0.000
82,ec.gp.GPIndividual@2088976857{1629907336},3C_20_66-01.txt,7.322,0.250,1.831,2,2.250,122.91,1.125,10.516,0.000
82,ec.gp.GPIndividual@2088976857{1629907336},3C_20_66-02.txt,154.245,0.250,38.561,4,3.922,10.17,0.980,10.516,0.000
82,ec.gp.GPIndividual@2088976857{1629907336},3C_20_66-02.txt,154.245,0.250,38.561,12,28.500,73.91,2.375,10.516,0.000
82,ec.gp.GPIndividual@2088976857{1629907336},3C_20_66-03.txt,118.340,0.250,29.585,6,22.594,76.37,3.766,10.516,0.000
82,ec.gp.GPIndividual@2088976857{1629907336},3C_20_80-01.txt,4.194,0.250,1.049,3,1.063,101.32,0.354,10.516,0.000
82,ec.gp.GPIndividual@2088976857{1629907336},3C_20_80-02.txt,35.738,0.250,8.935,3,18.375,205.66,6.125,12.875,0.000
82,ec.gp.GPIndividual@2088976857{1629907336},3C_20_66-02.txt,154.245,0.250,38.561,1,2.375,6.16,2.375,12.875,0.000
82,ec.gp.GPIndividual@2088976857{1629907336},3C_20_80-03.txt,169.439,0.250,42.360,8,39.578,93.43,4.947,12.875,0.000
82,ec.gp.GPIndividual@441855019{1831079622},3C_20_50-02.txt,61.404,0.250,15.351,7,15.984,104.13,2.283,5.750,0.359
82,ec.gp.GPIndividual@441855019{1831079622},3C_20_80-01.txt,4.194,0.250,1.049,1,2.375,226.49,2.375,5.750,0.359
82,ec.gp.GPIndividual@441855019{1831079622},3C_20_50-03.txt,30.993,0.250,7.748,2,10.500,135.52,5.250,10.031,0.359
82,ec.gp.GPIndividual@441855019{1831079622},3C_20_66-02.txt,154.245,0.250,38.561,11,38.094,98.79,3.463,13.625,0.000
82,ec.gp.GPIndividual@441855019{1831079622},3C_20_80-01.txt,4.194,0.250,1.049,1,1.281,122.18,1.281,13.625,0.000
82,ec.gp.GPIndividual@441855019{1831079622},3C_20_66-03.txt,118.340,0.250,29.585,10,38.094,128.76,3.809,13.625,0.000
82,ec.gp.GPIndividual@441855019{1831079622},3C_20_66-03.txt,118.340,0.250,29.585,4,13.984,47.27,3.496,13.625,0.000
82,ec.gp.GPIndividual@441855019{1831079622},3C_20_66-03.txt,118.340,0.250,29.585,8,30.813,104.15,3.852,13.625,0.000
82,ec.gp.GPIndividual@441855019{1831079622},3C_20_80-01.txt,4.194,0.250,1.049,3,3.047,290.56,1.016,13.625,0.000
82,ec.gp.GPIndividual@441855019{1831079622},3C_20_80-02.txt,35.738,0.250,8.935,3,9.344,104.58,3.115,13.625,0.000
82,ec.gp.GPIndividual@441855019{1831079622},3C_20_80-01.txt,4.194,0.250,1.049,2,1.234,117.71,0.617,13.625,0.000
82,ec.gp.GPIndividual@441855019{1831079622},3C_20_80-02.txt,35.738,0.250,8.935,4,10.969,122.77,2.742,13.625,0.000
82,ec.gp.GPIndividual@441855019{1831079622},3C_20_80-03.txt,169.439,0.250,42.360,1,0.156,0.37,0.156,13.625,0.000
82,ec.gp.GPIndividual@441855019{1831079622},3C_20_80-02.txt,35.738,0.250,8.935,1,8.547,95.66,8.547,13.625,0.000
82,ec.gp.GPIndividual@441855019{1831079622},3C_20_66-01.txt,7.322,0.250,1.831,1,2.406,131.45,2.406,13.625,0.000
82,ec.gp.GPIndividual@441855019{1831079622},3C_20_80-01.txt,4.194,0.250,1.049,1,1.125,107.28,1.125,13.625,0.000
82,ec.gp.GPIndividual@441855019{1831079622},3C_20_80-02.txt,35.738,0.250,8.935,10,9.031,101.08,0.903,13.625,0.000
82,ec.gp.GPIndividual@441855019{1831079622},3C_20_80-03.txt,169.439,0.250,42.360,3,4.391,10.37,1.464,13.625,0.000
82,ec.gp.GPIndividual@441855019{1831079622},3C_20_66-02.txt,154.245,0.250,38.561,18,38.734,100.45,2.152,13.625,0.000
82,ec.gp.GPIndividual@441855019{1831079622},3C_20_66-03.txt,118.340,0.250,29.585,8,28.906,97.71,3.613,13.625,0.000
82,ec.gp.GPIndividual@441855019{1831079622},3C_20_80-01.txt,4.194,0.250,1.049,2,0.891,84.93,0.445,13.625,0.000
82,ec.gp.GPIndividual@441855019{1831079622},3C_20_80-02.txt,35.738,0.250,8.935,2,11.531,129.06,5.766,13.625,0.000
82,ec.gp.GPIndividual@774123696{75587051},3C_20_50-02.txt,61.404,0.250,15.351,4,12.344,80.41,3.086,7.359,0.484
82,ec.gp.GPIndividual@407557960{1747735568},3C_20_50-02.txt,61.404,0.250,15.351,2,22.016,143.41,11.008,11.094,10.922
82,ec.gp.GPIndividual@407557960{1747735568},3C_20_80-03.txt,169.439,0.250,42.360,9,13.266,31.32,1.474,11.094,0.469
82,ec.gp.GPIndividual@407557960{1747735568},3C_20_50-03.txt,30.993,0.250,7.748,6,7.781,100.43,1.297,11.094,0.156
82,ec.gp.GPIndividual@407557960{1747735568},3C_20_50-03.txt,30.993,0.250,7.748,2,6.656,85.91,3.328,11.094,0.156
82,ec.gp.GPIndividual@407557960{1747735568},3C_20_80-03.txt,169.439,0.250,42.360,8,50.391,118.96,6.299,14.750,0.156
82,ec.gp.GPIndividual@407557960{1747735568},3C_20_80-03.txt,169.439,0.250,42.360,2,2.766,6.53,1.383,14.750,0.000
82,ec.gp.GPIndividual@407557960{1747735568},3C_20_80-02.txt,35.738,0.250,8.935,2,12.000,134.31,6.000,14.750,0.000
82,ec.gp.GPIndividual@407557960{1747735568},3C_20_66-01.txt,7.322,0.250,1.831,4,2.656,145.11,0.664,14.750,0.000
82,ec.gp.GPIndividual@407557960{1747735568},3C_20_66-02.txt,154.245,0.250,38.561,2,7.547,19.57,3.773,14.750,0.000
82,ec.gp.GPIndividual@407557960{1747735568},3C_20_80-03.txt,169.439,0.250,42.360,2,25.156,59.39,12.578,15.453,0.000
82,ec.gp.GPIndividual@1307182062{934411889},3C_20_50-02.txt,61.404,0.250,15.351,8,18.234,118.78,2.279,6.141,0.000
82,ec.gp.GPIndividual@461771553{1091289198},3C_20_50-02.txt,61.404,0.250,15.351,1,0.328,2.14,0.328,0.328,0.328
82,ec.gp.GPIndividual@461771553{1091289198},3C_20_50-03.txt,30.993,0.250,7.748,2,1.672,21.58,0.836,1.188,0.328
82,ec.gp.GPIndividual@461771553{1091289198},3C_20_66-03.txt,118.340,0.250,29.585,6,34.484,116.56,5.747,10.844,0.328
82,ec.gp.GPIndividual@2073341817{107298193},3C_20_50-02.txt,61.404,0.250,15.351,5,17.156,111.76,3.431,6.203,0.469
82,ec.gp.GPIndividual@2073341817{107298193},3C_20_66-01.txt,7.322,0.250,1.831,4,3.531,192.91,0.883,6.203,0.000
82,ec.gp.GPIndividual@2073341817{107298193},3C_20_50-03.txt,30.993,0.250,7.748,2,0.672,8.67,0.336,6.203,0.000
82,ec.gp.GPIndividual@2073341817{107298193},3C_20_66-01.txt,7.322,0.250,1.831,2,3.469,189.49,1.734,6.203,0.000
82,ec.gp.GPIndividual@2073341817{107298193},3C_20_50-03.txt,30.993,0.250,7.748,4,14.469,186.74,3.617,9.422,0.000
82,ec.gp.GPIndividual@1498709869{572377029},3C_20_50-02.txt,61.404,0.250,15.351,4,3.953,25.75,0.988,1.375,0.531
82,ec.gp.GPIndividual@1498709869{572377029},3C_20_80-01.txt,4.194,0.250,1.049,2,3.672,350.16,1.836,3.203,0.469
82,ec.gp.GPIndividual@1498709869{572377029},3C_20_66-01.txt,7.322,0.250,1.831,3,1.969,107.55,0.656,3.203,0.156
82,ec.gp.GPIndividual@1498709869{572377029},3C_20_66-02.txt,154.245,0.250,38.561,8,9.500,24.64,1.188,3.203,0.156
82,ec.gp.GPIndividual@1498709869{572377029},3C_20_50-03.txt,30.993,0.250,7.748,6,7.609,98.21,1.268,3.203,0.156
82,ec.gp.GPIndividual@1498709869{572377029},3C_20_80-02.txt,35.738,0.250,8.935,5,12.156,136.06,2.431,3.875,0.156
82,ec.gp.GPIndividual@1498709869{572377029},3C_20_66-01.txt,7.322,0.250,1.831,4,1.906,104.14,0.477,3.875,0.156
82,ec.gp.GPIndividual@1498709869{572377029},3C_20_66-03.txt,118.340,0.250,29.585,5,6.141,20.76,1.228,3.875,0.156
82,ec.gp.GPIndividual@1498709869{572377029},3C_20_66-02.txt,154.245,0.250,38.561,17,45.906,119.05,2.700,10.469,0.156
82,ec.gp.GPIndividual@1498709869{572377029},3C_20_66-02.txt,154.245,0.250,38.561,1,4.250,11.02,4.250,10.469,0.156
82,ec.gp.GPIndividual@1498709869{572377029},3C_20_80-03.txt,169.439,0.250,42.360,12,40.500,95.61,3.375,10.469,0.000
82,ec.gp.GPIndividual@2107322756{1569339323},3C_20_50-02.txt,61.404,0.250,15.351,1,7.328,47.74,7.328,7.328,7.328
82,ec.gp.GPIndividual@2107322756{1569339323},3C_20_66-01.txt,7.322,0.250,1.831,2,2.813,153.64,1.406,7.328,0.500
82,ec.gp.GPIndividual@2107322756{1569339323},3C_20_66-03.txt,118.340,0.250,29.585,2,1.531,5.18,0.766,7.328,0.500
82,ec.gp.GPIndividual@2107322756{1569339323},3C_20_50-03.txt,30.993,0.250,7.748,2,11.578,149.43,5.789,10.313,0.500
82,ec.gp.GPIndividual@2107322756{1569339323},3C_20_66-02.txt,154.245,0.250,38.561,5,25.078,65.03,5.016,16.500,0.500
82,ec.gp.GPIndividual@2107322756{1569339323},3C_20_80-01.txt,4.194,0.250,1.049,1,1.641,156.46,1.641,16.500,0.500
82,ec.gp.GPIndividual@2107322756{1569339323},3C_20_66-02.txt,154.245,0.250,38.561,7,30.547,79.22,4.364,16.500,0.422
82,ec.gp.GPIndividual@2107322756{1569339323},3C_20_66-01.txt,7.322,0.250,1.831,1,2.516,137.42,2.516,16.500,0.422
82,ec.gp.GPIndividual@2107322756{1569339323},3C_20_66-03.txt,118.340,0.250,29.585,6,14.797,50.01,2.466,16.500,0.422
82,ec.gp.GPIndividual@2107322756{1569339323},3C_20_66-03.txt,118.340,0.250,29.585,7,35.609,120.36,5.087,16.500,0.422
82,ec.gp.GPIndividual@2107322756{1569339323},3C_20_66-03.txt,118.340,0.250,29.585,2,16.953,57.30,8.477,16.500,0.422
82,ec.gp.GPIndividual@2107322756{1569339323},3C_20_66-02.txt,154.245,0.250,38.561,5,14.000,36.31,2.800,16.500,0.422
82,ec.gp.GPIndividual@2107322756{1569339323},3C_20_80-01.txt,4.194,0.250,1.049,2,1.953,186.26,0.977,16.500,0.422
82,ec.gp.GPIndividual@2107322756{1569339323},3C_20_66-03.txt,118.340,0.250,29.585,8,34.703,117.30,4.338,16.500,0.359
82,ec.gp.GPIndividual@2107322756{1569339323},3C_20_80-02.txt,35.738,0.250,8.935,1,3.703,41.45,3.703,16.500,0.359
82,ec.gp.GPIndividual@2107322756{1569339323},3C_20_80-01.txt,4.194,0.250,1.049,1,11.891,1133.93,11.891,16.500,0.359
82,ec.gp.GPIndividual@2107322756{1569339323},3C_20_80-01.txt,4.194,0.250,1.049,2,15.656,1493.03,7.828,16.500,0.359
82,ec.gp.GPIndividual@2107322756{1569339323},3C_20_80-01.txt,4.194,0.250,1.049,1,0.328,31.29,0.328,16.500,0.328
82,ec.gp.GPIndividual@2107322756{1569339323},3C_20_80-02.txt,35.738,0.250,8.935,4,9.281,103.88,2.320,16.500,0.328
82,ec.gp.GPIndividual@2107322756{1569339323},3C_20_80-03.txt,169.439,0.250,42.360,1,7.719,18.22,7.719,16.500,0.328
82,ec.gp.GPIndividual@2107322756{1569339323},3C_20_80-02.txt,35.738,0.250,8.935,6,9.063,101.43,1.510,16.500,0.328
82,ec.gp.GPIndividual@2107322756{1569339323},3C_20_80-03.txt,169.439,0.250,42.360,4,7.156,16.89,1.789,16.500,0.328
82,ec.gp.GPIndividual@2107322756{1569339323},3C_20_80-01.txt,4.194,0.250,1.049,1,1.609,153.48,1.609,16.500,0.328
82,ec.gp.GPIndividual@2107322756{1569339323},3C_20_80-03.txt,169.439,0.250,42.360,16,42.406,100.11,2.650,16.500,0.172
82,ec.gp.GPIndividual@2107322756{1569339323},3C_20_80-02.txt,35.738,0.250,8.935,5,12.641,141.48,2.528,16.500,0.172
82,ec.gp.GPIndividual@333656859{-1265477736},3C_20_50-02.txt,61.404,0.250,15.351,2,7.156,46.62,3.578,6.750,0.406
82,ec.gp.GPIndividual@1720346140{-965146065},3C_20_50-02.txt,61.404,0.250,15.351,4,4.922,32.06,1.230,2.813,0.375
82,ec.gp.GPIndividual@1720346140{-965146065},3C_20_80-02.txt,35.738,0.250,8.935,8,8.922,99.86,1.115,2.813,0.172
82,ec.gp.GPIndividual@1720346140{-965146065},3C_20_80-03.txt,169.439,0.250,42.360,11,44.016,103.91,4.001,13.781,0.172
82,ec.gp.GPIndividual@833935440{-2128143024},3C_20_50-02.txt,61.404,0.250,15.351,5,25.016,162.96,5.003,13.313,0.281
82,ec.gp.GPIndividual@1047040308{-432601115},3C_20_50-02.txt,61.404,0.250,15.351,1,0.141,0.92,0.141,0.141,0.141
82,ec.gp.GPIndividual@1047040308{-432601115},3C_20_66-02.txt,154.245,0.250,38.561,1,0.813,2.11,0.813,0.813,0.141
82,ec.gp.GPIndividual@1047040308{-432601115},3C_20_50-03.txt,30.993,0.250,7.748,5,7.766,100.23,1.553,4.656,0.141
82,ec.gp.GPIndividual@1047040308{-432601115},3C_20_50-03.txt,30.993,0.250,7.748,5,8.594,110.91,1.719,4.656,0.141
82,ec.gp.GPIndividual@1047040308{-432601115},3C_20_66-01.txt,7.322,0.250,1.831,2,1.641,89.62,0.820,4.656,0.141
82,ec.gp.GPIndividual@1047040308{-432601115},3C_20_50-03.txt,30.993,0.250,7.748,5,8.047,103.86,1.609,4.656,0.141
82,ec.gp.GPIndividual@1047040308{-432601115},3C_20_66-01.txt,7.322,0.250,1.831,3,1.734,94.75,0.578,4.656,0.141
82,ec.gp.GPIndividual@1047040308{-432601115},3C_20_66-03.txt,118.340,0.250,29.585,14,31.500,106.47,2.250,7.547,0.141
82,ec.gp.GPIndividual@1047040308{-432601115},3C_20_66-02.txt,154.245,0.250,38.561,4,25.500,66.13,6.375,10.938,0.141
82,ec.gp.GPIndividual@1197570641{79630804},3C_20_50-02.txt,61.404,0.250,15.351,8,15.875,103.41,1.984,5.734,0.438
82,ec.gp.GPIndividual@1197570641{79630804},3C_20_66-01.txt,7.322,0.250,1.831,2,1.953,106.70,0.977,5.734,0.438
82,ec.gp.GPIndividual@1197570641{79630804},3C_20_66-03.txt,118.340,0.250,29.585,2,1.188,4.01,0.594,5.734,0.438
82,ec.gp.GPIndividual@1197570641{79630804},3C_20_66-02.txt,154.245,0.250,38.561,8,37.578,97.45,4.697,14.578,0.438
82,ec.gp.GPIndividual@1197570641{79630804},3C_20_80-01.txt,4.194,0.250,1.049,1,1.219,116.22,1.219,14.578,0.438
82,ec.gp.GPIndividual@1197570641{79630804},3C_20_66-03.txt,118.340,0.250,29.585,7,30.953,104.62,4.422,14.578,0.438
82,ec.gp.GPIndividual@1197570641{79630804},3C_20_66-02.txt,154.245,0.250,38.561,8,18.578,48.18,2.322,14.578,0.438
82,ec.gp.GPIndividual@1197570641{79630804},3C_20_50-03.txt,30.993,0.250,7.748,2,12.250,158.10,6.125,14.578,0.438
82,ec.gp.GPIndividual@1197570641{79630804},3C_20_80-01.txt,4.194,0.250,1.049,1,1.328,126.65,1.328,14.578,0.438
82,ec.gp.GPIndividual@1197570641{79630804},3C_20_66-03.txt,118.340,0.250,29.585,11,36.266,122.58,3.297,14.578,0.422
82,ec.gp.GPIndividual@1197570641{79630804},3C_20_80-01.txt,4.194,0.250,1.049,1,2.078,198.18,2.078,14.578,0.422
82,ec.gp.GPIndividual@1197570641{79630804},3C_20_80-02.txt,35.738,0.250,8.935,5,9.719,108.78,1.944,14.578,0.422
82,ec.gp.GPIndividual@1197570641{79630804},3C_20_80-03.txt,169.439,0.250,42.360,1,0.406,0.96,0.406,14.578,0.406
82,ec.gp.GPIndividual@1197570641{79630804},3C_20_66-01.txt,7.322,0.250,1.831,2,10.125,553.11,5.063,14.578,0.406
82,ec.gp.GPIndividual@1197570641{79630804},3C_20_80-02.txt,35.738,0.250,8.935,6,7.656,85.69,1.276,14.578,0.406
82,ec.gp.GPIndividual@1197570641{79630804},3C_20_66-02.txt,154.245,0.250,38.561,2,4.047,10.49,2.023,14.578,0.406
82,ec.gp.GPIndividual@1197570641{79630804},3C_20_80-02.txt,35.738,0.250,8.935,1,2.078,23.26,2.078,14.578,0.406
82,ec.gp.GPIndividual@1197570641{79630804},3C_20_80-01.txt,4.194,0.250,1.049,1,4.516,430.62,4.516,14.578,0.406
82,ec.gp.GPIndividual@837563309{-251786417},3C_20_50-02.txt,61.404,0.250,15.351,13,12.625,82.24,0.971,1.922,0.266
82,ec.gp.GPIndividual@837563309{-251786417},3C_20_50-03.txt,30.993,0.250,7.748,6,7.844,101.23,1.307,1.922,0.266
82,ec.gp.GPIndividual@837563309{-251786417},3C_20_80-03.txt,169.439,0.250,42.360,1,0.469,1.11,0.469,1.922,0.266
82,ec.gp.GPIndividual@837563309{-251786417},3C_20_66-03.txt,118.340,0.250,29.585,11,29.266,98.92,2.661,5.078,0.266
82,ec.gp.GPIndividual@1724543086{783940330},3C_20_50-02.txt,61.404,0.250,15.351,3,2.906,18.93,0.969,1.750,0.234
82,ec.gp.GPIndividual@1724543086{783940330},3C_20_66-02.txt,154.245,0.250,38.561,4,4.797,12.44,1.199,2.594,0.234
82,ec.gp.GPIndividual@1724543086{783940330},3C_20_50-03.txt,30.993,0.250,7.748,6,8.891,114.75,1.482,2.594,0.234
82,ec.gp.GPIndividual@1724543086{783940330},3C_20_80-03.txt,169.439,0.250,42.360,1,0.484,1.14,0.484,2.594,0.234
82,ec.gp.GPIndividual@1724543086{783940330},3C_20_66-01.txt,7.322,0.250,1.831,2,1.766,96.45,0.883,2.594,0.234
82,ec.gp.GPIndividual@1724543086{783940330},3C_20_66-02.txt,154.245,0.250,38.561,1,0.344,0.89,0.344,2.594,0.234
82,ec.gp.GPIndividual@1724543086{783940330},3C_20_66-03.txt,118.340,0.250,29.585,2,2.438,8.24,1.219,2.594,0.234
82,ec.gp.GPIndividual@1724543086{783940330},3C_20_66-03.txt,118.340,0.250,29.585,4,12.688,42.89,3.172,3.609,0.234
82,ec.gp.GPIndividual@1724543086{783940330},3C_20_80-01.txt,4.194,0.250,1.049,4,1.063,101.32,0.266,3.609,0.109
82,ec.gp.GPIndividual@1724543086{783940330},3C_20_80-02.txt,35.738,0.250,8.935,1,1.344,15.04,1.344,3.609,0.109
82,ec.gp.GPIndividual@1724543086{783940330},3C_20_80-03.txt,169.439,0.250,42.360,2,18.078,42.68,9.039,14.484,0.109
82,ec.gp.GPIndividual@956579629{-349135282},3C_20_50-02.txt,61.404,0.250,15.351,2,10.688,69.62,5.344,10.453,0.234
82,ec.gp.GPIndividual@1440250837{-968236881},3C_20_50-02.txt,61.404,0.250,15.351,3,9.484,61.78,3.161,8.188,0.219
82,ec.gp.GPIndividual@1440250837{-968236881},3C_20_80-01.txt,4.194,0.250,1.049,2,1.547,147.52,0.773,8.188,0.219
82,ec.gp.GPIndividual@1440250837{-968236881},3C_20_50-03.txt,30.993,0.250,7.748,7,7.938,102.44,1.134,8.188,0.219
82,ec.gp.GPIndividual@1440250837{-968236881},3C_20_80-02.txt,35.738,0.250,8.935,7,10.875,121.72,1.554,8.188,0.219
82,ec.gp.GPIndividual@1440250837{-968236881},3C_20_50-03.txt,30.993,0.250,7.748,2,1.406,18.15,0.703,8.188,0.219
82,ec.gp.GPIndividual@1440250837{-968236881},3C_20_66-01.txt,7.322,0.250,1.831,1,11.203,612.01,11.203,11.203,0.219
82,ec.gp.GPIndividual@1440250837{-968236881},3C_20_80-03.txt,169.439,0.250,42.360,11,48.766,115.12,4.433,16.344,0.219
82,ec.gp.GPIndividual@1440250837{-968236881},3C_20_80-03.txt,169.439,0.250,42.360,8,41.891,98.89,5.236,16.344,0.219
82,ec.gp.GPIndividual@1440250837{-968236881},3C_20_66-01.txt,7.322,0.250,1.831,3,3.891,212.54,1.297,16.344,0.219
82,ec.gp.GPIndividual@1456298205{1522209138},3C_20_50-02.txt,61.404,0.250,15.351,2,0.516,3.36,0.258,0.313,0.203
82,ec.gp.GPIndividual@1456298205{1522209138},3C_20_66-02.txt,154.245,0.250,38.561,1,11.266,29.21,11.266,11.266,0.203
82,ec.gp.GPIndividual@1456298205{1522209138},3C_20_66-02.txt,154.245,0.250,38.561,4,13.766,35.70,3.441,11.266,0.203
82,ec.gp.GPIndividual@2144490063{1400357867},3C_20_50-02.txt,61.404,0.250,15.351,15,15.719,102.39,1.048,1.672,0.234
82,ec.gp.GPIndividual@2144490063{1400357867},3C_20_50-03.txt,30.993,0.250,7.748,3,4.578,59.09,1.526,2.828,0.234
82,ec.gp.GPIndividual@2144490063{1400357867},3C_20_66-03.txt,118.340,0.250,29.585,1,1.594,5.39,1.594,2.828,0.234
82,ec.gp.GPIndividual@2144490063{1400357867},3C_20_50-03.txt,30.993,0.250,7.748,3,6.266,80.87,2.089,2.828,0.234
82,ec.gp.GPIndividual@2144490063{1400357867},3C_20_66-03.txt,118.340,0.250,29.585,3,8.156,27.57,2.719,3.625,0.234
82,ec.gp.GPIndividual@2144490063{1400357867},3C_20_66-01.txt,7.322,0.250,1.831,2,1.203,65.72,0.602,3.625,0.234
82,ec.gp.GPIndividual@2144490063{1400357867},3C_20_66-02.txt,154.245,0.250,38.561,8,15.797,40.97,1.975,4.094,0.234
82,ec.gp.GPIndividual@2144490063{1400357867},3C_20_66-03.txt,118.340,0.250,29.585,4,33.750,114.08,8.438,14.625,0.234
82,ec.gp.GPIndividual@2144490063{1400357867},3C_20_80-01.txt,4.194,0.250,1.049,2,7.641,728.64,3.820,14.625,0.234
82,ec.gp.GPIndividual@2144490063{1400357867},3C_20_80-01.txt,4.194,0.250,1.049,2,0.781,74.50,0.391,14.625,0.234
82,ec.gp.GPIndividual@2144490063{1400357867},3C_20_80-02.txt,35.738,0.250,8.935,1,0.344,3.85,0.344,14.625,0.234
82,ec.gp.GPIndividual@2144490063{1400357867},3C_20_80-02.txt,35.738,0.250,8.935,1,8.938,100.03,8.938,14.625,0.234
82,ec.gp.GPIndividual@2144490063{1400357867},3C_20_66-01.txt,7.322,0.250,1.831,2,2.594,141.69,1.297,14.625,0.234
82,ec.gp.GPIndividual@2144490063{1400357867},3C_20_80-03.txt,169.439,0.250,42.360,1,4.281,10.11,4.281,14.625,0.234
82,ec.gp.GPIndividual@2144490063{1400357867},3C_20_80-01.txt,4.194,0.250,1.049,4,1.156,110.26,0.289,14.625,0.078
82,ec.gp.GPIndividual@2144490063{1400357867},3C_20_66-02.txt,154.245,0.250,38.561,1,0.297,0.77,0.297,14.625,0.078
82,ec.gp.GPIndividual@2144490063{1400357867},3C_20_80-03.txt,169.439,0.250,42.360,17,42.094,99.37,2.476,14.625,0.078
82,ec.gp.GPIndividual@1129418871{-2054339691},3C_20_50-02.txt,61.404,0.250,15.351,1,0.234,1.53,0.234,0.234,0.234
82,ec.gp.GPIndividual@1129418871{-2054339691},3C_20_50-03.txt,30.993,0.250,7.748,1,9.422,121.60,9.422,9.422,0.234
82,ec.gp.GPIndividual@1129418871{-2054339691},3C_20_80-02.txt,35.738,0.250,8.935,1,14.000,156.70,14.000,14.000,0.234
82,ec.gp.GPIndividual@1016449727{-728657687},3C_20_50-02.txt,61.404,0.250,15.351,11,14.781,96.29,1.344,5.359,0.094
82,ec.gp.GPIndividual@1016449727{-728657687},3C_20_50-03.txt,30.993,0.250,7.748,4,7.500,96.80,1.875,5.359,0.094
82,ec.gp.GPIndividual@1016449727{-728657687},3C_20_80-03.txt,169.439,0.250,42.360,8,46.297,109.29,5.787,15.906,0.094
82,ec.gp.GPIndividual@1016449727{-728657687},3C_20_66-01.txt,7.322,0.250,1.831,7,1.813,99.01,0.259,15.906,0.094
82,ec.gp.GPIndividual@1016449727{-728657687},3C_20_66-02.txt,154.245,0.250,38.561,1,3.031,7.86,3.031,15.906,0.094
82,ec.gp.GPIndividual@1489053090{-84494790},3C_20_50-02.txt,61.404,0.250,15.351,6,2.734,17.81,0.456,0.750,0.109
82,ec.gp.GPIndividual@1489053090{-84494790},3C_20_50-03.txt,30.993,0.250,7.748,8,7.641,98.61,0.955,2.781,0.109
82,ec.gp.GPIndividual@1489053090{-84494790},3C_20_66-03.txt,118.340,0.250,29.585,1,1.500,5.07,1.500,2.781,0.109
82,ec.gp.GPIndividual@1489053090{-84494790},3C_20_66-01.txt,7.322,0.250,1.831,1,0.250,13.66,0.250,2.781,0.109
82,ec.gp.GPIndividual@1489053090{-84494790},3C_20_66-02.txt,154.245,0.250,38.561,4,3.125,8.10,0.781,2.781,0.109
82,ec.gp.GPIndividual@1489053090{-84494790},3C_20_66-03.txt,118.340,0.250,29.585,2,2.625,8.87,1.313,2.781,0.109
82,ec.gp.GPIndividual@1489053090{-84494790},3C_20_80-01.txt,4.194,0.250,1.049,1,0.359,34.27,0.359,2.781,0.109
82,ec.gp.GPIndividual@1489053090{-84494790},3C_20_80-02.txt,35.738,0.250,8.935,1,0.547,6.12,0.547,2.781,0.109
82,ec.gp.GPIndividual@1489053090{-84494790},3C_20_80-03.txt,169.439,0.250,42.360,1,1.672,3.95,1.672,2.781,0.109
82,ec.gp.GPIndividual@1945447040{-214995894},3C_20_50-02.txt,61.404,0.250,15.351,6,18.922,123.26,3.154,11.469,0.094
82,ec.gp.GPIndividual@1945447040{-214995894},3C_20_80-01.txt,4.194,0.250,1.049,5,1.016,96.85,0.203,11.469,0.047
82,ec.gp.GPIndividual@1945447040{-214995894},3C_20_80-02.txt,35.738,0.250,8.935,8,8.500,95.14,1.063,11.469,0.047
82,ec.gp.GPIndividual@1945447040{-214995894},3C_20_50-03.txt,30.993,0.250,7.748,5,7.234,93.37,1.447,11.469,0.047
82,ec.gp.GPIndividual@1945447040{-214995894},3C_20_80-03.txt,169.439,0.250,42.360,7,45.922,108.41,6.560,15.719,0.047
82,ec.gp.GPIndividual@1646544179{-728657687},3C_20_50-02.txt,61.404,0.250,15.351,9,14.828,96.59,1.648,5.828,0.078
82,ec.gp.GPIndividual@1646544179{-728657687},3C_20_50-03.txt,30.993,0.250,7.748,1,2.688,34.69,2.688,5.828,0.078
82,ec.gp.GPIndividual@1646544179{-728657687},3C_20_66-01.txt,7.322,0.250,1.831,4,1.844,100.72,0.461,5.828,0.047
82,ec.gp.GPIndividual@1646544179{-728657687},3C_20_66-01.txt,7.322,0.250,1.831,7,2.141,116.94,0.306,5.828,0.047
82,ec.gp.GPIndividual@1646544179{-728657687},3C_20_66-02.txt,154.245,0.250,38.561,1,0.031,0.08,0.031,5.828,0.031
82,ec.gp.GPIndividual@1646544179{-728657687},3C_20_66-02.txt,154.245,0.250,38.561,15,43.578,113.01,2.905,11.094,0.031
82,ec.gp.GPIndividual@1646544179{-728657687},3C_20_66-03.txt,118.340,0.250,29.585,1,1.719,5.81,1.719,11.094,0.031
82,ec.gp.GPIndividual@1646544179{-728657687},3C_20_66-03.txt,118.340,0.250,29.585,8,28.047,94.80,3.506,11.094,0.031
82,ec.gp.GPIndividual@1646544179{-728657687},3C_20_80-01.txt,4.194,0.250,1.049,5,1.000,95.36,0.200,11.094,0.031
82,ec.gp.GPIndividual@1646544179{-728657687},3C_20_80-02.txt,35.738,0.250,8.935,7,8.625,96.54,1.232,11.094,0.031
82,ec.gp.GPIndividual@1646544179{-728657687},3C_20_80-01.txt,4.194,0.250,1.049,4,1.203,114.73,0.301,11.094,0.031
82,ec.gp.GPIndividual@1646544179{-728657687},3C_20_80-03.txt,169.439,0.250,42.360,11,39.953,94.32,3.632,15.703,0.031
82,ec.gp.GPIndividual@1646544179{-728657687},3C_20_80-02.txt,35.738,0.250,8.935,6,11.016,123.29,1.836,15.703,0.031
82,ec.gp.GPIndividual@166655227{996306157},3C_20_50-02.txt,61.404,0.250,15.351,9,14.797,96.39,1.644,4.578,0.094
82,ec.gp.GPIndividual@166655227{996306157},3C_20_50-03.txt,30.993,0.250,7.748,4,7.469,96.39,1.867,4.578,0.094
82,ec.gp.GPIndividual@166655227{996306157},3C_20_80-03.txt,169.439,0.250,42.360,8,46.219,109.11,5.777,15.906,0.094
82,ec.gp.GPIndividual@166655227{996306157},3C_20_66-01.txt,7.322,0.250,1.831,5,1.672,91.33,0.334,15.906,0.094
82,ec.gp.GPIndividual@166655227{996306157},3C_20_66-02.txt,154.245,0.250,38.561,8,30.719,79.66,3.840,15.906,0.094
82,ec.gp.GPIndividual@786106580{1508256678},3C_20_50-02.txt,61.404,0.250,15.351,1,0.000,0.00,0.000,0.000,0.000
82,ec.gp.GPIndividual@786106580{1508256678},3C_20_50-03.txt,30.993,0.250,7.748,1,0.000,0.00,0.000,0.000,0.000
82,ec.gp.GPIndividual@786106580{1508256678},3C_20_66-01.txt,7.322,0.250,1.831,1,0.000,0.00,0.000,0.000,0.000
82,ec.gp.GPIndividual@786106580{1508256678},3C_20_66-02.txt,154.245,0.250,38.561,1,0.000,0.00,0.000,0.000,0.000
82,ec.gp.GPIndividual@786106580{1508256678},3C_20_66-03.txt,118.340,0.250,29.585,1,0.000,0.00,0.000,0.000,0.000
82,ec.gp.GPIndividual@786106580{1508256678},3C_20_80-01.txt,4.194,0.250,1.049,1,0.000,0.00,0.000,0.000,0.000
82,ec.gp.GPIndividual@786106580{1508256678},3C_20_80-02.txt,35.738,0.250,8.935,1,0.000,0.00,0.000,0.000,0.000
82,ec.gp.GPIndividual@786106580{1508256678},3C_20_80-03.txt,169.439,0.250,42.360,1,0.000,0.00,0.000,0.000,0.000
82,ec.gp.GPIndividual@944494601{-1291522960},3C_20_50-02.txt,61.404,0.250,15.351,6,16.266,105.96,2.711,8.844,0.094
82,ec.gp.GPIndividual@944494601{-1291522960},3C_20_66-03.txt,118.340,0.250,29.585,4,15.375,51.97,3.844,9.516,0.094
82,ec.gp.GPIndividual@944494601{-1291522960},3C_20_50-03.txt,30.993,0.250,7.748,1,10.797,139.35,10.797,10.797,0.094
82,ec.gp.GPIndividual@944494601{-1291522960},3C_20_80-01.txt,4.194,0.250,1.049,1,1.156,110.26,1.156,10.797,0.094
82,ec.gp.GPIndividual@944494601{-1291522960},3C_20_66-01.txt,7.322,0.250,1.831,6,1.969,107.55,0.328,10.797,0.094
82,ec.gp.GPIndividual@944494601{-1291522960},3C_20_80-02.txt,35.738,0.250,8.935,2,0.438,4.90,0.219,10.797,0.078
82,ec.gp.GPIndividual@944494601{-1291522960},3C_20_66-02.txt,154.245,0.250,38.561,15,44.313,114.91,2.954,14.016,0.078
82,ec.gp.GPIndividual@944494601{-1291522960},3C_20_66-03.txt,118.340,0.250,29.585,1,1.313,4.44,1.313,14.016,0.078
82,ec.gp.GPIndividual@944494601{-1291522960},3C_20_80-03.txt,169.439,0.250,42.360,8,40.266,95.06,5.033,15.656,0.078
82,ec.gp.GPIndividual@895049387{1826365512},3C_20_50-02.txt,61.404,0.250,15.351,7,15.891,103.51,2.270,10.266,0.078
82,ec.gp.GPIndividual@895049387{1826365512},3C_20_50-03.txt,30.993,0.250,7.748,1,0.469,6.05,0.469,10.266,0.078
82,ec.gp.GPIndividual@895049387{1826365512},3C_20_80-01.txt,4.194,0.250,1.049,3,1.813,172.85,0.604,10.266,0.078
82,ec.gp.GPIndividual@895049387{1826365512},3C_20_66-01.txt,7.322,0.250,1.831,5,1.563,85.36,0.313,10.266,0.078
82,ec.gp.GPIndividual@895049387{1826365512},3C_20_66-02.txt,154.245,0.250,38.561,15,44.359,115.04,2.957,13.313,0.078
82,ec.gp.GPIndividual@895049387{1826365512},3C_20_66-03.txt,118.340,0.250,29.585,1,1.281,4.33,1.281,13.313,0.078
82,ec.gp.GPIndividual@895049387{1826365512},3C_20_80-02.txt,35.738,0.250,8.935,8,6.625,74.15,0.828,13.313,0.078
82,ec.gp.GPIndividual@895049387{1826365512},3C_20_80-01.txt,4.194,0.250,1.049,1,1.719,163.91,1.719,13.313,0.078
82,ec.gp.GPIndividual@895049387{1826365512},3C_20_80-03.txt,169.439,0.250,42.360,9,36.063,85.13,4.007,16.016,0.078
82,ec.gp.GPIndividual@895049387{1826365512},3C_20_80-02.txt,35.738,0.250,8.935,6,4.906,54.91,0.818,16.016,0.078
82,ec.gp.GPIndividual@895049387{1826365512},3C_20_80-03.txt,169.439,0.250,42.360,4,39.375,92.95,9.844,16.328,0.078
83,ec.gp.GPIndividual@1994302599{-603157163},3C_20_50-02.txt,61.404,0.250,15.351,0,0.000,0.00,0.000,0.000,0.000
83,ec.gp.GPIndividual@1994302599{-603157163},3C_20_50-03.txt,30.993,0.250,7.748,0,0.000,0.00,0.000,0.000,0.000
83,ec.gp.GPIndividual@1994302599{-603157163},3C_20_66-01.txt,7.322,0.250,1.831,0,0.000,0.00,0.000,0.000,0.000
83,ec.gp.GPIndividual@1994302599{-603157163},3C_20_66-02.txt,154.245,0.250,38.561,0,0.000,0.00,0.000,0.000,0.000
83,ec.gp.GPIndividual@1994302599{-603157163},3C_20_66-03.txt,118.340,0.250,29.585,0,0.000,0.00,0.000,0.000,0.000
83,ec.gp.GPIndividual@1994302599{-603157163},3C_20_80-01.txt,4.194,0.250,1.049,0,0.000,0.00,0.000,0.000,0.000
83,ec.gp.GPIndividual@1994302599{-603157163},3C_20_80-02.txt,35.738,0.250,8.935,0,0.000,0.00,0.000,0.000,0.000
83,ec.gp.GPIndividual@1994302599{-603157163},3C_20_80-03.txt,169.439,0.250,42.360,0,0.000,0.00,0.000,0.000,0.000
83,ec.gp.GPIndividual@1360056508{-300479044},3C_20_50-02.txt,61.404,0.250,15.351,0,0.000,0.00,0.000,0.000,0.000
83,ec.gp.GPIndividual@1360056508{-300479044},3C_20_50-03.txt,30.993,0.250,7.748,0,0.000,0.00,0.000,0.000,0.000
83,ec.gp.GPIndividual@1360056508{-300479044},3C_20_66-01.txt,7.322,0.250,1.831,0,0.000,0.00,0.000,0.000,0.000
83,ec.gp.GPIndividual@1360056508{-300479044},3C_20_66-02.txt,154.245,0.250,38.561,0,0.000,0.00,0.000,0.000,0.000
83,ec.gp.GPIndividual@1360056508{-300479044},3C_20_66-03.txt,118.340,0.250,29.585,0,0.000,0.00,0.000,0.000,0.000
83,ec.gp.GPIndividual@1360056508{-300479044},3C_20_80-01.txt,4.194,0.250,1.049,0,0.000,0.00,0.000,0.000,0.000
83,ec.gp.GPIndividual@1360056508{-300479044},3C_20_80-02.txt,35.738,0.250,8.935,0,0.000,0.00,0.000,0.000,0.000
83,ec.gp.GPIndividual@1360056508{-300479044},3C_20_80-03.txt,169.439,0.250,42.360,0,0.000,0.00,0.000,0.000,0.000
83,ec.gp.GPIndividual@20050024{79630804},3C_20_50-02.txt,61.404,0.250,15.351,5,1.875,12.21,0.375,0.375,0.375
83,ec.gp.GPIndividual@20050024{79630804},3C_20_50-03.txt,30.993,0.250,7.748,5,7.891,101.84,1.578,2.016,0.375
83,ec.gp.GPIndividual@20050024{79630804},3C_20_50-03.txt,30.993,0.250,7.748,2,2.250,29.04,1.125,2.016,0.234
83,ec.gp.GPIndividual@20050024{79630804},3C_20_50-03.txt,30.993,0.250,7.748,3,4.156,53.64,1.385,3.172,0.188
83,ec.gp.GPIndividual@20050024{79630804},3C_20_66-01.txt,7.322,0.250,1.831,2,1.984,108.40,0.992,3.172,0.188
83,ec.gp.GPIndividual@20050024{79630804},3C_20_50-03.txt,30.993,0.250,7.748,1,0.828,10.69,0.828,3.172,0.188
83,ec.gp.GPIndividual@20050024{79630804},3C_20_66-02.txt,154.245,0.250,38.561,1,0.500,1.30,0.500,3.172,0.188
83,ec.gp.GPIndividual@20050024{79630804},3C_20_50-03.txt,30.993,0.250,7.748,3,8.453,109.10,2.818,3.203,0.188
83,ec.gp.GPIndividual@20050024{79630804},3C_20_66-01.txt,7.322,0.250,1.831,3,4.266,233.02,1.422,3.203,0.188
83,ec.gp.GPIndividual@20050024{79630804},3C_20_50-03.txt,30.993,0.250,7.748,1,2.453,31.66,2.453,3.203,0.188
83,ec.gp.GPIndividual@20050024{79630804},3C_20_66-03.txt,118.340,0.250,29.585,4,8.172,27.62,2.043,3.266,0.188
83,ec.gp.GPIndividual@20050024{79630804},3C_20_66-02.txt,154.245,0.250,38.561,6,20.438,53.00,3.406,4.547,0.188
83,ec.gp.GPIndividual@20050024{79630804},3C_20_66-03.txt,118.340,0.250,29.585,1,6.063,20.49,6.063,6.063,0.188
83,ec.gp.GPIndividual@20050024{79630804},3C_20_80-01.txt,4.194,0.250,1.049,1,0.547,52.15,0.547,6.063,0.188
83,ec.gp.GPIndividual@20050024{79630804},3C_20_80-02.txt,35.738,0.250,8.935,2,6.688,74.85,3.344,6.063,0.188
83,ec.gp.GPIndividual@20050024{79630804},3C_20_80-03.txt,169.439,0.250,42.360,4,20.859,49.24,5.215,6.531,0.188
83,ec.gp.GPIndividual@20050024{79630804},3C_20_80-01.txt,4.194,0.250,1.049,3,1.063,101.32,0.354,6.531,0.172
83,ec.gp.GPIndividual@20050024{79630804},3C_20_80-02.txt,35.738,0.250,8.935,1,6.156,68.90,6.156,6.531,0.172
83,ec.gp.GPIndividual@1050609313{-351832008},3C_20_50-02.txt,61.404,0.250,15.351,2,2.563,16.69,1.281,2.203,0.359
83,ec.gp.GPIndividual@1050609313{-351832008},3C_20_80-03.txt,169.439,0.250,42.360,7,33.156,78.27,4.737,11.531,0.297
83,ec.gp.GPIndividual@1050609313{-351832008},3C_20_50-03.txt,30.993,0.250,7.748,1,4.156,53.64,4.156,11.531,0.297
83,ec.gp.GPIndividual@1050609313{-351832008},3C_20_66-01.txt,7.322,0.250,1.831,1,3.156,172.42,3.156,11.531,0.297
83,ec.gp.GPIndividual@1050609313{-351832008},3C_20_66-01.txt,7.322,0.250,1.831,1,6.203,338.87,6.203,11.531,0.297
83,ec.gp.GPIndividual@1134748466{359381851},3C_20_50-02.txt,61.404,0.250,15.351,4,8.547,55.68,2.137,6.406,0.500
83,ec.gp.GPIndividual@1134748466{359381851},3C_20_66-01.txt,7.322,0.250,1.831,3,1.781,97.31,0.594,6.406,0.156
83,ec.gp.GPIndividual@1134748466{359381851},3C_20_66-02.txt,154.245,0.250,38.561,12,38.156,98.95,3.180,12.516,0.156
83,ec.gp.GPIndividual@1134748466{359381851},3C_20_66-01.txt,7.322,0.250,1.831,2,1.781,97.31,0.891,12.516,0.156
83,ec.gp.GPIndividual@1134748466{359381851},3C_20_66-02.txt,154.245,0.250,38.561,18,37.875,98.22,2.104,12.516,0.156
83,ec.gp.GPIndividual@1134748466{359381851},3C_20_66-01.txt,7.322,0.250,1.831,1,2.000,109.26,2.000,12.516,0.156
83,ec.gp.GPIndividual@1134748466{359381851},3C_20_66-03.txt,118.340,0.250,29.585,3,9.125,30.84,3.042,12.516,0.156
83,ec.gp.GPIndividual@1134748466{359381851},3C_20_66-02.txt,154.245,0.250,38.561,1,9.672,25.08,9.672,12.516,0.156
83,ec.gp.GPIndividual@1134748466{359381851},3C_20_66-03.txt,118.340,0.250,29.585,4,29.141,98.50,7.285,14.094,0.156
83,ec.gp.GPIndividual@1134748466{359381851},3C_20_66-02.txt,154.245,0.250,38.561,13,38.750,100.49,2.981,14.094,0.156
83,ec.gp.GPIndividual@1134748466{359381851},3C_20_80-01.txt,4.194,0.250,1.049,2,2.141,204.14,1.070,14.094,0.156
83,ec.gp.GPIndividual@1134748466{359381851},3C_20_66-03.txt,118.340,0.250,29.585,1,1.594,5.39,1.594,14.094,0.156
83,ec.gp.GPIndividual@1134748466{359381851},3C_20_66-03.txt,118.340,0.250,29.585,2,2.609,8.82,1.305,14.094,0.156
83,ec.gp.GPIndividual@1134748466{359381851},3C_20_50-03.txt,30.993,0.250,7.748,3,6.016,77.64,2.005,14.094,0.156
83,ec.gp.GPIndividual@1134748466{359381851},3C_20_80-02.txt,35.738,0.250,8.935,1,1.797,20.11,1.797,14.094,0.156
83,ec.gp.GPIndividual@1134748466{359381851},3C_20_80-01.txt,4.194,0.250,1.049,3,4.109,391.88,1.370,14.094,0.156
83,ec.gp.GPIndividual@1134748466{359381851},3C_20_66-01.txt,7.322,0.250,1.831,4,1.906,104.14,0.477,14.094,0.156
83,ec.gp.GPIndividual@1134748466{359381851},3C_20_66-02.txt,154.245,0.250,38.561,13,39.438,102.27,3.034,14.094,0.156
83,ec.gp.GPIndividual@1134748466{359381851},3C_20_80-03.txt,169.439,0.250,42.360,3,4.438,10.48,1.479,14.094,0.156
83,ec.gp.GPIndividual@1134748466{359381851},3C_20_80-02.txt,35.738,0.250,8.935,4,8.484,94.96,2.121,14.094,0.156
83,ec.gp.GPIndividual@1134748466{359381851},3C_20_66-02.txt,154.245,0.250,38.561,3,5.313,13.78,1.771,14.094,0.156
83,ec.gp.GPIndividual@1134748466{359381851},3C_20_80-01.txt,4.194,0.250,1.049,3,1.953,186.26,0.651,14.094,0.156
83,ec.gp.GPIndividual@1134748466{359381851},3C_20_80-03.txt,169.439,0.250,42.360,17,34.688,81.89,2.040,14.094,0.156
83,ec.gp.GPIndividual@1134748466{359381851},3C_20_80-02.txt,35.738,0.250,8.935,1,15.422,172.61,15.422,15.422,0.156
83,ec.gp.GPIndividual@1134748466{359381851},3C_20_80-01.txt,4.194,0.250,1.049,1,6.063,578.14,6.063,15.422,0.156
83,ec.gp.GPIndividual@1133221898{-2065257559},3C_20_50-02.txt,61.404,0.250,15.351,5,19.719,128.45,3.944,11.281,0.484
83,ec.gp.GPIndividual@1076393125{1762853777},3C_20_50-02.txt,61.404,0.250,15.351,0,0.000,0.00,0.000,0.000,0.000
83,ec.gp.GPIndividual@1076393125{1762853777},3C_20_50-03.txt,30.993,0.250,7.748,0,0.000,0.00,0.000,0.000,0.000
83,ec.gp.GPIndividual@1076393125{1762853777},3C_20_66-01.txt,7.322,0.250,1.831,0,0.000,0.00,0.000,0.000,0.000
83,ec.gp.GPIndividual@1076393125{1762853777},3C_20_66-02.txt,154.245,0.250,38.561,0,0.000,0.00,0.000,0.000,0.000
83,ec.gp.GPIndividual@1076393125{1762853777},3C_20_66-03.txt,118.340,0.250,29.585,0,0.000,0.00,0.000,0.000,0.000
83,ec.gp.GPIndividual@1076393125{1762853777},3C_20_80-01.txt,4.194,0.250,1.049,0,0.000,0.00,0.000,0.000,0.000
83,ec.gp.GPIndividual@1076393125{1762853777},3C_20_80-02.txt,35.738,0.250,8.935,0,0.000,0.00,0.000,0.000,0.000
83,ec.gp.GPIndividual@1076393125{1762853777},3C_20_80-03.txt,169.439,0.250,42.360,0,0.000,0.00,0.000,0.000,0.000
83,ec.gp.GPIndividual@1065080333{734553005},3C_20_50-02.txt,61.404,0.250,15.351,7,7.125,46.41,1.018,1.844,0.313
83,ec.gp.GPIndividual@1065080333{734553005},3C_20_50-03.txt,30.993,0.250,7.748,4,21.609,278.90,5.402,14.391,0.313
83,ec.gp.GPIndividual@1065080333{734553005},3C_20_66-03.txt,118.340,0.250,29.585,2,1.688,5.70,0.844,14.391,0.313
83,ec.gp.GPIndividual@1065080333{734553005},3C_20_66-03.txt,118.340,0.250,29.585,9,31.484,106.42,3.498,14.391,0.313
83,ec.gp.GPIndividual@1065080333{734553005},3C_20_66-01.txt,7.322,0.250,1.831,2,2.156,117.79,1.078,14.391,0.313
83,ec.gp.GPIndividual@1065080333{734553005},3C_20_50-03.txt,30.993,0.250,7.748,4,7.875,101.64,1.969,14.391,0.313
83,ec.gp.GPIndividual@1065080333{734553005},3C_20_66-02.txt,154.245,0.250,38.561,3,10.859,28.16,3.620,14.391,0.313
83,ec.gp.GPIndividual@1065080333{734553005},3C_20_80-03.txt,169.439,0.250,42.360,1,11.422,26.96,11.422,14.391,0.313
83,ec.gp.GPIndividual@1065080333{734553005},3C_20_80-02.txt,35.738,0.250,8.935,4,9.188,102.83,2.297,14.391,0.313
83,ec.gp.GPIndividual@1065080333{734553005},3C_20_66-03.txt,118.340,0.250,29.585,2,2.875,9.72,1.438,14.391,0.313
83,ec.gp.GPIndividual@1065080333{734553005},3C_20_80-03.txt,169.439,0.250,42.360,7,45.641,107.75,6.520,15.219,0.313
83,ec.gp.GPIndividual@1065080333{734553005},3C_20_80-01.txt,4.194,0.250,1.049,3,8.781,837.41,2.927,15.219,0.313
83,ec.gp.GPIndividual@1065080333{734553005},3C_20_66-01.txt,7.322,0.250,1.831,2,6.359,347.40,3.180,15.219,0.156
83,ec.gp.GPIndividual@1813813803{79630804},3C_20_50-02.txt,61.404,0.250,15.351,6,9.203,59.95,1.534,4.813,0.531
83,ec.gp.GPIndividual@1813813803{79630804},3C_20_80-01.txt,4.194,0.250,1.049,2,2.422,230.96,1.211,4.813,0.500
83,ec.gp.GPIndividual@1813813803{79630804},3C_20_50-03.txt,30.993,0.250,7.748,2,15.953,205.90,7.977,15.609,0.344
83,ec.gp.GPIndividual@1813813803{79630804},3C_20_80-01.txt,4.194,0.250,1.049,1,1.359,129.63,1.359,15.609,0.344
83,ec.gp.GPIndividual@1813813803{79630804},3C_20_66-02.txt,154.245,0.250,38.561,3,15.109,39.18,5.036,15.609,0.344
83,ec.gp.GPIndividual@1783949344{781504204},3C_20_50-02.txt,61.404,0.250,15.351,10,14.984,97.61,1.498,3.109,0.328
83,ec.gp.GPIndividual@1783949344{781504204},3C_20_80-02.txt,35.738,0.250,8.935,6,8.750,97.93,1.458,3.641,0.172
83,ec.gp.GPIndividual@1783949344{781504204},3C_20_80-02.txt,35.738,0.250,8.935,1,0.688,7.69,0.688,3.641,0.172
83,ec.gp.GPIndividual@1783949344{781504204},3C_20_50-03.txt,30.993,0.250,7.748,4,8.391,108.29,2.098,3.641,0.172
83,ec.gp.GPIndividual@1783949344{781504204},3C_20_80-03.txt,169.439,0.250,42.360,4,6.484,15.31,1.621,3.641,0.172
83,ec.gp.GPIndividual@1783949344{781504204},3C_20_80-02.txt,35.738,0.250,8.935,5,9.188,102.83,1.838,3.641,0.172
83,ec.gp.GPIndividual@1783949344{781504204},3C_20_66-03.txt,118.340,0.250,29.585,12,32.594,110.17,2.716,6.141,0.172
83,ec.gp.GPIndividual@1783949344{781504204},3C_20_80-01.txt,4.194,0.250,1.049,2,2.531,241.39,1.266,6.141,0.172
83,ec.gp.GPIndividual@1783949344{781504204},3C_20_80-03.txt,169.439,0.250,42.360,2,6.313,14.90,3.156,6.141,0.172
83,ec.gp.GPIndividual@1432582020{-1559614701},3C_20_50-02.txt,61.404,0.250,15.351,7,18.828,122.65,2.690,9.453,0.281
83,ec.gp.GPIndividual@1432582020{-1559614701},3C_20_66-01.txt,7.322,0.250,1.831,5,4.109,224.49,0.822,9.453,0.172
83,ec.gp.GPIndividual@1432582020{-1559614701},3C_20_50-03.txt,30.993,0.250,7.748,4,7.531,97.20,1.883,9.453,0.156
83,ec.gp.GPIndividual@1432582020{-1559614701},3C_20_80-02.txt,35.738,0.250,8.935,4,8.672,97.06,2.168,9.453,0.156
83,ec.gp.GPIndividual@1432582020{-1559614701},3C_20_80-03.txt,169.439,0.250,42.360,13,42.906,101.29,3.300,9.594,0.156
83,ec.gp.GPIndividual@1432582020{-1559614701},3C_20_66-01.txt,7.322,0.250,1.831,2,5.500,300.46,2.750,9.594,0.156
83,ec.gp.GPIndividual@1539785020{86048070},3C_20_50-02.txt,61.404,0.250,15.351,1,0.000,0.00,0.000,0.000,0.000
83,ec.gp.GPIndividual@1539785020{86048070},3C_20_50-03.txt,30.993,0.250,7.748,1,0.000,0.00,0.000,0.000,0.000
83,ec.gp.GPIndividual@1539785020{86048070},3C_20_66-01.txt,7.322,0.250,1.831,1,0.000,0.00,0.000,0.000,0.000
83,ec.gp.GPIndividual@1539785020{86048070},3C_20_66-02.txt,154.245,0.250,38.561,1,0.000,0.00,0.000,0.000,0.000
83,ec.gp.GPIndividual@1539785020{86048070},3C_20_66-03.txt,118.340,0.250,29.585,1,0.000,0.00,0.000,0.000,0.000
83,ec.gp.GPIndividual@1539785020{86048070},3C_20_80-01.txt,4.194,0.250,1.049,1,0.000,0.00,0.000,0.000,0.000
83,ec.gp.GPIndividual@1539785020{86048070},3C_20_80-02.txt,35.738,0.250,8.935,1,0.000,0.00,0.000,0.000,0.000
83,ec.gp.GPIndividual@1539785020{86048070},3C_20_80-03.txt,169.439,0.250,42.360,1,0.000,0.00,0.000,0.000,0.000
83,ec.gp.GPIndividual@349872155{-932463894},3C_20_50-02.txt,61.404,0.250,15.351,5,16.125,105.04,3.225,10.484,0.344
83,ec.gp.GPIndividual@349872155{-932463894},3C_20_66-02.txt,154.245,0.250,38.561,6,24.891,64.55,4.148,13.641,0.328
83,ec.gp.GPIndividual@349872155{-932463894},3C_20_50-03.txt,30.993,0.250,7.748,3,8.563,110.51,2.854,13.641,0.328
83,ec.gp.GPIndividual@349872155{-932463894},3C_20_80-03.txt,169.439,0.250,42.360,6,15.391,36.33,2.565,13.641,0.328
83,ec.gp.GPIndividual@2084799378{-76739896},3C_20_50-02.txt,61.404,0.250,15.351,5,10.547,68.70,2.109,7.188,0.531
83,ec.gp.GPIndividual@2084799378{-76739896},3C_20_50-03.txt,30.993,0.250,7.748,2,11.000,141.97,5.500,7.188,0.531
83,ec.gp.GPIndividual@2144538700{753425794},3C_20_50-02.txt,61.404,0.250,15.351,0,0.000,0.00,0.000,0.000,0.000
83,ec.gp.GPIndividual@2144538700{753425794},3C_20_50-03.txt,30.993,0.250,7.748,0,0.000,0.00,0.000,0.000,0.000
83,ec.gp.GPIndividual@2144538700{753425794},3C_20_66-01.txt,7.322,0.250,1.831,0,0.000,0.00,0.000,0.000,0.000
83,ec.gp.GPIndividual@2144538700{753425794},3C_20_66-02.txt,154.245,0.250,38.561,0,0.000,0.00,0.000,0.000,0.000
83,ec.gp.GPIndividual@2144538700{753425794},3C_20_66-03.txt,118.340,0.250,29.585,0,0.000,0.00,0.000,0.000,0.000
83,ec.gp.GPIndividual@2144538700{753425794},3C_20_80-01.txt,4.194,0.250,1.049,0,0.000,0.00,0.000,0.000,0.000
83,ec.gp.GPIndividual@2144538700{753425794},3C_20_80-02.txt,35.738,0.250,8.935,0,0.000,0.00,0.000,0.000,0.000
83,ec.gp.GPIndividual@2144538700{753425794},3C_20_80-03.txt,169.439,0.250,42.360,0,0.000,0.00,0.000,0.000,0.000
83,ec.gp.GPIndividual@1031136451{420721529},3C_20_50-02.txt,61.404,0.250,15.351,4,15.609,101.68,3.902,12.734,0.281
83,ec.gp.GPIndividual@1031136451{420721529},3C_20_80-01.txt,4.194,0.250,1.049,2,0.719,68.54,0.359,12.734,0.281
83,ec.gp.GPIndividual@1031136451{420721529},3C_20_50-03.txt,30.993,0.250,7.748,3,5.500,70.98,1.833,12.734,0.281
83,ec.gp.GPIndividual@1031136451{420721529},3C_20_80-03.txt,169.439,0.250,42.360,1,10.906,25.75,10.906,12.734,0.281
83,ec.gp.GPIndividual@1031136451{420721529},3C_20_66-03.txt,118.340,0.250,29.585,8,29.859,100.93,3.732,12.734,0.281
83,ec.gp.GPIndividual@1031136451{420721529},3C_20_66-01.txt,7.322,0.250,1.831,3,2.516,137.42,0.839,12.734,0.281
83,ec.gp.GPIndividual@1031136451{420721529},3C_20_80-02.txt,35.738,0.250,8.935,2,2.047,22.91,1.023,12.734,0.281
83,ec.gp.GPIndividual@1031136451{420721529},3C_20_80-01.txt,4.194,0.250,1.049,2,1.234,117.71,0.617,12.734,0.281
83,ec.gp.GPIndividual@1031136451{420721529},3C_20_66-02.txt,154.245,0.250,38.561,8,17.688,45.87,2.211,12.734,0.281
83,ec.gp.GPIndividual@1031136451{420721529},3C_20_80-01.txt,4.194,0.250,1.049,2,1.156,110.26,0.578,12.734,0.125
83,ec.gp.GPIndividual@1031136451{420721529},3C_20_80-03.txt,169.439,0.250,42.360,5,7.313,17.26,1.463,12.734,0.125
83,ec.gp.GPIndividual@1638599303{-966261373},3C_20_50-02.txt,61.404,0.250,15.351,9,16.516,107.59,1.835,4.734,0.234
83,ec.gp.GPIndividual@1638599303{-966261373},3C_20_80-02.txt,35.738,0.250,8.935,7,9.797,109.65,1.400,4.734,0.234
83,ec.gp.GPIndividual@1638599303{-966261373},3C_20_66-03.txt,118.340,0.250,29.585,2,2.516,8.50,1.258,4.734,0.109
83,ec.gp.GPIndividual@1638599303{-966261373},3C_20_80-03.txt,169.439,0.250,42.360,5,31.594,74.58,6.319,16.203,0.109
83,ec.gp.GPIndividual@1638599303{-966261373},3C_20_80-02.txt,35.738,0.250,8.935,3,13.531,151.45,4.510,16.203,0.109
83,ec.gp.GPIndividual@1638599303{-966261373},3C_20_50-03.txt,30.993,0.250,7.748,5,8.141,105.07,1.628,16.203,0.109
83,ec.gp.GPIndividual@1638599303{-966261373},3C_20_66-01.txt,7.322,0.250,1.831,1,0.281,15.36,0.281,16.203,0.109
83,ec.gp.GPIndividual@1638599303{-966261373},3C_20_80-03.txt,169.439,0.250,42.360,2,16.828,39.73,8.414,16.203,0.109
83,ec.gp.GPIndividual@473944086{1192120379},3C_20_50-02.txt,61.404,0.250,15.351,5,15.641,101.89,3.128,12.047,0.438
83,ec.gp.GPIndividual@473944086{1192120379},3C_20_66-02.txt,154.245,0.250,38.561,1,0.438,1.13,0.438,12.047,0.438
83,ec.gp.GPIndividual@1515023400{-1330669498},3C_20_50-02.txt,61.404,0.250,15.351,4,17.188,111.96,4.297,10.859,0.266
83,ec.gp.GPIndividual@1782007521{-1549865468},3C_20_50-02.txt,61.404,0.250,15.351,2,0.797,5.19,0.398,0.469,0.328
83,ec.gp.GPIndividual@1782007521{-1549865468},3C_20_50-03.txt,30.993,0.250,7.748,6,6.969,89.94,1.161,2.422,0.328
83,ec.gp.GPIndividual@1782007521{-1549865468},3C_20_66-01.txt,7.322,0.250,1.831,2,1.406,76.82,0.703,2.422,0.328
83,ec.gp.GPIndividual@1782007521{-1549865468},3C_20_66-02.txt,154.245,0.250,38.561,1,0.469,1.22,0.469,2.422,0.328
83,ec.gp.GPIndividual@1782007521{-1549865468},3C_20_80-03.txt,169.439,0.250,42.360,2,3.203,7.56,1.602,2.422,0.328
83,ec.gp.GPIndividual@1782007521{-1549865468},3C_20_66-03.txt,118.340,0.250,29.585,5,11.234,37.97,2.247,3.469,0.328
83,ec.gp.GPIndividual@1782007521{-1549865468},3C_20_80-01.txt,4.194,0.250,1.049,1,0.453,43.21,0.453,3.469,0.328
83,ec.gp.GPIndividual@1782007521{-1549865468},3C_20_80-02.txt,35.738,0.250,8.935,2,2.219,24.83,1.109,3.469,0.328
83,ec.gp.GPIndividual@1782007521{-1549865468},3C_20_80-03.txt,169.439,0.250,42.360,1,15.109,35.67,15.109,15.109,0.328
83,ec.gp.GPIndividual@1782007521{-1549865468},3C_20_66-03.txt,118.340,0.250,29.585,2,6.797,22.97,3.398,15.109,0.328
83,ec.gp.GPIndividual@1678465407{-461105848},3C_20_50-02.txt,61.404,0.250,15.351,1,0.000,0.00,0.000,0.000,0.000
83,ec.gp.GPIndividual@1678465407{-461105848},3C_20_50-03.txt,30.993,0.250,7.748,1,0.000,0.00,0.000,0.000,0.000
83,ec.gp.GPIndividual@1678465407{-461105848},3C_20_66-01.txt,7.322,0.250,1.831,1,0.000,0.00,0.000,0.000,0.000
83,ec.gp.GPIndividual@1678465407{-461105848},3C_20_66-02.txt,154.245,0.250,38.561,1,0.000,0.00,0.000,0.000,0.000
83,ec.gp.GPIndividual@1678465407{-461105848},3C_20_66-03.txt,118.340,0.250,29.585,1,0.000,0.00,0.000,0.000,0.000
83,ec.gp.GPIndividual@1678465407{-461105848},3C_20_80-01.txt,4.194,0.250,1.049,1,0.000,0.00,0.000,0.000,0.000
83,ec.gp.GPIndividual@1678465407{-461105848},3C_20_80-02.txt,35.738,0.250,8.935,1,0.000,0.00,0.000,0.000,0.000
83,ec.gp.GPIndividual@1678465407{-461105848},3C_20_80-03.txt,169.439,0.250,42.360,1,0.000,0.00,0.000,0.000,0.000
83,ec.gp.GPIndividual@1817074199{489414793},3C_20_50-02.txt,61.404,0.250,15.351,4,1.781,11.60,0.445,1.109,0.219
83,ec.gp.GPIndividual@1817074199{489414793},3C_20_50-03.txt,30.993,0.250,7.748,2,12.922,166.77,6.461,9.375,0.219
83,ec.gp.GPIndividual@1002544024{1810654850},3C_20_50-02.txt,61.404,0.250,15.351,0,0.000,0.00,0.000,0.000,0.000
83,ec.gp.GPIndividual@1002544024{1810654850},3C_20_50-03.txt,30.993,0.250,7.748,0,0.000,0.00,0.000,0.000,0.000
83,ec.gp.GPIndividual@1002544024{1810654850},3C_20_66-01.txt,7.322,0.250,1.831,0,0.000,0.00,0.000,0.000,0.000
83,ec.gp.GPIndividual@1002544024{1810654850},3C_20_66-02.txt,154.245,0.250,38.561,0,0.000,0.00,0.000,0.000,0.000
83,ec.gp.GPIndividual@1002544024{1810654850},3C_20_66-03.txt,118.340,0.250,29.585,0,0.000,0.00,0.000,0.000,0.000
83,ec.gp.GPIndividual@1002544024{1810654850},3C_20_80-01.txt,4.194,0.250,1.049,0,0.000,0.00,0.000,0.000,0.000
83,ec.gp.GPIndividual@1002544024{1810654850},3C_20_80-02.txt,35.738,0.250,8.935,0,0.000,0.00,0.000,0.000,0.000
83,ec.gp.GPIndividual@1002544024{1810654850},3C_20_80-03.txt,169.439,0.250,42.360,0,0.000,0.00,0.000,0.000,0.000
83,ec.gp.GPIndividual@605364002{-1914246827},3C_20_50-02.txt,61.404,0.250,15.351,9,17.344,112.98,1.927,4.031,0.234
83,ec.gp.GPIndividual@605364002{-1914246827},3C_20_66-01.txt,7.322,0.250,1.831,1,1.969,107.55,1.969,4.031,0.234
83,ec.gp.GPIndividual@605364002{-1914246827},3C_20_50-03.txt,30.993,0.250,7.748,2,11.438,147.62,5.719,10.594,0.234
83,ec.gp.GPIndividual@605364002{-1914246827},3C_20_80-02.txt,35.738,0.250,8.935,8,10.047,112.45,1.256,10.594,0.234
83,ec.gp.GPIndividual@605364002{-1914246827},3C_20_80-01.txt,4.194,0.250,1.049,4,1.438,137.08,0.359,10.594,0.109
83,ec.gp.GPIndividual@605364002{-1914246827},3C_20_80-02.txt,35.738,0.250,8.935,1,0.094,1.05,0.094,10.594,0.094
83,ec.gp.GPIndividual@605364002{-1914246827},3C_20_80-03.txt,169.439,0.250,42.360,1,0.734,1.73,0.734,10.594,0.094
83,ec.gp.GPIndividual@605364002{-1914246827},3C_20_66-02.txt,154.245,0.250,38.561,1,1.266,3.28,1.266,10.594,0.094
83,ec.gp.GPIndividual@605364002{-1914246827},3C_20_66-01.txt,7.322,0.250,1.831,4,1.875,102.43,0.469,10.594,0.094
83,ec.gp.GPIndividual@605364002{-1914246827},3C_20_80-03.txt,169.439,0.250,42.360,1,0.594,1.40,0.594,10.594,0.094
83,ec.gp.GPIndividual@605364002{-1914246827},3C_20_66-02.txt,154.245,0.250,38.561,15,44.906,116.45,2.994,10.594,0.094
83,ec.gp.GPIndividual@605364002{-1914246827},3C_20_66-03.txt,118.340,0.250,29.585,4,22.125,74.78,5.531,12.313,0.094
83,ec.gp.GPIndividual@605364002{-1914246827},3C_20_66-03.txt,118.340,0.250,29.585,6,26.766,90.47,4.461,12.313,0.094
83,ec.gp.GPIndividual@1984571578{503901249},3C_20_50-02.txt,61.404,0.250,15.351,2,3.688,24.02,1.844,3.453,0.234
83,ec.gp.GPIndividual@1984571578{503901249},3C_20_80-01.txt,4.194,0.250,1.049,3,1.766,168.38,0.589,3.453,0.234
83,ec.gp.GPIndividual@1984571578{503901249},3C_20_50-03.txt,30.993,0.250,7.748,3,9.297,119.99,3.099,8.500,0.203
83,ec.gp.GPIndividual@2052249608{2100498281},3C_20_50-02.txt,61.404,0.250,15.351,3,12.125,78.98,4.042,11.063,0.234
83,ec.gp.GPIndividual@2052249608{2100498281},3C_20_80-01.txt,4.194,0.250,1.049,2,1.750,166.89,0.875,11.063,0.234
83,ec.gp.GPIndividual@2052249608{2100498281},3C_20_50-03.txt,30.993,0.250,7.748,2,2.750,35.49,1.375,11.063,0.203
83,ec.gp.GPIndividual@2052249608{2100498281},3C_20_80-02.txt,35.738,0.250,8.935,8,8.594,96.19,1.074,11.063,0.203
83,ec.gp.GPIndividual@2052249608{2100498281},3C_20_66-01.txt,7.322,0.250,1.831,3,1.953,106.70,0.651,11.063,0.203
83,ec.gp.GPIndividual@2052249608{2100498281},3C_20_80-03.txt,169.439,0.250,42.360,1,0.219,0.52,0.219,11.063,0.203
83,ec.gp.GPIndividual@2052249608{2100498281},3C_20_66-02.txt,154.245,0.250,38.561,14,43.078,111.71,3.077,11.063,0.203
83,ec.gp.GPIndividual@2052249608{2100498281},3C_20_80-02.txt,35.738,0.250,8.935,1,10.828,121.19,10.828,11.063,0.203
83,ec.gp.GPIndividual@1787069299{1980416254},3C_20_50-02.txt,61.404,0.250,15.351,3,15.484,100.87,5.161,14.609,0.141
83,ec.gp.GPIndividual@1787069299{1980416254},3C_20_66-01.txt,7.322,0.250,1.831,3,1.906,104.14,0.635,14.609,0.141
83,ec.gp.GPIndividual@1787069299{1980416254},3C_20_50-03.txt,30.993,0.250,7.748,9,8.109,104.66,0.901,14.609,0.141
83,ec.gp.GPIndividual@1787069299{1980416254},3C_20_66-01.txt,7.322,0.250,1.831,2,1.438,78.53,0.719,14.609,0.063
83,ec.gp.GPIndividual@1787069299{1980416254},3C_20_80-01.txt,4.194,0.250,1.049,3,1.188,113.24,0.396,14.609,0.063
83,ec.gp.GPIndividual@1787069299{1980416254},3C_20_80-02.txt,35.738,0.250,8.935,12,9.063,101.43,0.755,14.609,0.063
83,ec.gp.GPIndividual@1787069299{1980416254},3C_20_66-02.txt,154.245,0.250,38.561,8,20.563,53.32,2.570,14.609,0.063
83,ec.gp.GPIndividual@1787069299{1980416254},3C_20_66-02.txt,154.245,0.250,38.561,1,15.219,39.47,15.219,15.219,0.063
83,ec.gp.GPIndividual@1787069299{1980416254},3C_20_80-03.txt,169.439,0.250,42.360,11,48.297,114.02,4.391,15.219,0.063
83,ec.gp.GPIndividual@1787069299{1980416254},3C_20_66-03.txt,118.340,0.250,29.585,6,29.203,98.71,4.867,15.219,0.063
83,ec.gp.GPIndividual@423917466{1932013902},3C_20_50-02.txt,61.404,0.250,15.351,7,14.734,95.98,2.105,8.750,0.156
83,ec.gp.GPIndividual@423917466{1932013902},3C_20_80-01.txt,4.194,0.250,1.049,1,4.563,435.10,4.563,8.750,0.156
83,ec.gp.GPIndividual@423917466{1932013902},3C_20_66-03.txt,118.340,0.250,29.585,11,22.328,75.47,2.030,11.188,0.156
83,ec.gp.GPIndividual@423917466{1932013902},3C_20_50-03.txt,30.993,0.250,7.748,1,8.172,105.47,8.172,11.188,0.156
83,ec.gp.GPIndividual@423917466{1932013902},3C_20_80-01.txt,4.194,0.250,1.049,2,7.891,752.48,3.945,11.188,0.156
83,ec.gp.GPIndividual@423917466{1932013902},3C_20_80-02.txt,35.738,0.250,8.935,10,10.109,113.15,1.011,11.188,0.156
83,ec.gp.GPIndividual@423917466{1932013902},3C_20_66-01.txt,7.322,0.250,1.831,6,2.078,113.52,0.346,11.188,0.078
83,ec.gp.GPIndividual@423917466{1932013902},3C_20_80-02.txt,35.738,0.250,8.935,1,0.063,0.70,0.063,11.188,0.063
83,ec.gp.GPIndividual@423917466{1932013902},3C_20_66-02.txt,154.245,0.250,38.561,14,47.891,124.19,3.421,15.297,0.063
83,ec.gp.GPIndividual@423917466{1932013902},3C_20_66-03.txt,118.340,0.250,29.585,6,30.297,102.41,5.049,15.297,0.063
83,ec.gp.GPIndividual@423917466{1932013902},3C_20_80-03.txt,169.439,0.250,42.360,6,49.859,117.70,8.310,15.297,0.063
83,ec.gp.GPIndividual@423917466{1932013902},3C_20_80-03.txt,169.439,0.250,42.360,6,53.656,126.67,8.943,16.266,0.063
83,ec.gp.GPIndividual@1600999983{-1552174558},3C_20_50-02.txt,61.404,0.250,15.351,3,2.531,16.49,0.844,1.625,0.172
83,ec.gp.GPIndividual@1528405543{-545301549},3C_20_50-02.txt,61.404,0.250,15.351,0,0.000,0.00,0.000,0.000,0.000
83,ec.gp.GPIndividual@1528405543{-545301549},3C_20_50-03.txt,30.993,0.250,7.748,0,0.000,0.00,0.000,0.000,0.000
83,ec.gp.GPIndividual@1528405543{-545301549},3C_20_66-01.txt,7.322,0.250,1.831,0,0.000,0.00,0.000,0.000,0.000
83,ec.gp.GPIndividual@1528405543{-545301549},3C_20_66-02.txt,154.245,0.250,38.561,0,0.000,0.00,0.000,0.000,0.000
83,ec.gp.GPIndividual@1528405543{-545301549},3C_20_66-03.txt,118.340,0.250,29.585,0,0.000,0.00,0.000,0.000,0.000
83,ec.gp.GPIndividual@1528405543{-545301549},3C_20_80-01.txt,4.194,0.250,1.049,0,0.000,0.00,0.000,0.000,0.000
83,ec.gp.GPIndividual@1528405543{-545301549},3C_20_80-02.txt,35.738,0.250,8.935,0,0.000,0.00,0.000,0.000,0.000
83,ec.gp.GPIndividual@1528405543{-545301549},3C_20_80-03.txt,169.439,0.250,42.360,0,0.000,0.00,0.000,0.000,0.000
83,ec.gp.GPIndividual@1062339907{1822642832},3C_20_50-02.txt,61.404,0.250,15.351,3,0.344,2.24,0.115,0.234,0.047
83,ec.gp.GPIndividual@1062339907{1822642832},3C_20_50-03.txt,30.993,0.250,7.748,2,1.531,19.76,0.766,0.984,0.047
83,ec.gp.GPIndividual@1062339907{1822642832},3C_20_66-01.txt,7.322,0.250,1.831,1,0.125,6.83,0.125,0.984,0.047
83,ec.gp.GPIndividual@1062339907{1822642832},3C_20_66-02.txt,154.245,0.250,38.561,2,0.516,1.34,0.258,0.984,0.047
83,ec.gp.GPIndividual@1062339907{1822642832},3C_20_66-03.txt,118.340,0.250,29.585,1,0.891,3.01,0.891,0.984,0.047
83,ec.gp.GPIndividual@1062339907{1822642832},3C_20_80-01.txt,4.194,0.250,1.049,1,0.172,16.39,0.172,0.984,0.047
83,ec.gp.GPIndividual@1062339907{1822642832},3C_20_80-02.txt,35.738,0.250,8.935,1,0.281,3.15,0.281,0.984,0.047
83,ec.gp.GPIndividual@1062339907{1822642832},3C_20_80-03.txt,169.439,0.250,42.360,1,0.781,1.84,0.781,0.984,0.047
84,ec.gp.GPIndividual@2123360417{1543585087},3C_20_50-02.txt,61.404,0.250,15.351,5,1.875,12.21,0.375,0.375,0.375
84,ec.gp.GPIndividual@2123360417{1543585087},3C_20_50-03.txt,30.993,0.250,7.748,1,0.375,4.84,0.375,0.375,0.375
84,ec.gp.GPIndividual@2123360417{1543585087},3C_20_50-03.txt,30.993,0.250,7.748,7,7.844,101.23,1.121,1.844,0.156
84,ec.gp.GPIndividual@2123360417{1543585087},3C_20_50-03.txt,30.993,0.250,7.748,1,0.172,2.22,0.172,1.844,0.156
84,ec.gp.GPIndividual@2123360417{1543585087},3C_20_50-03.txt,30.993,0.250,7.748,1,3.203,41.34,3.203,3.203,0.156
84,ec.gp.GPIndividual@2123360417{1543585087},3C_20_66-01.txt,7.322,0.250,1.831,1,3.203,174.98,3.203,3.203,0.156
84,ec.gp.GPIndividual@2123360417{1543585087},3C_20_66-01.txt,7.322,0.250,1.831,1,1.859,101.57,1.859,3.203,0.156
84,ec.gp.GPIndividual@2123360417{1543585087},3C_20_50-03.txt,30.993,0.250,7.748,2,3.047,39.32,1.523,3.203,0.156
84,ec.gp.GPIndividual@2123360417{1543585087},3C_20_66-02.txt,154.245,0.250,38.561,1,0.844,2.19,0.844,3.203,0.156
84,ec.gp.GPIndividual@2123360417{1543585087},3C_20_66-02.txt,154.245,0.250,38.561,4,11.172,28.97,2.793,3.203,0.156
84,ec.gp.GPIndividual@2123360417{1543585087},3C_20_66-03.txt,118.340,0.250,29.585,1,2.516,8.50,2.516,3.203,0.156
84,ec.gp.GPIndividual@2123360417{1543585087},3C_20_66-03.txt,118.340,0.250,29.585,6,25.938,87.67,4.323,6.391,0.156
84,ec.gp.GPIndividual@2123360417{1543585087},3C_20_80-01.txt,4.194,0.250,1.049,1,6.469,616.88,6.469,6.469,0.156
84,ec.gp.GPIndividual@2123360417{1543585087},3C_20_80-01.txt,4.194,0.250,1.049,1,0.516,49.17,0.516,6.469,0.156
84,ec.gp.GPIndividual@2123360417{1543585087},3C_20_80-02.txt,35.738,0.250,8.935,1,0.594,6.65,0.594,6.469,0.156
84,ec.gp.GPIndividual@2123360417{1543585087},3C_20_80-02.txt,35.738,0.250,8.935,2,6.250,69.95,3.125,6.469,0.156
84,ec.gp.GPIndividual@2123360417{1543585087},3C_20_80-03.txt,169.439,0.250,42.360,1,2.344,5.53,2.344,6.469,0.156
84,ec.gp.GPIndividual@2123360417{1543585087},3C_20_80-03.txt,169.439,0.250,42.360,3,15.422,36.41,5.141,7.281,0.156
84,ec.gp.GPIndividual@2123360417{1543585087},3C_20_66-01.txt,7.322,0.250,1.831,2,10.375,566.77,5.188,9.469,0.156
84,ec.gp.GPIndividual@2123360417{1543585087},3C_20_50-03.txt,30.993,0.250,7.748,3,7.266,93.77,2.422,9.469,0.156
84,ec.gp.GPIndividual@1129061934{1728551007},3C_20_50-02.txt,61.404,0.250,15.351,2,4.781,31.15,2.391,3.125,1.656
84,ec.gp.GPIndividual@1129061934{1728551007},3C_20_66-02.txt,154.245,0.250,38.561,1,5.938,15.40,5.938,5.938,1.656
84,ec.gp.GPIndividual@557594764{1302561535},3C_20_50-02.txt,61.404,0.250,15.351,7,16.750,109.11,2.393,8.719,0.453
84,ec.gp.GPIndividual@557594764{1302561535},3C_20_66-01.txt,7.322,0.250,1.831,1,0.313,17.07,0.313,8.719,0.313
84,ec.gp.GPIndividual@557594764{1302561535},3C_20_50-03.txt,30.993,0.250,7.748,4,15.219,196.42,3.805,8.813,0.313
84,ec.gp.GPIndividual@557594764{1302561535},3C_20_66-01.txt,7.322,0.250,1.831,2,3.016,164.74,1.508,8.813,0.313
84,ec.gp.GPIndividual@557594764{1302561535},3C_20_50-03.txt,30.993,0.250,7.748,7,9.859,127.25,1.408,8.813,0.313
84,ec.gp.GPIndividual@557594764{1302561535},3C_20_66-02.txt,154.245,0.250,38.561,1,1.547,4.01,1.547,8.813,0.313
84,ec.gp.GPIndividual@557594764{1302561535},3C_20_66-03.txt,118.340,0.250,29.585,12,30.734,103.89,2.561,8.813,0.313
84,ec.gp.GPIndividual@557594764{1302561535},3C_20_80-01.txt,4.194,0.250,1.049,2,2.156,205.63,1.078,8.813,0.313
84,ec.gp.GPIndividual@557594764{1302561535},3C_20_66-03.txt,118.340,0.250,29.585,2,7.484,25.30,3.742,8.813,0.313
84,ec.gp.GPIndividual@557594764{1302561535},3C_20_66-01.txt,7.322,0.250,1.831,1,2.094,114.38,2.094,8.813,0.313
84,ec.gp.GPIndividual@557594764{1302561535},3C_20_66-01.txt,7.322,0.250,1.831,2,2.109,115.23,1.055,8.813,0.313
84,ec.gp.GPIndividual@557594764{1302561535},3C_20_80-02.txt,35.738,0.250,8.935,4,10.766,120.49,2.691,8.813,0.313
84,ec.gp.GPIndividual@557594764{1302561535},3C_20_66-02.txt,154.245,0.250,38.561,3,3.000,7.78,1.000,8.813,0.313
84,ec.gp.GPIndividual@557594764{1302561535},3C_20_66-01.txt,7.322,0.250,1.831,1,2.250,122.91,2.250,8.813,0.313
84,ec.gp.GPIndividual@557594764{1302561535},3C_20_80-03.txt,169.439,0.250,42.360,11,20.109,47.47,1.828,8.813,0.313
84,ec.gp.GPIndividual@557594764{1302561535},3C_20_66-02.txt,154.245,0.250,38.561,14,34.859,90.40,2.490,8.813,0.313
84,ec.gp.GPIndividual@557594764{1302561535},3C_20_66-02.txt,154.245,0.250,38.561,4,22.688,58.84,5.672,8.813,0.313
84,ec.gp.GPIndividual@557594764{1302561535},3C_20_66-03.txt,118.340,0.250,29.585,1,10.938,36.97,10.938,10.938,0.313
84,ec.gp.GPIndividual@557594764{1302561535},3C_20_80-01.txt,4.194,0.250,1.049,2,14.734,1405.12,7.367,14.234,0.313
84,ec.gp.GPIndividual@557594764{1302561535},3C_20_66-02.txt,154.245,0.250,38.561,19,41.438,107.46,2.181,14.234,0.172
84,ec.gp.GPIndividual@1624456492{-459223776},3C_20_50-02.txt,61.404,0.250,15.351,5,15.500,100.97,3.100,12.781,0.156
84,ec.gp.GPIndividual@1624456492{-459223776},3C_20_66-03.txt,118.340,0.250,29.585,1,1.031,3.49,1.031,12.781,0.156
84,ec.gp.GPIndividual@1624456492{-459223776},3C_20_66-03.txt,118.340,0.250,29.585,5,3.906,13.20,0.781,12.781,0.156
84,ec.gp.GPIndividual@1624456492{-459223776},3C_20_50-03.txt,30.993,0.250,7.748,1,10.563,136.32,10.563,12.781,0.156
84,ec.gp.GPIndividual@1624456492{-459223776},3C_20_80-02.txt,35.738,0.250,8.935,1,9.813,109.83,9.813,12.781,0.156
84,ec.gp.GPIndividual@1624456492{-459223776},3C_20_66-03.txt,118.340,0.250,29.585,1,6.188,20.91,6.188,12.781,0.156
84,ec.gp.GPIndividual@1624456492{-459223776},3C_20_80-01.txt,4.194,0.250,1.049,3,6.938,661.58,2.313,12.781,0.156
84,ec.gp.GPIndividual@1624456492{-459223776},3C_20_80-01.txt,4.194,0.250,1.049,2,2.141,204.14,1.070,12.781,0.094
84,ec.gp.GPIndividual@1624456492{-459223776},3C_20_80-03.txt,169.439,0.250,42.360,2,6.688,15.79,3.344,12.781,0.094
84,ec.gp.GPIndividual@1624456492{-459223776},3C_20_80-02.txt,35.738,0.250,8.935,6,9.031,101.08,1.505,12.781,0.094
84,ec.gp.GPIndividual@1624456492{-459223776},3C_20_66-01.txt,7.322,0.250,1.831,3,1.953,106.70,0.651,12.781,0.094
84,ec.gp.GPIndividual@1624456492{-459223776},3C_20_80-02.txt,35.738,0.250,8.935,4,10.969,122.77,2.742,12.781,0.094
84,ec.gp.GPIndividual@1624456492{-459223776},3C_20_80-01.txt,4.194,0.250,1.049,3,2.219,211.59,0.740,12.781,0.094
84,ec.gp.GPIndividual@1624456492{-459223776},3C_20_80-03.txt,169.439,0.250,42.360,20,45.188,106.68,2.259,12.781,0.094
84,ec.gp.GPIndividual@786409951{1810654850},3C_20_50-02.txt,61.404,0.250,15.351,0,0.000,0.00,0.000,0.000,0.000
84,ec.gp.GPIndividual@786409951{1810654850},3C_20_50-03.txt,30.993,0.250,7.748,0,0.000,0.00,0.000,0.000,0.000
84,ec.gp.GPIndividual@786409951{1810654850},3C_20_66-01.txt,7.322,0.250,1.831,0,0.000,0.00,0.000,0.000,0.000
84,ec.gp.GPIndividual@786409951{1810654850},3C_20_66-02.txt,154.245,0.250,38.561,0,0.000,0.00,0.000,0.000,0.000
84,ec.gp.GPIndividual@786409951{1810654850},3C_20_66-03.txt,118.340,0.250,29.585,0,0.000,0.00,0.000,0.000,0.000
84,ec.gp.GPIndividual@786409951{1810654850},3C_20_80-01.txt,4.194,0.250,1.049,0,0.000,0.00,0.000,0.000,0.000
84,ec.gp.GPIndividual@786409951{1810654850},3C_20_80-02.txt,35.738,0.250,8.935,0,0.000,0.00,0.000,0.000,0.000
84,ec.gp.GPIndividual@786409951{1810654850},3C_20_80-03.txt,169.439,0.250,42.360,0,0.000,0.00,0.000,0.000,0.000
84,ec.gp.GPIndividual@270650842{1156879494},3C_20_50-02.txt,61.404,0.250,15.351,2,1.906,12.42,0.953,1.406,0.500
84,ec.gp.GPIndividual@270650842{1156879494},3C_20_80-02.txt,35.738,0.250,8.935,2,10.578,118.40,5.289,9.766,0.500
84,ec.gp.GPIndividual@270650842{1156879494},3C_20_66-02.txt,154.245,0.250,38.561,2,14.422,37.40,7.211,12.625,0.500
84,ec.gp.GPIndividual@984706503{2004672269},3C_20_50-02.txt,61.404,0.250,15.351,8,29.266,190.64,3.658,15.703,0.297
84,ec.gp.GPIndividual@984706503{2004672269},3C_20_80-01.txt,4.194,0.250,1.049,2,1.672,159.44,0.836,15.703,0.297
84,ec.gp.GPIndividual@984706503{2004672269},3C_20_80-03.txt,169.439,0.250,42.360,1,0.313,0.74,0.313,15.703,0.297
84,ec.gp.GPIndividual@984706503{2004672269},3C_20_50-03.txt,30.993,0.250,7.748,6,8.844,114.14,1.474,15.703,0.297
84,ec.gp.GPIndividual@984706503{2004672269},3C_20_80-03.txt,169.439,0.250,42.360,2,3.234,7.64,1.617,15.703,0.297
84,ec.gp.GPIndividual@984706503{2004672269},3C_20_66-03.txt,118.340,0.250,29.585,10,30.141,101.88,3.014,15.703,0.172
84,ec.gp.GPIndividual@343272110{-1496263509},3C_20_50-02.txt,61.404,0.250,15.351,9,15.375,100.16,1.708,6.141,0.156
84,ec.gp.GPIndividual@343272110{-1496263509},3C_20_80-02.txt,35.738,0.250,8.935,1,0.500,5.60,0.500,6.141,0.156
84,ec.gp.GPIndividual@343272110{-1496263509},3C_20_50-03.txt,30.993,0.250,7.748,1,6.406,82.68,6.406,6.406,0.156
84,ec.gp.GPIndividual@576940506{-1646345998},3C_20_50-02.txt,61.404,0.250,15.351,1,3.719,24.22,3.719,3.719,3.719
84,ec.gp.GPIndividual@576940506{-1646345998},3C_20_80-01.txt,4.194,0.250,1.049,4,3.656,348.67,0.914,3.719,0.344
84,ec.gp.GPIndividual@576940506{-1646345998},3C_20_66-01.txt,7.322,0.250,1.831,3,1.656,90.48,0.552,3.719,0.141
84,ec.gp.GPIndividual@576940506{-1646345998},3C_20_50-03.txt,30.993,0.250,7.748,4,11.734,151.45,2.934,8.766,0.109
84,ec.gp.GPIndividual@576940506{-1646345998},3C_20_50-03.txt,30.993,0.250,7.748,6,7.516,97.00,1.253,8.766,0.109
84,ec.gp.GPIndividual@576940506{-1646345998},3C_20_80-02.txt,35.738,0.250,8.935,1,0.859,9.62,0.859,8.766,0.109
84,ec.gp.GPIndividual@576940506{-1646345998},3C_20_66-02.txt,154.245,0.250,38.561,18,39.656,102.84,2.203,8.766,0.109
84,ec.gp.GPIndividual@576940506{-1646345998},3C_20_80-03.txt,169.439,0.250,42.360,1,0.344,0.81,0.344,8.766,0.109
84,ec.gp.GPIndividual@576940506{-1646345998},3C_20_66-01.txt,7.322,0.250,1.831,2,1.875,102.43,0.938,8.766,0.109
84,ec.gp.GPIndividual@576940506{-1646345998},3C_20_66-03.txt,118.340,0.250,29.585,10,30.734,103.89,3.073,8.766,0.109
84,ec.gp.GPIndividual@576940506{-1646345998},3C_20_80-01.txt,4.194,0.250,1.049,3,1.063,101.32,0.354,8.766,0.109
84,ec.gp.GPIndividual@576940506{-1646345998},3C_20_80-02.txt,35.738,0.250,8.935,1,2.313,25.88,2.313,8.766,0.109
84,ec.gp.GPIndividual@780318046{-1097032074},3C_20_50-02.txt,61.404,0.250,15.351,3,13.906,90.59,4.635,7.438,0.516
84,ec.gp.GPIndividual@780318046{-1097032074},3C_20_66-01.txt,7.322,0.250,1.831,1,2.125,116.09,2.125,7.438,0.516
84,ec.gp.GPIndividual@780318046{-1097032074},3C_20_80-03.txt,169.439,0.250,42.360,5,8.266,19.51,1.653,7.438,0.344
84,ec.gp.GPIndividual@780318046{-1097032074},3C_20_50-03.txt,30.993,0.250,7.748,1,10.766,138.94,10.766,10.766,0.344
84,ec.gp.GPIndividual@780318046{-1097032074},3C_20_80-03.txt,169.439,0.250,42.360,12,45.703,107.89,3.809,10.766,0.344
84,ec.gp.GPIndividual@780318046{-1097032074},3C_20_66-01.txt,7.322,0.250,1.831,2,15.016,820.28,7.508,14.109,0.344
84,ec.gp.GPIndividual@780318046{-1097032074},3C_20_66-02.txt,154.245,0.250,38.561,2,7.672,19.90,3.836,14.109,0.344
84,ec.gp.GPIndividual@780318046{-1097032074},3C_20_66-01.txt,7.322,0.250,1.831,3,2.156,117.79,0.719,14.109,0.344
84,ec.gp.GPIndividual@780318046{-1097032074},3C_20_66-02.txt,154.245,0.250,38.561,2,10.188,26.42,5.094,14.109,0.344
84,ec.gp.GPIndividual@780318046{-1097032074},3C_20_66-02.txt,154.245,0.250,38.561,1,10.344,26.82,10.344,14.109,0.344
84,ec.gp.GPIndividual@1528500002{-1699309386},3C_20_50-02.txt,61.404,0.250,15.351,9,14.563,94.86,1.618,2.641,0.531
84,ec.gp.GPIndividual@1528500002{-1699309386},3C_20_66-02.txt,154.245,0.250,38.561,16,22.781,59.08,1.424,2.641,0.469
84,ec.gp.GPIndividual@1528500002{-1699309386},3C_20_50-03.txt,30.993,0.250,7.748,4,5.625,72.60,1.406,2.641,0.469
84,ec.gp.GPIndividual@1528500002{-1699309386},3C_20_66-03.txt,118.340,0.250,29.585,1,2.000,6.76,2.000,2.641,0.469
84,ec.gp.GPIndividual@1528500002{-1699309386},3C_20_66-03.txt,118.340,0.250,29.585,5,31.734,107.27,6.347,12.578,0.469
84,ec.gp.GPIndividual@1528500002{-1699309386},3C_20_66-01.txt,7.322,0.250,1.831,0,0.000,0.00,0.000,12.578,0.469
84,ec.gp.GPIndividual@910249119{-1779401783},3C_20_50-02.txt,61.404,0.250,15.351,6,15.125,98.53,2.521,6.313,0.344
84,ec.gp.GPIndividual@910249119{-1779401783},3C_20_80-01.txt,4.194,0.250,1.049,2,1.563,149.01,0.781,6.313,0.344
84,ec.gp.GPIndividual@910249119{-1779401783},3C_20_66-02.txt,154.245,0.250,38.561,4,6.172,16.01,1.543,6.313,0.328
84,ec.gp.GPIndividual@910249119{-1779401783},3C_20_80-01.txt,4.194,0.250,1.049,2,3.031,289.07,1.516,6.313,0.328
84,ec.gp.GPIndividual@910249119{-1779401783},3C_20_66-03.txt,118.340,0.250,29.585,7,23.172,78.32,3.310,10.891,0.328
84,ec.gp.GPIndividual@910249119{-1779401783},3C_20_66-03.txt,118.340,0.250,29.585,5,16.906,57.14,3.381,10.891,0.328
84,ec.gp.GPIndividual@910249119{-1779401783},3C_20_80-02.txt,35.738,0.250,8.935,2,11.859,132.74,5.930,10.891,0.328
84,ec.gp.GPIndividual@910249119{-1779401783},3C_20_80-01.txt,4.194,0.250,1.049,1,1.453,138.57,1.453,10.891,0.328
84,ec.gp.GPIndividual@910249119{-1779401783},3C_20_66-03.txt,118.340,0.250,29.585,10,33.875,114.50,3.388,10.891,0.328
84,ec.gp.GPIndividual@910249119{-1779401783},3C_20_80-02.txt,35.738,0.250,8.935,3,8.703,97.41,2.901,10.891,0.328
84,ec.gp.GPIndividual@910249119{-1779401783},3C_20_80-03.txt,169.439,0.250,42.360,8,22.703,53.60,2.838,10.891,0.328
84,ec.gp.GPIndividual@910249119{-1779401783},3C_20_80-01.txt,4.194,0.250,1.049,2,4.203,400.82,2.102,10.891,0.328
84,ec.gp.GPIndividual@910249119{-1779401783},3C_20_80-01.txt,4.194,0.250,1.049,1,2.750,262.25,2.750,10.891,0.328
84,ec.gp.GPIndividual@910249119{-1779401783},3C_20_80-02.txt,35.738,0.250,8.935,6,10.188,114.02,1.698,10.891,0.313
84,ec.gp.GPIndividual@972942863{1585270406},3C_20_50-02.txt,61.404,0.250,15.351,5,7.234,47.13,1.447,2.031,0.516
84,ec.gp.GPIndividual@972942863{1585270406},3C_20_80-02.txt,35.738,0.250,8.935,3,4.031,45.12,1.344,2.031,0.516
84,ec.gp.GPIndividual@972942863{1585270406},3C_20_80-02.txt,35.738,0.250,8.935,5,9.547,106.85,1.909,2.484,0.516
84,ec.gp.GPIndividual@972942863{1585270406},3C_20_80-03.txt,169.439,0.250,42.360,1,0.328,0.77,0.328,2.484,0.328
84,ec.gp.GPIndividual@972942863{1585270406},3C_20_50-03.txt,30.993,0.250,7.748,2,5.781,74.61,2.891,4.547,0.328
84,ec.gp.GPIndividual@972942863{1585270406},3C_20_80-03.txt,169.439,0.250,42.360,3,4.219,9.96,1.406,4.547,0.328
84,ec.gp.GPIndividual@972942863{1585270406},3C_20_80-03.txt,169.439,0.250,42.360,8,44.344,104.68,5.543,14.672,0.328
84,ec.gp.GPIndividual@1009595773{167601572},3C_20_50-02.txt,61.404,0.250,15.351,3,5.750,37.46,1.917,3.438,0.516
84,ec.gp.GPIndividual@992124286{609436307},3C_20_50-02.txt,61.404,0.250,15.351,5,19.313,125.81,3.863,9.234,0.344
84,ec.gp.GPIndividual@992124286{609436307},3C_20_50-03.txt,30.993,0.250,7.748,1,8.500,109.70,8.500,9.234,0.344
84,ec.gp.GPIndividual@992124286{609436307},3C_20_80-03.txt,169.439,0.250,42.360,3,10.109,23.87,3.370,9.234,0.344
84,ec.gp.GPIndividual@992124286{609436307},3C_20_66-01.txt,7.322,0.250,1.831,1,2.859,156.20,2.859,9.234,0.344
84,ec.gp.GPIndividual@237089579{-166877500},3C_20_50-02.txt,61.404,0.250,15.351,8,17.469,113.79,2.184,5.922,0.547
84,ec.gp.GPIndividual@1668861941{107298193},3C_20_50-02.txt,61.404,0.250,15.351,9,17.656,115.02,1.962,4.438,0.172
84,ec.gp.GPIndividual@1668861941{107298193},3C_20_50-03.txt,30.993,0.250,7.748,6,7.875,101.64,1.313,4.438,0.156
84,ec.gp.GPIndividual@1668861941{107298193},3C_20_66-02.txt,154.245,0.250,38.561,3,5.156,13.37,1.719,4.438,0.156
84,ec.gp.GPIndividual@1668861941{107298193},3C_20_50-03.txt,30.993,0.250,7.748,3,18.797,242.60,6.266,13.156,0.156
84,ec.gp.GPIndividual@1668861941{107298193},3C_20_50-03.txt,30.993,0.250,7.748,5,8.219,106.07,1.644,13.156,0.156
84,ec.gp.GPIndividual@1668861941{107298193},3C_20_66-03.txt,118.340,0.250,29.585,6,19.156,64.75,3.193,13.156,0.156
84,ec.gp.GPIndividual@1668861941{107298193},3C_20_66-01.txt,7.322,0.250,1.831,2,6.922,378.13,3.461,13.156,0.156
84,ec.gp.GPIndividual@1668861941{107298193},3C_20_80-01.txt,4.194,0.250,1.049,1,4.797,457.45,4.797,13.156,0.156
84,ec.gp.GPIndividual@1668861941{107298193},3C_20_66-01.txt,7.322,0.250,1.831,4,2.000,109.26,0.500,13.156,0.156
84,ec.gp.GPIndividual@1668861941{107298193},3C_20_66-02.txt,154.245,0.250,38.561,3,8.609,22.33,2.870,13.156,0.156
84,ec.gp.GPIndividual@1668861941{107298193},3C_20_66-01.txt,7.322,0.250,1.831,2,2.109,115.23,1.055,13.156,0.156
84,ec.gp.GPIndividual@1668861941{107298193},3C_20_66-02.txt,154.245,0.250,38.561,6,22.625,58.67,3.771,15.281,0.156
84,ec.gp.GPIndividual@1668861941{107298193},3C_20_50-03.txt,30.993,0.250,7.748,3,9.969,128.66,3.323,15.281,0.156
84,ec.gp.GPIndividual@1668861941{107298193},3C_20_66-03.txt,118.340,0.250,29.585,6,8.406,28.41,1.401,15.281,0.141
84,ec.gp.GPIndividual@1668861941{107298193},3C_20_66-03.txt,118.340,0.250,29.585,6,26.375,89.15,4.396,15.281,0.141
84,ec.gp.GPIndividual@1668861941{107298193},3C_20_66-01.txt,7.322,0.250,1.831,2,3.063,167.30,1.531,15.281,0.141
84,ec.gp.GPIndividual@1668861941{107298193},3C_20_80-02.txt,35.738,0.250,8.935,4,15.906,178.03,3.977,15.281,0.141
84,ec.gp.GPIndividual@1668861941{107298193},3C_20_66-02.txt,154.245,0.250,38.561,15,39.938,103.57,2.663,15.281,0.141
84,ec.gp.GPIndividual@1668861941{107298193},3C_20_80-01.txt,4.194,0.250,1.049,1,1.656,157.95,1.656,15.281,0.141
84,ec.gp.GPIndividual@1668861941{107298193},3C_20_66-03.txt,118.340,0.250,29.585,9,40.625,137.32,4.514,15.281,0.141
84,ec.gp.GPIndividual@1668861941{107298193},3C_20_80-01.txt,4.194,0.250,1.049,2,6.703,639.23,3.352,15.281,0.141
84,ec.gp.GPIndividual@1668861941{107298193},3C_20_66-01.txt,7.322,0.250,1.831,4,1.875,102.43,0.469,15.281,0.141
84,ec.gp.GPIndividual@1668861941{107298193},3C_20_80-02.txt,35.738,0.250,8.935,3,4.266,47.74,1.422,15.281,0.141
84,ec.gp.GPIndividual@1668861941{107298193},3C_20_80-01.txt,4.194,0.250,1.049,2,1.531,146.03,0.766,15.281,0.141
84,ec.gp.GPIndividual@1668861941{107298193},3C_20_66-02.txt,154.245,0.250,38.561,15,38.781,100.57,2.585,15.281,0.141
84,ec.gp.GPIndividual@1668861941{107298193},3C_20_66-03.txt,118.340,0.250,29.585,1,1.266,4.28,1.266,15.281,0.141
84,ec.gp.GPIndividual@1668861941{107298193},3C_20_80-02.txt,35.738,0.250,8.935,4,12.953,144.98,3.238,15.281,0.141
84,ec.gp.GPIndividual@1668861941{107298193},3C_20_80-03.txt,169.439,0.250,42.360,5,7.781,18.37,1.556,15.281,0.141
84,ec.gp.GPIndividual@1668861941{107298193},3C_20_80-03.txt,169.439,0.250,42.360,13,42.234,99.70,3.249,15.281,0.141
84,ec.gp.GPIndividual@2014193282{1526697698},3C_20_50-02.txt,61.404,0.250,15.351,5,9.031,58.83,1.806,5.484,0.266
84,ec.gp.GPIndividual@2014193282{1526697698},3C_20_50-03.txt,30.993,0.250,7.748,3,17.094,220.62,5.698,11.391,0.266
84,ec.gp.GPIndividual@2014193282{1526697698},3C_20_80-02.txt,35.738,0.250,8.935,4,20.219,226.30,5.055,14.719,0.266
84,ec.gp.GPIndividual@1268821340{2017343129},3C_20_50-02.txt,61.404,0.250,15.351,10,12.141,79.09,1.214,3.000,0.281
84,ec.gp.GPIndividual@1268821340{2017343129},3C_20_50-03.txt,30.993,0.250,7.748,4,7.219,93.17,1.805,3.344,0.281
84,ec.gp.GPIndividual@1268821340{2017343129},3C_20_66-01.txt,7.322,0.250,1.831,3,1.906,104.14,0.635,3.344,0.141
84,ec.gp.GPIndividual@1268821340{2017343129},3C_20_80-03.txt,169.439,0.250,42.360,1,4.781,11.29,4.781,4.781,0.141
84,ec.gp.GPIndividual@1268821340{2017343129},3C_20_66-02.txt,154.245,0.250,38.561,3,5.594,14.51,1.865,4.781,0.141
84,ec.gp.GPIndividual@1268821340{2017343129},3C_20_66-02.txt,154.245,0.250,38.561,4,5.922,15.36,1.480,4.781,0.141
84,ec.gp.GPIndividual@1268821340{2017343129},3C_20_66-03.txt,118.340,0.250,29.585,6,16.813,56.83,2.802,5.297,0.141
84,ec.gp.GPIndividual@1268821340{2017343129},3C_20_80-01.txt,4.194,0.250,1.049,5,1.156,110.26,0.231,5.297,0.141
84,ec.gp.GPIndividual@1268821340{2017343129},3C_20_80-02.txt,35.738,0.250,8.935,2,9.500,106.33,4.750,7.688,0.141
84,ec.gp.GPIndividual@1268821340{2017343129},3C_20_80-03.txt,169.439,0.250,42.360,1,0.578,1.36,0.578,7.688,0.141
84,ec.gp.GPIndividual@1268821340{2017343129},3C_20_66-01.txt,7.322,0.250,1.831,2,9.078,495.92,4.539,8.297,0.141
84,ec.gp.GPIndividual@1514094791{-1531976262},3C_20_50-02.txt,61.404,0.250,15.351,2,13.453,87.64,6.727,13.188,0.266
84,ec.gp.GPIndividual@1514094791{-1531976262},3C_20_80-02.txt,35.738,0.250,8.935,4,9.953,111.40,2.488,13.188,0.266
84,ec.gp.GPIndividual@1514094791{-1531976262},3C_20_50-03.txt,30.993,0.250,7.748,6,9.688,125.03,1.615,13.188,0.266
84,ec.gp.GPIndividual@1239462673{-378949836},3C_20_50-02.txt,61.404,0.250,15.351,4,5.688,37.05,1.422,3.094,0.406
84,ec.gp.GPIndividual@1239462673{-378949836},3C_20_66-03.txt,118.340,0.250,29.585,8,20.219,68.34,2.527,5.563,0.406
84,ec.gp.GPIndividual@1239462673{-378949836},3C_20_66-02.txt,154.245,0.250,38.561,12,38.734,100.45,3.228,9.063,0.406
84,ec.gp.GPIndividual@1239462673{-378949836},3C_20_66-03.txt,118.340,0.250,29.585,7,34.172,115.50,4.882,11.516,0.375
84,ec.gp.GPIndividual@1239462673{-378949836},3C_20_66-01.txt,7.322,0.250,1.831,2,1.906,104.14,0.953,11.516,0.375
84,ec.gp.GPIndividual@1239462673{-378949836},3C_20_80-01.txt,4.194,0.250,1.049,1,2.188,208.61,2.188,11.516,0.375
84,ec.gp.GPIndividual@1239462673{-378949836},3C_20_80-01.txt,4.194,0.250,1.049,4,1.203,114.73,0.301,11.516,0.109
84,ec.gp.GPIndividual@1239462673{-378949836},3C_20_66-02.txt,154.245,0.250,38.561,6,14.484,37.56,2.414,11.516,0.109
84,ec.gp.GPIndividual@1239462673{-378949836},3C_20_50-03.txt,30.993,0.250,7.748,2,13.063,168.59,6.531,11.719,0.109
84,ec.gp.GPIndividual@1239462673{-378949836},3C_20_80-03.txt,169.439,0.250,42.360,18,44.500,105.05,2.472,11.719,0.109
84,ec.gp.GPIndividual@1239462673{-378949836},3C_20_80-02.txt,35.738,0.250,8.935,3,13.156,147.25,4.385,11.719,0.109
84,ec.gp.GPIndividual@460249401{1096608486},3C_20_50-02.txt,61.404,0.250,15.351,0,0.000,0.00,0.000,0.000,0.000
84,ec.gp.GPIndividual@460249401{1096608486},3C_20_50-03.txt,30.993,0.250,7.748,0,0.000,0.00,0.000,0.000,0.000
84,ec.gp.GPIndividual@460249401{1096608486},3C_20_66-01.txt,7.322,0.250,1.831,0,0.000,0.00,0.000,0.000,0.000
84,ec.gp.GPIndividual@460249401{1096608486},3C_20_66-02.txt,154.245,0.250,38.561,0,0.000,0.00,0.000,0.000,0.000
84,ec.gp.GPIndividual@460249401{1096608486},3C_20_66-03.txt,118.340,0.250,29.585,0,0.000,0.00,0.000,0.000,0.000
84,ec.gp.GPIndividual@460249401{1096608486},3C_20_80-01.txt,4.194,0.250,1.049,0,0.000,0.00,0.000,0.000,0.000
84,ec.gp.GPIndividual@460249401{1096608486},3C_20_80-02.txt,35.738,0.250,8.935,0,0.000,0.00,0.000,0.000,0.000
84,ec.gp.GPIndividual@460249401{1096608486},3C_20_80-03.txt,169.439,0.250,42.360,0,0.000,0.00,0.000,0.000,0.000
84,ec.gp.GPIndividual@1532390016{2086020381},3C_20_50-02.txt,61.404,0.250,15.351,4,14.813,96.49,3.703,10.922,0.281
84,ec.gp.GPIndividual@1532390016{2086020381},3C_20_66-03.txt,118.340,0.250,29.585,3,5.750,19.44,1.917,10.922,0.281
84,ec.gp.GPIndividual@1532390016{2086020381},3C_20_66-01.txt,7.322,0.250,1.831,2,1.422,77.67,0.711,10.922,0.281
84,ec.gp.GPIndividual@1532390016{2086020381},3C_20_80-03.txt,169.439,0.250,42.360,5,9.641,22.76,1.928,10.922,0.281
84,ec.gp.GPIndividual@1532390016{2086020381},3C_20_80-02.txt,35.738,0.250,8.935,5,9.203,103.01,1.841,10.922,0.281
84,ec.gp.GPIndividual@1532390016{2086020381},3C_20_80-01.txt,4.194,0.250,1.049,2,0.750,71.52,0.375,10.922,0.281
84,ec.gp.GPIndividual@1532390016{2086020381},3C_20_66-02.txt,154.245,0.250,38.561,17,32.203,83.51,1.894,10.922,0.281
84,ec.gp.GPIndividual@1532390016{2086020381},3C_20_80-02.txt,35.738,0.250,8.935,2,18.016,201.64,9.008,10.922,0.281
84,ec.gp.GPIndividual@1532390016{2086020381},3C_20_50-03.txt,30.993,0.250,7.748,3,19.656,253.69,6.552,12.797,0.281
84,ec.gp.GPIndividual@845402969{28689649},3C_20_50-02.txt,61.404,0.250,15.351,0,0.000,0.00,0.000,0.000,0.000
84,ec.gp.GPIndividual@845402969{28689649},3C_20_50-03.txt,30.993,0.250,7.748,0,0.000,0.00,0.000,0.000,0.000
84,ec.gp.GPIndividual@845402969{28689649},3C_20_66-01.txt,7.322,0.250,1.831,0,0.000,0.00,0.000,0.000,0.000
84,ec.gp.GPIndividual@845402969{28689649},3C_20_66-02.txt,154.245,0.250,38.561,0,0.000,0.00,0.000,0.000,0.000
84,ec.gp.GPIndividual@845402969{28689649},3C_20_66-03.txt,118.340,0.250,29.585,0,0.000,0.00,0.000,0.000,0.000
84,ec.gp.GPIndividual@845402969{28689649},3C_20_80-01.txt,4.194,0.250,1.049,0,0.000,0.00,0.000,0.000,0.000
84,ec.gp.GPIndividual@845402969{28689649},3C_20_80-02.txt,35.738,0.250,8.935,0,0.000,0.00,0.000,0.000,0.000
84,ec.gp.GPIndividual@845402969{28689649},3C_20_80-03.txt,169.439,0.250,42.360,0,0.000,0.00,0.000,0.000,0.000
84,ec.gp.GPIndividual@166770702{-1118994279},3C_20_50-02.txt,61.404,0.250,15.351,7,6.047,39.39,0.864,1.578,0.281
84,ec.gp.GPIndividual@166770702{-1118994279},3C_20_50-03.txt,30.993,0.250,7.748,6,8.391,108.29,1.398,3.203,0.281
84,ec.gp.GPIndividual@166770702{-1118994279},3C_20_80-03.txt,169.439,0.250,42.360,1,0.281,0.66,0.281,3.203,0.281
84,ec.gp.GPIndividual@166770702{-1118994279},3C_20_66-01.txt,7.322,0.250,1.831,2,3.859,210.83,1.930,3.203,0.281
84,ec.gp.GPIndividual@166770702{-1118994279},3C_20_66-02.txt,154.245,0.250,38.561,2,10.203,26.46,5.102,5.297,0.281
84,ec.gp.GPIndividual@166770702{-1118994279},3C_20_80-03.txt,169.439,0.250,42.360,9,32.469,76.65,3.608,12.875,0.281
84,ec.gp.GPIndividual@166770702{-1118994279},3C_20_66-03.txt,118.340,0.250,29.585,3,31.906,107.85,10.635,12.875,0.281
84,ec.gp.GPIndividual@1618805949{-999016561},3C_20_50-02.txt,61.404,0.250,15.351,2,14.703,95.78,7.352,14.422,0.281
84,ec.gp.GPIndividual@1618805949{-999016561},3C_20_66-01.txt,7.322,0.250,1.831,1,5.156,281.68,5.156,14.422,0.281
84,ec.gp.GPIndividual@1618805949{-999016561},3C_20_80-01.txt,4.194,0.250,1.049,1,1.344,128.14,1.344,14.422,0.281
84,ec.gp.GPIndividual@1618805949{-999016561},3C_20_50-03.txt,30.993,0.250,7.748,4,3.188,41.14,0.797,14.422,0.281
84,ec.gp.GPIndividual@1618805949{-999016561},3C_20_66-02.txt,154.245,0.250,38.561,5,11.719,30.39,2.344,14.422,0.281
84,ec.gp.GPIndividual@1618805949{-999016561},3C_20_66-03.txt,118.340,0.250,29.585,6,22.234,75.15,3.706,14.422,0.281
84,ec.gp.GPIndividual@1618805949{-999016561},3C_20_80-01.txt,4.194,0.250,1.049,5,1.141,108.77,0.228,14.422,0.141
84,ec.gp.GPIndividual@1618805949{-999016561},3C_20_80-02.txt,35.738,0.250,8.935,2,3.375,37.77,1.688,14.422,0.141
84,ec.gp.GPIndividual@1618805949{-999016561},3C_20_80-03.txt,169.439,0.250,42.360,5,35.234,83.18,7.047,14.422,0.141
84,ec.gp.GPIndividual@1786136605{107298193},3C_20_50-02.txt,61.404,0.250,15.351,8,20.953,136.49,2.619,13.531,0.219
84,ec.gp.GPIndividual@1786136605{107298193},3C_20_80-02.txt,35.738,0.250,8.935,4,7.516,84.12,1.879,13.531,0.219
84,ec.gp.GPIndividual@1786136605{107298193},3C_20_66-03.txt,118.340,0.250,29.585,8,25.469,86.09,3.184,13.531,0.219
84,ec.gp.GPIndividual@1786136605{107298193},3C_20_80-01.txt,4.194,0.250,1.049,1,8.500,810.59,8.500,13.531,0.219
84,ec.gp.GPIndividual@1786136605{107298193},3C_20_50-03.txt,30.993,0.250,7.748,1,8.078,104.26,8.078,13.531,0.219
84,ec.gp.GPIndividual@1786136605{107298193},3C_20_80-03.txt,169.439,0.250,42.360,3,6.875,16.23,2.292,13.531,0.219
84,ec.gp.GPIndividual@1786136605{107298193},3C_20_80-01.txt,4.194,0.250,1.049,2,1.313,125.16,0.656,13.531,0.219
84,ec.gp.GPIndividual@1786136605{107298193},3C_20_80-02.txt,35.738,0.250,8.935,1,0.328,3.67,0.328,13.531,0.219
84,ec.gp.GPIndividual@1786136605{107298193},3C_20_80-02.txt,35.738,0.250,8.935,7,9.531,106.68,1.362,13.531,0.219
84,ec.gp.GPIndividual@1786136605{107298193},3C_20_80-03.txt,169.439,0.250,42.360,11,49.359,116.52,4.487,16.922,0.078
84,ec.gp.GPIndividual@1352275585{-203959135},3C_20_50-02.txt,61.404,0.250,15.351,7,14.672,95.58,2.096,7.844,0.078
84,ec.gp.GPIndividual@1352275585{-203959135},3C_20_50-03.txt,30.993,0.250,7.748,4,7.031,90.75,1.758,7.844,0.078
84,ec.gp.GPIndividual@1352275585{-203959135},3C_20_66-01.txt,7.322,0.250,1.831,3,2.125,116.09,0.708,7.844,0.078
84,ec.gp.GPIndividual@1352275585{-203959135},3C_20_66-01.txt,7.322,0.250,1.831,5,1.578,86.21,0.316,7.844,0.078
84,ec.gp.GPIndividual@1352275585{-203959135},3C_20_66-02.txt,154.245,0.250,38.561,10,30.297,78.57,3.030,11.219,0.078
84,ec.gp.GPIndividual@1352275585{-203959135},3C_20_66-03.txt,118.340,0.250,29.585,5,27.250,92.11,5.450,11.219,0.078
84,ec.gp.GPIndividual@1352275585{-203959135},3C_20_80-01.txt,4.194,0.250,1.049,2,0.641,61.09,0.320,11.219,0.078
84,ec.gp.GPIndividual@1352275585{-203959135},3C_20_80-02.txt,35.738,0.250,8.935,7,7.141,79.92,1.020,11.219,0.078
84,ec.gp.GPIndividual@1352275585{-203959135},3C_20_66-02.txt,154.245,0.250,38.561,2,3.422,8.87,1.711,11.219,0.078
84,ec.gp.GPIndividual@1352275585{-203959135},3C_20_80-03.txt,169.439,0.250,42.360,7,30.266,71.45,4.324,15.859,0.078
84,ec.gp.GPIndividual@1820564921{1507036793},3C_20_50-02.txt,61.404,0.250,15.351,0,0.000,0.00,0.000,0.000,0.000
84,ec.gp.GPIndividual@1820564921{1507036793},3C_20_50-03.txt,30.993,0.250,7.748,0,0.000,0.00,0.000,0.000,0.000
84,ec.gp.GPIndividual@1820564921{1507036793},3C_20_66-01.txt,7.322,0.250,1.831,0,0.000,0.00,0.000,0.000,0.000
84,ec.gp.GPIndividual@1820564921{1507036793},3C_20_66-02.txt,154.245,0.250,38.561,0,0.000,0.00,0.000,0.000,0.000
84,ec.gp.GPIndividual@1820564921{1507036793},3C_20_66-03.txt,118.340,0.250,29.585,0,0.000,0.00,0.000,0.000,0.000
84,ec.gp.GPIndividual@1820564921{1507036793},3C_20_80-01.txt,4.194,0.250,1.049,0,0.000,0.00,0.000,0.000,0.000
84,ec.gp.GPIndividual@1820564921{1507036793},3C_20_80-02.txt,35.738,0.250,8.935,0,0.000,0.00,0.000,0.000,0.000
84,ec.gp.GPIndividual@1820564921{1507036793},3C_20_80-03.txt,169.439,0.250,42.360,0,0.000,0.00,0.000,0.000,0.000
84,ec.gp.GPIndividual@1285210518{-723648322},3C_20_50-02.txt,61.404,0.250,15.351,8,19.172,124.89,2.396,9.000,0.094
84,ec.gp.GPIndividual@1285210518{-723648322},3C_20_50-03.txt,30.993,0.250,7.748,4,6.688,86.31,1.672,9.000,0.094
84,ec.gp.GPIndividual@1285210518{-723648322},3C_20_66-03.txt,118.340,0.250,29.585,8,27.484,92.90,3.436,10.203,0.094
84,ec.gp.GPIndividual@1285210518{-723648322},3C_20_80-01.txt,4.194,0.250,1.049,2,6.875,655.62,3.438,10.203,0.094
84,ec.gp.GPIndividual@1285210518{-723648322},3C_20_66-01.txt,7.322,0.250,1.831,6,2.016,110.11,0.336,10.203,0.094
84,ec.gp.GPIndividual@1285210518{-723648322},3C_20_80-02.txt,35.738,0.250,8.935,2,0.484,5.42,0.242,10.203,0.094
84,ec.gp.GPIndividual@1285210518{-723648322},3C_20_66-02.txt,154.245,0.250,38.561,15,44.359,115.04,2.957,14.078,0.094
84,ec.gp.GPIndividual@1285210518{-723648322},3C_20_66-03.txt,118.340,0.250,29.585,1,1.328,4.49,1.328,14.078,0.094
84,ec.gp.GPIndividual@1285210518{-723648322},3C_20_80-03.txt,169.439,0.250,42.360,8,40.313,95.17,5.039,15.688,0.094
84,ec.gp.GPIndividual@1231590931{-1016393441},3C_20_50-02.txt,61.404,0.250,15.351,9,15.828,103.11,1.759,10.234,0.078
84,ec.gp.GPIndividual@1231590931{-1016393441},3C_20_80-01.txt,4.194,0.250,1.049,1,0.141,13.41,0.141,10.234,0.078
84,ec.gp.GPIndividual@1231590931{-1016393441},3C_20_50-03.txt,30.993,0.250,7.748,10,7.750,100.02,0.775,10.234,0.078
84,ec.gp.GPIndividual@1231590931{-1016393441},3C_20_80-02.txt,35.738,0.250,8.935,7,4.938,55.26,0.705,10.234,0.078
84,ec.gp.GPIndividual@1231590931{-1016393441},3C_20_66-01.txt,7.322,0.250,1.831,6,1.703,93.04,0.284,10.234,0.078
84,ec.gp.GPIndividual@1231590931{-1016393441},3C_20_66-02.txt,154.245,0.250,38.561,10,35.875,93.03,3.588,14.438,0.078
84,ec.gp.GPIndividual@1231590931{-1016393441},3C_20_80-03.txt,169.439,0.250,42.360,6,47.672,112.54,7.945,16.344,0.078
84,ec.gp.GPIndividual@1231590931{-1016393441},3C_20_66-03.txt,118.340,0.250,29.585,4,15.344,51.86,3.836,16.344,0.078
84,ec.gp.GPIndividual@1887181661{-736600675},3C_20_50-02.txt,61.404,0.250,15.351,6,10.203,66.47,1.701,5.750,0.031
84,ec.gp.GPIndividual@1887181661{-736600675},3C_20_50-03.txt,30.993,0.250,7.748,5,5.953,76.83,1.191,5.750,0.031
84,ec.gp.GPIndividual@1887181661{-736600675},3C_20_66-01.txt,7.322,0.250,1.831,6,1.453,79.38,0.242,5.750,0.031
84,ec.gp.GPIndividual@1887181661{-736600675},3C_20_66-02.txt,154.245,0.250,38.561,10,32.375,83.96,3.238,10.688,0.031
84,ec.gp.GPIndividual@1887181661{-736600675},3C_20_66-03.txt,118.340,0.250,29.585,6,23.938,80.91,3.990,10.688,0.031
84,ec.gp.GPIndividual@1887181661{-736600675},3C_20_80-01.txt,4.194,0.250,1.049,4,0.813,77.48,0.203,10.688,0.031
84,ec.gp.GPIndividual@1887181661{-736600675},3C_20_80-02.txt,35.738,0.250,8.935,7,6.109,68.38,0.873,10.688,0.031
84,ec.gp.GPIndividual@1887181661{-736600675},3C_20_80-03.txt,169.439,0.250,42.360,3,27.422,64.74,9.141,16.656,0.031
84,ec.gp.GPIndividual@1432249792{-455554571},3C_20_50-02.txt,61.404,0.250,15.351,3,0.344,2.24,0.115,0.234,0.047
84,ec.gp.GPIndividual@1432249792{-455554571},3C_20_50-03.txt,30.993,0.250,7.748,2,1.500,19.36,0.750,0.953,0.047
84,ec.gp.GPIndividual@1432249792{-455554571},3C_20_66-01.txt,7.322,0.250,1.831,1,0.125,6.83,0.125,0.953,0.047
84,ec.gp.GPIndividual@1432249792{-455554571},3C_20_66-02.txt,154.245,0.250,38.561,2,0.484,1.26,0.242,0.953,0.047
84,ec.gp.GPIndividual@1432249792{-455554571},3C_20_66-03.txt,118.340,0.250,29.585,1,0.797,2.69,0.797,0.953,0.047
84,ec.gp.GPIndividual@1432249792{-455554571},3C_20_80-01.txt,4.194,0.250,1.049,1,0.156,14.90,0.156,0.953,0.047
84,ec.gp.GPIndividual@1432249792{-455554571},3C_20_80-02.txt,35.738,0.250,8.935,1,0.266,2.97,0.266,0.953,0.047
84,ec.gp.GPIndividual@1432249792{-455554571},3C_20_80-03.txt,169.439,0.250,42.360,1,0.781,1.84,0.781,0.953,0.047
85,ec.gp.GPIndividual@1250023184{435970191},3C_20_50-02.txt,61.404,0.250,15.351,5,2.109,13.74,0.422,0.422,0.422
85,ec.gp.GPIndividual@1250023184{435970191},3C_20_50-03.txt,30.993,0.250,7.748,6,9.469,122.21,1.578,1.844,0.422
85,ec.gp.GPIndividual@1250023184{435970191},3C_20_50-03.txt,30.993,0.250,7.748,1,0.109,1.41,0.109,1.844,0.109
85,ec.gp.GPIndividual@1250023184{435970191},3C_20_50-03.txt,30.993,0.250,7.748,1,0.953,12.30,0.953,1.844,0.109
85,ec.gp.GPIndividual@1250023184{435970191},3C_20_50-03.txt,30.993,0.250,7.748,1,3.156,40.74,3.156,3.156,0.109
85,ec.gp.GPIndividual@1250023184{435970191},3C_20_66-01.txt,7.322,0.250,1.831,2,1.828,99.87,0.914,3.156,0.109
85,ec.gp.GPIndividual@1250023184{435970191},3C_20_50-03.txt,30.993,0.250,7.748,1,0.875,11.29,0.875,3.156,0.109
85,ec.gp.GPIndividual@1250023184{435970191},3C_20_66-02.txt,154.245,0.250,38.561,6,16.797,43.56,2.799,3.266,0.109
85,ec.gp.GPIndividual@1250023184{435970191},3C_20_66-03.txt,118.340,0.250,29.585,7,30.719,103.83,4.388,6.484,0.109
85,ec.gp.GPIndividual@1250023184{435970191},3C_20_80-01.txt,4.194,0.250,1.049,1,0.531,50.66,0.531,6.484,0.109
85,ec.gp.GPIndividual@1250023184{435970191},3C_20_80-02.txt,35.738,0.250,8.935,2,6.188,69.25,3.094,6.484,0.109
85,ec.gp.GPIndividual@1250023184{435970191},3C_20_66-01.txt,7.322,0.250,1.831,2,6.703,366.18,3.352,6.484,0.109
85,ec.gp.GPIndividual@1250023184{435970191},3C_20_66-01.txt,7.322,0.250,1.831,1,0.531,29.02,0.531,6.484,0.109
85,ec.gp.GPIndividual@1250023184{435970191},3C_20_66-02.txt,154.245,0.250,38.561,1,2.141,5.55,2.141,6.484,0.109
85,ec.gp.GPIndividual@1250023184{435970191},3C_20_80-03.txt,169.439,0.250,42.360,2,3.438,8.12,1.719,6.484,0.109
85,ec.gp.GPIndividual@1250023184{435970191},3C_20_66-01.txt,7.322,0.250,1.831,1,7.109,388.37,7.109,7.109,0.109
85,ec.gp.GPIndividual@1250023184{435970191},3C_20_66-01.txt,7.322,0.250,1.831,2,8.422,460.07,4.211,7.563,0.109
85,ec.gp.GPIndividual@1250023184{435970191},3C_20_50-03.txt,30.993,0.250,7.748,1,1.219,15.73,1.219,7.563,0.109
85,ec.gp.GPIndividual@1250023184{435970191},3C_20_66-02.txt,154.245,0.250,38.561,12,18.500,47.98,1.542,7.563,0.109
85,ec.gp.GPIndividual@1250023184{435970191},3C_20_66-03.txt,118.340,0.250,29.585,2,7.125,24.08,3.563,7.563,0.109
85,ec.gp.GPIndividual@1328247748{1484739460},3C_20_50-02.txt,61.404,0.250,15.351,0,0.000,0.00,0.000,0.000,0.000
85,ec.gp.GPIndividual@1328247748{1484739460},3C_20_50-03.txt,30.993,0.250,7.748,0,0.000,0.00,0.000,0.000,0.000
85,ec.gp.GPIndividual@1328247748{1484739460},3C_20_66-01.txt,7.322,0.250,1.831,0,0.000,0.00,0.000,0.000,0.000
85,ec.gp.GPIndividual@1328247748{1484739460},3C_20_66-02.txt,154.245,0.250,38.561,0,0.000,0.00,0.000,0.000,0.000
85,ec.gp.GPIndividual@1328247748{1484739460},3C_20_66-03.txt,118.340,0.250,29.585,7,17.516,59.20,2.502,6.250,1.188
85,ec.gp.GPIndividual@1328247748{1484739460},3C_20_80-01.txt,4.194,0.250,1.049,1,6.313,601.98,6.313,6.313,1.188
85,ec.gp.GPIndividual@1328247748{1484739460},3C_20_80-01.txt,4.194,0.250,1.049,0,0.000,0.00,0.000,6.313,1.188
85,ec.gp.GPIndividual@1328247748{1484739460},3C_20_80-02.txt,35.738,0.250,8.935,0,0.000,0.00,0.000,6.313,1.188
85,ec.gp.GPIndividual@1328247748{1484739460},3C_20_80-03.txt,169.439,0.250,42.360,2,1.797,4.24,0.898,6.313,0.516
85,ec.gp.GPIndividual@1328247748{1484739460},3C_20_80-02.txt,35.738,0.250,8.935,1,2.563,28.68,2.563,6.313,0.516
85,ec.gp.GPIndividual@1328247748{1484739460},3C_20_80-03.txt,169.439,0.250,42.360,2,17.328,40.91,8.664,9.844,0.516
85,ec.gp.GPIndividual@1328247748{1484739460},3C_20_66-02.txt,154.245,0.250,38.561,2,19.250,49.92,9.625,10.000,0.516
85,ec.gp.GPIndividual@1328247748{1484739460},3C_20_66-03.txt,118.340,0.250,29.585,4,15.922,53.82,3.980,10.000,0.516
85,ec.gp.GPIndividual@1147425858{-1469056510},3C_20_50-02.txt,61.404,0.250,15.351,4,16.031,104.43,4.008,7.391,0.641
85,ec.gp.GPIndividual@1147425858{-1469056510},3C_20_80-01.txt,4.194,0.250,1.049,1,1.734,165.40,1.734,7.391,0.641
85,ec.gp.GPIndividual@1147425858{-1469056510},3C_20_66-03.txt,118.340,0.250,29.585,7,19.703,66.60,2.815,9.328,0.469
85,ec.gp.GPIndividual@576838665{88296706},3C_20_50-02.txt,61.404,0.250,15.351,1,0.000,0.00,0.000,0.000,0.000
85,ec.gp.GPIndividual@576838665{88296706},3C_20_50-03.txt,30.993,0.250,7.748,1,0.000,0.00,0.000,0.000,0.000
85,ec.gp.GPIndividual@576838665{88296706},3C_20_66-01.txt,7.322,0.250,1.831,1,0.000,0.00,0.000,0.000,0.000
85,ec.gp.GPIndividual@576838665{88296706},3C_20_66-02.txt,154.245,0.250,38.561,1,0.000,0.00,0.000,0.000,0.000
85,ec.gp.GPIndividual@576838665{88296706},3C_20_66-03.txt,118.340,0.250,29.585,1,0.000,0.00,0.000,0.000,0.000
85,ec.gp.GPIndividual@576838665{88296706},3C_20_80-01.txt,4.194,0.250,1.049,1,0.000,0.00,0.000,0.000,0.000
85,ec.gp.GPIndividual@576838665{88296706},3C_20_80-02.txt,35.738,0.250,8.935,1,0.000,0.00,0.000,0.000,0.000
85,ec.gp.GPIndividual@576838665{88296706},3C_20_80-03.txt,169.439,0.250,42.360,1,0.000,0.00,0.000,0.000,0.000
85,ec.gp.GPIndividual@1250668719{-1821353848},3C_20_50-02.txt,61.404,0.250,15.351,1,0.531,3.46,0.531,0.531,0.531
85,ec.gp.GPIndividual@1250668719{-1821353848},3C_20_50-03.txt,30.993,0.250,7.748,1,11.469,148.02,11.469,11.469,0.531
85,ec.gp.GPIndividual@1250668719{-1821353848},3C_20_66-02.txt,154.245,0.250,38.561,5,19.000,49.27,3.800,11.469,0.531
85,ec.gp.GPIndividual@1250668719{-1821353848},3C_20_66-01.txt,7.322,0.250,1.831,1,0.891,48.65,0.891,11.469,0.531
85,ec.gp.GPIndividual@1250668719{-1821353848},3C_20_66-02.txt,154.245,0.250,38.561,5,10.172,26.38,2.034,11.469,0.531
85,ec.gp.GPIndividual@1250668719{-1821353848},3C_20_66-03.txt,118.340,0.250,29.585,6,23.781,80.38,3.964,11.469,0.531
85,ec.gp.GPIndividual@1250668719{-1821353848},3C_20_80-01.txt,4.194,0.250,1.049,1,0.531,50.66,0.531,11.469,0.531
85,ec.gp.GPIndividual@1250668719{-1821353848},3C_20_80-02.txt,35.738,0.250,8.935,1,11.938,133.61,11.938,11.938,0.531
85,ec.gp.GPIndividual@1250668719{-1821353848},3C_20_50-03.txt,30.993,0.250,7.748,1,5.141,66.35,5.141,11.938,0.531
85,ec.gp.GPIndividual@1250668719{-1821353848},3C_20_80-02.txt,35.738,0.250,8.935,2,14.156,158.44,7.078,11.938,0.531
85,ec.gp.GPIndividual@1250668719{-1821353848},3C_20_66-01.txt,7.322,0.250,1.831,2,3.563,194.61,1.781,11.938,0.531
85,ec.gp.GPIndividual@1250668719{-1821353848},3C_20_80-03.txt,169.439,0.250,42.360,2,1.172,2.77,0.586,11.938,0.297
85,ec.gp.GPIndividual@1250668719{-1821353848},3C_20_66-03.txt,118.340,0.250,29.585,5,20.547,69.45,4.109,13.078,0.297
85,ec.gp.GPIndividual@1250668719{-1821353848},3C_20_80-01.txt,4.194,0.250,1.049,2,1.938,184.77,0.969,13.078,0.297
85,ec.gp.GPIndividual@1250668719{-1821353848},3C_20_66-02.txt,154.245,0.250,38.561,1,0.313,0.81,0.313,13.078,0.297
85,ec.gp.GPIndividual@1250668719{-1821353848},3C_20_80-02.txt,35.738,0.250,8.935,5,11.266,126.09,2.253,13.078,0.297
85,ec.gp.GPIndividual@1250668719{-1821353848},3C_20_66-01.txt,7.322,0.250,1.831,1,5.766,314.97,5.766,13.078,0.297
85,ec.gp.GPIndividual@1142296843{107298193},3C_20_50-02.txt,61.404,0.250,15.351,10,15.250,99.34,1.525,5.953,0.172
85,ec.gp.GPIndividual@1142296843{107298193},3C_20_80-03.txt,169.439,0.250,42.360,7,13.563,32.02,1.938,5.953,0.172
85,ec.gp.GPIndividual@1142296843{107298193},3C_20_80-03.txt,169.439,0.250,42.360,10,35.813,84.54,3.581,8.781,0.172
85,ec.gp.GPIndividual@15023741{-2012620302},3C_20_50-02.txt,61.404,0.250,15.351,1,6.156,40.10,6.156,6.156,6.156
85,ec.gp.GPIndividual@1554536925{-1347636809},3C_20_50-02.txt,61.404,0.250,15.351,5,25.594,166.72,5.119,13.484,0.000
85,ec.gp.GPIndividual@1554536925{-1347636809},3C_20_80-01.txt,4.194,0.250,1.049,1,1.828,174.34,1.828,13.484,0.000
85,ec.gp.GPIndividual@1554536925{-1347636809},3C_20_50-03.txt,30.993,0.250,7.748,2,14.266,184.12,7.133,13.484,0.000
85,ec.gp.GPIndividual@1554536925{-1347636809},3C_20_66-03.txt,118.340,0.250,29.585,10,31.734,107.27,3.173,13.484,0.000
85,ec.gp.GPIndividual@1554536925{-1347636809},3C_20_66-01.txt,7.322,0.250,1.831,1,6.188,338.01,6.188,13.484,0.000
85,ec.gp.GPIndividual@1554536925{-1347636809},3C_20_80-01.txt,4.194,0.250,1.049,3,6.984,666.05,2.328,13.484,0.000
85,ec.gp.GPIndividual@1554536925{-1347636809},3C_20_50-03.txt,30.993,0.250,7.748,4,2.203,28.43,0.551,13.484,0.000
85,ec.gp.GPIndividual@1554536925{-1347636809},3C_20_80-02.txt,35.738,0.250,8.935,3,8.125,90.94,2.708,13.484,0.000
85,ec.gp.GPIndividual@1554536925{-1347636809},3C_20_66-02.txt,154.245,0.250,38.561,21,39.688,102.92,1.890,13.484,0.000
85,ec.gp.GPIndividual@1554536925{-1347636809},3C_20_66-03.txt,118.340,0.250,29.585,5,10.844,36.65,2.169,13.484,0.000
85,ec.gp.GPIndividual@1554536925{-1347636809},3C_20_80-02.txt,35.738,0.250,8.935,3,9.266,103.71,3.089,13.484,0.000
85,ec.gp.GPIndividual@1554536925{-1347636809},3C_20_80-03.txt,169.439,0.250,42.360,7,44.453,104.94,6.350,13.484,0.000
85,ec.gp.GPIndividual@296697421{552896159},3C_20_50-02.txt,61.404,0.250,15.351,2,2.313,15.06,1.156,1.781,0.531
85,ec.gp.GPIndividual@296697421{552896159},3C_20_66-02.txt,154.245,0.250,38.561,11,39.203,101.66,3.564,9.609,0.531
85,ec.gp.GPIndividual@296697421{552896159},3C_20_80-01.txt,4.194,0.250,1.049,2,17.266,1646.51,8.633,16.750,0.516
85,ec.gp.GPIndividual@296697421{552896159},3C_20_50-03.txt,30.993,0.250,7.748,3,0.844,10.89,0.281,16.750,0.000
85,ec.gp.GPIndividual@296697421{552896159},3C_20_66-03.txt,118.340,0.250,29.585,6,34.250,115.77,5.708,16.750,0.000
85,ec.gp.GPIndividual@296697421{552896159},3C_20_80-03.txt,169.439,0.250,42.360,4,17.375,41.02,4.344,16.750,0.000
85,ec.gp.GPIndividual@296697421{552896159},3C_20_50-03.txt,30.993,0.250,7.748,3,13.781,177.87,4.594,16.750,0.000
85,ec.gp.GPIndividual@296697421{552896159},3C_20_66-01.txt,7.322,0.250,1.831,1,2.719,148.52,2.719,16.750,0.000
85,ec.gp.GPIndividual@296697421{552896159},3C_20_80-02.txt,35.738,0.250,8.935,4,11.406,127.66,2.852,16.750,0.000
85,ec.gp.GPIndividual@533894624{1807779506},3C_20_50-02.txt,61.404,0.250,15.351,9,20.109,131.00,2.234,7.281,0.516
85,ec.gp.GPIndividual@533894624{1807779506},3C_20_66-01.txt,7.322,0.250,1.831,3,2.422,132.30,0.807,7.281,0.000
85,ec.gp.GPIndividual@533894624{1807779506},3C_20_80-03.txt,169.439,0.250,42.360,4,5.219,12.32,1.305,7.281,0.000
85,ec.gp.GPIndividual@533894624{1807779506},3C_20_80-01.txt,4.194,0.250,1.049,1,1.078,102.81,1.078,7.281,0.000
85,ec.gp.GPIndividual@533894624{1807779506},3C_20_66-02.txt,154.245,0.250,38.561,17,43.266,112.20,2.545,9.328,0.000
85,ec.gp.GPIndividual@533894624{1807779506},3C_20_66-01.txt,7.322,0.250,1.831,1,5.859,320.09,5.859,9.328,0.000
85,ec.gp.GPIndividual@888825634{1517335222},3C_20_50-02.txt,61.404,0.250,15.351,6,15.547,101.28,2.591,8.344,0.500
85,ec.gp.GPIndividual@888825634{1517335222},3C_20_50-03.txt,30.993,0.250,7.748,5,7.344,94.78,1.469,8.344,0.359
85,ec.gp.GPIndividual@888825634{1517335222},3C_20_66-02.txt,154.245,0.250,38.561,11,38.094,98.79,3.463,14.938,0.359
85,ec.gp.GPIndividual@888825634{1517335222},3C_20_66-03.txt,118.340,0.250,29.585,6,29.484,99.66,4.914,14.938,0.359
85,ec.gp.GPIndividual@888825634{1517335222},3C_20_50-03.txt,30.993,0.250,7.748,1,1.453,18.75,1.453,14.938,0.359
85,ec.gp.GPIndividual@888825634{1517335222},3C_20_66-02.txt,154.245,0.250,38.561,1,6.172,16.01,6.172,14.938,0.359
85,ec.gp.GPIndividual@888825634{1517335222},3C_20_80-01.txt,4.194,0.250,1.049,3,4.141,394.86,1.380,14.938,0.359
85,ec.gp.GPIndividual@888825634{1517335222},3C_20_66-01.txt,7.322,0.250,1.831,2,5.219,285.09,2.609,14.938,0.156
85,ec.gp.GPIndividual@888825634{1517335222},3C_20_66-03.txt,118.340,0.250,29.585,9,23.984,81.07,2.665,14.938,0.000
85,ec.gp.GPIndividual@888825634{1517335222},3C_20_80-02.txt,35.738,0.250,8.935,4,6.578,73.63,1.645,14.938,0.000
85,ec.gp.GPIndividual@888825634{1517335222},3C_20_80-03.txt,169.439,0.250,42.360,8,33.438,78.94,4.180,14.938,0.000
85,ec.gp.GPIndividual@1031458362{179003112},3C_20_50-02.txt,61.404,0.250,15.351,5,18.984,123.67,3.797,7.719,0.531
85,ec.gp.GPIndividual@1031458362{179003112},3C_20_66-01.txt,7.322,0.250,1.831,2,12.281,670.91,6.141,11.391,0.531
85,ec.gp.GPIndividual@1031458362{179003112},3C_20_66-03.txt,118.340,0.250,29.585,5,21.156,71.51,4.231,14.969,0.516
85,ec.gp.GPIndividual@1031458362{179003112},3C_20_80-02.txt,35.738,0.250,8.935,1,14.422,161.42,14.422,14.969,0.516
85,ec.gp.GPIndividual@1031458362{179003112},3C_20_66-02.txt,154.245,0.250,38.561,15,41.641,107.99,2.776,14.969,0.516
85,ec.gp.GPIndividual@1031458362{179003112},3C_20_80-01.txt,4.194,0.250,1.049,2,1.828,174.34,0.914,14.969,0.000
85,ec.gp.GPIndividual@1031458362{179003112},3C_20_80-03.txt,169.439,0.250,42.360,14,42.531,100.40,3.038,14.969,0.000
85,ec.gp.GPIndividual@1031458362{179003112},3C_20_80-02.txt,35.738,0.250,8.935,5,9.094,101.78,1.819,14.969,0.000
85,ec.gp.GPIndividual@1031458362{179003112},3C_20_50-03.txt,30.993,0.250,7.748,4,7.797,100.63,1.949,14.969,0.000
85,ec.gp.GPIndividual@1031458362{179003112},3C_20_80-03.txt,169.439,0.250,42.360,2,0.703,1.66,0.352,14.969,0.000
85,ec.gp.GPIndividual@273906639{-823334136},3C_20_50-02.txt,61.404,0.250,15.351,6,16.781,109.32,2.797,9.938,0.516
85,ec.gp.GPIndividual@273906639{-823334136},3C_20_50-03.txt,30.993,0.250,7.748,1,0.156,2.02,0.156,9.938,0.156
85,ec.gp.GPIndividual@273906639{-823334136},3C_20_66-02.txt,154.245,0.250,38.561,5,43.922,113.90,8.784,16.328,0.156
85,ec.gp.GPIndividual@1123614863{-1156669877},3C_20_50-02.txt,61.404,0.250,15.351,4,6.859,44.68,1.715,3.188,0.156
85,ec.gp.GPIndividual@1123614863{-1156669877},3C_20_80-01.txt,4.194,0.250,1.049,1,1.375,131.12,1.375,3.188,0.156
85,ec.gp.GPIndividual@1123614863{-1156669877},3C_20_66-01.txt,7.322,0.250,1.831,4,2.000,109.26,0.500,3.188,0.156
85,ec.gp.GPIndividual@1123614863{-1156669877},3C_20_66-03.txt,118.340,0.250,29.585,7,6.625,22.39,0.946,3.188,0.156
85,ec.gp.GPIndividual@1123614863{-1156669877},3C_20_50-03.txt,30.993,0.250,7.748,5,7.875,101.64,1.575,4.328,0.156
85,ec.gp.GPIndividual@1123614863{-1156669877},3C_20_80-02.txt,35.738,0.250,8.935,3,11.203,125.39,3.734,8.953,0.156
85,ec.gp.GPIndividual@1123614863{-1156669877},3C_20_66-03.txt,118.340,0.250,29.585,6,17.266,58.36,2.878,8.953,0.156
85,ec.gp.GPIndividual@1123614863{-1156669877},3C_20_66-01.txt,7.322,0.250,1.831,3,2.828,154.50,0.943,8.953,0.156
85,ec.gp.GPIndividual@1123614863{-1156669877},3C_20_80-03.txt,169.439,0.250,42.360,12,49.984,118.00,4.165,9.500,0.156
85,ec.gp.GPIndividual@1123614863{-1156669877},3C_20_66-01.txt,7.322,0.250,1.831,1,0.875,47.80,0.875,9.500,0.156
85,ec.gp.GPIndividual@1123614863{-1156669877},3C_20_66-02.txt,154.245,0.250,38.561,4,18.547,48.10,4.637,10.203,0.156
85,ec.gp.GPIndividual@1123614863{-1156669877},3C_20_66-02.txt,154.245,0.250,38.561,11,39.031,101.22,3.548,15.719,0.156
85,ec.gp.GPIndividual@1123614863{-1156669877},3C_20_66-03.txt,118.340,0.250,29.585,7,34.406,116.30,4.915,15.719,0.156
85,ec.gp.GPIndividual@1345842974{-2065257559},3C_20_50-02.txt,61.404,0.250,15.351,3,12.922,84.18,4.307,10.406,0.516
85,ec.gp.GPIndividual@1345842974{-2065257559},3C_20_80-01.txt,4.194,0.250,1.049,1,1.828,174.34,1.828,10.406,0.516
85,ec.gp.GPIndividual@1345842974{-2065257559},3C_20_50-03.txt,30.993,0.250,7.748,2,3.766,48.60,1.883,10.406,0.516
85,ec.gp.GPIndividual@1345842974{-2065257559},3C_20_66-02.txt,154.245,0.250,38.561,1,3.234,8.39,3.234,10.406,0.516
85,ec.gp.GPIndividual@1345842974{-2065257559},3C_20_80-01.txt,4.194,0.250,1.049,2,1.578,150.50,0.789,10.406,0.516
85,ec.gp.GPIndividual@1345842974{-2065257559},3C_20_80-02.txt,35.738,0.250,8.935,2,11.234,125.74,5.617,10.906,0.328
85,ec.gp.GPIndividual@1345842974{-2065257559},3C_20_80-01.txt,4.194,0.250,1.049,3,2.109,201.16,0.703,10.906,0.328
85,ec.gp.GPIndividual@1345842974{-2065257559},3C_20_80-02.txt,35.738,0.250,8.935,6,18.047,201.99,3.008,10.906,0.156
85,ec.gp.GPIndividual@1345842974{-2065257559},3C_20_66-03.txt,118.340,0.250,29.585,4,5.625,19.01,1.406,10.906,0.156
85,ec.gp.GPIndividual@1345842974{-2065257559},3C_20_66-03.txt,118.340,0.250,29.585,14,31.016,104.84,2.215,10.906,0.156
85,ec.gp.GPIndividual@1345842974{-2065257559},3C_20_80-03.txt,169.439,0.250,42.360,11,38.813,91.63,3.528,10.906,0.156
85,ec.gp.GPIndividual@906329184{-1183073379},3C_20_50-02.txt,61.404,0.250,15.351,6,15.984,104.13,2.664,5.891,0.531
85,ec.gp.GPIndividual@906329184{-1183073379},3C_20_80-03.txt,169.439,0.250,42.360,2,9.156,21.62,4.578,8.625,0.531
85,ec.gp.GPIndividual@906329184{-1183073379},3C_20_50-03.txt,30.993,0.250,7.748,1,10.219,131.89,10.219,10.219,0.531
85,ec.gp.GPIndividual@906329184{-1183073379},3C_20_80-01.txt,4.194,0.250,1.049,1,3.953,376.98,3.953,10.219,0.531
85,ec.gp.GPIndividual@906329184{-1183073379},3C_20_80-02.txt,35.738,0.250,8.935,2,13.266,148.48,6.633,12.734,0.531
85,ec.gp.GPIndividual@906329184{-1183073379},3C_20_66-01.txt,7.322,0.250,1.831,3,2.297,125.47,0.766,12.734,0.359
85,ec.gp.GPIndividual@906329184{-1183073379},3C_20_66-02.txt,154.245,0.250,38.561,4,7.203,18.68,1.801,12.734,0.313
85,ec.gp.GPIndividual@906329184{-1183073379},3C_20_80-02.txt,35.738,0.250,8.935,3,10.016,112.10,3.339,12.734,0.313
85,ec.gp.GPIndividual@779523674{533659014},3C_20_50-02.txt,61.404,0.250,15.351,9,15.656,101.99,1.740,4.453,0.531
85,ec.gp.GPIndividual@779523674{533659014},3C_20_66-03.txt,118.340,0.250,29.585,9,26.359,89.10,2.929,13.438,0.516
85,ec.gp.GPIndividual@779523674{533659014},3C_20_80-01.txt,4.194,0.250,1.049,1,1.984,189.24,1.984,13.438,0.516
85,ec.gp.GPIndividual@779523674{533659014},3C_20_80-03.txt,169.439,0.250,42.360,14,42.109,99.41,3.008,13.438,0.172
85,ec.gp.GPIndividual@826679635{1387868418},3C_20_50-02.txt,61.404,0.250,15.351,4,13.156,85.70,3.289,7.141,0.359
85,ec.gp.GPIndividual@826679635{1387868418},3C_20_80-01.txt,4.194,0.250,1.049,2,9.672,922.34,4.836,9.141,0.359
85,ec.gp.GPIndividual@826679635{1387868418},3C_20_66-01.txt,7.322,0.250,1.831,1,8.750,478.00,8.750,9.141,0.359
85,ec.gp.GPIndividual@826679635{1387868418},3C_20_80-02.txt,35.738,0.250,8.935,4,17.609,197.09,4.402,13.156,0.359
85,ec.gp.GPIndividual@826679635{1387868418},3C_20_50-03.txt,30.993,0.250,7.748,1,4.500,58.08,4.500,13.156,0.359
85,ec.gp.GPIndividual@826679635{1387868418},3C_20_80-03.txt,169.439,0.250,42.360,19,43.875,103.58,2.309,13.156,0.359
85,ec.gp.GPIndividual@375495342{-586394791},3C_20_50-02.txt,61.404,0.250,15.351,7,15.453,100.66,2.208,8.203,0.172
85,ec.gp.GPIndividual@375495342{-586394791},3C_20_50-03.txt,30.993,0.250,7.748,1,10.469,135.11,10.469,10.469,0.172
85,ec.gp.GPIndividual@375495342{-586394791},3C_20_80-02.txt,35.738,0.250,8.935,1,9.422,105.45,9.422,10.469,0.172
85,ec.gp.GPIndividual@375495342{-586394791},3C_20_66-02.txt,154.245,0.250,38.561,2,5.734,14.87,2.867,10.469,0.172
85,ec.gp.GPIndividual@375495342{-586394791},3C_20_66-01.txt,7.322,0.250,1.831,1,4.469,244.12,4.469,10.469,0.172
85,ec.gp.GPIndividual@375495342{-586394791},3C_20_80-03.txt,169.439,0.250,42.360,21,42.500,100.33,2.024,10.469,0.172
85,ec.gp.GPIndividual@375495342{-586394791},3C_20_66-03.txt,118.340,0.250,29.585,2,4.125,13.94,2.063,10.469,0.172
85,ec.gp.GPIndividual@375495342{-586394791},3C_20_80-03.txt,169.439,0.250,42.360,10,42.250,99.74,4.225,10.469,0.172
85,ec.gp.GPIndividual@375495342{-586394791},3C_20_66-01.txt,7.322,0.250,1.831,1,11.531,629.93,11.531,11.531,0.172
85,ec.gp.GPIndividual@1103256336{-724692133},3C_20_50-02.txt,61.404,0.250,15.351,4,7.500,48.86,1.875,5.219,0.344
85,ec.gp.GPIndividual@1014091055{-1181645646},3C_20_50-02.txt,61.404,0.250,15.351,4,9.625,62.70,2.406,8.094,0.266
85,ec.gp.GPIndividual@1014091055{-1181645646},3C_20_80-02.txt,35.738,0.250,8.935,2,3.000,33.58,1.500,8.094,0.266
85,ec.gp.GPIndividual@1014091055{-1181645646},3C_20_80-03.txt,169.439,0.250,42.360,6,36.172,85.39,6.029,15.656,0.266
85,ec.gp.GPIndividual@448140414{-2034783028},3C_20_50-02.txt,61.404,0.250,15.351,5,16.578,107.99,3.316,7.984,0.438
85,ec.gp.GPIndividual@448140414{-2034783028},3C_20_50-03.txt,30.993,0.250,7.748,2,11.344,146.41,5.672,8.906,0.438
85,ec.gp.GPIndividual@448140414{-2034783028},3C_20_80-01.txt,4.194,0.250,1.049,3,4.313,411.25,1.438,8.906,0.297
85,ec.gp.GPIndividual@448140414{-2034783028},3C_20_66-01.txt,7.322,0.250,1.831,3,1.859,101.57,0.620,8.906,0.266
85,ec.gp.GPIndividual@448140414{-2034783028},3C_20_80-02.txt,35.738,0.250,8.935,8,8.984,100.56,1.123,8.906,0.141
85,ec.gp.GPIndividual@448140414{-2034783028},3C_20_80-03.txt,169.439,0.250,42.360,9,24.406,57.62,2.712,15.328,0.141
85,ec.gp.GPIndividual@448140414{-2034783028},3C_20_66-02.txt,154.245,0.250,38.561,8,25.406,65.89,3.176,15.328,0.141
85,ec.gp.GPIndividual@448140414{-2034783028},3C_20_50-03.txt,30.993,0.250,7.748,3,7.844,101.23,2.615,15.328,0.125
85,ec.gp.GPIndividual@448140414{-2034783028},3C_20_66-02.txt,154.245,0.250,38.561,10,42.984,111.47,4.298,15.328,0.125
85,ec.gp.GPIndividual@448140414{-2034783028},3C_20_66-03.txt,118.340,0.250,29.585,5,32.109,108.53,6.422,15.328,0.125
85,ec.gp.GPIndividual@448140414{-2034783028},3C_20_66-01.txt,7.322,0.250,1.831,6,4.625,252.66,0.771,15.328,0.125
85,ec.gp.GPIndividual@448140414{-2034783028},3C_20_80-01.txt,4.194,0.250,1.049,1,0.125,11.92,0.125,15.328,0.125
85,ec.gp.GPIndividual@448140414{-2034783028},3C_20_66-02.txt,154.245,0.250,38.561,17,38.688,100.33,2.276,15.328,0.125
85,ec.gp.GPIndividual@448140414{-2034783028},3C_20_66-03.txt,118.340,0.250,29.585,1,3.922,13.26,3.922,15.328,0.125
85,ec.gp.GPIndividual@961111820{1105261945},3C_20_50-02.txt,61.404,0.250,15.351,2,1.219,7.94,0.609,0.828,0.391
85,ec.gp.GPIndividual@961111820{1105261945},3C_20_50-03.txt,30.993,0.250,7.748,2,11.063,142.78,5.531,8.922,0.391
85,ec.gp.GPIndividual@961111820{1105261945},3C_20_66-01.txt,7.322,0.250,1.831,1,3.234,176.69,3.234,8.922,0.391
85,ec.gp.GPIndividual@961111820{1105261945},3C_20_66-01.txt,7.322,0.250,1.831,4,2.563,139.99,0.641,8.922,0.141
85,ec.gp.GPIndividual@961111820{1105261945},3C_20_66-02.txt,154.245,0.250,38.561,2,0.875,2.27,0.438,8.922,0.141
85,ec.gp.GPIndividual@961111820{1105261945},3C_20_66-02.txt,154.245,0.250,38.561,4,21.609,56.04,5.402,12.906,0.141
85,ec.gp.GPIndividual@961111820{1105261945},3C_20_66-03.txt,118.340,0.250,29.585,5,11.359,38.40,2.272,12.906,0.141
85,ec.gp.GPIndividual@961111820{1105261945},3C_20_80-01.txt,4.194,0.250,1.049,1,1.219,116.22,1.219,12.906,0.141
85,ec.gp.GPIndividual@961111820{1105261945},3C_20_66-03.txt,118.340,0.250,29.585,1,0.422,1.43,0.422,12.906,0.141
85,ec.gp.GPIndividual@961111820{1105261945},3C_20_80-02.txt,35.738,0.250,8.935,1,1.688,18.89,1.688,12.906,0.141
85,ec.gp.GPIndividual@961111820{1105261945},3C_20_80-03.txt,169.439,0.250,42.360,3,17.984,42.46,5.995,12.906,0.141
85,ec.gp.GPIndividual@863695656{1858256470},3C_20_50-02.txt,61.404,0.250,15.351,4,16.734,109.01,4.184,9.875,0.219
85,ec.gp.GPIndividual@863695656{1858256470},3C_20_66-03.txt,118.340,0.250,29.585,9,39.844,134.68,4.427,10.703,0.219
85,ec.gp.GPIndividual@863695656{1858256470},3C_20_80-03.txt,169.439,0.250,42.360,7,51.906,122.54,7.415,13.141,0.219
85,ec.gp.GPIndividual@863695656{1858256470},3C_20_80-01.txt,4.194,0.250,1.049,1,0.953,90.89,0.953,13.141,0.219
85,ec.gp.GPIndividual@863695656{1858256470},3C_20_50-03.txt,30.993,0.250,7.748,4,18.922,244.21,4.730,16.875,0.219
85,ec.gp.GPIndividual@863695656{1858256470},3C_20_80-02.txt,35.738,0.250,8.935,7,14.297,160.02,2.042,16.875,0.219
85,ec.gp.GPIndividual@80658500{-1559691905},3C_20_50-02.txt,61.404,0.250,15.351,10,8.297,54.05,0.830,2.641,0.203
85,ec.gp.GPIndividual@80658500{-1559691905},3C_20_50-03.txt,30.993,0.250,7.748,4,8.484,109.50,2.121,3.938,0.203
85,ec.gp.GPIndividual@80658500{-1559691905},3C_20_66-01.txt,7.322,0.250,1.831,2,3.484,190.35,1.742,3.938,0.203
85,ec.gp.GPIndividual@80658500{-1559691905},3C_20_80-03.txt,169.439,0.250,42.360,5,5.078,11.99,1.016,3.938,0.203
85,ec.gp.GPIndividual@80658500{-1559691905},3C_20_66-02.txt,154.245,0.250,38.561,6,12.391,32.13,2.065,5.109,0.203
85,ec.gp.GPIndividual@80658500{-1559691905},3C_20_66-03.txt,118.340,0.250,29.585,4,31.406,106.16,7.852,15.656,0.203
85,ec.gp.GPIndividual@80658500{-1559691905},3C_20_80-02.txt,35.738,0.250,8.935,2,15.297,171.21,7.648,15.656,0.203
85,ec.gp.GPIndividual@365824522{514671417},3C_20_50-02.txt,61.404,0.250,15.351,9,20.766,135.27,2.307,9.672,0.219
85,ec.gp.GPIndividual@365824522{514671417},3C_20_80-01.txt,4.194,0.250,1.049,1,1.672,159.44,1.672,9.672,0.219
85,ec.gp.GPIndividual@365824522{514671417},3C_20_50-03.txt,30.993,0.250,7.748,7,7.406,95.59,1.058,9.672,0.219
85,ec.gp.GPIndividual@365824522{514671417},3C_20_66-01.txt,7.322,0.250,1.831,1,0.703,38.41,0.703,9.672,0.219
85,ec.gp.GPIndividual@365824522{514671417},3C_20_80-02.txt,35.738,0.250,8.935,8,10.281,115.07,1.285,9.672,0.219
85,ec.gp.GPIndividual@365824522{514671417},3C_20_80-03.txt,169.439,0.250,42.360,1,0.094,0.22,0.094,9.672,0.094
85,ec.gp.GPIndividual@365824522{514671417},3C_20_80-03.txt,169.439,0.250,42.360,3,3.891,9.18,1.297,9.672,0.094
85,ec.gp.GPIndividual@365824522{514671417},3C_20_66-02.txt,154.245,0.250,38.561,11,42.797,110.98,3.891,11.734,0.094
85,ec.gp.GPIndividual@1523960648{-1261169392},3C_20_50-02.txt,61.404,0.250,15.351,0,0.000,0.00,0.000,0.000,0.000
85,ec.gp.GPIndividual@1523960648{-1261169392},3C_20_50-03.txt,30.993,0.250,7.748,0,0.000,0.00,0.000,0.000,0.000
85,ec.gp.GPIndividual@1523960648{-1261169392},3C_20_66-01.txt,7.322,0.250,1.831,0,0.000,0.00,0.000,0.000,0.000
85,ec.gp.GPIndividual@1523960648{-1261169392},3C_20_66-02.txt,154.245,0.250,38.561,0,0.000,0.00,0.000,0.000,0.000
85,ec.gp.GPIndividual@1523960648{-1261169392},3C_20_66-03.txt,118.340,0.250,29.585,0,0.000,0.00,0.000,0.000,0.000
85,ec.gp.GPIndividual@1523960648{-1261169392},3C_20_80-01.txt,4.194,0.250,1.049,0,0.000,0.00,0.000,0.000,0.000
85,ec.gp.GPIndividual@1523960648{-1261169392},3C_20_80-02.txt,35.738,0.250,8.935,0,0.000,0.00,0.000,0.000,0.000
85,ec.gp.GPIndividual@1523960648{-1261169392},3C_20_80-03.txt,169.439,0.250,42.360,0,0.000,0.00,0.000,0.000,0.000
85,ec.gp.GPIndividual@505982549{1372400994},3C_20_50-02.txt,61.404,0.250,15.351,5,21.594,140.67,4.319,13.172,0.234
85,ec.gp.GPIndividual@505982549{1372400994},3C_20_66-01.txt,7.322,0.250,1.831,2,1.000,54.63,0.500,13.172,0.203
85,ec.gp.GPIndividual@247022890{-583091437},3C_20_50-02.txt,61.404,0.250,15.351,0,0.000,0.00,0.000,0.000,0.000
85,ec.gp.GPIndividual@247022890{-583091437},3C_20_50-03.txt,30.993,0.250,7.748,0,0.000,0.00,0.000,0.000,0.000
85,ec.gp.GPIndividual@247022890{-583091437},3C_20_66-01.txt,7.322,0.250,1.831,0,0.000,0.00,0.000,0.000,0.000
85,ec.gp.GPIndividual@247022890{-583091437},3C_20_66-02.txt,154.245,0.250,38.561,0,0.000,0.00,0.000,0.000,0.000
85,ec.gp.GPIndividual@247022890{-583091437},3C_20_66-03.txt,118.340,0.250,29.585,0,0.000,0.00,0.000,0.000,0.000
85,ec.gp.GPIndividual@247022890{-583091437},3C_20_80-01.txt,4.194,0.250,1.049,0,0.000,0.00,0.000,0.000,0.000
85,ec.gp.GPIndividual@247022890{-583091437},3C_20_80-02.txt,35.738,0.250,8.935,0,0.000,0.00,0.000,0.000,0.000
85,ec.gp.GPIndividual@247022890{-583091437},3C_20_80-03.txt,169.439,0.250,42.360,0,0.000,0.00,0.000,0.000,0.000
85,ec.gp.GPIndividual@1567659318{-2021338473},3C_20_50-02.txt,61.404,0.250,15.351,0,0.000,0.00,0.000,0.000,0.000
85,ec.gp.GPIndividual@1567659318{-2021338473},3C_20_50-03.txt,30.993,0.250,7.748,0,0.000,0.00,0.000,0.000,0.000
85,ec.gp.GPIndividual@1567659318{-2021338473},3C_20_66-01.txt,7.322,0.250,1.831,0,0.000,0.00,0.000,0.000,0.000
85,ec.gp.GPIndividual@1567659318{-2021338473},3C_20_66-02.txt,154.245,0.250,38.561,0,0.000,0.00,0.000,0.000,0.000
85,ec.gp.GPIndividual@1567659318{-2021338473},3C_20_66-03.txt,118.340,0.250,29.585,0,0.000,0.00,0.000,0.000,0.000
85,ec.gp.GPIndividual@1567659318{-2021338473},3C_20_80-01.txt,4.194,0.250,1.049,0,0.000,0.00,0.000,0.000,0.000
85,ec.gp.GPIndividual@1567659318{-2021338473},3C_20_80-02.txt,35.738,0.250,8.935,0,0.000,0.00,0.000,0.000,0.000
85,ec.gp.GPIndividual@1567659318{-2021338473},3C_20_80-03.txt,169.439,0.250,42.360,0,0.000,0.00,0.000,0.000,0.000
85,ec.gp.GPIndividual@2010083074{-256528993},3C_20_50-02.txt,61.404,0.250,15.351,4,4.594,29.92,1.148,3.031,0.297
85,ec.gp.GPIndividual@2010083074{-256528993},3C_20_50-03.txt,30.993,0.250,7.748,10,7.828,101.03,0.783,3.031,0.109
85,ec.gp.GPIndividual@2010083074{-256528993},3C_20_66-01.txt,7.322,0.250,1.831,2,2.875,157.06,1.438,3.031,0.109
85,ec.gp.GPIndividual@2010083074{-256528993},3C_20_50-03.txt,30.993,0.250,7.748,7,8.266,106.68,1.181,4.922,0.109
85,ec.gp.GPIndividual@2010083074{-256528993},3C_20_66-03.txt,118.340,0.250,29.585,1,0.188,0.63,0.188,4.922,0.109
85,ec.gp.GPIndividual@2010083074{-256528993},3C_20_66-02.txt,154.245,0.250,38.561,2,5.469,14.18,2.734,4.922,0.109
85,ec.gp.GPIndividual@2010083074{-256528993},3C_20_66-02.txt,154.245,0.250,38.561,16,40.469,104.95,2.529,8.188,0.109
85,ec.gp.GPIndividual@2010083074{-256528993},3C_20_66-03.txt,118.340,0.250,29.585,6,27.766,93.85,4.628,9.219,0.109
85,ec.gp.GPIndividual@2010083074{-256528993},3C_20_80-01.txt,4.194,0.250,1.049,2,6.406,610.92,3.203,9.219,0.109
85,ec.gp.GPIndividual@2010083074{-256528993},3C_20_66-01.txt,7.322,0.250,1.831,3,3.656,199.74,1.219,9.219,0.109
85,ec.gp.GPIndividual@2010083074{-256528993},3C_20_80-01.txt,4.194,0.250,1.049,3,1.141,108.77,0.380,9.219,0.094
85,ec.gp.GPIndividual@2010083074{-256528993},3C_20_66-02.txt,154.245,0.250,38.561,21,39.141,101.50,1.864,9.219,0.094
85,ec.gp.GPIndividual@2010083074{-256528993},3C_20_66-03.txt,118.340,0.250,29.585,5,28.031,94.75,5.606,12.109,0.094
85,ec.gp.GPIndividual@2010083074{-256528993},3C_20_66-03.txt,118.340,0.250,29.585,9,29.516,99.77,3.280,12.109,0.094
85,ec.gp.GPIndividual@2010083074{-256528993},3C_20_80-01.txt,4.194,0.250,1.049,3,2.328,222.02,0.776,12.109,0.094
85,ec.gp.GPIndividual@2010083074{-256528993},3C_20_80-02.txt,35.738,0.250,8.935,1,9.422,105.45,9.422,12.109,0.094
85,ec.gp.GPIndividual@2010083074{-256528993},3C_20_80-02.txt,35.738,0.250,8.935,2,11.203,125.39,5.602,12.109,0.094
85,ec.gp.GPIndividual@2010083074{-256528993},3C_20_80-01.txt,4.194,0.250,1.049,4,2.203,210.10,0.551,12.109,0.094
85,ec.gp.GPIndividual@2010083074{-256528993},3C_20_80-03.txt,169.439,0.250,42.360,3,1.750,4.13,0.583,12.109,0.063
85,ec.gp.GPIndividual@2010083074{-256528993},3C_20_80-02.txt,35.738,0.250,8.935,9,10.078,112.80,1.120,12.109,0.063
85,ec.gp.GPIndividual@1540353628{1023500832},3C_20_50-02.txt,61.404,0.250,15.351,4,3.969,25.85,0.992,1.906,0.297
85,ec.gp.GPIndividual@1540353628{1023500832},3C_20_50-03.txt,30.993,0.250,7.748,3,5.906,76.23,1.969,2.547,0.297
85,ec.gp.GPIndividual@1540353628{1023500832},3C_20_66-01.txt,7.322,0.250,1.831,2,1.406,76.82,0.703,2.547,0.297
85,ec.gp.GPIndividual@1540353628{1023500832},3C_20_66-02.txt,154.245,0.250,38.561,1,0.469,1.22,0.469,2.547,0.297
85,ec.gp.GPIndividual@1540353628{1023500832},3C_20_80-02.txt,35.738,0.250,8.935,3,5.422,60.68,1.807,2.734,0.297
85,ec.gp.GPIndividual@1540353628{1023500832},3C_20_66-03.txt,118.340,0.250,29.585,7,15.344,51.86,2.192,5.797,0.297
85,ec.gp.GPIndividual@1540353628{1023500832},3C_20_80-01.txt,4.194,0.250,1.049,1,0.484,46.19,0.484,5.797,0.297
85,ec.gp.GPIndividual@1540353628{1023500832},3C_20_80-02.txt,35.738,0.250,8.935,1,1.234,13.82,1.234,5.797,0.297
85,ec.gp.GPIndividual@1540353628{1023500832},3C_20_80-03.txt,169.439,0.250,42.360,1,3.719,8.78,3.719,5.797,0.297
85,ec.gp.GPIndividual@366892517{-829370552},3C_20_50-02.txt,61.404,0.250,15.351,2,0.641,4.17,0.320,0.547,0.094
85,ec.gp.GPIndividual@366892517{-829370552},3C_20_50-03.txt,30.993,0.250,7.748,2,3.078,39.73,1.539,1.906,0.094
85,ec.gp.GPIndividual@366892517{-829370552},3C_20_66-01.txt,7.322,0.250,1.831,2,16.203,885.15,8.102,15.922,0.094
85,ec.gp.GPIndividual@508073599{222877094},3C_20_50-02.txt,61.404,0.250,15.351,1,0.406,2.65,0.406,0.406,0.406
85,ec.gp.GPIndividual@508073599{222877094},3C_20_66-02.txt,154.245,0.250,38.561,4,1.563,4.05,0.391,0.594,0.078
85,ec.gp.GPIndividual@508073599{222877094},3C_20_66-03.txt,118.340,0.250,29.585,5,1.109,3.75,0.222,0.688,0.078
85,ec.gp.GPIndividual@508073599{222877094},3C_20_50-03.txt,30.993,0.250,7.748,3,3.594,46.38,1.198,1.531,0.078
85,ec.gp.GPIndividual@508073599{222877094},3C_20_80-01.txt,4.194,0.250,1.049,2,0.641,61.09,0.320,1.531,0.078
85,ec.gp.GPIndividual@508073599{222877094},3C_20_80-02.txt,35.738,0.250,8.935,3,2.797,31.30,0.932,1.906,0.078
85,ec.gp.GPIndividual@508073599{222877094},3C_20_80-03.txt,169.439,0.250,42.360,2,4.125,9.74,2.063,2.484,0.078
85,ec.gp.GPIndividual@508073599{222877094},3C_20_66-01.txt,7.322,0.250,1.831,3,1.125,61.46,0.375,2.484,0.078
85,ec.gp.GPIndividual@508073599{222877094},3C_20_66-02.txt,154.245,0.250,38.561,3,1.484,3.85,0.495,2.484,0.078
85,ec.gp.GPIndividual@508073599{222877094},3C_20_66-03.txt,118.340,0.250,29.585,3,18.938,64.01,6.313,16.344,0.078
86,ec.gp.GPIndividual@267389210{1549212362},3C_20_50-02.txt,61.404,0.250,15.351,14,13.797,89.88,0.985,1.844,0.266
86,ec.gp.GPIndividual@267389210{1549212362},3C_20_50-03.txt,30.993,0.250,7.748,5,9.906,127.85,1.981,2.406,0.266
86,ec.gp.GPIndividual@267389210{1549212362},3C_20_50-03.txt,30.993,0.250,7.748,4,5.844,75.42,1.461,2.406,0.156
86,ec.gp.GPIndividual@267389210{1549212362},3C_20_50-03.txt,30.993,0.250,7.748,2,5.516,71.19,2.758,3.188,0.156
86,ec.gp.GPIndividual@267389210{1549212362},3C_20_50-03.txt,30.993,0.250,7.748,4,9.516,122.81,2.379,3.188,0.156
86,ec.gp.GPIndividual@267389210{1549212362},3C_20_50-03.txt,30.993,0.250,7.748,6,7.781,100.43,1.297,3.188,0.156
86,ec.gp.GPIndividual@267389210{1549212362},3C_20_50-03.txt,30.993,0.250,7.748,4,6.953,89.74,1.738,3.188,0.000
86,ec.gp.GPIndividual@267389210{1549212362},3C_20_66-01.txt,7.322,0.250,1.831,1,3.219,175.84,3.219,3.219,0.000
86,ec.gp.GPIndividual@267389210{1549212362},3C_20_66-01.txt,7.322,0.250,1.831,1,3.031,165.59,3.031,3.219,0.000
86,ec.gp.GPIndividual@267389210{1549212362},3C_20_66-01.txt,7.322,0.250,1.831,2,1.719,93.89,0.859,3.219,0.000
86,ec.gp.GPIndividual@267389210{1549212362},3C_20_66-01.txt,7.322,0.250,1.831,1,1.875,102.43,1.875,3.219,0.000
86,ec.gp.GPIndividual@267389210{1549212362},3C_20_66-01.txt,7.322,0.250,1.831,4,1.844,100.72,0.461,3.219,0.000
86,ec.gp.GPIndividual@267389210{1549212362},3C_20_66-02.txt,154.245,0.250,38.561,6,6.656,17.26,1.109,3.219,0.000
86,ec.gp.GPIndividual@267389210{1549212362},3C_20_66-02.txt,154.245,0.250,38.561,23,39.250,101.79,1.707,4.297,0.000
86,ec.gp.GPIndividual@267389210{1549212362},3C_20_66-02.txt,154.245,0.250,38.561,13,47.250,122.53,3.635,10.516,0.000
86,ec.gp.GPIndividual@267389210{1549212362},3C_20_66-02.txt,154.245,0.250,38.561,3,17.766,46.07,5.922,12.500,0.000
86,ec.gp.GPIndividual@267389210{1549212362},3C_20_66-03.txt,118.340,0.250,29.585,3,31.922,107.90,10.641,14.984,0.000
86,ec.gp.GPIndividual@267389210{1549212362},3C_20_66-03.txt,118.340,0.250,29.585,4,9.516,32.16,2.379,14.984,0.000
86,ec.gp.GPIndividual@267389210{1549212362},3C_20_66-03.txt,118.340,0.250,29.585,5,33.500,113.23,6.700,14.984,0.000
86,ec.gp.GPIndividual@267389210{1549212362},3C_20_66-02.txt,154.245,0.250,38.561,10,38.875,100.81,3.888,14.984,0.000
86,ec.gp.GPIndividual@267389210{1549212362},3C_20_80-01.txt,4.194,0.250,1.049,3,2.188,208.61,0.729,14.984,0.000
86,ec.gp.GPIndividual@267389210{1549212362},3C_20_66-03.txt,118.340,0.250,29.585,2,1.578,5.33,0.789,14.984,0.000
86,ec.gp.GPIndividual@267389210{1549212362},3C_20_80-02.txt,35.738,0.250,8.935,3,9.141,102.31,3.047,14.984,0.000
86,ec.gp.GPIndividual@267389210{1549212362},3C_20_80-01.txt,4.194,0.250,1.049,1,7.469,712.24,7.469,14.984,0.000
86,ec.gp.GPIndividual@267389210{1549212362},3C_20_66-01.txt,7.322,0.250,1.831,3,1.906,104.14,0.635,14.984,0.000
86,ec.gp.GPIndividual@267389210{1549212362},3C_20_80-03.txt,169.439,0.250,42.360,8,28.469,67.21,3.559,14.984,0.000
86,ec.gp.GPIndividual@267389210{1549212362},3C_20_80-01.txt,4.194,0.250,1.049,1,1.609,153.48,1.609,14.984,0.000
86,ec.gp.GPIndividual@267389210{1549212362},3C_20_80-02.txt,35.738,0.250,8.935,6,12.547,140.43,2.091,14.984,0.000
86,ec.gp.GPIndividual@944594315{-641969042},3C_20_50-02.txt,61.404,0.250,15.351,10,13.047,84.99,1.305,3.344,0.344
86,ec.gp.GPIndividual@944594315{-641969042},3C_20_50-03.txt,30.993,0.250,7.748,2,4.063,52.43,2.031,3.344,0.344
86,ec.gp.GPIndividual@944594315{-641969042},3C_20_80-02.txt,35.738,0.250,8.935,2,9.156,102.48,4.578,4.922,0.344
86,ec.gp.GPIndividual@944594315{-641969042},3C_20_66-02.txt,154.245,0.250,38.561,3,3.203,8.31,1.068,4.922,0.000
86,ec.gp.GPIndividual@944594315{-641969042},3C_20_80-01.txt,4.194,0.250,1.049,1,3.250,309.93,3.250,4.922,0.000
86,ec.gp.GPIndividual@944594315{-641969042},3C_20_66-01.txt,7.322,0.250,1.831,1,2.094,114.38,2.094,4.922,0.000
86,ec.gp.GPIndividual@944594315{-641969042},3C_20_80-03.txt,169.439,0.250,42.360,16,44.141,104.20,2.759,15.313,0.000
86,ec.gp.GPIndividual@944594315{-641969042},3C_20_80-02.txt,35.738,0.250,8.935,2,2.406,26.93,1.203,15.313,0.000
86,ec.gp.GPIndividual@944594315{-641969042},3C_20_66-02.txt,154.245,0.250,38.561,1,1.359,3.53,1.359,15.313,0.000
86,ec.gp.GPIndividual@811795454{179003112},3C_20_50-02.txt,61.404,0.250,15.351,7,17.391,113.29,2.484,6.391,0.344
86,ec.gp.GPIndividual@811795454{179003112},3C_20_66-03.txt,118.340,0.250,29.585,5,4.703,15.90,0.941,6.391,0.000
86,ec.gp.GPIndividual@811795454{179003112},3C_20_66-03.txt,118.340,0.250,29.585,9,34.000,114.92,3.778,16.109,0.000
86,ec.gp.GPIndividual@811795454{179003112},3C_20_80-03.txt,169.439,0.250,42.360,7,38.172,90.11,5.453,16.109,0.000
86,ec.gp.GPIndividual@811795454{179003112},3C_20_66-03.txt,118.340,0.250,29.585,1,4.641,15.69,4.641,16.109,0.000
86,ec.gp.GPIndividual@811795454{179003112},3C_20_80-03.txt,169.439,0.250,42.360,5,52.266,123.39,10.453,16.109,0.000
86,ec.gp.GPIndividual@811795454{179003112},3C_20_50-03.txt,30.993,0.250,7.748,2,10.250,132.29,5.125,16.109,0.000
86,ec.gp.GPIndividual@1101383886{711312743},3C_20_50-02.txt,61.404,0.250,15.351,3,4.641,30.23,1.547,2.531,0.344
86,ec.gp.GPIndividual@1101383886{711312743},3C_20_80-01.txt,4.194,0.250,1.049,2,3.703,353.14,1.852,3.188,0.344
86,ec.gp.GPIndividual@1101383886{711312743},3C_20_66-01.txt,7.322,0.250,1.831,4,3.828,209.12,0.957,3.188,0.328
86,ec.gp.GPIndividual@1101383886{711312743},3C_20_50-03.txt,30.993,0.250,7.748,4,9.141,117.97,2.285,6.703,0.328
86,ec.gp.GPIndividual@1101383886{711312743},3C_20_80-01.txt,4.194,0.250,1.049,4,2.500,238.41,0.625,6.703,0.000
86,ec.gp.GPIndividual@1101383886{711312743},3C_20_66-02.txt,154.245,0.250,38.561,3,6.953,18.03,2.318,6.703,0.000
86,ec.gp.GPIndividual@1101383886{711312743},3C_20_80-01.txt,4.194,0.250,1.049,1,3.141,299.50,3.141,6.703,0.000
86,ec.gp.GPIndividual@1101383886{711312743},3C_20_66-01.txt,7.322,0.250,1.831,3,1.750,95.60,0.583,6.703,0.000
86,ec.gp.GPIndividual@1101383886{711312743},3C_20_80-02.txt,35.738,0.250,8.935,4,12.953,144.98,3.238,11.406,0.000
86,ec.gp.GPIndividual@1795373425{1689172733},3C_20_50-02.txt,61.404,0.250,15.351,4,5.391,35.12,1.348,2.672,0.281
86,ec.gp.GPIndividual@1795373425{1689172733},3C_20_50-03.txt,30.993,0.250,7.748,4,8.672,111.92,2.168,3.719,0.281
86,ec.gp.GPIndividual@1795373425{1689172733},3C_20_66-02.txt,154.245,0.250,38.561,4,4.047,10.49,1.012,3.719,0.281
86,ec.gp.GPIndividual@1795373425{1689172733},3C_20_80-02.txt,35.738,0.250,8.935,2,4.609,51.59,2.305,3.719,0.281
86,ec.gp.GPIndividual@1795373425{1689172733},3C_20_66-01.txt,7.322,0.250,1.831,3,1.938,105.84,0.646,3.719,0.172
86,ec.gp.GPIndividual@1795373425{1689172733},3C_20_80-03.txt,169.439,0.250,42.360,2,0.844,1.99,0.422,3.719,0.000
86,ec.gp.GPIndividual@1795373425{1689172733},3C_20_66-02.txt,154.245,0.250,38.561,9,17.938,46.52,1.993,3.906,0.000
86,ec.gp.GPIndividual@1795373425{1689172733},3C_20_66-03.txt,118.340,0.250,29.585,10,25.797,87.20,2.580,6.531,0.000
86,ec.gp.GPIndividual@1795373425{1689172733},3C_20_80-01.txt,4.194,0.250,1.049,1,0.531,50.66,0.531,6.531,0.000
86,ec.gp.GPIndividual@1795373425{1689172733},3C_20_80-02.txt,35.738,0.250,8.935,1,4.969,55.61,4.969,6.531,0.000
86,ec.gp.GPIndividual@1795373425{1689172733},3C_20_80-03.txt,169.439,0.250,42.360,2,9.875,23.31,4.938,6.531,0.000
86,ec.gp.GPIndividual@1795373425{1689172733},3C_20_66-03.txt,118.340,0.250,29.585,2,8.563,28.94,4.281,6.531,0.000
86,ec.gp.GPIndividual@1795373425{1689172733},3C_20_80-03.txt,169.439,0.250,42.360,4,28.875,68.17,7.219,9.891,0.000
86,ec.gp.GPIndividual@535425875{849964448},3C_20_50-02.txt,61.404,0.250,15.351,5,15.500,100.97,3.100,9.297,0.172
86,ec.gp.GPIndividual@535425875{849964448},3C_20_80-01.txt,4.194,0.250,1.049,2,2.141,204.14,1.070,9.297,0.172
86,ec.gp.GPIndividual@832156246{452838407},3C_20_50-02.txt,61.404,0.250,15.351,5,17.813,116.03,3.563,13.094,0.344
86,ec.gp.GPIndividual@832156246{452838407},3C_20_66-03.txt,118.340,0.250,29.585,7,36.406,123.06,5.201,15.359,0.344
86,ec.gp.GPIndividual@580110494{308645737},3C_20_50-02.txt,61.404,0.250,15.351,5,4.672,30.43,0.934,2.625,0.500
86,ec.gp.GPIndividual@580110494{308645737},3C_20_80-02.txt,35.738,0.250,8.935,1,0.313,3.50,0.313,2.625,0.313
86,ec.gp.GPIndividual@580110494{308645737},3C_20_50-03.txt,30.993,0.250,7.748,1,3.125,40.33,3.125,3.125,0.313
86,ec.gp.GPIndividual@580110494{308645737},3C_20_80-02.txt,35.738,0.250,8.935,4,10.250,114.72,2.563,5.938,0.313
86,ec.gp.GPIndividual@580110494{308645737},3C_20_80-03.txt,169.439,0.250,42.360,17,43.625,102.99,2.566,9.203,0.313
86,ec.gp.GPIndividual@413478121{-435665962},3C_20_50-02.txt,61.404,0.250,15.351,1,0.156,1.02,0.156,0.156,0.156
86,ec.gp.GPIndividual@413478121{-435665962},3C_20_80-03.txt,169.439,0.250,42.360,6,14.219,33.57,2.370,6.547,0.156
86,ec.gp.GPIndividual@413478121{-435665962},3C_20_50-03.txt,30.993,0.250,7.748,1,7.766,100.23,7.766,7.766,0.156
86,ec.gp.GPIndividual@413478121{-435665962},3C_20_80-01.txt,4.194,0.250,1.049,4,1.219,116.22,0.305,7.766,0.156
86,ec.gp.GPIndividual@413478121{-435665962},3C_20_80-02.txt,35.738,0.250,8.935,1,9.156,102.48,9.156,9.156,0.156
86,ec.gp.GPIndividual@413478121{-435665962},3C_20_50-03.txt,30.993,0.250,7.748,2,9.047,116.76,4.523,9.156,0.156
86,ec.gp.GPIndividual@413478121{-435665962},3C_20_66-01.txt,7.322,0.250,1.831,2,3.203,174.98,1.602,9.156,0.156
86,ec.gp.GPIndividual@413478121{-435665962},3C_20_80-03.txt,169.439,0.250,42.360,11,40.281,95.09,3.662,11.766,0.156
86,ec.gp.GPIndividual@413478121{-435665962},3C_20_50-03.txt,30.993,0.250,7.748,2,15.922,205.49,7.961,11.766,0.156
86,ec.gp.GPIndividual@413478121{-435665962},3C_20_66-01.txt,7.322,0.250,1.831,1,3.141,171.57,3.141,11.766,0.156
86,ec.gp.GPIndividual@413478121{-435665962},3C_20_66-01.txt,7.322,0.250,1.831,3,8.797,480.56,2.932,11.766,0.156
86,ec.gp.GPIndividual@413478121{-435665962},3C_20_66-01.txt,7.322,0.250,1.831,4,1.797,98.16,0.449,11.766,0.125
86,ec.gp.GPIndividual@1424246121{1674038260},3C_20_50-02.txt,61.404,0.250,15.351,1,0.000,0.00,0.000,0.000,0.000
86,ec.gp.GPIndividual@1424246121{1674038260},3C_20_50-03.txt,30.993,0.250,7.748,1,0.000,0.00,0.000,0.000,0.000
86,ec.gp.GPIndividual@1424246121{1674038260},3C_20_66-01.txt,7.322,0.250,1.831,1,0.000,0.00,0.000,0.000,0.000
86,ec.gp.GPIndividual@1424246121{1674038260},3C_20_66-02.txt,154.245,0.250,38.561,1,0.000,0.00,0.000,0.000,0.000
86,ec.gp.GPIndividual@1424246121{1674038260},3C_20_66-03.txt,118.340,0.250,29.585,1,0.000,0.00,0.000,0.000,0.000
86,ec.gp.GPIndividual@1424246121{1674038260},3C_20_80-01.txt,4.194,0.250,1.049,1,0.000,0.00,0.000,0.000,0.000
86,ec.gp.GPIndividual@1424246121{1674038260},3C_20_80-02.txt,35.738,0.250,8.935,1,0.000,0.00,0.000,0.000,0.000
86,ec.gp.GPIndividual@1424246121{1674038260},3C_20_80-03.txt,169.439,0.250,42.360,1,0.000,0.00,0.000,0.000,0.000
86,ec.gp.GPIndividual@1887300775{-1469056510},3C_20_50-02.txt,61.404,0.250,15.351,8,15.859,103.31,1.982,10.516,0.297
86,ec.gp.GPIndividual@1887300775{-1469056510},3C_20_66-02.txt,154.245,0.250,38.561,1,0.328,0.85,0.328,10.516,0.297
86,ec.gp.GPIndividual@1887300775{-1469056510},3C_20_66-02.txt,154.245,0.250,38.561,15,38.063,98.71,2.538,16.891,0.297
86,ec.gp.GPIndividual@1887300775{-1469056510},3C_20_66-03.txt,118.340,0.250,29.585,1,1.250,4.23,1.250,16.891,0.297
86,ec.gp.GPIndividual@1887300775{-1469056510},3C_20_66-03.txt,118.340,0.250,29.585,4,14.141,47.80,3.535,16.891,0.297
86,ec.gp.GPIndividual@2072714279{-21393028},3C_20_50-02.txt,61.404,0.250,15.351,6,15.469,100.77,2.578,6.563,0.172
86,ec.gp.GPIndividual@2072714279{-21393028},3C_20_80-01.txt,4.194,0.250,1.049,3,1.063,101.32,0.354,6.563,0.172
86,ec.gp.GPIndividual@2072714279{-21393028},3C_20_80-02.txt,35.738,0.250,8.935,3,14.391,161.07,4.797,9.078,0.172
86,ec.gp.GPIndividual@2072714279{-21393028},3C_20_66-02.txt,154.245,0.250,38.561,2,11.250,29.17,5.625,9.797,0.172
86,ec.gp.GPIndividual@2072714279{-21393028},3C_20_80-01.txt,4.194,0.250,1.049,1,2.328,222.02,2.328,9.797,0.172
86,ec.gp.GPIndividual@2072714279{-21393028},3C_20_80-03.txt,169.439,0.250,42.360,1,2.625,6.20,2.625,9.797,0.172
86,ec.gp.GPIndividual@2072714279{-21393028},3C_20_50-03.txt,30.993,0.250,7.748,2,11.234,144.99,5.617,10.766,0.172
86,ec.gp.GPIndividual@2072714279{-21393028},3C_20_50-03.txt,30.993,0.250,7.748,5,10.000,129.06,2.000,10.766,0.172
86,ec.gp.GPIndividual@2072714279{-21393028},3C_20_66-01.txt,7.322,0.250,1.831,1,0.531,29.02,0.531,10.766,0.172
86,ec.gp.GPIndividual@2072714279{-21393028},3C_20_80-02.txt,35.738,0.250,8.935,6,14.094,157.74,2.349,10.766,0.172
86,ec.gp.GPIndividual@1424121909{-169341909},3C_20_50-02.txt,61.404,0.250,15.351,5,6.625,43.16,1.325,2.328,0.406
86,ec.gp.GPIndividual@1424121909{-169341909},3C_20_66-02.txt,154.245,0.250,38.561,11,31.406,81.45,2.855,11.609,0.406
86,ec.gp.GPIndividual@1424121909{-169341909},3C_20_66-02.txt,154.245,0.250,38.561,15,38.313,99.35,2.554,11.609,0.172
86,ec.gp.GPIndividual@1424121909{-169341909},3C_20_66-03.txt,118.340,0.250,29.585,3,22.766,76.95,7.589,11.609,0.172
86,ec.gp.GPIndividual@1424121909{-169341909},3C_20_66-03.txt,118.340,0.250,29.585,3,27.922,94.38,9.307,14.203,0.172
86,ec.gp.GPIndividual@1424121909{-169341909},3C_20_80-03.txt,169.439,0.250,42.360,7,45.344,107.04,6.478,14.203,0.172
86,ec.gp.GPIndividual@345958272{1497657849},3C_20_50-02.txt,61.404,0.250,15.351,2,1.734,11.30,0.867,1.234,0.500
86,ec.gp.GPIndividual@345958272{1497657849},3C_20_66-01.txt,7.322,0.250,1.831,1,3.563,194.61,3.563,3.563,0.500
86,ec.gp.GPIndividual@345958272{1497657849},3C_20_80-01.txt,4.194,0.250,1.049,3,2.641,251.82,0.880,3.563,0.156
86,ec.gp.GPIndividual@345958272{1497657849},3C_20_66-02.txt,154.245,0.250,38.561,2,0.953,2.47,0.477,3.563,0.156
86,ec.gp.GPIndividual@345958272{1497657849},3C_20_50-03.txt,30.993,0.250,7.748,2,6.250,80.66,3.125,5.016,0.156
86,ec.gp.GPIndividual@345958272{1497657849},3C_20_50-03.txt,30.993,0.250,7.748,5,7.828,101.03,1.566,5.016,0.156
86,ec.gp.GPIndividual@345958272{1497657849},3C_20_66-01.txt,7.322,0.250,1.831,3,1.922,104.99,0.641,5.016,0.156
86,ec.gp.GPIndividual@345958272{1497657849},3C_20_66-03.txt,118.340,0.250,29.585,3,10.188,34.43,3.396,7.828,0.156
86,ec.gp.GPIndividual@345958272{1497657849},3C_20_80-02.txt,35.738,0.250,8.935,5,10.578,118.40,2.116,7.828,0.156
86,ec.gp.GPIndividual@345958272{1497657849},3C_20_66-01.txt,7.322,0.250,1.831,2,1.375,75.11,0.688,7.828,0.156
86,ec.gp.GPIndividual@345958272{1497657849},3C_20_80-03.txt,169.439,0.250,42.360,10,36.297,85.69,3.630,13.125,0.156
86,ec.gp.GPIndividual@345958272{1497657849},3C_20_66-03.txt,118.340,0.250,29.585,6,35.313,119.36,5.885,13.125,0.156
86,ec.gp.GPIndividual@345958272{1497657849},3C_20_80-01.txt,4.194,0.250,1.049,3,1.078,102.81,0.359,13.125,0.156
86,ec.gp.GPIndividual@345958272{1497657849},3C_20_80-02.txt,35.738,0.250,8.935,3,14.469,161.94,4.823,13.125,0.156
86,ec.gp.GPIndividual@537546501{-279242890},3C_20_50-02.txt,61.404,0.250,15.351,1,0.516,3.36,0.516,0.516,0.516
86,ec.gp.GPIndividual@537546501{-279242890},3C_20_50-03.txt,30.993,0.250,7.748,3,12.641,163.14,4.214,9.844,0.516
86,ec.gp.GPIndividual@537546501{-279242890},3C_20_80-01.txt,4.194,0.250,1.049,1,10.391,990.88,10.391,10.391,0.516
86,ec.gp.GPIndividual@537546501{-279242890},3C_20_66-02.txt,154.245,0.250,38.561,4,7.359,19.08,1.840,10.391,0.484
86,ec.gp.GPIndividual@537546501{-279242890},3C_20_66-02.txt,154.245,0.250,38.561,1,3.172,8.23,3.172,10.391,0.484
86,ec.gp.GPIndividual@537546501{-279242890},3C_20_66-01.txt,7.322,0.250,1.831,2,2.828,154.50,1.414,10.391,0.484
86,ec.gp.GPIndividual@537546501{-279242890},3C_20_80-02.txt,35.738,0.250,8.935,2,0.953,10.67,0.477,10.391,0.125
86,ec.gp.GPIndividual@537546501{-279242890},3C_20_66-02.txt,154.245,0.250,38.561,7,15.828,41.05,2.261,10.391,0.125
86,ec.gp.GPIndividual@537546501{-279242890},3C_20_66-03.txt,118.340,0.250,29.585,13,25.375,85.77,1.952,10.391,0.125
86,ec.gp.GPIndividual@537546501{-279242890},3C_20_80-01.txt,4.194,0.250,1.049,1,0.531,50.66,0.531,10.391,0.125
86,ec.gp.GPIndividual@537546501{-279242890},3C_20_80-02.txt,35.738,0.250,8.935,1,2.406,26.93,2.406,10.391,0.125
86,ec.gp.GPIndividual@537546501{-279242890},3C_20_80-03.txt,169.439,0.250,42.360,7,40.891,96.53,5.842,11.188,0.125
86,ec.gp.GPIndividual@537546501{-279242890},3C_20_80-03.txt,169.439,0.250,42.360,1,6.531,15.42,6.531,11.188,0.125
86,ec.gp.GPIndividual@1201428380{496815440},3C_20_50-02.txt,61.404,0.250,15.351,0,0.000,0.00,0.000,0.000,0.000
86,ec.gp.GPIndividual@1201428380{496815440},3C_20_50-03.txt,30.993,0.250,7.748,0,0.000,0.00,0.000,0.000,0.000
86,ec.gp.GPIndividual@1201428380{496815440},3C_20_66-01.txt,7.322,0.250,1.831,0,0.000,0.00,0.000,0.000,0.000
86,ec.gp.GPIndividual@1201428380{496815440},3C_20_66-02.txt,154.245,0.250,38.561,0,0.000,0.00,0.000,0.000,0.000
86,ec.gp.GPIndividual@1201428380{496815440},3C_20_66-03.txt,118.340,0.250,29.585,0,0.000,0.00,0.000,0.000,0.000
86,ec.gp.GPIndividual@1201428380{496815440},3C_20_80-01.txt,4.194,0.250,1.049,0,0.000,0.00,0.000,0.000,0.000
86,ec.gp.GPIndividual@1201428380{496815440},3C_20_80-02.txt,35.738,0.250,8.935,0,0.000,0.00,0.000,0.000,0.000
86,ec.gp.GPIndividual@1201428380{496815440},3C_20_80-03.txt,169.439,0.250,42.360,0,0.000,0.00,0.000,0.000,0.000
86,ec.gp.GPIndividual@1210793644{-489925996},3C_20_50-02.txt,61.404,0.250,15.351,4,17.266,112.47,4.316,8.359,0.516
86,ec.gp.GPIndividual@1210793644{-489925996},3C_20_80-01.txt,4.194,0.250,1.049,3,1.063,101.32,0.354,8.359,0.172
86,ec.gp.GPIndividual@1210793644{-489925996},3C_20_80-02.txt,35.738,0.250,8.935,3,12.203,136.58,4.068,8.359,0.172
86,ec.gp.GPIndividual@1883877551{1878892019},3C_20_50-02.txt,61.404,0.250,15.351,4,5.984,38.98,1.496,2.188,0.531
86,ec.gp.GPIndividual@1883877551{1878892019},3C_20_80-03.txt,169.439,0.250,42.360,11,42.406,100.11,3.855,15.453,0.172
86,ec.gp.GPIndividual@1883877551{1878892019},3C_20_50-03.txt,30.993,0.250,7.748,3,10.938,141.16,3.646,15.453,0.172
86,ec.gp.GPIndividual@1058874705{79630804},3C_20_50-02.txt,61.404,0.250,15.351,8,15.906,103.62,1.988,3.922,0.500
86,ec.gp.GPIndividual@1058874705{79630804},3C_20_66-01.txt,7.322,0.250,1.831,2,3.344,182.66,1.672,3.922,0.500
86,ec.gp.GPIndividual@1058874705{79630804},3C_20_50-03.txt,30.993,0.250,7.748,4,4.625,59.69,1.156,3.922,0.344
86,ec.gp.GPIndividual@1058874705{79630804},3C_20_50-03.txt,30.993,0.250,7.748,1,4.578,59.09,4.578,4.578,0.344
86,ec.gp.GPIndividual@1058874705{79630804},3C_20_66-03.txt,118.340,0.250,29.585,10,34.109,115.29,3.411,11.391,0.344
86,ec.gp.GPIndividual@1058874705{79630804},3C_20_80-01.txt,4.194,0.250,1.049,1,4.328,412.74,4.328,11.391,0.344
86,ec.gp.GPIndividual@1058874705{79630804},3C_20_66-01.txt,7.322,0.250,1.831,2,2.453,134.01,1.227,11.391,0.344
86,ec.gp.GPIndividual@1058874705{79630804},3C_20_66-02.txt,154.245,0.250,38.561,3,7.781,20.18,2.594,11.391,0.344
86,ec.gp.GPIndividual@1058874705{79630804},3C_20_80-03.txt,169.439,0.250,42.360,2,7.844,18.52,3.922,11.391,0.344
86,ec.gp.GPIndividual@1058874705{79630804},3C_20_66-03.txt,118.340,0.250,29.585,13,32.188,108.80,2.476,11.391,0.344
86,ec.gp.GPIndividual@1058874705{79630804},3C_20_80-01.txt,4.194,0.250,1.049,1,4.141,394.86,4.141,11.391,0.344
86,ec.gp.GPIndividual@1058874705{79630804},3C_20_80-02.txt,35.738,0.250,8.935,6,9.219,103.18,1.536,11.391,0.344
86,ec.gp.GPIndividual@1058874705{79630804},3C_20_66-03.txt,118.340,0.250,29.585,11,31.406,106.16,2.855,11.391,0.344
86,ec.gp.GPIndividual@1058874705{79630804},3C_20_80-01.txt,4.194,0.250,1.049,1,6.016,573.67,6.016,11.391,0.344
86,ec.gp.GPIndividual@1343269575{401493682},3C_20_50-02.txt,61.404,0.250,15.351,8,22.156,144.33,2.770,8.656,0.453
86,ec.gp.GPIndividual@1343269575{401493682},3C_20_66-01.txt,7.322,0.250,1.831,1,2.188,119.50,2.188,8.656,0.453
86,ec.gp.GPIndividual@1343269575{401493682},3C_20_80-02.txt,35.738,0.250,8.935,3,5.500,61.56,1.833,8.656,0.453
86,ec.gp.GPIndividual@1343269575{401493682},3C_20_50-03.txt,30.993,0.250,7.748,5,11.063,142.78,2.213,8.656,0.453
86,ec.gp.GPIndividual@1343269575{401493682},3C_20_80-03.txt,169.439,0.250,42.360,18,45.828,108.19,2.546,8.656,0.359
86,ec.gp.GPIndividual@1343269575{401493682},3C_20_80-03.txt,169.439,0.250,42.360,3,8.469,19.99,2.823,8.656,0.156
86,ec.gp.GPIndividual@1343269575{401493682},3C_20_66-01.txt,7.322,0.250,1.831,3,1.641,89.62,0.547,8.656,0.156
86,ec.gp.GPIndividual@1343269575{401493682},3C_20_66-02.txt,154.245,0.250,38.561,8,39.266,101.83,4.908,14.813,0.156
86,ec.gp.GPIndividual@1343269575{401493682},3C_20_66-03.txt,118.340,0.250,29.585,3,15.828,53.50,5.276,14.813,0.156
86,ec.gp.GPIndividual@1343269575{401493682},3C_20_66-02.txt,154.245,0.250,38.561,1,6.781,17.59,6.781,14.813,0.156
86,ec.gp.GPIndividual@1343269575{401493682},3C_20_80-01.txt,4.194,0.250,1.049,3,1.063,101.32,0.354,14.813,0.156
86,ec.gp.GPIndividual@1343269575{401493682},3C_20_80-02.txt,35.738,0.250,8.935,2,19.594,219.30,9.797,16.906,0.156
86,ec.gp.GPIndividual@453692393{-1080722444},3C_20_50-02.txt,61.404,0.250,15.351,1,16.172,105.35,16.172,16.172,16.172
86,ec.gp.GPIndividual@453692393{-1080722444},3C_20_80-02.txt,35.738,0.250,8.935,3,4.000,44.77,1.333,16.172,0.500
86,ec.gp.GPIndividual@453692393{-1080722444},3C_20_80-03.txt,169.439,0.250,42.360,5,27.125,64.03,5.425,16.172,0.500
86,ec.gp.GPIndividual@247726008{-844848971},3C_20_50-02.txt,61.404,0.250,15.351,9,18.469,120.31,2.052,5.844,0.531
86,ec.gp.GPIndividual@1090007564{514671417},3C_20_50-02.txt,61.404,0.250,15.351,1,1.797,11.71,1.797,1.797,1.797
86,ec.gp.GPIndividual@1090007564{514671417},3C_20_66-03.txt,118.340,0.250,29.585,12,41.234,139.38,3.436,13.063,0.500
86,ec.gp.GPIndividual@1090007564{514671417},3C_20_66-02.txt,154.245,0.250,38.561,3,5.844,15.15,1.948,13.063,0.500
86,ec.gp.GPIndividual@1090007564{514671417},3C_20_80-01.txt,4.194,0.250,1.049,1,9.109,868.70,9.109,13.063,0.500
86,ec.gp.GPIndividual@1090007564{514671417},3C_20_50-03.txt,30.993,0.250,7.748,2,8.156,105.27,4.078,13.063,0.500
86,ec.gp.GPIndividual@1090007564{514671417},3C_20_80-03.txt,169.439,0.250,42.360,14,42.266,99.78,3.019,14.531,0.359
86,ec.gp.GPIndividual@1090007564{514671417},3C_20_50-03.txt,30.993,0.250,7.748,1,15.250,196.82,15.250,15.250,0.359
86,ec.gp.GPIndividual@1090007564{514671417},3C_20_50-03.txt,30.993,0.250,7.748,3,7.375,95.18,2.458,15.250,0.359
86,ec.gp.GPIndividual@1090007564{514671417},3C_20_66-01.txt,7.322,0.250,1.831,1,7.984,436.17,7.984,15.250,0.359
86,ec.gp.GPIndividual@1090007564{514671417},3C_20_66-03.txt,118.340,0.250,29.585,3,21.359,72.20,7.120,15.250,0.359
86,ec.gp.GPIndividual@1090007564{514671417},3C_20_80-02.txt,35.738,0.250,8.935,5,9.000,100.73,1.800,15.250,0.359
86,ec.gp.GPIndividual@1090007564{514671417},3C_20_66-01.txt,7.322,0.250,1.831,2,2.625,143.40,1.313,15.250,0.359
86,ec.gp.GPIndividual@1090007564{514671417},3C_20_80-03.txt,169.439,0.250,42.360,2,1.406,3.32,0.703,15.250,0.359
86,ec.gp.GPIndividual@1090007564{514671417},3C_20_66-02.txt,154.245,0.250,38.561,12,38.844,100.73,3.237,15.250,0.359
86,ec.gp.GPIndividual@399097279{1087013372},3C_20_50-02.txt,61.404,0.250,15.351,7,16.125,105.04,2.304,3.594,0.500
86,ec.gp.GPIndividual@399097279{1087013372},3C_20_66-03.txt,118.340,0.250,29.585,2,1.547,5.23,0.773,3.594,0.344
86,ec.gp.GPIndividual@1801615786{659763460},3C_20_50-02.txt,61.404,0.250,15.351,5,17.594,114.61,3.519,7.125,0.531
86,ec.gp.GPIndividual@1801615786{659763460},3C_20_66-01.txt,7.322,0.250,1.831,2,1.969,107.55,0.984,7.125,0.156
86,ec.gp.GPIndividual@1801615786{659763460},3C_20_50-03.txt,30.993,0.250,7.748,5,7.328,94.58,1.466,7.125,0.156
86,ec.gp.GPIndividual@1801615786{659763460},3C_20_80-01.txt,4.194,0.250,1.049,2,6.953,663.07,3.477,7.125,0.156
86,ec.gp.GPIndividual@1801615786{659763460},3C_20_80-01.txt,4.194,0.250,1.049,1,1.594,151.99,1.594,7.125,0.156
86,ec.gp.GPIndividual@1801615786{659763460},3C_20_66-02.txt,154.245,0.250,38.561,3,5.641,14.63,1.880,7.125,0.156
86,ec.gp.GPIndividual@1801615786{659763460},3C_20_50-03.txt,30.993,0.250,7.748,4,7.688,99.22,1.922,7.125,0.156
86,ec.gp.GPIndividual@1801615786{659763460},3C_20_66-02.txt,154.245,0.250,38.561,18,38.938,100.98,2.163,7.125,0.156
86,ec.gp.GPIndividual@1801615786{659763460},3C_20_80-02.txt,35.738,0.250,8.935,1,0.344,3.85,0.344,7.125,0.156
86,ec.gp.GPIndividual@1801615786{659763460},3C_20_66-01.txt,7.322,0.250,1.831,2,2.875,157.06,1.438,7.125,0.156
86,ec.gp.GPIndividual@1801615786{659763460},3C_20_66-03.txt,118.340,0.250,29.585,14,30.063,101.61,2.147,7.125,0.156
86,ec.gp.GPIndividual@1801615786{659763460},3C_20_80-01.txt,4.194,0.250,1.049,1,1.438,137.08,1.438,7.125,0.156
86,ec.gp.GPIndividual@1801615786{659763460},3C_20_66-02.txt,154.245,0.250,38.561,16,38.672,100.29,2.417,10.234,0.156
86,ec.gp.GPIndividual@1801615786{659763460},3C_20_66-03.txt,118.340,0.250,29.585,6,29.688,100.35,4.948,12.172,0.156
86,ec.gp.GPIndividual@1801615786{659763460},3C_20_80-03.txt,169.439,0.250,42.360,7,42.063,99.30,6.009,13.016,0.156
86,ec.gp.GPIndividual@1801615786{659763460},3C_20_66-03.txt,118.340,0.250,29.585,3,18.922,63.96,6.307,13.016,0.156
86,ec.gp.GPIndividual@1801615786{659763460},3C_20_80-02.txt,35.738,0.250,8.935,3,9.328,104.41,3.109,13.016,0.156
86,ec.gp.GPIndividual@1801615786{659763460},3C_20_80-03.txt,169.439,0.250,42.360,1,0.719,1.70,0.719,13.016,0.156
86,ec.gp.GPIndividual@1801615786{659763460},3C_20_66-01.txt,7.322,0.250,1.831,1,6.391,349.11,6.391,13.016,0.156
86,ec.gp.GPIndividual@1801615786{659763460},3C_20_80-01.txt,4.194,0.250,1.049,2,1.297,123.67,0.648,13.016,0.156
86,ec.gp.GPIndividual@1801615786{659763460},3C_20_66-02.txt,154.245,0.250,38.561,8,40.234,104.34,5.029,16.156,0.156
86,ec.gp.GPIndividual@1801615786{659763460},3C_20_80-02.txt,35.738,0.250,8.935,4,10.531,117.87,2.633,16.156,0.156
86,ec.gp.GPIndividual@1801615786{659763460},3C_20_80-03.txt,169.439,0.250,42.360,7,16.297,38.47,2.328,16.156,0.156
86,ec.gp.GPIndividual@1801615786{659763460},3C_20_80-01.txt,4.194,0.250,1.049,2,3.453,329.30,1.727,16.156,0.156
86,ec.gp.GPIndividual@1801615786{659763460},3C_20_80-02.txt,35.738,0.250,8.935,4,16.828,188.35,4.207,16.156,0.156
86,ec.gp.GPIndividual@1543272699{-439171694},3C_20_50-02.txt,61.404,0.250,15.351,0,0.000,0.00,0.000,0.000,0.000
86,ec.gp.GPIndividual@1543272699{-439171694},3C_20_50-03.txt,30.993,0.250,7.748,0,0.000,0.00,0.000,0.000,0.000
86,ec.gp.GPIndividual@1543272699{-439171694},3C_20_66-01.txt,7.322,0.250,1.831,0,0.000,0.00,0.000,0.000,0.000
86,ec.gp.GPIndividual@1543272699{-439171694},3C_20_66-02.txt,154.245,0.250,38.561,0,0.000,0.00,0.000,0.000,0.000
86,ec.gp.GPIndividual@1543272699{-439171694},3C_20_66-03.txt,118.340,0.250,29.585,0,0.000,0.00,0.000,0.000,0.000
86,ec.gp.GPIndividual@1543272699{-439171694},3C_20_80-01.txt,4.194,0.250,1.049,0,0.000,0.00,0.000,0.000,0.000
86,ec.gp.GPIndividual@1543272699{-439171694},3C_20_80-02.txt,35.738,0.250,8.935,0,0.000,0.00,0.000,0.000,0.000
86,ec.gp.GPIndividual@1543272699{-439171694},3C_20_80-03.txt,169.439,0.250,42.360,0,0.000,0.00,0.000,0.000,0.000
86,ec.gp.GPIndividual@1946584062{-588381484},3C_20_50-02.txt,61.404,0.250,15.351,6,15.375,100.16,2.563,8.766,0.141
86,ec.gp.GPIndividual@362180485{-316630734},3C_20_50-02.txt,61.404,0.250,15.351,4,12.844,83.67,3.211,10.734,0.281
86,ec.gp.GPIndividual@362180485{-316630734},3C_20_50-03.txt,30.993,0.250,7.748,1,15.203,196.22,15.203,15.203,0.281
86,ec.gp.GPIndividual@311135901{1271684081},3C_20_50-02.txt,61.404,0.250,15.351,3,19.813,129.06,6.604,15.922,0.281
86,ec.gp.GPIndividual@311135901{1271684081},3C_20_80-01.txt,4.194,0.250,1.049,1,1.781,169.87,1.781,15.922,0.281
86,ec.gp.GPIndividual@311135901{1271684081},3C_20_80-02.txt,35.738,0.250,8.935,7,9.953,111.40,1.422,15.922,0.281
86,ec.gp.GPIndividual@311135901{1271684081},3C_20_80-03.txt,169.439,0.250,42.360,13,44.625,105.35,3.433,15.922,0.125
86,ec.gp.GPIndividual@311135901{1271684081},3C_20_66-01.txt,7.322,0.250,1.831,1,6.734,367.89,6.734,15.922,0.125
86,ec.gp.GPIndividual@311135901{1271684081},3C_20_80-02.txt,35.738,0.250,8.935,2,13.813,154.60,6.906,15.922,0.125
86,ec.gp.GPIndividual@311135901{1271684081},3C_20_50-03.txt,30.993,0.250,7.748,1,14.109,182.10,14.109,15.922,0.125
86,ec.gp.GPIndividual@311135901{1271684081},3C_20_50-03.txt,30.993,0.250,7.748,1,0.906,11.70,0.906,15.922,0.125
86,ec.gp.GPIndividual@311135901{1271684081},3C_20_66-02.txt,154.245,0.250,38.561,8,16.563,42.95,2.070,15.922,0.125
86,ec.gp.GPIndividual@311135901{1271684081},3C_20_66-03.txt,118.340,0.250,29.585,5,14.422,48.75,2.884,15.922,0.125
86,ec.gp.GPIndividual@311135901{1271684081},3C_20_80-01.txt,4.194,0.250,1.049,5,1.141,108.77,0.228,15.922,0.125
86,ec.gp.GPIndividual@311135901{1271684081},3C_20_80-02.txt,35.738,0.250,8.935,1,1.844,20.64,1.844,15.922,0.125
86,ec.gp.GPIndividual@311135901{1271684081},3C_20_80-03.txt,169.439,0.250,42.360,4,29.969,70.75,7.492,15.922,0.125
86,ec.gp.GPIndividual@1776378979{1485886900},3C_20_50-02.txt,61.404,0.250,15.351,0,0.000,0.00,0.000,0.000,0.000
86,ec.gp.GPIndividual@1776378979{1485886900},3C_20_50-03.txt,30.993,0.250,7.748,0,0.000,0.00,0.000,0.000,0.000
86,ec.gp.GPIndividual@1776378979{1485886900},3C_20_66-01.txt,7.322,0.250,1.831,0,0.000,0.00,0.000,0.000,0.000
86,ec.gp.GPIndividual@1776378979{1485886900},3C_20_66-02.txt,154.245,0.250,38.561,0,0.000,0.00,0.000,0.000,0.000
86,ec.gp.GPIndividual@1776378979{1485886900},3C_20_66-03.txt,118.340,0.250,29.585,0,0.000,0.00,0.000,0.000,0.000
86,ec.gp.GPIndividual@1776378979{1485886900},3C_20_80-01.txt,4.194,0.250,1.049,0,0.000,0.00,0.000,0.000,0.000
86,ec.gp.GPIndividual@1776378979{1485886900},3C_20_80-02.txt,35.738,0.250,8.935,0,0.000,0.00,0.000,0.000,0.000
86,ec.gp.GPIndividual@1776378979{1485886900},3C_20_80-03.txt,169.439,0.250,42.360,0,0.000,0.00,0.000,0.000,0.000
86,ec.gp.GPIndividual@776290978{1650705285},3C_20_50-02.txt,61.404,0.250,15.351,6,15.141,98.63,2.523,10.766,0.141
86,ec.gp.GPIndividual@776290978{1650705285},3C_20_80-03.txt,169.439,0.250,42.360,5,25.094,59.24,5.019,10.766,0.141
86,ec.gp.GPIndividual@434266532{-1456128606},3C_20_50-02.txt,61.404,0.250,15.351,9,21.625,140.87,2.403,13.609,0.203
86,ec.gp.GPIndividual@434266532{-1456128606},3C_20_66-01.txt,7.322,0.250,1.831,3,2.859,156.20,0.953,13.609,0.203
86,ec.gp.GPIndividual@434266532{-1456128606},3C_20_50-03.txt,30.993,0.250,7.748,5,9.531,123.01,1.906,13.609,0.203
86,ec.gp.GPIndividual@434266532{-1456128606},3C_20_66-02.txt,154.245,0.250,38.561,13,41.953,108.80,3.227,13.609,0.203
86,ec.gp.GPIndividual@434266532{-1456128606},3C_20_66-03.txt,118.340,0.250,29.585,5,29.469,99.61,5.894,14.516,0.203
86,ec.gp.GPIndividual@434266532{-1456128606},3C_20_66-01.txt,7.322,0.250,1.831,1,3.656,199.74,3.656,14.516,0.203
86,ec.gp.GPIndividual@434266532{-1456128606},3C_20_66-01.txt,7.322,0.250,1.831,3,1.891,103.28,0.630,14.516,0.109
86,ec.gp.GPIndividual@434266532{-1456128606},3C_20_80-01.txt,4.194,0.250,1.049,2,1.156,110.26,0.578,14.516,0.109
86,ec.gp.GPIndividual@434266532{-1456128606},3C_20_66-02.txt,154.245,0.250,38.561,19,39.469,102.35,2.077,14.516,0.109
86,ec.gp.GPIndividual@434266532{-1456128606},3C_20_66-02.txt,154.245,0.250,38.561,11,45.000,116.70,4.091,14.516,0.109
86,ec.gp.GPIndividual@434266532{-1456128606},3C_20_80-02.txt,35.738,0.250,8.935,3,4.047,45.29,1.349,14.516,0.109
86,ec.gp.GPIndividual@434266532{-1456128606},3C_20_66-03.txt,118.340,0.250,29.585,9,28.266,95.54,3.141,14.516,0.109
86,ec.gp.GPIndividual@434266532{-1456128606},3C_20_66-03.txt,118.340,0.250,29.585,1,7.688,25.98,7.688,14.516,0.109
86,ec.gp.GPIndividual@434266532{-1456128606},3C_20_66-02.txt,154.245,0.250,38.561,11,38.859,100.77,3.533,14.516,0.109
86,ec.gp.GPIndividual@434266532{-1456128606},3C_20_80-01.txt,4.194,0.250,1.049,1,13.531,1290.38,13.531,14.516,0.109
86,ec.gp.GPIndividual@434266532{-1456128606},3C_20_80-03.txt,169.439,0.250,42.360,5,14.188,33.49,2.838,14.516,0.109
86,ec.gp.GPIndividual@434266532{-1456128606},3C_20_80-01.txt,4.194,0.250,1.049,4,1.078,102.81,0.270,14.516,0.109
86,ec.gp.GPIndividual@434266532{-1456128606},3C_20_80-02.txt,35.738,0.250,8.935,6,8.953,100.21,1.492,14.516,0.109
86,ec.gp.GPIndividual@434266532{-1456128606},3C_20_80-02.txt,35.738,0.250,8.935,7,9.141,102.31,1.306,14.516,0.109
86,ec.gp.GPIndividual@778068842{1798180499},3C_20_50-02.txt,61.404,0.250,15.351,1,0.000,0.00,0.000,0.000,0.000
86,ec.gp.GPIndividual@778068842{1798180499},3C_20_50-03.txt,30.993,0.250,7.748,1,0.000,0.00,0.000,0.000,0.000
86,ec.gp.GPIndividual@778068842{1798180499},3C_20_66-01.txt,7.322,0.250,1.831,1,0.000,0.00,0.000,0.000,0.000
86,ec.gp.GPIndividual@778068842{1798180499},3C_20_66-02.txt,154.245,0.250,38.561,1,0.000,0.00,0.000,0.000,0.000
86,ec.gp.GPIndividual@778068842{1798180499},3C_20_66-03.txt,118.340,0.250,29.585,1,0.000,0.00,0.000,0.000,0.000
86,ec.gp.GPIndividual@778068842{1798180499},3C_20_80-01.txt,4.194,0.250,1.049,1,0.000,0.00,0.000,0.000,0.000
86,ec.gp.GPIndividual@778068842{1798180499},3C_20_80-02.txt,35.738,0.250,8.935,1,0.000,0.00,0.000,0.000,0.000
86,ec.gp.GPIndividual@778068842{1798180499},3C_20_80-03.txt,169.439,0.250,42.360,1,0.000,0.00,0.000,0.000,0.000
87,ec.gp.GPIndividual@1072318189{-695812430},3C_20_50-02.txt,61.404,0.250,15.351,0,0.000,0.00,0.000,0.000,0.000
87,ec.gp.GPIndividual@1072318189{-695812430},3C_20_50-03.txt,30.993,0.250,7.748,0,0.000,0.00,0.000,0.000,0.000
87,ec.gp.GPIndividual@1072318189{-695812430},3C_20_66-01.txt,7.322,0.250,1.831,0,0.000,0.00,0.000,0.000,0.000
87,ec.gp.GPIndividual@1072318189{-695812430},3C_20_66-02.txt,154.245,0.250,38.561,0,0.000,0.00,0.000,0.000,0.000
87,ec.gp.GPIndividual@1072318189{-695812430},3C_20_66-03.txt,118.340,0.250,29.585,0,0.000,0.00,0.000,0.000,0.000
87,ec.gp.GPIndividual@1072318189{-695812430},3C_20_80-01.txt,4.194,0.250,1.049,0,0.000,0.00,0.000,0.000,0.000
87,ec.gp.GPIndividual@1072318189{-695812430},3C_20_80-02.txt,35.738,0.250,8.935,0,0.000,0.00,0.000,0.000,0.000
87,ec.gp.GPIndividual@1072318189{-695812430},3C_20_80-03.txt,169.439,0.250,42.360,0,0.000,0.00,0.000,0.000,0.000
87,ec.gp.GPIndividual@2056951763{-1677914694},3C_20_50-02.txt,61.404,0.250,15.351,4,1.375,8.96,0.344,0.344,0.344
87,ec.gp.GPIndividual@2056951763{-1677914694},3C_20_50-03.txt,30.993,0.250,7.748,2,0.688,8.87,0.344,0.344,0.344
87,ec.gp.GPIndividual@2056951763{-1677914694},3C_20_50-03.txt,30.993,0.250,7.748,7,7.766,100.23,1.109,1.719,0.172
87,ec.gp.GPIndividual@2056951763{-1677914694},3C_20_50-03.txt,30.993,0.250,7.748,2,4.313,55.66,2.156,3.250,0.172
87,ec.gp.GPIndividual@2056951763{-1677914694},3C_20_66-01.txt,7.322,0.250,1.831,1,3.250,177.54,3.250,3.250,0.172
87,ec.gp.GPIndividual@2056951763{-1677914694},3C_20_66-01.txt,7.322,0.250,1.831,1,1.844,100.72,1.844,3.250,0.172
87,ec.gp.GPIndividual@2056951763{-1677914694},3C_20_50-03.txt,30.993,0.250,7.748,1,0.875,11.29,0.875,3.250,0.172
87,ec.gp.GPIndividual@2056951763{-1677914694},3C_20_66-02.txt,154.245,0.250,38.561,1,0.875,2.27,0.875,3.250,0.172
87,ec.gp.GPIndividual@2056951763{-1677914694},3C_20_66-02.txt,154.245,0.250,38.561,4,10.594,27.47,2.648,3.250,0.172
87,ec.gp.GPIndividual@2056951763{-1677914694},3C_20_66-03.txt,118.340,0.250,29.585,1,2.531,8.56,2.531,3.250,0.172
87,ec.gp.GPIndividual@2056951763{-1677914694},3C_20_66-03.txt,118.340,0.250,29.585,6,25.672,86.77,4.279,6.344,0.172
87,ec.gp.GPIndividual@2056951763{-1677914694},3C_20_80-01.txt,4.194,0.250,1.049,1,6.516,621.35,6.516,6.516,0.172
87,ec.gp.GPIndividual@2056951763{-1677914694},3C_20_80-01.txt,4.194,0.250,1.049,1,0.500,47.68,0.500,6.516,0.172
87,ec.gp.GPIndividual@2056951763{-1677914694},3C_20_80-02.txt,35.738,0.250,8.935,1,0.500,5.60,0.500,6.516,0.172
87,ec.gp.GPIndividual@2056951763{-1677914694},3C_20_80-02.txt,35.738,0.250,8.935,2,6.563,73.45,3.281,6.516,0.172
87,ec.gp.GPIndividual@2056951763{-1677914694},3C_20_80-03.txt,169.439,0.250,42.360,1,2.375,5.61,2.375,6.516,0.172
87,ec.gp.GPIndividual@2056951763{-1677914694},3C_20_80-03.txt,169.439,0.250,42.360,5,31.313,73.92,6.263,9.453,0.172
87,ec.gp.GPIndividual@875237755{-459223776},3C_20_50-02.txt,61.404,0.250,15.351,1,6.609,43.05,6.609,6.609,6.609
87,ec.gp.GPIndividual@2130161007{-1912434017},3C_20_50-02.txt,61.404,0.250,15.351,5,17.266,112.47,3.453,7.484,0.328
87,ec.gp.GPIndividual@2130161007{-1912434017},3C_20_50-03.txt,30.993,0.250,7.748,2,9.547,123.22,4.773,7.609,0.328
87,ec.gp.GPIndividual@2130161007{-1912434017},3C_20_66-01.txt,7.322,0.250,1.831,4,4.578,250.10,1.145,7.609,0.172
87,ec.gp.GPIndividual@2130161007{-1912434017},3C_20_66-01.txt,7.322,0.250,1.831,2,2.188,119.50,1.094,7.609,0.156
87,ec.gp.GPIndividual@2130161007{-1912434017},3C_20_50-03.txt,30.993,0.250,7.748,1,10.938,141.16,10.938,10.938,0.156
87,ec.gp.GPIndividual@2130161007{-1912434017},3C_20_50-03.txt,30.993,0.250,7.748,1,0.672,8.67,0.672,10.938,0.156
87,ec.gp.GPIndividual@2130161007{-1912434017},3C_20_66-02.txt,154.245,0.250,38.561,17,39.594,102.68,2.329,10.938,0.156
87,ec.gp.GPIndividual@2130161007{-1912434017},3C_20_66-03.txt,118.340,0.250,29.585,10,35.094,118.62,3.509,10.938,0.156
87,ec.gp.GPIndividual@2130161007{-1912434017},3C_20_66-02.txt,154.245,0.250,38.561,9,40.453,104.91,4.495,10.938,0.156
87,ec.gp.GPIndividual@2130161007{-1912434017},3C_20_66-01.txt,7.322,0.250,1.831,2,5.391,294.48,2.695,10.938,0.156
87,ec.gp.GPIndividual@2130161007{-1912434017},3C_20_50-03.txt,30.993,0.250,7.748,6,8.125,104.86,1.354,10.938,0.156
87,ec.gp.GPIndividual@2130161007{-1912434017},3C_20_80-01.txt,4.194,0.250,1.049,1,1.281,122.18,1.281,10.938,0.156
87,ec.gp.GPIndividual@2130161007{-1912434017},3C_20_66-02.txt,154.245,0.250,38.561,4,13.766,35.70,3.441,10.938,0.156
87,ec.gp.GPIndividual@2130161007{-1912434017},3C_20_66-01.txt,7.322,0.250,1.831,2,10.094,551.41,5.047,10.938,0.156
87,ec.gp.GPIndividual@2130161007{-1912434017},3C_20_66-01.txt,7.322,0.250,1.831,2,2.734,149.37,1.367,10.938,0.156
87,ec.gp.GPIndividual@2130161007{-1912434017},3C_20_66-03.txt,118.340,0.250,29.585,19,34.656,117.14,1.824,10.938,0.156
87,ec.gp.GPIndividual@2130161007{-1912434017},3C_20_80-01.txt,4.194,0.250,1.049,2,1.109,105.79,0.555,10.938,0.156
87,ec.gp.GPIndividual@2130161007{-1912434017},3C_20_80-02.txt,35.738,0.250,8.935,6,9.219,103.18,1.536,10.938,0.156
87,ec.gp.GPIndividual@2130161007{-1912434017},3C_20_80-03.txt,169.439,0.250,42.360,3,9.234,21.80,3.078,10.938,0.156
87,ec.gp.GPIndividual@2130161007{-1912434017},3C_20_66-03.txt,118.340,0.250,29.585,7,30.203,102.09,4.315,10.938,0.156
87,ec.gp.GPIndividual@2130161007{-1912434017},3C_20_66-01.txt,7.322,0.250,1.831,4,1.781,97.31,0.445,10.938,0.156
87,ec.gp.GPIndividual@2130161007{-1912434017},3C_20_66-02.txt,154.245,0.250,38.561,1,2.688,6.97,2.688,10.938,0.156
87,ec.gp.GPIndividual@2130161007{-1912434017},3C_20_80-01.txt,4.194,0.250,1.049,3,1.078,102.81,0.359,10.938,0.156
87,ec.gp.GPIndividual@2130161007{-1912434017},3C_20_80-02.txt,35.738,0.250,8.935,1,9.828,110.00,9.828,10.938,0.156
87,ec.gp.GPIndividual@2130161007{-1912434017},3C_20_66-02.txt,154.245,0.250,38.561,8,35.406,91.82,4.426,13.891,0.156
87,ec.gp.GPIndividual@2130161007{-1912434017},3C_20_66-02.txt,154.245,0.250,38.561,17,46.563,120.75,2.739,13.891,0.156
87,ec.gp.GPIndividual@2130161007{-1912434017},3C_20_80-02.txt,35.738,0.250,8.935,4,9.250,103.53,2.313,13.891,0.156
87,ec.gp.GPIndividual@2036664132{361565307},3C_20_50-02.txt,61.404,0.250,15.351,0,0.000,0.00,0.000,0.000,0.000
87,ec.gp.GPIndividual@2036664132{361565307},3C_20_50-03.txt,30.993,0.250,7.748,0,0.000,0.00,0.000,0.000,0.000
87,ec.gp.GPIndividual@2036664132{361565307},3C_20_66-01.txt,7.322,0.250,1.831,0,0.000,0.00,0.000,0.000,0.000
87,ec.gp.GPIndividual@2036664132{361565307},3C_20_66-02.txt,154.245,0.250,38.561,0,0.000,0.00,0.000,0.000,0.000
87,ec.gp.GPIndividual@2036664132{361565307},3C_20_66-03.txt,118.340,0.250,29.585,0,0.000,0.00,0.000,0.000,0.000
87,ec.gp.GPIndividual@2036664132{361565307},3C_20_80-01.txt,4.194,0.250,1.049,0,0.000,0.00,0.000,0.000,0.000
87,ec.gp.GPIndividual@2036664132{361565307},3C_20_80-02.txt,35.738,0.250,8.935,0,0.000,0.00,0.000,0.000,0.000
87,ec.gp.GPIndividual@2036664132{361565307},3C_20_80-03.txt,169.439,0.250,42.360,0,0.000,0.00,0.000,0.000,0.000
87,ec.gp.GPIndividual@1150557199{1559769107},3C_20_50-02.txt,61.404,0.250,15.351,5,19.328,125.91,3.866,8.500,0.484
87,ec.gp.GPIndividual@1150557199{1559769107},3C_20_80-03.txt,169.439,0.250,42.360,13,42.813,101.07,3.293,11.000,0.484
87,ec.gp.GPIndividual@427642791{110877238},3C_20_50-02.txt,61.404,0.250,15.351,2,1.734,11.30,0.867,1.234,0.500
87,ec.gp.GPIndividual@427642791{110877238},3C_20_50-03.txt,30.993,0.250,7.748,1,6.359,82.08,6.359,6.359,0.500
87,ec.gp.GPIndividual@427642791{110877238},3C_20_66-03.txt,118.340,0.250,29.585,4,30.469,102.99,7.617,12.547,0.500
87,ec.gp.GPIndividual@427642791{110877238},3C_20_66-03.txt,118.340,0.250,29.585,3,10.578,35.76,3.526,12.547,0.500
87,ec.gp.GPIndividual@427642791{110877238},3C_20_66-03.txt,118.340,0.250,29.585,1,2.969,10.03,2.969,12.547,0.500
87,ec.gp.GPIndividual@427642791{110877238},3C_20_50-03.txt,30.993,0.250,7.748,5,12.125,156.49,2.425,12.547,0.172
87,ec.gp.GPIndividual@427642791{110877238},3C_20_66-01.txt,7.322,0.250,1.831,1,0.156,8.54,0.156,12.547,0.156
87,ec.gp.GPIndividual@427642791{110877238},3C_20_80-01.txt,4.194,0.250,1.049,3,7.453,710.75,2.484,12.547,0.156
87,ec.gp.GPIndividual@427642791{110877238},3C_20_80-01.txt,4.194,0.250,1.049,3,1.141,108.77,0.380,12.547,0.156
87,ec.gp.GPIndividual@427642791{110877238},3C_20_66-02.txt,154.245,0.250,38.561,6,15.734,40.80,2.622,12.547,0.156
87,ec.gp.GPIndividual@427642791{110877238},3C_20_80-02.txt,35.738,0.250,8.935,4,12.328,137.98,3.082,12.547,0.156
87,ec.gp.GPIndividual@427642791{110877238},3C_20_80-01.txt,4.194,0.250,1.049,1,1.234,117.71,1.234,12.547,0.156
87,ec.gp.GPIndividual@427642791{110877238},3C_20_66-03.txt,118.340,0.250,29.585,14,38.563,130.35,2.754,12.547,0.156
87,ec.gp.GPIndividual@427642791{110877238},3C_20_80-03.txt,169.439,0.250,42.360,8,22.250,52.53,2.781,12.547,0.156
87,ec.gp.GPIndividual@427642791{110877238},3C_20_80-01.txt,4.194,0.250,1.049,1,2.938,280.13,2.938,12.547,0.156
87,ec.gp.GPIndividual@427642791{110877238},3C_20_80-02.txt,35.738,0.250,8.935,4,9.625,107.73,2.406,12.547,0.156
87,ec.gp.GPIndividual@640968234{-1251526912},3C_20_50-02.txt,61.404,0.250,15.351,0,0.000,0.00,0.000,0.000,0.000
87,ec.gp.GPIndividual@640968234{-1251526912},3C_20_50-03.txt,30.993,0.250,7.748,0,0.000,0.00,0.000,0.000,0.000
87,ec.gp.GPIndividual@640968234{-1251526912},3C_20_66-01.txt,7.322,0.250,1.831,0,0.000,0.00,0.000,0.000,0.000
87,ec.gp.GPIndividual@640968234{-1251526912},3C_20_66-02.txt,154.245,0.250,38.561,0,0.000,0.00,0.000,0.000,0.000
87,ec.gp.GPIndividual@640968234{-1251526912},3C_20_66-03.txt,118.340,0.250,29.585,0,0.000,0.00,0.000,0.000,0.000
87,ec.gp.GPIndividual@640968234{-1251526912},3C_20_80-01.txt,4.194,0.250,1.049,0,0.000,0.00,0.000,0.000,0.000
87,ec.gp.GPIndividual@640968234{-1251526912},3C_20_80-02.txt,35.738,0.250,8.935,0,0.000,0.00,0.000,0.000,0.000
87,ec.gp.GPIndividual@640968234{-1251526912},3C_20_80-03.txt,169.439,0.250,42.360,0,0.000,0.00,0.000,0.000,0.000
87,ec.gp.GPIndividual@1806480518{1473309431},3C_20_50-02.txt,61.404,0.250,15.351,7,10.594,69.01,1.513,2.813,0.344
87,ec.gp.GPIndividual@1806480518{1473309431},3C_20_50-03.txt,30.993,0.250,7.748,2,10.766,138.94,5.383,9.344,0.344
87,ec.gp.GPIndividual@1806480518{1473309431},3C_20_66-01.txt,7.322,0.250,1.831,2,4.844,264.61,2.422,9.344,0.344
87,ec.gp.GPIndividual@1806480518{1473309431},3C_20_80-02.txt,35.738,0.250,8.935,6,10.063,112.62,1.677,9.344,0.203
87,ec.gp.GPIndividual@1806480518{1473309431},3C_20_66-01.txt,7.322,0.250,1.831,1,1.953,106.70,1.953,9.344,0.203
87,ec.gp.GPIndividual@1806480518{1473309431},3C_20_80-03.txt,169.439,0.250,42.360,5,6.328,14.94,1.266,9.344,0.203
87,ec.gp.GPIndividual@1806480518{1473309431},3C_20_66-02.txt,154.245,0.250,38.561,1,1.453,3.77,1.453,9.344,0.203
87,ec.gp.GPIndividual@1806480518{1473309431},3C_20_66-02.txt,154.245,0.250,38.561,1,2.922,7.58,2.922,9.344,0.203
87,ec.gp.GPIndividual@1806480518{1473309431},3C_20_80-02.txt,35.738,0.250,8.935,1,16.750,187.47,16.750,16.750,0.203
87,ec.gp.GPIndividual@1806480518{1473309431},3C_20_80-03.txt,169.439,0.250,42.360,5,9.875,23.31,1.975,16.750,0.203
87,ec.gp.GPIndividual@1806480518{1473309431},3C_20_66-03.txt,118.340,0.250,29.585,5,11.813,39.93,2.363,16.750,0.203
87,ec.gp.GPIndividual@1806480518{1473309431},3C_20_66-03.txt,118.340,0.250,29.585,4,16.250,54.93,4.063,16.750,0.203
87,ec.gp.GPIndividual@1806480518{1473309431},3C_20_80-01.txt,4.194,0.250,1.049,3,1.063,101.32,0.354,16.750,0.172
87,ec.gp.GPIndividual@1806480518{1473309431},3C_20_80-02.txt,35.738,0.250,8.935,2,16.016,179.26,8.008,16.750,0.172
87,ec.gp.GPIndividual@680929357{271532587},3C_20_50-02.txt,61.404,0.250,15.351,0,0.000,0.00,0.000,0.000,0.000
87,ec.gp.GPIndividual@680929357{271532587},3C_20_50-03.txt,30.993,0.250,7.748,0,0.000,0.00,0.000,0.000,0.000
87,ec.gp.GPIndividual@680929357{271532587},3C_20_66-01.txt,7.322,0.250,1.831,0,0.000,0.00,0.000,0.000,0.000
87,ec.gp.GPIndividual@680929357{271532587},3C_20_66-02.txt,154.245,0.250,38.561,0,0.000,0.00,0.000,0.000,0.000
87,ec.gp.GPIndividual@680929357{271532587},3C_20_66-03.txt,118.340,0.250,29.585,0,0.000,0.00,0.000,0.000,0.000
87,ec.gp.GPIndividual@680929357{271532587},3C_20_80-01.txt,4.194,0.250,1.049,0,0.000,0.00,0.000,0.000,0.000
87,ec.gp.GPIndividual@680929357{271532587},3C_20_80-02.txt,35.738,0.250,8.935,0,0.000,0.00,0.000,0.000,0.000
87,ec.gp.GPIndividual@680929357{271532587},3C_20_80-03.txt,169.439,0.250,42.360,0,0.000,0.00,0.000,0.000,0.000
87,ec.gp.GPIndividual@1927830693{107298193},3C_20_50-02.txt,61.404,0.250,15.351,1,2.391,15.57,2.391,2.391,2.391
87,ec.gp.GPIndividual@1927830693{107298193},3C_20_80-03.txt,169.439,0.250,42.360,8,42.828,101.11,5.354,16.359,0.484
87,ec.gp.GPIndividual@1927830693{107298193},3C_20_50-03.txt,30.993,0.250,7.748,1,0.891,11.49,0.891,16.359,0.484
87,ec.gp.GPIndividual@1927830693{107298193},3C_20_80-01.txt,4.194,0.250,1.049,1,6.125,584.10,6.125,16.359,0.484
87,ec.gp.GPIndividual@737526654{-1447349542},3C_20_50-02.txt,61.404,0.250,15.351,3,3.438,22.39,1.146,2.438,0.484
87,ec.gp.GPIndividual@737526654{-1447349542},3C_20_80-03.txt,169.439,0.250,42.360,7,14.266,33.68,2.038,5.688,0.484
87,ec.gp.GPIndividual@737526654{-1447349542},3C_20_50-03.txt,30.993,0.250,7.748,1,10.234,132.09,10.234,10.234,0.484
87,ec.gp.GPIndividual@737526654{-1447349542},3C_20_80-03.txt,169.439,0.250,42.360,4,17.547,41.42,4.387,10.234,0.484
87,ec.gp.GPIndividual@737526654{-1447349542},3C_20_80-02.txt,35.738,0.250,8.935,3,9.781,109.48,3.260,10.234,0.484
87,ec.gp.GPIndividual@430374098{-300614656},3C_20_50-02.txt,61.404,0.250,15.351,5,15.844,103.21,3.169,7.422,0.438
87,ec.gp.GPIndividual@430374098{-300614656},3C_20_80-03.txt,169.439,0.250,42.360,8,42.578,100.52,5.322,12.453,0.438
87,ec.gp.GPIndividual@2090311622{312445383},3C_20_50-02.txt,61.404,0.250,15.351,3,16.563,107.89,5.521,8.297,0.406
87,ec.gp.GPIndividual@2090311622{312445383},3C_20_66-01.txt,7.322,0.250,1.831,3,1.719,93.89,0.573,8.297,0.141
87,ec.gp.GPIndividual@2090311622{312445383},3C_20_50-03.txt,30.993,0.250,7.748,5,7.828,101.03,1.566,8.297,0.141
87,ec.gp.GPIndividual@2090311622{312445383},3C_20_66-02.txt,154.245,0.250,38.561,2,11.719,30.39,5.859,11.141,0.141
87,ec.gp.GPIndividual@766010061{107298193},3C_20_50-02.txt,61.404,0.250,15.351,11,15.797,102.90,1.436,3.297,0.141
87,ec.gp.GPIndividual@766010061{107298193},3C_20_66-03.txt,118.340,0.250,29.585,7,23.938,80.91,3.420,5.531,0.141
87,ec.gp.GPIndividual@766010061{107298193},3C_20_66-01.txt,7.322,0.250,1.831,1,5.672,309.85,5.672,5.672,0.141
87,ec.gp.GPIndividual@766010061{107298193},3C_20_66-01.txt,7.322,0.250,1.831,4,2.188,119.50,0.547,5.672,0.141
87,ec.gp.GPIndividual@766010061{107298193},3C_20_66-02.txt,154.245,0.250,38.561,7,20.313,52.68,2.902,7.469,0.125
87,ec.gp.GPIndividual@766010061{107298193},3C_20_66-01.txt,7.322,0.250,1.831,2,2.219,121.21,1.109,7.469,0.125
87,ec.gp.GPIndividual@766010061{107298193},3C_20_66-02.txt,154.245,0.250,38.561,15,40.719,105.60,2.715,14.328,0.125
87,ec.gp.GPIndividual@766010061{107298193},3C_20_80-01.txt,4.194,0.250,1.049,5,1.156,110.26,0.231,14.328,0.125
87,ec.gp.GPIndividual@766010061{107298193},3C_20_80-02.txt,35.738,0.250,8.935,2,12.703,142.18,6.352,14.328,0.125
87,ec.gp.GPIndividual@766010061{107298193},3C_20_66-03.txt,118.340,0.250,29.585,1,4.938,16.69,4.938,14.328,0.125
87,ec.gp.GPIndividual@766010061{107298193},3C_20_50-03.txt,30.993,0.250,7.748,1,11.406,147.21,11.406,14.328,0.125
87,ec.gp.GPIndividual@766010061{107298193},3C_20_66-02.txt,154.245,0.250,38.561,16,39.047,101.26,2.440,14.328,0.125
87,ec.gp.GPIndividual@766010061{107298193},3C_20_66-03.txt,118.340,0.250,29.585,3,11.078,37.45,3.693,14.328,0.125
87,ec.gp.GPIndividual@766010061{107298193},3C_20_80-03.txt,169.439,0.250,42.360,6,40.156,94.80,6.693,14.328,0.125
87,ec.gp.GPIndividual@766010061{107298193},3C_20_80-01.txt,4.194,0.250,1.049,5,1.188,113.24,0.238,14.328,0.125
87,ec.gp.GPIndividual@766010061{107298193},3C_20_80-02.txt,35.738,0.250,8.935,1,6.281,70.30,6.281,14.328,0.125
87,ec.gp.GPIndividual@1202966336{759810490},3C_20_50-02.txt,61.404,0.250,15.351,6,15.438,100.56,2.573,7.359,0.391
87,ec.gp.GPIndividual@1202966336{759810490},3C_20_80-03.txt,169.439,0.250,42.360,4,15.313,36.15,3.828,12.422,0.281
87,ec.gp.GPIndividual@1202966336{759810490},3C_20_66-03.txt,118.340,0.250,29.585,8,35.266,119.20,4.408,12.422,0.281
87,ec.gp.GPIndividual@1202966336{759810490},3C_20_50-03.txt,30.993,0.250,7.748,1,10.547,136.12,10.547,12.422,0.281
87,ec.gp.GPIndividual@1202966336{759810490},3C_20_66-01.txt,7.322,0.250,1.831,2,4.344,237.29,2.172,12.422,0.281
87,ec.gp.GPIndividual@1202966336{759810490},3C_20_80-01.txt,4.194,0.250,1.049,2,1.484,141.55,0.742,12.422,0.281
87,ec.gp.GPIndividual@2064007673{1759400912},3C_20_50-02.txt,61.404,0.250,15.351,10,25.969,169.17,2.597,16.391,0.109
87,ec.gp.GPIndividual@2064007673{1759400912},3C_20_80-01.txt,4.194,0.250,1.049,1,1.188,113.24,1.188,16.391,0.109
87,ec.gp.GPIndividual@2064007673{1759400912},3C_20_66-02.txt,154.245,0.250,38.561,21,40.000,103.73,1.905,16.391,0.109
87,ec.gp.GPIndividual@2064007673{1759400912},3C_20_66-03.txt,118.340,0.250,29.585,10,29.609,100.08,2.961,16.391,0.109
87,ec.gp.GPIndividual@2064007673{1759400912},3C_20_66-01.txt,7.322,0.250,1.831,1,4.656,254.36,4.656,16.391,0.109
87,ec.gp.GPIndividual@2064007673{1759400912},3C_20_50-03.txt,30.993,0.250,7.748,5,15.438,199.24,3.088,16.391,0.109
87,ec.gp.GPIndividual@2064007673{1759400912},3C_20_80-02.txt,35.738,0.250,8.935,3,10.781,120.67,3.594,16.391,0.109
87,ec.gp.GPIndividual@2064007673{1759400912},3C_20_80-02.txt,35.738,0.250,8.935,8,8.938,100.03,1.117,16.391,0.109
87,ec.gp.GPIndividual@2064007673{1759400912},3C_20_80-03.txt,169.439,0.250,42.360,3,4.313,10.18,1.438,16.391,0.109
87,ec.gp.GPIndividual@2064007673{1759400912},3C_20_80-01.txt,4.194,0.250,1.049,1,2.406,229.47,2.406,16.391,0.109
87,ec.gp.GPIndividual@2064007673{1759400912},3C_20_66-01.txt,7.322,0.250,1.831,4,2.375,129.74,0.594,16.391,0.109
87,ec.gp.GPIndividual@2064007673{1759400912},3C_20_80-02.txt,35.738,0.250,8.935,10,9.719,108.78,0.972,16.391,0.109
87,ec.gp.GPIndividual@2064007673{1759400912},3C_20_66-02.txt,154.245,0.250,38.561,4,6.781,17.59,1.695,16.391,0.109
87,ec.gp.GPIndividual@2064007673{1759400912},3C_20_80-03.txt,169.439,0.250,42.360,9,55.344,130.65,6.149,16.391,0.109
87,ec.gp.GPIndividual@278083255{1650705285},3C_20_50-02.txt,61.404,0.250,15.351,1,0.438,2.85,0.438,0.438,0.438
87,ec.gp.GPIndividual@278083255{1650705285},3C_20_80-03.txt,169.439,0.250,42.360,10,43.109,101.77,4.311,12.703,0.266
87,ec.gp.GPIndividual@1434444283{667249455},3C_20_50-02.txt,61.404,0.250,15.351,1,0.000,0.00,0.000,0.000,0.000
87,ec.gp.GPIndividual@1434444283{667249455},3C_20_50-03.txt,30.993,0.250,7.748,1,0.000,0.00,0.000,0.000,0.000
87,ec.gp.GPIndividual@1434444283{667249455},3C_20_66-01.txt,7.322,0.250,1.831,1,0.000,0.00,0.000,0.000,0.000
87,ec.gp.GPIndividual@1434444283{667249455},3C_20_66-02.txt,154.245,0.250,38.561,1,0.000,0.00,0.000,0.000,0.000
87,ec.gp.GPIndividual@1434444283{667249455},3C_20_66-03.txt,118.340,0.250,29.585,1,0.000,0.00,0.000,0.000,0.000
87,ec.gp.GPIndividual@1434444283{667249455},3C_20_80-01.txt,4.194,0.250,1.049,1,0.000,0.00,0.000,0.000,0.000
87,ec.gp.GPIndividual@1434444283{667249455},3C_20_80-02.txt,35.738,0.250,8.935,1,0.000,0.00,0.000,0.000,0.000
87,ec.gp.GPIndividual@1434444283{667249455},3C_20_80-03.txt,169.439,0.250,42.360,1,0.000,0.00,0.000,0.000,0.000
87,ec.gp.GPIndividual@1595557297{-1916816063},3C_20_50-02.txt,61.404,0.250,15.351,7,19.000,123.77,2.714,6.672,0.406
87,ec.gp.GPIndividual@1595557297{-1916816063},3C_20_50-03.txt,30.993,0.250,7.748,4,7.484,96.60,1.871,6.672,0.406
87,ec.gp.GPIndividual@1595557297{-1916816063},3C_20_66-03.txt,118.340,0.250,29.585,3,15.922,53.82,5.307,11.547,0.406
87,ec.gp.GPIndividual@1595557297{-1916816063},3C_20_50-03.txt,30.993,0.250,7.748,1,14.234,183.71,14.234,14.234,0.406
87,ec.gp.GPIndividual@1595557297{-1916816063},3C_20_66-02.txt,154.245,0.250,38.561,16,38.563,100.00,2.410,14.234,0.141
87,ec.gp.GPIndividual@1595557297{-1916816063},3C_20_66-01.txt,7.322,0.250,1.831,2,3.984,217.66,1.992,14.234,0.141
87,ec.gp.GPIndividual@1595557297{-1916816063},3C_20_66-01.txt,7.322,0.250,1.831,1,2.766,151.08,2.766,14.234,0.141
87,ec.gp.GPIndividual@1595557297{-1916816063},3C_20_66-03.txt,118.340,0.250,29.585,6,13.750,46.48,2.292,14.234,0.141
87,ec.gp.GPIndividual@1704635946{-2117392520},3C_20_50-02.txt,61.404,0.250,15.351,11,16.109,104.94,1.464,4.891,0.422
87,ec.gp.GPIndividual@1704635946{-2117392520},3C_20_80-01.txt,4.194,0.250,1.049,4,1.266,120.69,0.316,4.891,0.141
87,ec.gp.GPIndividual@1704635946{-2117392520},3C_20_50-03.txt,30.993,0.250,7.748,3,7.906,102.04,2.635,4.891,0.141
87,ec.gp.GPIndividual@1704635946{-2117392520},3C_20_66-02.txt,154.245,0.250,38.561,17,38.672,100.29,2.275,9.484,0.125
87,ec.gp.GPIndividual@1704635946{-2117392520},3C_20_66-01.txt,7.322,0.250,1.831,1,3.188,174.13,3.188,9.484,0.125
87,ec.gp.GPIndividual@1704635946{-2117392520},3C_20_66-03.txt,118.340,0.250,29.585,1,7.984,26.99,7.984,9.484,0.125
87,ec.gp.GPIndividual@1704635946{-2117392520},3C_20_80-01.txt,4.194,0.250,1.049,1,1.750,166.89,1.750,9.484,0.125
87,ec.gp.GPIndividual@1704635946{-2117392520},3C_20_80-02.txt,35.738,0.250,8.935,10,9.391,105.10,0.939,9.484,0.125
87,ec.gp.GPIndividual@1704635946{-2117392520},3C_20_66-02.txt,154.245,0.250,38.561,3,14.266,36.99,4.755,13.031,0.125
87,ec.gp.GPIndividual@1704635946{-2117392520},3C_20_66-02.txt,154.245,0.250,38.561,2,5.578,14.47,2.789,13.031,0.125
87,ec.gp.GPIndividual@1704635946{-2117392520},3C_20_80-03.txt,169.439,0.250,42.360,19,47.234,111.51,2.486,13.031,0.125
87,ec.gp.GPIndividual@1704635946{-2117392520},3C_20_66-03.txt,118.340,0.250,29.585,5,29.984,101.35,5.997,13.031,0.125
87,ec.gp.GPIndividual@1704635946{-2117392520},3C_20_80-01.txt,4.194,0.250,1.049,1,1.828,174.34,1.828,13.031,0.125
87,ec.gp.GPIndividual@1704635946{-2117392520},3C_20_80-02.txt,35.738,0.250,8.935,8,8.953,100.21,1.119,13.031,0.125
87,ec.gp.GPIndividual@1704635946{-2117392520},3C_20_80-03.txt,169.439,0.250,42.360,1,2.188,5.16,2.188,13.031,0.125
87,ec.gp.GPIndividual@1704635946{-2117392520},3C_20_80-01.txt,4.194,0.250,1.049,2,1.219,116.22,0.609,13.031,0.125
87,ec.gp.GPIndividual@1704635946{-2117392520},3C_20_80-02.txt,35.738,0.250,8.935,4,17.359,194.30,4.340,13.031,0.125
87,ec.gp.GPIndividual@1110701226{1529056120},3C_20_50-02.txt,61.404,0.250,15.351,1,0.141,0.92,0.141,0.141,0.141
87,ec.gp.GPIndividual@1110701226{1529056120},3C_20_66-03.txt,118.340,0.250,29.585,17,29.547,99.87,1.738,5.078,0.141
87,ec.gp.GPIndividual@1110701226{1529056120},3C_20_50-03.txt,30.993,0.250,7.748,6,9.078,117.17,1.513,5.078,0.141
87,ec.gp.GPIndividual@1110701226{1529056120},3C_20_80-03.txt,169.439,0.250,42.360,9,48.359,114.16,5.373,13.453,0.141
87,ec.gp.GPIndividual@2136099945{-619692047},3C_20_50-02.txt,61.404,0.250,15.351,3,17.781,115.83,5.927,15.922,0.313
87,ec.gp.GPIndividual@2136099945{-619692047},3C_20_80-02.txt,35.738,0.250,8.935,2,9.688,108.43,4.844,15.922,0.313
87,ec.gp.GPIndividual@2136099945{-619692047},3C_20_66-01.txt,7.322,0.250,1.831,1,16.922,924.42,16.922,16.922,0.313
87,ec.gp.GPIndividual@2136099945{-619692047},3C_20_80-01.txt,4.194,0.250,1.049,2,2.578,245.86,1.289,16.922,0.313
87,ec.gp.GPIndividual@2136099945{-619692047},3C_20_50-03.txt,30.993,0.250,7.748,7,7.953,102.65,1.136,16.922,0.250
87,ec.gp.GPIndividual@2136099945{-619692047},3C_20_80-03.txt,169.439,0.250,42.360,2,1.281,3.02,0.641,16.922,0.250
87,ec.gp.GPIndividual@1548970396{1750048224},3C_20_50-02.txt,61.404,0.250,15.351,10,19.250,125.40,1.925,5.109,0.313
87,ec.gp.GPIndividual@873777914{154732610},3C_20_50-02.txt,61.404,0.250,15.351,1,0.094,0.61,0.094,0.094,0.094
87,ec.gp.GPIndividual@873777914{154732610},3C_20_80-01.txt,4.194,0.250,1.049,1,5.563,530.46,5.563,5.563,0.094
87,ec.gp.GPIndividual@873777914{154732610},3C_20_80-01.txt,4.194,0.250,1.049,2,1.234,117.71,0.617,5.563,0.094
87,ec.gp.GPIndividual@873777914{154732610},3C_20_66-01.txt,7.322,0.250,1.831,3,1.375,75.11,0.458,5.563,0.094
87,ec.gp.GPIndividual@873777914{154732610},3C_20_50-03.txt,30.993,0.250,7.748,10,8.750,112.93,0.875,5.563,0.094
87,ec.gp.GPIndividual@873777914{154732610},3C_20_66-01.txt,7.322,0.250,1.831,3,1.859,101.57,0.620,5.563,0.094
87,ec.gp.GPIndividual@873777914{154732610},3C_20_80-02.txt,35.738,0.250,8.935,4,3.297,36.90,0.824,5.563,0.094
87,ec.gp.GPIndividual@873777914{154732610},3C_20_66-02.txt,154.245,0.250,38.561,7,7.875,20.42,1.125,5.563,0.094
87,ec.gp.GPIndividual@873777914{154732610},3C_20_66-03.txt,118.340,0.250,29.585,7,10.719,36.23,1.531,5.563,0.094
87,ec.gp.GPIndividual@873777914{154732610},3C_20_80-01.txt,4.194,0.250,1.049,2,0.813,77.48,0.406,5.563,0.094
87,ec.gp.GPIndividual@873777914{154732610},3C_20_80-02.txt,35.738,0.250,8.935,2,1.953,21.86,0.977,5.563,0.094
87,ec.gp.GPIndividual@873777914{154732610},3C_20_80-03.txt,169.439,0.250,42.360,6,41.469,97.90,6.911,15.188,0.094
87,ec.gp.GPIndividual@873777914{154732610},3C_20_66-02.txt,154.245,0.250,38.561,8,39.453,102.31,4.932,15.484,0.094
87,ec.gp.GPIndividual@1342495763{1724578658},3C_20_50-02.txt,61.404,0.250,15.351,3,1.547,10.08,0.516,1.109,0.219
87,ec.gp.GPIndividual@1342495763{1724578658},3C_20_50-03.txt,30.993,0.250,7.748,2,16.453,212.35,8.227,10.578,0.219
87,ec.gp.GPIndividual@1342495763{1724578658},3C_20_66-03.txt,118.340,0.250,29.585,2,11.734,39.66,5.867,10.922,0.219
87,ec.gp.GPIndividual@1342495763{1724578658},3C_20_80-02.txt,35.738,0.250,8.935,5,9.078,101.61,1.816,10.922,0.219
87,ec.gp.GPIndividual@1342495763{1724578658},3C_20_80-01.txt,4.194,0.250,1.049,1,2.672,254.80,2.672,10.922,0.219
87,ec.gp.GPIndividual@1342495763{1724578658},3C_20_66-01.txt,7.322,0.250,1.831,4,2.094,114.38,0.523,10.922,0.219
87,ec.gp.GPIndividual@1342495763{1724578658},3C_20_66-02.txt,154.245,0.250,38.561,7,5.297,13.74,0.757,10.922,0.188
87,ec.gp.GPIndividual@1342495763{1724578658},3C_20_66-03.txt,118.340,0.250,29.585,1,7.563,25.56,7.563,10.922,0.188
87,ec.gp.GPIndividual@1342495763{1724578658},3C_20_80-03.txt,169.439,0.250,42.360,3,6.813,16.08,2.271,10.922,0.188
87,ec.gp.GPIndividual@1342495763{1724578658},3C_20_80-01.txt,4.194,0.250,1.049,1,1.469,140.06,1.469,10.922,0.188
87,ec.gp.GPIndividual@1342495763{1724578658},3C_20_80-02.txt,35.738,0.250,8.935,3,4.641,51.94,1.547,10.922,0.188
87,ec.gp.GPIndividual@1342495763{1724578658},3C_20_80-02.txt,35.738,0.250,8.935,3,3.203,35.85,1.068,10.922,0.188
87,ec.gp.GPIndividual@1342495763{1724578658},3C_20_80-03.txt,169.439,0.250,42.360,5,8.203,19.37,1.641,10.922,0.188
87,ec.gp.GPIndividual@271388794{-1919983679},3C_20_50-02.txt,61.404,0.250,15.351,4,17.281,112.57,4.320,14.578,0.234
87,ec.gp.GPIndividual@271388794{-1919983679},3C_20_80-03.txt,169.439,0.250,42.360,7,41.188,97.23,5.884,16.141,0.234
87,ec.gp.GPIndividual@271388794{-1919983679},3C_20_80-03.txt,169.439,0.250,42.360,4,43.109,101.77,10.777,16.297,0.234
87,ec.gp.GPIndividual@847496913{-815072400},3C_20_50-02.txt,61.404,0.250,15.351,5,2.844,18.52,0.569,1.188,0.219
87,ec.gp.GPIndividual@847496913{-815072400},3C_20_50-03.txt,30.993,0.250,7.748,2,9.578,123.62,4.789,7.078,0.219
87,ec.gp.GPIndividual@308457536{-619692047},3C_20_50-02.txt,61.404,0.250,15.351,10,15.266,99.44,1.527,10.469,0.172
87,ec.gp.GPIndividual@308457536{-619692047},3C_20_50-03.txt,30.993,0.250,7.748,4,10.281,132.69,2.570,10.469,0.172
87,ec.gp.GPIndividual@308457536{-619692047},3C_20_66-02.txt,154.245,0.250,38.561,10,27.625,71.64,2.763,14.375,0.172
87,ec.gp.GPIndividual@308457536{-619692047},3C_20_50-03.txt,30.993,0.250,7.748,1,11.734,151.45,11.734,14.375,0.172
87,ec.gp.GPIndividual@308457536{-619692047},3C_20_66-03.txt,118.340,0.250,29.585,7,27.172,91.84,3.882,14.375,0.172
87,ec.gp.GPIndividual@308457536{-619692047},3C_20_80-01.txt,4.194,0.250,1.049,1,6.969,664.56,6.969,14.375,0.172
87,ec.gp.GPIndividual@308457536{-619692047},3C_20_66-01.txt,7.322,0.250,1.831,6,2.078,113.52,0.346,14.375,0.078
87,ec.gp.GPIndividual@308457536{-619692047},3C_20_80-02.txt,35.738,0.250,8.935,5,4.844,54.21,0.969,14.375,0.063
87,ec.gp.GPIndividual@308457536{-619692047},3C_20_66-02.txt,154.245,0.250,38.561,12,31.203,80.92,2.600,14.375,0.063
87,ec.gp.GPIndividual@308457536{-619692047},3C_20_80-03.txt,169.439,0.250,42.360,5,42.906,101.29,8.581,14.375,0.063
87,ec.gp.GPIndividual@308457536{-619692047},3C_20_66-03.txt,118.340,0.250,29.585,1,11.063,37.39,11.063,14.375,0.063
87,ec.gp.GPIndividual@408525123{280203919},3C_20_50-02.txt,61.404,0.250,15.351,7,11.938,77.76,1.705,4.641,0.156
87,ec.gp.GPIndividual@408525123{280203919},3C_20_66-01.txt,7.322,0.250,1.831,5,1.797,98.16,0.359,4.641,0.156
87,ec.gp.GPIndividual@408525123{280203919},3C_20_66-02.txt,154.245,0.250,38.561,10,47.344,122.78,4.734,13.766,0.156
87,ec.gp.GPIndividual@408525123{280203919},3C_20_50-03.txt,30.993,0.250,7.748,3,8.031,103.65,2.677,13.766,0.156
87,ec.gp.GPIndividual@408525123{280203919},3C_20_80-01.txt,4.194,0.250,1.049,6,1.109,105.79,0.185,13.766,0.078
87,ec.gp.GPIndividual@408525123{280203919},3C_20_80-02.txt,35.738,0.250,8.935,10,11.859,132.74,1.186,13.766,0.078
87,ec.gp.GPIndividual@408525123{280203919},3C_20_66-03.txt,118.340,0.250,29.585,1,0.063,0.21,0.063,13.766,0.063
87,ec.gp.GPIndividual@408525123{280203919},3C_20_66-01.txt,7.322,0.250,1.831,4,1.953,106.70,0.488,13.766,0.063
87,ec.gp.GPIndividual@408525123{280203919},3C_20_80-03.txt,169.439,0.250,42.360,10,51.313,121.14,5.131,15.234,0.063
87,ec.gp.GPIndividual@408525123{280203919},3C_20_66-02.txt,154.245,0.250,38.561,9,41.203,106.85,4.578,15.234,0.063
87,ec.gp.GPIndividual@408525123{280203919},3C_20_66-03.txt,118.340,0.250,29.585,6,31.297,105.79,5.216,15.234,0.063
88,ec.gp.GPIndividual@1397517599{-932463894},null,0.000,0.250,0.000,1,0.000,0.00,0.000,0.000,0.000
88,ec.gp.GPIndividual@1397517599{-932463894},3C_20_50-03.txt,30.993,0.250,7.748,0,0.000,0.00,0.000,0.000,0.000
88,ec.gp.GPIndividual@1397517599{-932463894},3C_20_50-03.txt,30.993,0.250,7.748,0,0.000,0.00,0.000,0.000,0.000
88,ec.gp.GPIndividual@1397517599{-932463894},3C_20_66-01.txt,7.322,0.250,1.831,1,0.000,0.00,0.000,0.000,0.000
88,ec.gp.GPIndividual@1397517599{-932463894},3C_20_66-01.txt,7.322,0.250,1.831,1,0.000,0.00,0.000,0.000,0.000
88,ec.gp.GPIndividual@1397517599{-932463894},3C_20_66-01.txt,7.322,0.250,1.831,1,0.000,0.00,0.000,0.000,0.000
88,ec.gp.GPIndividual@1397517599{-932463894},3C_20_66-01.txt,7.322,0.250,1.831,1,0.000,0.00,0.000,0.000,0.000
88,ec.gp.GPIndividual@1397517599{-932463894},3C_20_66-03.txt,118.340,0.250,29.585,1,0.000,0.00,0.000,0.000,0.000
88,ec.gp.GPIndividual@1397517599{-932463894},3C_20_66-03.txt,118.340,0.250,29.585,1,0.000,0.00,0.000,0.000,0.000
88,ec.gp.GPIndividual@1397517599{-932463894},3C_20_80-01.txt,4.194,0.250,1.049,0,0.000,0.00,0.000,0.000,0.000
88,ec.gp.GPIndividual@1397517599{-932463894},3C_20_80-01.txt,4.194,0.250,1.049,1,0.000,0.00,0.000,0.000,0.000
88,ec.gp.GPIndividual@1397517599{-932463894},3C_20_80-01.txt,4.194,0.250,1.049,1,0.000,0.00,0.000,0.000,0.000
88,ec.gp.GPIndividual@1397517599{-932463894},3C_20_80-02.txt,35.738,0.250,8.935,1,0.000,0.00,0.000,0.000,0.000
88,ec.gp.GPIndividual@1397517599{-932463894},3C_20_80-02.txt,35.738,0.250,8.935,1,0.000,0.00,0.000,0.000,0.000
88,ec.gp.GPIndividual@1397517599{-932463894},3C_20_80-03.txt,169.439,0.250,42.360,0,0.000,0.00,0.000,0.000,0.000
88,ec.gp.GPIndividual@1230943285{-1199067179},3C_20_50-02.txt,61.404,0.250,15.351,0,0.000,0.00,0.000,0.000,0.000
88,ec.gp.GPIndividual@1967921475{1044925077},3C_20_50-02.txt,61.404,0.250,15.351,6,1.281,8.35,0.214,0.234,0.109
88,ec.gp.GPIndividual@1967921475{1044925077},3C_20_50-03.txt,30.993,0.250,7.748,0,0.000,0.00,0.000,0.234,0.109
88,ec.gp.GPIndividual@1967921475{1044925077},3C_20_50-03.txt,30.993,0.250,7.748,6,7.781,100.43,1.297,1.875,0.109
88,ec.gp.GPIndividual@1967921475{1044925077},3C_20_50-03.txt,30.993,0.250,7.748,3,0.891,11.49,0.297,1.875,0.109
88,ec.gp.GPIndividual@1967921475{1044925077},3C_20_50-03.txt,30.993,0.250,7.748,2,3.453,44.57,1.727,3.141,0.109
88,ec.gp.GPIndividual@1967921475{1044925077},3C_20_66-01.txt,7.322,0.250,1.831,1,3.141,171.57,3.141,3.141,0.109
88,ec.gp.GPIndividual@1967921475{1044925077},3C_20_66-01.txt,7.322,0.250,1.831,2,1.859,101.57,0.930,3.141,0.109
88,ec.gp.GPIndividual@1967921475{1044925077},3C_20_50-03.txt,30.993,0.250,7.748,1,0.813,10.49,0.813,3.141,0.109
88,ec.gp.GPIndividual@1967921475{1044925077},3C_20_66-02.txt,154.245,0.250,38.561,1,0.875,2.27,0.875,3.141,0.109
88,ec.gp.GPIndividual@1967921475{1044925077},3C_20_66-02.txt,154.245,0.250,38.561,5,11.266,29.21,2.253,3.250,0.109
88,ec.gp.GPIndividual@1967921475{1044925077},3C_20_66-03.txt,118.340,0.250,29.585,3,7.234,24.45,2.411,3.250,0.109
88,ec.gp.GPIndividual@1967921475{1044925077},3C_20_66-03.txt,118.340,0.250,29.585,1,2.500,8.45,2.500,3.250,0.109
88,ec.gp.GPIndividual@1967921475{1044925077},3C_20_50-03.txt,30.993,0.250,7.748,2,9.094,117.37,4.547,4.641,0.109
88,ec.gp.GPIndividual@1967921475{1044925077},3C_20_66-01.txt,7.322,0.250,1.831,1,4.484,244.97,4.484,4.641,0.109
88,ec.gp.GPIndividual@1967921475{1044925077},3C_20_66-01.txt,7.322,0.250,1.831,2,2.344,128.04,1.172,4.641,0.109
88,ec.gp.GPIndividual@1967921475{1044925077},3C_20_66-01.txt,7.322,0.250,1.831,3,2.188,119.50,0.729,4.641,0.109
88,ec.gp.GPIndividual@1967921475{1044925077},3C_20_66-02.txt,154.245,0.250,38.561,4,10.234,26.54,2.559,6.125,0.109
88,ec.gp.GPIndividual@1967921475{1044925077},3C_20_80-01.txt,4.194,0.250,1.049,1,6.172,588.57,6.172,6.172,0.109
88,ec.gp.GPIndividual@1967921475{1044925077},3C_20_80-01.txt,4.194,0.250,1.049,1,0.500,47.68,0.500,6.172,0.109
88,ec.gp.GPIndividual@1967921475{1044925077},3C_20_80-02.txt,35.738,0.250,8.935,2,1.359,15.21,0.680,6.172,0.109
88,ec.gp.GPIndividual@1967921475{1044925077},3C_20_80-02.txt,35.738,0.250,8.935,4,7.078,79.22,1.770,6.172,0.109
88,ec.gp.GPIndividual@1967921475{1044925077},3C_20_80-03.txt,169.439,0.250,42.360,2,3.547,8.37,1.773,6.172,0.109
88,ec.gp.GPIndividual@1967921475{1044925077},3C_20_80-03.txt,169.439,0.250,42.360,9,21.563,50.90,2.396,6.172,0.109
88,ec.gp.GPIndividual@412103303{271532587},3C_20_50-02.txt,61.404,0.250,15.351,0,0.000,0.00,0.000,0.000,0.000
88,ec.gp.GPIndividual@412103303{271532587},3C_20_50-03.txt,30.993,0.250,7.748,0,0.000,0.00,0.000,0.000,0.000
88,ec.gp.GPIndividual@412103303{271532587},3C_20_66-01.txt,7.322,0.250,1.831,0,0.000,0.00,0.000,0.000,0.000
88,ec.gp.GPIndividual@412103303{271532587},3C_20_66-02.txt,154.245,0.250,38.561,0,0.000,0.00,0.000,0.000,0.000
88,ec.gp.GPIndividual@412103303{271532587},3C_20_66-03.txt,118.340,0.250,29.585,0,0.000,0.00,0.000,0.000,0.000
88,ec.gp.GPIndividual@412103303{271532587},3C_20_80-01.txt,4.194,0.250,1.049,0,0.000,0.00,0.000,0.000,0.000
88,ec.gp.GPIndividual@412103303{271532587},3C_20_80-02.txt,35.738,0.250,8.935,0,0.000,0.00,0.000,0.000,0.000
88,ec.gp.GPIndividual@412103303{271532587},3C_20_80-03.txt,169.439,0.250,42.360,0,0.000,0.00,0.000,0.000,0.000
88,ec.gp.GPIndividual@536306021{1682827460},3C_20_50-02.txt,61.404,0.250,15.351,2,6.609,43.05,3.305,6.078,0.531
88,ec.gp.GPIndividual@841439829{2011733186},3C_20_50-02.txt,61.404,0.250,15.351,1,0.359,2.34,0.359,0.359,0.359
88,ec.gp.GPIndividual@841439829{2011733186},3C_20_50-03.txt,30.993,0.250,7.748,2,4.938,63.72,2.469,3.141,0.359
88,ec.gp.GPIndividual@841439829{2011733186},3C_20_66-01.txt,7.322,0.250,1.831,1,2.391,130.60,2.391,3.141,0.359
88,ec.gp.GPIndividual@841439829{2011733186},3C_20_50-03.txt,30.993,0.250,7.748,1,0.875,11.29,0.875,3.141,0.359
88,ec.gp.GPIndividual@841439829{2011733186},3C_20_66-02.txt,154.245,0.250,38.561,3,13.359,34.64,4.453,7.203,0.359
88,ec.gp.GPIndividual@841439829{2011733186},3C_20_66-03.txt,118.340,0.250,29.585,3,39.047,131.98,13.016,14.969,0.359
88,ec.gp.GPIndividual@841439829{2011733186},3C_20_66-03.txt,118.340,0.250,29.585,5,15.484,52.34,3.097,14.969,0.359
88,ec.gp.GPIndividual@841439829{2011733186},3C_20_80-01.txt,4.194,0.250,1.049,1,0.531,50.66,0.531,14.969,0.359
88,ec.gp.GPIndividual@841439829{2011733186},3C_20_80-02.txt,35.738,0.250,8.935,2,8.578,96.01,4.289,14.969,0.359
88,ec.gp.GPIndividual@841439829{2011733186},3C_20_80-03.txt,169.439,0.250,42.360,3,18.297,43.19,6.099,14.969,0.359
88,ec.gp.GPIndividual@841439829{2011733186},3C_20_66-02.txt,154.245,0.250,38.561,2,20.625,53.49,10.313,14.969,0.359
88,ec.gp.GPIndividual@841439829{2011733186},3C_20_66-02.txt,154.245,0.250,38.561,3,12.734,33.02,4.245,14.969,0.359
88,ec.gp.GPIndividual@1152773190{2052687180},3C_20_50-02.txt,61.404,0.250,15.351,10,15.875,103.41,1.588,3.750,0.344
88,ec.gp.GPIndividual@1152773190{2052687180},3C_20_66-03.txt,118.340,0.250,29.585,9,29.719,100.45,3.302,9.109,0.156
88,ec.gp.GPIndividual@1152773190{2052687180},3C_20_80-01.txt,4.194,0.250,1.049,4,5.016,478.31,1.254,9.109,0.156
88,ec.gp.GPIndividual@1152773190{2052687180},3C_20_66-03.txt,118.340,0.250,29.585,6,35.297,119.31,5.883,14.031,0.156
88,ec.gp.GPIndividual@1152773190{2052687180},3C_20_66-01.txt,7.322,0.250,1.831,1,2.547,139.13,2.547,14.031,0.156
88,ec.gp.GPIndividual@1152773190{2052687180},3C_20_50-03.txt,30.993,0.250,7.748,7,8.484,109.50,1.212,14.031,0.156
88,ec.gp.GPIndividual@1152773190{2052687180},3C_20_80-01.txt,4.194,0.250,1.049,1,5.875,560.26,5.875,14.031,0.156
88,ec.gp.GPIndividual@1152773190{2052687180},3C_20_80-01.txt,4.194,0.250,1.049,1,1.594,151.99,1.594,14.031,0.156
88,ec.gp.GPIndividual@1152773190{2052687180},3C_20_80-02.txt,35.738,0.250,8.935,9,10.531,117.87,1.170,14.031,0.156
88,ec.gp.GPIndividual@1152773190{2052687180},3C_20_80-03.txt,169.439,0.250,42.360,8,17.922,42.31,2.240,14.031,0.156
88,ec.gp.GPIndividual@1152773190{2052687180},3C_20_80-02.txt,35.738,0.250,8.935,4,9.797,109.65,2.449,14.031,0.156
88,ec.gp.GPIndividual@1152773190{2052687180},3C_20_66-01.txt,7.322,0.250,1.831,3,2.469,134.86,0.823,14.031,0.156
88,ec.gp.GPIndividual@1152773190{2052687180},3C_20_66-02.txt,154.245,0.250,38.561,6,14.125,36.63,2.354,14.031,0.141
88,ec.gp.GPIndividual@1152773190{2052687180},3C_20_80-03.txt,169.439,0.250,42.360,17,43.141,101.84,2.538,14.031,0.141
88,ec.gp.GPIndividual@1379660941{-1117218660},3C_20_50-02.txt,61.404,0.250,15.351,4,13.891,90.49,3.473,10.953,0.484
88,ec.gp.GPIndividual@1250026363{1529056120},3C_20_50-02.txt,61.404,0.250,15.351,4,9.672,63.00,2.418,6.391,0.344
88,ec.gp.GPIndividual@1250026363{1529056120},3C_20_66-01.txt,7.322,0.250,1.831,4,3.656,199.74,0.914,6.391,0.156
88,ec.gp.GPIndividual@1250026363{1529056120},3C_20_50-03.txt,30.993,0.250,7.748,5,10.781,139.15,2.156,6.391,0.156
88,ec.gp.GPIndividual@1250026363{1529056120},3C_20_66-03.txt,118.340,0.250,29.585,14,33.875,114.50,2.420,10.516,0.156
88,ec.gp.GPIndividual@1250026363{1529056120},3C_20_66-01.txt,7.322,0.250,1.831,3,3.188,174.13,1.063,10.516,0.125
88,ec.gp.GPIndividual@1250026363{1529056120},3C_20_50-03.txt,30.993,0.250,7.748,4,8.656,111.72,2.164,10.516,0.125
88,ec.gp.GPIndividual@1250026363{1529056120},3C_20_80-01.txt,4.194,0.250,1.049,3,1.203,114.73,0.401,10.516,0.125
88,ec.gp.GPIndividual@1250026363{1529056120},3C_20_66-02.txt,154.245,0.250,38.561,5,12.438,32.25,2.488,10.516,0.125
88,ec.gp.GPIndividual@1250026363{1529056120},3C_20_66-02.txt,154.245,0.250,38.561,8,15.297,39.67,1.912,10.516,0.125
88,ec.gp.GPIndividual@1250026363{1529056120},3C_20_66-02.txt,154.245,0.250,38.561,17,43.156,111.92,2.539,11.813,0.125
88,ec.gp.GPIndividual@1250026363{1529056120},3C_20_80-02.txt,35.738,0.250,8.935,2,9.344,104.58,4.672,11.813,0.125
88,ec.gp.GPIndividual@1250026363{1529056120},3C_20_66-01.txt,7.322,0.250,1.831,3,1.938,105.84,0.646,11.813,0.125
88,ec.gp.GPIndividual@1250026363{1529056120},3C_20_66-03.txt,118.340,0.250,29.585,13,31.766,107.37,2.444,11.813,0.125
88,ec.gp.GPIndividual@1250026363{1529056120},3C_20_80-02.txt,35.738,0.250,8.935,5,9.031,101.08,1.806,11.813,0.125
88,ec.gp.GPIndividual@1250026363{1529056120},3C_20_66-02.txt,154.245,0.250,38.561,6,20.141,52.23,3.357,11.813,0.125
88,ec.gp.GPIndividual@1250026363{1529056120},3C_20_80-03.txt,169.439,0.250,42.360,13,46.203,109.07,3.554,13.125,0.125
88,ec.gp.GPIndividual@1250026363{1529056120},3C_20_66-03.txt,118.340,0.250,29.585,1,3.891,13.15,3.891,13.125,0.125
88,ec.gp.GPIndividual@1250026363{1529056120},3C_20_66-03.txt,118.340,0.250,29.585,4,37.688,127.39,9.422,13.125,0.125
88,ec.gp.GPIndividual@1250026363{1529056120},3C_20_80-01.txt,4.194,0.250,1.049,4,1.219,116.22,0.305,13.125,0.125
88,ec.gp.GPIndividual@1250026363{1529056120},3C_20_80-02.txt,35.738,0.250,8.935,5,14.859,166.31,2.972,13.125,0.125
88,ec.gp.GPIndividual@1250026363{1529056120},3C_20_80-01.txt,4.194,0.250,1.049,3,1.188,113.24,0.396,13.125,0.125
88,ec.gp.GPIndividual@1250026363{1529056120},3C_20_80-01.txt,4.194,0.250,1.049,2,2.234,213.08,1.117,13.125,0.125
88,ec.gp.GPIndividual@1250026363{1529056120},3C_20_80-03.txt,169.439,0.250,42.360,16,42.406,100.11,2.650,13.125,0.125
88,ec.gp.GPIndividual@1250026363{1529056120},3C_20_80-02.txt,35.738,0.250,8.935,2,1.797,20.11,0.898,13.125,0.125
88,ec.gp.GPIndividual@1250026363{1529056120},3C_20_80-02.txt,35.738,0.250,8.935,3,13.688,153.20,4.563,13.125,0.125
88,ec.gp.GPIndividual@1250026363{1529056120},3C_20_80-03.txt,169.439,0.250,42.360,1,0.781,1.84,0.781,13.125,0.125
88,ec.gp.GPIndividual@1250026363{1529056120},3C_20_66-03.txt,118.340,0.250,29.585,3,16.641,56.25,5.547,13.141,0.125
88,ec.gp.GPIndividual@1250026363{1529056120},3C_20_80-03.txt,169.439,0.250,42.360,8,43.188,101.95,5.398,14.234,0.125
88,ec.gp.GPIndividual@1013160554{2048949949},3C_20_50-02.txt,61.404,0.250,15.351,0,0.000,0.00,0.000,0.000,0.000
88,ec.gp.GPIndividual@1013160554{2048949949},3C_20_50-03.txt,30.993,0.250,7.748,0,0.000,0.00,0.000,0.000,0.000
88,ec.gp.GPIndividual@1013160554{2048949949},3C_20_66-01.txt,7.322,0.250,1.831,0,0.000,0.00,0.000,0.000,0.000
88,ec.gp.GPIndividual@1013160554{2048949949},3C_20_66-02.txt,154.245,0.250,38.561,0,0.000,0.00,0.000,0.000,0.000
88,ec.gp.GPIndividual@1013160554{2048949949},3C_20_66-03.txt,118.340,0.250,29.585,0,0.000,0.00,0.000,0.000,0.000
88,ec.gp.GPIndividual@1013160554{2048949949},3C_20_80-01.txt,4.194,0.250,1.049,0,0.000,0.00,0.000,0.000,0.000
88,ec.gp.GPIndividual@1013160554{2048949949},3C_20_80-02.txt,35.738,0.250,8.935,0,0.000,0.00,0.000,0.000,0.000
88,ec.gp.GPIndividual@1013160554{2048949949},3C_20_80-03.txt,169.439,0.250,42.360,0,0.000,0.00,0.000,0.000,0.000
88,ec.gp.GPIndividual@741873938{1775147768},3C_20_50-02.txt,61.404,0.250,15.351,1,0.547,3.56,0.547,0.547,0.547
88,ec.gp.GPIndividual@741873938{1775147768},3C_20_50-03.txt,30.993,0.250,7.748,5,12.953,167.18,2.591,6.094,0.547
88,ec.gp.GPIndividual@1196823863{913998358},3C_20_50-02.txt,61.404,0.250,15.351,0,0.000,0.00,0.000,0.000,0.000
88,ec.gp.GPIndividual@1196823863{913998358},3C_20_50-03.txt,30.993,0.250,7.748,0,0.000,0.00,0.000,0.000,0.000
88,ec.gp.GPIndividual@1196823863{913998358},3C_20_66-01.txt,7.322,0.250,1.831,0,0.000,0.00,0.000,0.000,0.000
88,ec.gp.GPIndividual@1196823863{913998358},3C_20_66-02.txt,154.245,0.250,38.561,0,0.000,0.00,0.000,0.000,0.000
88,ec.gp.GPIndividual@1196823863{913998358},3C_20_66-03.txt,118.340,0.250,29.585,0,0.000,0.00,0.000,0.000,0.000
88,ec.gp.GPIndividual@1196823863{913998358},3C_20_80-01.txt,4.194,0.250,1.049,0,0.000,0.00,0.000,0.000,0.000
88,ec.gp.GPIndividual@1196823863{913998358},3C_20_80-02.txt,35.738,0.250,8.935,0,0.000,0.00,0.000,0.000,0.000
88,ec.gp.GPIndividual@1196823863{913998358},3C_20_80-03.txt,169.439,0.250,42.360,0,0.000,0.00,0.000,0.000,0.000
88,ec.gp.GPIndividual@1380293279{-1874587293},3C_20_50-02.txt,61.404,0.250,15.351,3,2.781,18.12,0.927,1.953,0.328
88,ec.gp.GPIndividual@1380293279{-1874587293},3C_20_80-03.txt,169.439,0.250,42.360,1,3.156,7.45,3.156,3.156,0.328
88,ec.gp.GPIndividual@1380293279{-1874587293},3C_20_66-01.txt,7.322,0.250,1.831,1,0.734,40.12,0.734,3.156,0.328
88,ec.gp.GPIndividual@1380293279{-1874587293},3C_20_66-02.txt,154.245,0.250,38.561,3,21.422,55.55,7.141,11.281,0.328
88,ec.gp.GPIndividual@1366632034{107298193},3C_20_50-02.txt,61.404,0.250,15.351,3,6.344,41.32,2.115,3.547,0.500
88,ec.gp.GPIndividual@1366632034{107298193},3C_20_66-03.txt,118.340,0.250,29.585,9,33.891,114.55,3.766,6.344,0.500
88,ec.gp.GPIndividual@1366632034{107298193},3C_20_80-01.txt,4.194,0.250,1.049,1,0.891,84.93,0.891,6.344,0.500
88,ec.gp.GPIndividual@1366632034{107298193},3C_20_80-01.txt,4.194,0.250,1.049,1,0.516,49.17,0.516,6.344,0.500
88,ec.gp.GPIndividual@1366632034{107298193},3C_20_80-02.txt,35.738,0.250,8.935,4,9.453,105.80,2.363,6.344,0.500
88,ec.gp.GPIndividual@1366632034{107298193},3C_20_50-03.txt,30.993,0.250,7.748,2,7.875,101.64,3.938,6.344,0.500
88,ec.gp.GPIndividual@1366632034{107298193},3C_20_80-03.txt,169.439,0.250,42.360,9,32.516,76.76,3.613,7.703,0.500
88,ec.gp.GPIndividual@608508722{934411889},3C_20_50-02.txt,61.404,0.250,15.351,8,18.672,121.63,2.334,4.469,0.000
88,ec.gp.GPIndividual@608508722{934411889},3C_20_66-01.txt,7.322,0.250,1.831,1,0.516,28.17,0.516,4.469,0.000
88,ec.gp.GPIndividual@608508722{934411889},3C_20_50-03.txt,30.993,0.250,7.748,3,9.344,120.59,3.115,7.094,0.000
88,ec.gp.GPIndividual@273595281{-1766563309},3C_20_50-02.txt,61.404,0.250,15.351,5,14.922,97.20,2.984,12.781,0.344
88,ec.gp.GPIndividual@2050786298{-1447349542},3C_20_50-02.txt,61.404,0.250,15.351,7,26.422,172.12,3.775,16.094,0.453
88,ec.gp.GPIndividual@2050786298{-1447349542},3C_20_50-03.txt,30.993,0.250,7.748,5,9.172,118.38,1.834,16.094,0.453
88,ec.gp.GPIndividual@2050786298{-1447349542},3C_20_66-01.txt,7.322,0.250,1.831,1,0.484,26.46,0.484,16.094,0.453
88,ec.gp.GPIndividual@2050786298{-1447349542},3C_20_50-03.txt,30.993,0.250,7.748,5,7.516,97.00,1.503,16.094,0.172
88,ec.gp.GPIndividual@2050786298{-1447349542},3C_20_80-02.txt,35.738,0.250,8.935,4,9.172,102.66,2.293,16.094,0.172
88,ec.gp.GPIndividual@2050786298{-1447349542},3C_20_66-02.txt,154.245,0.250,38.561,11,20.672,53.61,1.879,16.094,0.172
88,ec.gp.GPIndividual@2050786298{-1447349542},3C_20_50-03.txt,30.993,0.250,7.748,5,8.703,112.33,1.741,16.094,0.172
88,ec.gp.GPIndividual@2050786298{-1447349542},3C_20_66-03.txt,118.340,0.250,29.585,2,4.516,15.26,2.258,16.094,0.172
88,ec.gp.GPIndividual@2050786298{-1447349542},3C_20_66-01.txt,7.322,0.250,1.831,2,2.641,144.25,1.320,16.094,0.172
88,ec.gp.GPIndividual@2050786298{-1447349542},3C_20_80-03.txt,169.439,0.250,42.360,11,42.797,101.03,3.891,16.094,0.172
88,ec.gp.GPIndividual@2050786298{-1447349542},3C_20_66-02.txt,154.245,0.250,38.561,12,41.719,108.19,3.477,16.094,0.000
88,ec.gp.GPIndividual@2050786298{-1447349542},3C_20_66-01.txt,7.322,0.250,1.831,2,4.000,218.51,2.000,16.094,0.000
88,ec.gp.GPIndividual@2050786298{-1447349542},3C_20_66-02.txt,154.245,0.250,38.561,2,3.047,7.90,1.523,16.094,0.000
88,ec.gp.GPIndividual@2050786298{-1447349542},3C_20_66-03.txt,118.340,0.250,29.585,8,39.141,132.30,4.893,16.094,0.000
88,ec.gp.GPIndividual@2050786298{-1447349542},3C_20_80-01.txt,4.194,0.250,1.049,2,1.938,184.77,0.969,16.094,0.000
88,ec.gp.GPIndividual@2050786298{-1447349542},3C_20_66-03.txt,118.340,0.250,29.585,9,31.094,105.10,3.455,16.094,0.000
88,ec.gp.GPIndividual@2050786298{-1447349542},3C_20_80-01.txt,4.194,0.250,1.049,2,2.703,257.78,1.352,16.094,0.000
88,ec.gp.GPIndividual@2050786298{-1447349542},3C_20_80-01.txt,4.194,0.250,1.049,1,3.844,366.55,3.844,16.094,0.000
88,ec.gp.GPIndividual@2050786298{-1447349542},3C_20_80-02.txt,35.738,0.250,8.935,7,8.969,100.38,1.281,16.094,0.000
88,ec.gp.GPIndividual@2050786298{-1447349542},3C_20_80-03.txt,169.439,0.250,42.360,1,1.078,2.55,1.078,16.094,0.000
88,ec.gp.GPIndividual@2050786298{-1447349542},3C_20_80-02.txt,35.738,0.250,8.935,1,1.594,17.84,1.594,16.094,0.000
88,ec.gp.GPIndividual@2050786298{-1447349542},3C_20_66-01.txt,7.322,0.250,1.831,4,1.922,104.99,0.480,16.094,0.000
88,ec.gp.GPIndividual@2050786298{-1447349542},3C_20_80-02.txt,35.738,0.250,8.935,2,11.125,124.52,5.563,16.094,0.000
88,ec.gp.GPIndividual@2116158805{1571190570},3C_20_50-02.txt,61.404,0.250,15.351,6,16.891,110.03,2.815,11.219,0.359
88,ec.gp.GPIndividual@2116158805{1571190570},3C_20_80-03.txt,169.439,0.250,42.360,2,1.172,2.77,0.586,11.219,0.328
88,ec.gp.GPIndividual@2116158805{1571190570},3C_20_80-03.txt,169.439,0.250,42.360,1,1.578,3.73,1.578,11.219,0.328
88,ec.gp.GPIndividual@2116158805{1571190570},3C_20_50-03.txt,30.993,0.250,7.748,2,3.141,40.53,1.570,11.219,0.328
88,ec.gp.GPIndividual@2116158805{1571190570},3C_20_66-02.txt,154.245,0.250,38.561,2,8.078,20.95,4.039,11.219,0.328
88,ec.gp.GPIndividual@2116158805{1571190570},3C_20_66-02.txt,154.245,0.250,38.561,15,40.984,106.28,2.732,11.219,0.328
88,ec.gp.GPIndividual@2116158805{1571190570},3C_20_66-01.txt,7.322,0.250,1.831,2,2.125,116.09,1.063,11.219,0.328
88,ec.gp.GPIndividual@2116158805{1571190570},3C_20_66-03.txt,118.340,0.250,29.585,1,0.531,1.80,0.531,11.219,0.328
88,ec.gp.GPIndividual@2116158805{1571190570},3C_20_66-03.txt,118.340,0.250,29.585,2,7.531,25.46,3.766,11.219,0.328
88,ec.gp.GPIndividual@1930634372{-1289293016},3C_20_50-02.txt,61.404,0.250,15.351,2,1.891,12.32,0.945,1.406,0.484
88,ec.gp.GPIndividual@1930634372{-1289293016},3C_20_66-02.txt,154.245,0.250,38.561,6,31.734,82.30,5.289,13.313,0.484
88,ec.gp.GPIndividual@1930634372{-1289293016},3C_20_66-03.txt,118.340,0.250,29.585,10,29.469,99.61,2.947,13.313,0.000
88,ec.gp.GPIndividual@1930634372{-1289293016},3C_20_80-01.txt,4.194,0.250,1.049,1,2.156,205.63,2.156,13.313,0.000
88,ec.gp.GPIndividual@1930634372{-1289293016},3C_20_80-01.txt,4.194,0.250,1.049,2,6.859,654.13,3.430,13.313,0.000
88,ec.gp.GPIndividual@1930634372{-1289293016},3C_20_80-01.txt,4.194,0.250,1.049,4,1.422,135.59,0.355,13.313,0.000
88,ec.gp.GPIndividual@1930634372{-1289293016},3C_20_80-02.txt,35.738,0.250,8.935,3,3.969,44.42,1.323,13.313,0.000
88,ec.gp.GPIndividual@711264339{996306157},3C_20_50-02.txt,61.404,0.250,15.351,9,18.250,118.88,2.028,5.641,0.234
88,ec.gp.GPIndividual@711264339{996306157},3C_20_80-02.txt,35.738,0.250,8.935,7,8.688,97.24,1.241,5.641,0.234
88,ec.gp.GPIndividual@711264339{996306157},3C_20_50-03.txt,30.993,0.250,7.748,4,7.063,91.15,1.766,5.641,0.234
88,ec.gp.GPIndividual@711264339{996306157},3C_20_80-03.txt,169.439,0.250,42.360,3,19.359,45.70,6.453,15.922,0.234
88,ec.gp.GPIndividual@711264339{996306157},3C_20_50-03.txt,30.993,0.250,7.748,3,10.266,132.49,3.422,15.922,0.234
88,ec.gp.GPIndividual@711264339{996306157},3C_20_66-01.txt,7.322,0.250,1.831,4,1.859,101.57,0.465,15.922,0.109
88,ec.gp.GPIndividual@711264339{996306157},3C_20_66-02.txt,154.245,0.250,38.561,7,10.156,26.34,1.451,15.922,0.109
88,ec.gp.GPIndividual@711264339{996306157},3C_20_66-01.txt,7.322,0.250,1.831,5,1.922,104.99,0.384,15.922,0.094
88,ec.gp.GPIndividual@711264339{996306157},3C_20_66-03.txt,118.340,0.250,29.585,10,29.594,100.03,2.959,15.922,0.094
88,ec.gp.GPIndividual@711264339{996306157},3C_20_80-03.txt,169.439,0.250,42.360,6,45.813,108.15,7.635,15.922,0.094
88,ec.gp.GPIndividual@1300601750{-493872237},3C_20_50-02.txt,61.404,0.250,15.351,7,16.141,105.14,2.306,9.156,0.250
88,ec.gp.GPIndividual@1300601750{-493872237},3C_20_50-03.txt,30.993,0.250,7.748,1,0.328,4.23,0.328,9.156,0.250
88,ec.gp.GPIndividual@1027167742{1741923998},3C_20_50-02.txt,61.404,0.250,15.351,4,20.313,132.32,5.078,16.453,0.234
88,ec.gp.GPIndividual@1027167742{1741923998},3C_20_80-01.txt,4.194,0.250,1.049,1,5.016,478.31,5.016,16.453,0.234
88,ec.gp.GPIndividual@1027167742{1741923998},3C_20_66-02.txt,154.245,0.250,38.561,18,39.109,101.42,2.173,16.453,0.234
88,ec.gp.GPIndividual@1027167742{1741923998},3C_20_66-01.txt,7.322,0.250,1.831,1,12.984,709.32,12.984,16.453,0.234
88,ec.gp.GPIndividual@1027167742{1741923998},3C_20_50-03.txt,30.993,0.250,7.748,3,7.844,101.23,2.615,16.453,0.094
88,ec.gp.GPIndividual@1027167742{1741923998},3C_20_80-02.txt,35.738,0.250,8.935,9,9.250,103.53,1.028,16.453,0.094
88,ec.gp.GPIndividual@1027167742{1741923998},3C_20_66-01.txt,7.322,0.250,1.831,4,1.953,106.70,0.488,16.453,0.094
88,ec.gp.GPIndividual@1027167742{1741923998},3C_20_66-02.txt,154.245,0.250,38.561,1,0.469,1.22,0.469,16.453,0.094
88,ec.gp.GPIndividual@1027167742{1741923998},3C_20_80-03.txt,169.439,0.250,42.360,1,0.188,0.44,0.188,16.453,0.094
88,ec.gp.GPIndividual@1027167742{1741923998},3C_20_66-02.txt,154.245,0.250,38.561,17,52.281,135.58,3.075,16.453,0.094
88,ec.gp.GPIndividual@1027167742{1741923998},3C_20_66-03.txt,118.340,0.250,29.585,1,8.625,29.15,8.625,16.453,0.094
88,ec.gp.GPIndividual@1027167742{1741923998},3C_20_66-03.txt,118.340,0.250,29.585,7,29.375,99.29,4.196,16.453,0.094
88,ec.gp.GPIndividual@1027167742{1741923998},3C_20_66-03.txt,118.340,0.250,29.585,1,4.875,16.48,4.875,16.453,0.094
88,ec.gp.GPIndividual@1027167742{1741923998},3C_20_80-01.txt,4.194,0.250,1.049,1,6.688,637.74,6.688,16.453,0.094
88,ec.gp.GPIndividual@1027167742{1741923998},3C_20_80-01.txt,4.194,0.250,1.049,1,9.016,859.76,9.016,16.453,0.094
88,ec.gp.GPIndividual@604614635{-474406458},3C_20_50-02.txt,61.404,0.250,15.351,1,0.453,2.95,0.453,0.453,0.453
88,ec.gp.GPIndividual@604614635{-474406458},3C_20_80-02.txt,35.738,0.250,8.935,10,10.844,121.37,1.084,3.328,0.172
88,ec.gp.GPIndividual@604614635{-474406458},3C_20_80-01.txt,4.194,0.250,1.049,2,1.141,108.77,0.570,3.328,0.172
88,ec.gp.GPIndividual@604614635{-474406458},3C_20_80-03.txt,169.439,0.250,42.360,19,46.797,110.47,2.463,10.000,0.172
88,ec.gp.GPIndividual@604614635{-474406458},3C_20_80-02.txt,35.738,0.250,8.935,1,5.922,66.28,5.922,10.000,0.172
88,ec.gp.GPIndividual@1313482121{-639988895},3C_20_50-02.txt,61.404,0.250,15.351,2,14.781,96.29,7.391,14.594,0.188
88,ec.gp.GPIndividual@1313482121{-639988895},3C_20_50-03.txt,30.993,0.250,7.748,5,6.672,86.11,1.334,14.594,0.188
88,ec.gp.GPIndividual@1313482121{-639988895},3C_20_66-01.txt,7.322,0.250,1.831,2,2.734,149.37,1.367,14.594,0.188
88,ec.gp.GPIndividual@1313482121{-639988895},3C_20_80-02.txt,35.738,0.250,8.935,3,3.922,43.90,1.307,14.594,0.188
88,ec.gp.GPIndividual@1313482121{-639988895},3C_20_66-02.txt,154.245,0.250,38.561,4,4.188,10.86,1.047,14.594,0.188
88,ec.gp.GPIndividual@1313482121{-639988895},3C_20_66-03.txt,118.340,0.250,29.585,6,9.672,32.69,1.612,14.594,0.188
88,ec.gp.GPIndividual@1313482121{-639988895},3C_20_80-01.txt,4.194,0.250,1.049,1,0.469,44.70,0.469,14.594,0.188
88,ec.gp.GPIndividual@1313482121{-639988895},3C_20_80-02.txt,35.738,0.250,8.935,1,1.250,13.99,1.250,14.594,0.188
88,ec.gp.GPIndividual@1313482121{-639988895},3C_20_80-03.txt,169.439,0.250,42.360,1,3.719,8.78,3.719,14.594,0.188
88,ec.gp.GPIndividual@1235245963{2092071460},3C_20_50-02.txt,61.404,0.250,15.351,3,11.875,77.36,3.958,10.547,0.219
88,ec.gp.GPIndividual@1235245963{2092071460},3C_20_50-03.txt,30.993,0.250,7.748,1,11.484,148.22,11.484,11.484,0.219
88,ec.gp.GPIndividual@1235245963{2092071460},3C_20_80-03.txt,169.439,0.250,42.360,9,50.438,119.07,5.604,12.578,0.219
88,ec.gp.GPIndividual@1235245963{2092071460},3C_20_80-03.txt,169.439,0.250,42.360,6,43.078,101.70,7.180,12.578,0.219
88,ec.gp.GPIndividual@1235245963{2092071460},3C_20_50-03.txt,30.993,0.250,7.748,1,11.500,148.42,11.500,12.578,0.219
88,ec.gp.GPIndividual@718282968{1517335222},3C_20_50-02.txt,61.404,0.250,15.351,5,16.016,104.33,3.203,10.109,0.219
88,ec.gp.GPIndividual@1132960620{-1330126848},3C_20_50-02.txt,61.404,0.250,15.351,9,17.250,112.37,1.917,4.688,0.250
88,ec.gp.GPIndividual@1132960620{-1330126848},3C_20_66-01.txt,7.322,0.250,1.831,2,1.922,104.99,0.961,4.688,0.094
88,ec.gp.GPIndividual@1132960620{-1330126848},3C_20_50-03.txt,30.993,0.250,7.748,5,7.063,91.15,1.413,4.688,0.094
88,ec.gp.GPIndividual@1132960620{-1330126848},3C_20_50-03.txt,30.993,0.250,7.748,1,1.797,23.19,1.797,4.688,0.094
88,ec.gp.GPIndividual@1132960620{-1330126848},3C_20_66-01.txt,7.322,0.250,1.831,2,3.063,167.30,1.531,4.688,0.094
88,ec.gp.GPIndividual@1132960620{-1330126848},3C_20_66-01.txt,7.322,0.250,1.831,5,2.281,124.62,0.456,4.688,0.094
88,ec.gp.GPIndividual@1132960620{-1330126848},3C_20_66-02.txt,154.245,0.250,38.561,16,47.438,123.02,2.965,14.734,0.078
88,ec.gp.GPIndividual@1132960620{-1330126848},3C_20_66-02.txt,154.245,0.250,38.561,12,47.359,122.82,3.947,14.734,0.078
88,ec.gp.GPIndividual@1132960620{-1330126848},3C_20_66-02.txt,154.245,0.250,38.561,12,41.438,107.46,3.453,14.734,0.078
88,ec.gp.GPIndividual@1132960620{-1330126848},3C_20_66-03.txt,118.340,0.250,29.585,1,14.266,48.22,14.266,14.734,0.078
88,ec.gp.GPIndividual@1132960620{-1330126848},3C_20_66-01.txt,7.322,0.250,1.831,3,1.734,94.75,0.578,14.734,0.078
88,ec.gp.GPIndividual@1132960620{-1330126848},3C_20_66-03.txt,118.340,0.250,29.585,2,15.656,52.92,7.828,15.313,0.078
88,ec.gp.GPIndividual@1132960620{-1330126848},3C_20_66-03.txt,118.340,0.250,29.585,14,34.625,117.04,2.473,15.313,0.078
88,ec.gp.GPIndividual@1132960620{-1330126848},3C_20_80-01.txt,4.194,0.250,1.049,1,0.094,8.94,0.094,15.313,0.078
88,ec.gp.GPIndividual@1132960620{-1330126848},3C_20_80-01.txt,4.194,0.250,1.049,4,1.156,110.26,0.289,15.313,0.078
88,ec.gp.GPIndividual@1132960620{-1330126848},3C_20_80-02.txt,35.738,0.250,8.935,2,9.734,108.95,4.867,15.313,0.078
88,ec.gp.GPIndividual@1132960620{-1330126848},3C_20_66-02.txt,154.245,0.250,38.561,22,46.000,119.29,2.091,15.313,0.078
88,ec.gp.GPIndividual@1132960620{-1330126848},3C_20_80-02.txt,35.738,0.250,8.935,1,0.203,2.27,0.203,15.313,0.078
88,ec.gp.GPIndividual@1132960620{-1330126848},3C_20_66-03.txt,118.340,0.250,29.585,1,13.734,46.42,13.734,15.313,0.078
88,ec.gp.GPIndividual@1132960620{-1330126848},3C_20_80-01.txt,4.194,0.250,1.049,3,1.828,174.34,0.609,15.313,0.078
88,ec.gp.GPIndividual@1132960620{-1330126848},3C_20_80-03.txt,169.439,0.250,42.360,14,42.406,100.11,3.029,15.313,0.078
88,ec.gp.GPIndividual@689678459{1980278146},3C_20_50-02.txt,61.404,0.250,15.351,5,9.141,59.54,1.828,7.859,0.141
88,ec.gp.GPIndividual@689678459{1980278146},3C_20_50-03.txt,30.993,0.250,7.748,3,8.547,110.31,2.849,7.859,0.141
88,ec.gp.GPIndividual@832447211{1309033314},3C_20_50-02.txt,61.404,0.250,15.351,8,15.094,98.32,1.887,5.281,0.156
88,ec.gp.GPIndividual@832447211{1309033314},3C_20_80-02.txt,35.738,0.250,8.935,2,5.688,63.66,2.844,5.281,0.156
88,ec.gp.GPIndividual@832447211{1309033314},3C_20_66-01.txt,7.322,0.250,1.831,6,2.406,131.45,0.401,5.281,0.078
88,ec.gp.GPIndividual@832447211{1309033314},3C_20_66-02.txt,154.245,0.250,38.561,1,0.078,0.20,0.078,5.281,0.078
88,ec.gp.GPIndividual@832447211{1309033314},3C_20_80-03.txt,169.439,0.250,42.360,10,52.344,123.57,5.234,16.125,0.078
88,ec.gp.GPIndividual@832447211{1309033314},3C_20_66-03.txt,118.340,0.250,29.585,1,1.547,5.23,1.547,16.125,0.078
88,ec.gp.GPIndividual@832447211{1309033314},3C_20_50-03.txt,30.993,0.250,7.748,7,8.500,109.70,1.214,16.125,0.078
88,ec.gp.GPIndividual@832447211{1309033314},3C_20_80-01.txt,4.194,0.250,1.049,3,1.000,95.36,0.333,16.125,0.063
88,ec.gp.GPIndividual@832447211{1309033314},3C_20_66-01.txt,7.322,0.250,1.831,6,1.875,102.43,0.313,16.125,0.063
88,ec.gp.GPIndividual@832447211{1309033314},3C_20_66-02.txt,154.245,0.250,38.561,1,0.344,0.89,0.344,16.125,0.063
88,ec.gp.GPIndividual@832447211{1309033314},3C_20_80-02.txt,35.738,0.250,8.935,3,8.969,100.38,2.990,16.125,0.063
88,ec.gp.GPIndividual@832447211{1309033314},3C_20_80-03.txt,169.439,0.250,42.360,8,22.672,53.52,2.834,16.406,0.063
88,ec.gp.GPIndividual@378783403{512711777},3C_20_50-02.txt,61.404,0.250,15.351,3,29.438,191.76,9.813,14.750,0.172
88,ec.gp.GPIndividual@1207769248{-1916816063},3C_20_50-02.txt,61.404,0.250,15.351,10,17.453,113.69,1.745,6.031,0.156
88,ec.gp.GPIndividual@1207769248{-1916816063},3C_20_50-03.txt,30.993,0.250,7.748,7,7.750,100.02,1.107,6.031,0.078
88,ec.gp.GPIndividual@1207769248{-1916816063},3C_20_66-01.txt,7.322,0.250,1.831,2,1.375,75.11,0.688,6.031,0.078
88,ec.gp.GPIndividual@1207769248{-1916816063},3C_20_50-03.txt,30.993,0.250,7.748,1,2.844,36.70,2.844,6.031,0.078
88,ec.gp.GPIndividual@1207769248{-1916816063},3C_20_66-03.txt,118.340,0.250,29.585,10,34.516,116.67,3.452,11.203,0.078
88,ec.gp.GPIndividual@1207769248{-1916816063},3C_20_66-02.txt,154.245,0.250,38.561,10,44.094,114.35,4.409,11.203,0.078
88,ec.gp.GPIndividual@1207769248{-1916816063},3C_20_66-03.txt,118.340,0.250,29.585,1,2.031,6.87,2.031,11.203,0.078
88,ec.gp.GPIndividual@1207769248{-1916816063},3C_20_80-01.txt,4.194,0.250,1.049,6,3.609,344.20,0.602,11.203,0.078
88,ec.gp.GPIndividual@1207769248{-1916816063},3C_20_80-01.txt,4.194,0.250,1.049,1,0.063,5.96,0.063,11.203,0.063
88,ec.gp.GPIndividual@1207769248{-1916816063},3C_20_80-02.txt,35.738,0.250,8.935,6,9.297,104.06,1.549,11.203,0.063
88,ec.gp.GPIndividual@1207769248{-1916816063},3C_20_66-01.txt,7.322,0.250,1.831,5,2.141,116.94,0.428,11.203,0.063
88,ec.gp.GPIndividual@1207769248{-1916816063},3C_20_66-02.txt,154.245,0.250,38.561,6,4.406,11.43,0.734,11.203,0.063
88,ec.gp.GPIndividual@1207769248{-1916816063},3C_20_80-03.txt,169.439,0.250,42.360,10,52.219,123.27,5.222,15.797,0.063
88,ec.gp.GPIndividual@1207769248{-1916816063},3C_20_66-03.txt,118.340,0.250,29.585,6,35.109,118.67,5.852,15.797,0.063
88,ec.gp.GPIndividual@1207769248{-1916816063},3C_20_80-01.txt,4.194,0.250,1.049,2,6.375,607.94,3.188,15.797,0.063
88,ec.gp.GPIndividual@1944352219{1707915857},3C_20_50-02.txt,61.404,0.250,15.351,5,11.406,74.30,2.281,9.281,0.094
88,ec.gp.GPIndividual@1944352219{1707915857},3C_20_80-03.txt,169.439,0.250,42.360,4,37.531,88.60,9.383,16.328,0.094
88,ec.gp.GPIndividual@1944352219{1707915857},3C_20_50-03.txt,30.993,0.250,7.748,4,6.109,78.85,1.527,16.328,0.094
88,ec.gp.GPIndividual@1944352219{1707915857},3C_20_66-01.txt,7.322,0.250,1.831,3,8.266,451.54,2.755,16.328,0.094
88,ec.gp.GPIndividual@1171826588{-986002858},3C_20_50-02.txt,61.404,0.250,15.351,6,2.750,17.91,0.458,0.813,0.125
88,ec.gp.GPIndividual@1171826588{-986002858},3C_20_50-03.txt,30.993,0.250,7.748,3,8.828,113.94,2.943,5.625,0.125
88,ec.gp.GPIndividual@1171826588{-986002858},3C_20_66-02.txt,154.245,0.250,38.561,7,6.531,16.94,0.933,5.625,0.125
88,ec.gp.GPIndividual@1171826588{-986002858},3C_20_66-01.txt,7.322,0.250,1.831,4,1.422,77.67,0.355,5.625,0.125
88,ec.gp.GPIndividual@1171826588{-986002858},3C_20_66-02.txt,154.245,0.250,38.561,4,1.875,4.86,0.469,5.625,0.125
88,ec.gp.GPIndividual@1171826588{-986002858},3C_20_66-03.txt,118.340,0.250,29.585,5,30.844,104.26,6.169,11.016,0.125
88,ec.gp.GPIndividual@1171826588{-986002858},3C_20_80-01.txt,4.194,0.250,1.049,4,0.938,89.40,0.234,11.016,0.109
88,ec.gp.GPIndividual@1171826588{-986002858},3C_20_80-02.txt,35.738,0.250,8.935,4,1.688,18.89,0.422,11.016,0.109
88,ec.gp.GPIndividual@1171826588{-986002858},3C_20_80-03.txt,169.439,0.250,42.360,1,3.875,9.15,3.875,11.016,0.109
88,ec.gp.GPIndividual@1171826588{-986002858},3C_20_66-03.txt,118.340,0.250,29.585,6,27.203,91.95,4.534,11.219,0.109
88,ec.gp.GPIndividual@1171826588{-986002858},3C_20_80-01.txt,4.194,0.250,1.049,4,0.984,93.87,0.246,11.219,0.109
88,ec.gp.GPIndividual@1171826588{-986002858},3C_20_80-02.txt,35.738,0.250,8.935,7,8.313,93.04,1.188,11.219,0.109
88,ec.gp.GPIndividual@751251003{-122242164},3C_20_50-02.txt,61.404,0.250,15.351,0,0.000,0.00,0.000,0.000,0.000
88,ec.gp.GPIndividual@751251003{-122242164},3C_20_50-03.txt,30.993,0.250,7.748,0,0.000,0.00,0.000,0.000,0.000
88,ec.gp.GPIndividual@751251003{-122242164},3C_20_66-01.txt,7.322,0.250,1.831,0,0.000,0.00,0.000,0.000,0.000
88,ec.gp.GPIndividual@751251003{-122242164},3C_20_66-02.txt,154.245,0.250,38.561,0,0.000,0.00,0.000,0.000,0.000
88,ec.gp.GPIndividual@751251003{-122242164},3C_20_66-03.txt,118.340,0.250,29.585,0,0.000,0.00,0.000,0.000,0.000
88,ec.gp.GPIndividual@751251003{-122242164},3C_20_80-01.txt,4.194,0.250,1.049,0,0.000,0.00,0.000,0.000,0.000
88,ec.gp.GPIndividual@751251003{-122242164},3C_20_80-02.txt,35.738,0.250,8.935,0,0.000,0.00,0.000,0.000,0.000
88,ec.gp.GPIndividual@751251003{-122242164},3C_20_80-03.txt,169.439,0.250,42.360,0,0.000,0.00,0.000,0.000,0.000
89,ec.gp.GPIndividual@1272483418{-24902706},3C_20_50-02.txt,61.404,0.250,15.351,0,0.000,0.00,0.000,0.000,0.000
89,ec.gp.GPIndividual@1272483418{-24902706},3C_20_50-03.txt,30.993,0.250,7.748,0,0.000,0.00,0.000,0.000,0.000
89,ec.gp.GPIndividual@1272483418{-24902706},3C_20_66-01.txt,7.322,0.250,1.831,0,0.000,0.00,0.000,0.000,0.000
89,ec.gp.GPIndividual@1272483418{-24902706},3C_20_66-02.txt,154.245,0.250,38.561,0,0.000,0.00,0.000,0.000,0.000
89,ec.gp.GPIndividual@1272483418{-24902706},3C_20_66-03.txt,118.340,0.250,29.585,0,0.000,0.00,0.000,0.000,0.000
89,ec.gp.GPIndividual@1272483418{-24902706},3C_20_80-01.txt,4.194,0.250,1.049,0,0.000,0.00,0.000,0.000,0.000
89,ec.gp.GPIndividual@1272483418{-24902706},3C_20_80-02.txt,35.738,0.250,8.935,0,0.000,0.00,0.000,0.000,0.000
89,ec.gp.GPIndividual@1272483418{-24902706},3C_20_80-03.txt,169.439,0.250,42.360,0,0.000,0.00,0.000,0.000,0.000
89,ec.gp.GPIndividual@409293358{-1774089237},3C_20_50-02.txt,61.404,0.250,15.351,1,0.375,2.44,0.375,0.375,0.375
89,ec.gp.GPIndividual@409293358{-1774089237},3C_20_50-03.txt,30.993,0.250,7.748,9,9.078,117.17,1.009,1.844,0.375
89,ec.gp.GPIndividual@409293358{-1774089237},3C_20_50-03.txt,30.993,0.250,7.748,4,2.891,37.31,0.723,1.844,0.266
89,ec.gp.GPIndividual@409293358{-1774089237},3C_20_50-03.txt,30.993,0.250,7.748,2,4.094,52.84,2.047,3.141,0.266
89,ec.gp.GPIndividual@409293358{-1774089237},3C_20_66-01.txt,7.322,0.250,1.831,2,2.000,109.26,1.000,3.141,0.172
89,ec.gp.GPIndividual@409293358{-1774089237},3C_20_50-03.txt,30.993,0.250,7.748,1,0.875,11.29,0.875,3.141,0.172
89,ec.gp.GPIndividual@409293358{-1774089237},3C_20_66-02.txt,154.245,0.250,38.561,5,13.781,35.74,2.756,3.234,0.172
89,ec.gp.GPIndividual@409293358{-1774089237},3C_20_66-03.txt,118.340,0.250,29.585,1,2.328,7.87,2.328,3.234,0.172
89,ec.gp.GPIndividual@409293358{-1774089237},3C_20_50-03.txt,30.993,0.250,7.748,3,8.094,104.46,2.698,3.234,0.172
89,ec.gp.GPIndividual@409293358{-1774089237},3C_20_66-01.txt,7.322,0.250,1.831,2,4.828,263.75,2.414,4.125,0.172
89,ec.gp.GPIndividual@409293358{-1774089237},3C_20_66-01.txt,7.322,0.250,1.831,4,1.891,103.28,0.473,4.125,0.172
89,ec.gp.GPIndividual@409293358{-1774089237},3C_20_50-03.txt,30.993,0.250,7.748,4,9.031,116.56,2.258,4.438,0.172
89,ec.gp.GPIndividual@409293358{-1774089237},3C_20_66-01.txt,7.322,0.250,1.831,4,3.672,200.59,0.918,4.438,0.172
89,ec.gp.GPIndividual@409293358{-1774089237},3C_20_66-02.txt,154.245,0.250,38.561,0,0.000,0.00,0.000,4.438,0.172
89,ec.gp.GPIndividual@409293358{-1774089237},3C_20_66-02.txt,154.245,0.250,38.561,2,0.594,1.54,0.297,4.438,0.141
89,ec.gp.GPIndividual@409293358{-1774089237},3C_20_66-01.txt,7.322,0.250,1.831,3,7.672,419.10,2.557,5.891,0.141
89,ec.gp.GPIndividual@409293358{-1774089237},3C_20_80-01.txt,4.194,0.250,1.049,4,1.297,123.67,0.324,5.891,0.141
89,ec.gp.GPIndividual@409293358{-1774089237},3C_20_80-02.txt,35.738,0.250,8.935,6,9.859,110.35,1.643,5.891,0.141
89,ec.gp.GPIndividual@409293358{-1774089237},3C_20_66-02.txt,154.245,0.250,38.561,4,4.891,12.68,1.223,5.891,0.141
89,ec.gp.GPIndividual@409293358{-1774089237},3C_20_80-03.txt,169.439,0.250,42.360,1,1.203,2.84,1.203,5.891,0.141
89,ec.gp.GPIndividual@409293358{-1774089237},3C_20_66-03.txt,118.340,0.250,29.585,11,24.953,84.34,2.268,5.906,0.141
89,ec.gp.GPIndividual@958475625{-1512363089},3C_20_50-02.txt,61.404,0.250,15.351,8,15.516,101.07,1.939,6.031,0.172
89,ec.gp.GPIndividual@958475625{-1512363089},3C_20_80-01.txt,4.194,0.250,1.049,1,4.281,408.27,4.281,6.031,0.172
89,ec.gp.GPIndividual@958475625{-1512363089},3C_20_66-01.txt,7.322,0.250,1.831,3,3.141,171.57,1.047,6.031,0.172
89,ec.gp.GPIndividual@958475625{-1512363089},3C_20_66-03.txt,118.340,0.250,29.585,2,0.797,2.69,0.398,6.031,0.172
89,ec.gp.GPIndividual@958475625{-1512363089},3C_20_50-03.txt,30.993,0.250,7.748,2,9.297,119.99,4.648,8.500,0.172
89,ec.gp.GPIndividual@958475625{-1512363089},3C_20_66-02.txt,154.245,0.250,38.561,15,38.594,100.08,2.573,8.500,0.172
89,ec.gp.GPIndividual@958475625{-1512363089},3C_20_66-03.txt,118.340,0.250,29.585,8,35.766,120.89,4.471,12.406,0.172
89,ec.gp.GPIndividual@958475625{-1512363089},3C_20_66-03.txt,118.340,0.250,29.585,7,35.578,120.26,5.083,12.406,0.172
89,ec.gp.GPIndividual@958475625{-1512363089},3C_20_80-01.txt,4.194,0.250,1.049,1,7.828,746.52,7.828,12.406,0.172
89,ec.gp.GPIndividual@958475625{-1512363089},3C_20_80-02.txt,35.738,0.250,8.935,3,2.703,30.25,0.901,12.406,0.172
89,ec.gp.GPIndividual@958475625{-1512363089},3C_20_80-01.txt,4.194,0.250,1.049,3,1.063,101.32,0.354,12.406,0.172
89,ec.gp.GPIndividual@958475625{-1512363089},3C_20_80-02.txt,35.738,0.250,8.935,4,9.094,101.78,2.273,12.406,0.172
89,ec.gp.GPIndividual@958475625{-1512363089},3C_20_66-02.txt,154.245,0.250,38.561,20,39.625,102.76,1.981,12.406,0.172
89,ec.gp.GPIndividual@958475625{-1512363089},3C_20_80-02.txt,35.738,0.250,8.935,1,0.156,1.75,0.156,12.406,0.156
89,ec.gp.GPIndividual@958475625{-1512363089},3C_20_66-03.txt,118.340,0.250,29.585,3,6.125,20.70,2.042,12.406,0.156
89,ec.gp.GPIndividual@958475625{-1512363089},3C_20_80-03.txt,169.439,0.250,42.360,6,32.828,77.50,5.471,12.875,0.156
89,ec.gp.GPIndividual@958475625{-1512363089},3C_20_80-01.txt,4.194,0.250,1.049,1,1.594,151.99,1.594,12.875,0.156
89,ec.gp.GPIndividual@958475625{-1512363089},3C_20_80-03.txt,169.439,0.250,42.360,6,22.938,54.15,3.823,12.875,0.156
89,ec.gp.GPIndividual@958475625{-1512363089},3C_20_80-03.txt,169.439,0.250,42.360,1,9.031,21.32,9.031,12.875,0.156
89,ec.gp.GPIndividual@958475625{-1512363089},3C_20_66-01.txt,7.322,0.250,1.831,3,7.953,434.47,2.651,12.875,0.156
89,ec.gp.GPIndividual@2004625421{-487698996},3C_20_50-02.txt,61.404,0.250,15.351,8,15.922,103.72,1.990,5.906,0.156
89,ec.gp.GPIndividual@1924690594{752774615},3C_20_50-02.txt,61.404,0.250,15.351,9,16.578,107.99,1.842,3.078,0.500
89,ec.gp.GPIndividual@1924690594{752774615},3C_20_50-03.txt,30.993,0.250,7.748,4,18.531,239.17,4.633,12.609,0.500
89,ec.gp.GPIndividual@1924690594{752774615},3C_20_80-01.txt,4.194,0.250,1.049,1,14.438,1376.81,14.438,14.438,0.500
89,ec.gp.GPIndividual@1501955256{2092071460},3C_20_50-02.txt,61.404,0.250,15.351,12,17.594,114.61,1.466,3.125,0.172
89,ec.gp.GPIndividual@1501955256{2092071460},3C_20_50-03.txt,30.993,0.250,7.748,4,8.266,106.68,2.066,4.828,0.141
89,ec.gp.GPIndividual@1501955256{2092071460},3C_20_80-02.txt,35.738,0.250,8.935,4,10.844,121.37,2.711,5.734,0.141
89,ec.gp.GPIndividual@1501955256{2092071460},3C_20_80-02.txt,35.738,0.250,8.935,1,3.047,34.10,3.047,5.734,0.141
89,ec.gp.GPIndividual@1501955256{2092071460},3C_20_66-01.txt,7.322,0.250,1.831,1,3.203,174.98,3.203,5.734,0.141
89,ec.gp.GPIndividual@1501955256{2092071460},3C_20_66-01.txt,7.322,0.250,1.831,2,1.750,95.60,0.875,5.734,0.141
89,ec.gp.GPIndividual@1501955256{2092071460},3C_20_66-02.txt,154.245,0.250,38.561,2,1.453,3.77,0.727,5.734,0.141
89,ec.gp.GPIndividual@1501955256{2092071460},3C_20_50-03.txt,30.993,0.250,7.748,7,8.531,110.11,1.219,5.734,0.141
89,ec.gp.GPIndividual@1501955256{2092071460},3C_20_80-03.txt,169.439,0.250,42.360,23,42.531,100.40,1.849,5.969,0.141
89,ec.gp.GPIndividual@1501955256{2092071460},3C_20_66-03.txt,118.340,0.250,29.585,8,29.141,98.50,3.643,9.906,0.141
89,ec.gp.GPIndividual@1501955256{2092071460},3C_20_66-02.txt,154.245,0.250,38.561,8,44.406,115.16,5.551,10.094,0.141
89,ec.gp.GPIndividual@1501955256{2092071460},3C_20_80-03.txt,169.439,0.250,42.360,6,18.141,42.83,3.023,10.094,0.141
89,ec.gp.GPIndividual@1501955256{2092071460},3C_20_66-02.txt,154.245,0.250,38.561,9,47.063,122.05,5.229,13.641,0.141
89,ec.gp.GPIndividual@1877567359{432007174},3C_20_50-02.txt,61.404,0.250,15.351,1,15.844,103.21,15.844,15.844,15.844
89,ec.gp.GPIndividual@1877567359{432007174},3C_20_80-01.txt,4.194,0.250,1.049,1,13.063,1245.68,13.063,15.844,13.063
89,ec.gp.GPIndividual@1877567359{432007174},3C_20_66-03.txt,118.340,0.250,29.585,10,29.609,100.08,2.961,15.844,0.469
89,ec.gp.GPIndividual@1877567359{432007174},3C_20_66-03.txt,118.340,0.250,29.585,1,0.891,3.01,0.891,15.844,0.469
89,ec.gp.GPIndividual@1877567359{432007174},3C_20_50-03.txt,30.993,0.250,7.748,2,12.531,161.73,6.266,15.844,0.469
89,ec.gp.GPIndividual@1862283789{-1810970898},3C_20_50-02.txt,61.404,0.250,15.351,7,18.422,120.00,2.632,7.063,0.516
89,ec.gp.GPIndividual@1862283789{-1810970898},3C_20_66-01.txt,7.322,0.250,1.831,3,1.656,90.48,0.552,7.063,0.141
89,ec.gp.GPIndividual@1862283789{-1810970898},3C_20_66-02.txt,154.245,0.250,38.561,1,0.703,1.82,0.703,7.063,0.141
89,ec.gp.GPIndividual@1862283789{-1810970898},3C_20_80-02.txt,35.738,0.250,8.935,1,0.500,5.60,0.500,7.063,0.141
89,ec.gp.GPIndividual@1862283789{-1810970898},3C_20_50-03.txt,30.993,0.250,7.748,3,7.000,90.34,2.333,7.063,0.141
89,ec.gp.GPIndividual@1862283789{-1810970898},3C_20_66-01.txt,7.322,0.250,1.831,1,6.000,327.77,6.000,7.063,0.141
89,ec.gp.GPIndividual@1862283789{-1810970898},3C_20_80-01.txt,4.194,0.250,1.049,1,1.922,183.28,1.922,7.063,0.141
89,ec.gp.GPIndividual@1862283789{-1810970898},3C_20_66-03.txt,118.340,0.250,29.585,16,30.016,101.46,1.876,7.063,0.141
89,ec.gp.GPIndividual@1862283789{-1810970898},3C_20_66-01.txt,7.322,0.250,1.831,2,1.953,106.70,0.977,7.063,0.141
89,ec.gp.GPIndividual@1862283789{-1810970898},3C_20_80-03.txt,169.439,0.250,42.360,2,3.188,7.52,1.594,7.063,0.141
89,ec.gp.GPIndividual@1862283789{-1810970898},3C_20_80-01.txt,4.194,0.250,1.049,1,4.109,391.88,4.109,7.063,0.141
89,ec.gp.GPIndividual@1862283789{-1810970898},3C_20_80-02.txt,35.738,0.250,8.935,1,0.500,5.60,0.500,7.063,0.141
89,ec.gp.GPIndividual@1862283789{-1810970898},3C_20_80-02.txt,35.738,0.250,8.935,7,8.906,99.68,1.272,7.063,0.141
89,ec.gp.GPIndividual@1862283789{-1810970898},3C_20_66-02.txt,154.245,0.250,38.561,1,0.859,2.23,0.859,7.063,0.141
89,ec.gp.GPIndividual@1862283789{-1810970898},3C_20_80-03.txt,169.439,0.250,42.360,13,40.484,95.57,3.114,9.813,0.141
89,ec.gp.GPIndividual@66392857{667249455},3C_20_50-02.txt,61.404,0.250,15.351,1,0.000,0.00,0.000,0.000,0.000
89,ec.gp.GPIndividual@66392857{667249455},3C_20_50-03.txt,30.993,0.250,7.748,1,0.000,0.00,0.000,0.000,0.000
89,ec.gp.GPIndividual@66392857{667249455},3C_20_66-01.txt,7.322,0.250,1.831,1,0.000,0.00,0.000,0.000,0.000
89,ec.gp.GPIndividual@66392857{667249455},3C_20_66-02.txt,154.245,0.250,38.561,1,0.000,0.00,0.000,0.000,0.000
89,ec.gp.GPIndividual@66392857{667249455},3C_20_66-03.txt,118.340,0.250,29.585,1,0.000,0.00,0.000,0.000,0.000
89,ec.gp.GPIndividual@66392857{667249455},3C_20_80-01.txt,4.194,0.250,1.049,1,0.000,0.00,0.000,0.000,0.000
89,ec.gp.GPIndividual@66392857{667249455},3C_20_80-02.txt,35.738,0.250,8.935,1,0.000,0.00,0.000,0.000,0.000
89,ec.gp.GPIndividual@66392857{667249455},3C_20_80-03.txt,169.439,0.250,42.360,1,0.000,0.00,0.000,0.000,0.000
89,ec.gp.GPIndividual@266671326{107298193},3C_20_50-02.txt,61.404,0.250,15.351,4,15.438,100.56,3.859,8.375,0.516
89,ec.gp.GPIndividual@831459960{1295570354},3C_20_50-02.txt,61.404,0.250,15.351,1,0.000,0.00,0.000,0.000,0.000
89,ec.gp.GPIndividual@831459960{1295570354},3C_20_50-03.txt,30.993,0.250,7.748,1,0.000,0.00,0.000,0.000,0.000
89,ec.gp.GPIndividual@831459960{1295570354},3C_20_66-01.txt,7.322,0.250,1.831,1,0.000,0.00,0.000,0.000,0.000
89,ec.gp.GPIndividual@831459960{1295570354},3C_20_66-02.txt,154.245,0.250,38.561,1,0.000,0.00,0.000,0.000,0.000
89,ec.gp.GPIndividual@831459960{1295570354},3C_20_66-03.txt,118.340,0.250,29.585,1,0.000,0.00,0.000,0.000,0.000
89,ec.gp.GPIndividual@831459960{1295570354},3C_20_80-01.txt,4.194,0.250,1.049,1,0.000,0.00,0.000,0.000,0.000
89,ec.gp.GPIndividual@831459960{1295570354},3C_20_80-02.txt,35.738,0.250,8.935,1,0.000,0.00,0.000,0.000,0.000
89,ec.gp.GPIndividual@831459960{1295570354},3C_20_80-03.txt,169.439,0.250,42.360,1,0.000,0.00,0.000,0.000,0.000
89,ec.gp.GPIndividual@1637217087{-1096428391},3C_20_50-02.txt,61.404,0.250,15.351,4,14.875,96.90,3.719,12.000,0.516
89,ec.gp.GPIndividual@1637217087{-1096428391},3C_20_66-02.txt,154.245,0.250,38.561,12,39.156,101.54,3.263,13.203,0.172
89,ec.gp.GPIndividual@1637217087{-1096428391},3C_20_66-03.txt,118.340,0.250,29.585,1,0.156,0.53,0.156,13.203,0.156
89,ec.gp.GPIndividual@1637217087{-1096428391},3C_20_50-03.txt,30.993,0.250,7.748,2,7.359,94.98,3.680,13.203,0.156
89,ec.gp.GPIndividual@1637217087{-1096428391},3C_20_66-03.txt,118.340,0.250,29.585,1,2.203,7.45,2.203,13.203,0.156
89,ec.gp.GPIndividual@1637217087{-1096428391},3C_20_50-03.txt,30.993,0.250,7.748,2,7.406,95.59,3.703,13.203,0.156
89,ec.gp.GPIndividual@1637217087{-1096428391},3C_20_80-03.txt,169.439,0.250,42.360,2,12.547,29.62,6.273,13.203,0.156
89,ec.gp.GPIndividual@1637217087{-1096428391},3C_20_80-01.txt,4.194,0.250,1.049,3,1.063,101.32,0.354,13.203,0.156
89,ec.gp.GPIndividual@1637217087{-1096428391},3C_20_80-02.txt,35.738,0.250,8.935,2,9.234,103.36,4.617,13.203,0.156
89,ec.gp.GPIndividual@1637217087{-1096428391},3C_20_80-01.txt,4.194,0.250,1.049,4,1.188,113.24,0.297,13.203,0.156
89,ec.gp.GPIndividual@1637217087{-1096428391},3C_20_80-02.txt,35.738,0.250,8.935,2,10.422,116.65,5.211,13.203,0.156
89,ec.gp.GPIndividual@1637217087{-1096428391},3C_20_66-01.txt,7.322,0.250,1.831,1,2.047,111.82,2.047,13.203,0.156
89,ec.gp.GPIndividual@1637217087{-1096428391},3C_20_80-03.txt,169.439,0.250,42.360,18,42.500,100.33,2.361,13.203,0.156
89,ec.gp.GPIndividual@1637217087{-1096428391},3C_20_80-03.txt,169.439,0.250,42.360,8,44.797,105.75,5.600,13.203,0.156
89,ec.gp.GPIndividual@219929442{770004578},3C_20_50-02.txt,61.404,0.250,15.351,3,8.375,54.56,2.792,7.516,0.344
89,ec.gp.GPIndividual@219929442{770004578},3C_20_66-01.txt,7.322,0.250,1.831,2,2.734,149.37,1.367,7.516,0.344
89,ec.gp.GPIndividual@219929442{770004578},3C_20_50-03.txt,30.993,0.250,7.748,3,10.016,129.26,3.339,8.391,0.344
89,ec.gp.GPIndividual@219929442{770004578},3C_20_80-01.txt,4.194,0.250,1.049,3,2.297,219.04,0.766,8.391,0.344
89,ec.gp.GPIndividual@219929442{770004578},3C_20_66-02.txt,154.245,0.250,38.561,5,22.734,58.96,4.547,12.125,0.156
89,ec.gp.GPIndividual@219929442{770004578},3C_20_80-02.txt,35.738,0.250,8.935,4,23.219,259.88,5.805,16.719,0.156
89,ec.gp.GPIndividual@1998099769{-331400273},3C_20_50-02.txt,61.404,0.250,15.351,7,12.469,81.22,1.781,4.656,0.531
89,ec.gp.GPIndividual@1998099769{-331400273},3C_20_66-03.txt,118.340,0.250,29.585,1,6.828,23.08,6.828,6.828,0.531
89,ec.gp.GPIndividual@313614336{-1712516326},3C_20_50-02.txt,61.404,0.250,15.351,7,21.078,137.31,3.011,9.391,0.516
89,ec.gp.GPIndividual@313614336{-1712516326},3C_20_66-02.txt,154.245,0.250,38.561,1,2.516,6.52,2.516,9.391,0.516
89,ec.gp.GPIndividual@313614336{-1712516326},3C_20_50-03.txt,30.993,0.250,7.748,3,6.922,89.34,2.307,9.391,0.516
89,ec.gp.GPIndividual@313614336{-1712516326},3C_20_66-01.txt,7.322,0.250,1.831,1,2.484,135.72,2.484,9.391,0.516
89,ec.gp.GPIndividual@313614336{-1712516326},3C_20_66-03.txt,118.340,0.250,29.585,3,8.500,28.73,2.833,9.391,0.516
89,ec.gp.GPIndividual@313614336{-1712516326},3C_20_80-03.txt,169.439,0.250,42.360,1,2.625,6.20,2.625,9.391,0.516
89,ec.gp.GPIndividual@313614336{-1712516326},3C_20_50-03.txt,30.993,0.250,7.748,6,7.531,97.20,1.255,9.391,0.172
89,ec.gp.GPIndividual@313614336{-1712516326},3C_20_66-01.txt,7.322,0.250,1.831,2,4.563,249.24,2.281,9.391,0.172
89,ec.gp.GPIndividual@313614336{-1712516326},3C_20_80-01.txt,4.194,0.250,1.049,3,1.813,172.85,0.604,9.391,0.172
89,ec.gp.GPIndividual@313614336{-1712516326},3C_20_66-02.txt,154.245,0.250,38.561,1,0.141,0.36,0.141,9.391,0.141
89,ec.gp.GPIndividual@313614336{-1712516326},3C_20_66-02.txt,154.245,0.250,38.561,17,38.391,99.56,2.258,9.391,0.141
89,ec.gp.GPIndividual@313614336{-1712516326},3C_20_66-03.txt,118.340,0.250,29.585,1,1.219,4.12,1.219,9.391,0.141
89,ec.gp.GPIndividual@313614336{-1712516326},3C_20_66-03.txt,118.340,0.250,29.585,8,31.859,107.69,3.982,9.391,0.141
89,ec.gp.GPIndividual@313614336{-1712516326},3C_20_80-01.txt,4.194,0.250,1.049,1,2.156,205.63,2.156,9.391,0.141
89,ec.gp.GPIndividual@313614336{-1712516326},3C_20_80-02.txt,35.738,0.250,8.935,6,8.969,100.38,1.495,9.391,0.141
89,ec.gp.GPIndividual@313614336{-1712516326},3C_20_80-02.txt,35.738,0.250,8.935,1,0.688,7.69,0.688,9.391,0.141
89,ec.gp.GPIndividual@403205495{291483972},3C_20_50-02.txt,61.404,0.250,15.351,2,9.422,61.38,4.711,7.328,2.094
89,ec.gp.GPIndividual@403205495{291483972},3C_20_66-01.txt,7.322,0.250,1.831,3,1.906,104.14,0.635,7.328,0.344
89,ec.gp.GPIndividual@403205495{291483972},3C_20_50-03.txt,30.993,0.250,7.748,6,7.516,97.00,1.253,7.328,0.156
89,ec.gp.GPIndividual@403205495{291483972},3C_20_66-02.txt,154.245,0.250,38.561,4,14.609,37.89,3.652,11.313,0.156
89,ec.gp.GPIndividual@403205495{291483972},3C_20_80-01.txt,4.194,0.250,1.049,2,1.766,168.38,0.883,11.313,0.156
89,ec.gp.GPIndividual@403205495{291483972},3C_20_80-03.txt,169.439,0.250,42.360,11,21.172,49.98,1.925,11.313,0.156
89,ec.gp.GPIndividual@403205495{291483972},3C_20_66-03.txt,118.340,0.250,29.585,4,21.594,72.99,5.398,11.313,0.156
89,ec.gp.GPIndividual@403205495{291483972},3C_20_80-01.txt,4.194,0.250,1.049,3,1.063,101.32,0.354,11.313,0.156
89,ec.gp.GPIndividual@403205495{291483972},3C_20_80-02.txt,35.738,0.250,8.935,2,9.047,101.26,4.523,11.313,0.156
89,ec.gp.GPIndividual@403205495{291483972},3C_20_80-01.txt,4.194,0.250,1.049,2,2.688,256.29,1.344,11.313,0.156
89,ec.gp.GPIndividual@403205495{291483972},3C_20_80-03.txt,169.439,0.250,42.360,6,25.781,60.86,4.297,12.875,0.156
89,ec.gp.GPIndividual@403205495{291483972},3C_20_80-02.txt,35.738,0.250,8.935,1,9.406,105.28,9.406,12.875,0.156
89,ec.gp.GPIndividual@1656478487{-278475715},3C_20_50-02.txt,61.404,0.250,15.351,7,15.578,101.48,2.225,6.297,0.328
89,ec.gp.GPIndividual@1656478487{-278475715},3C_20_80-03.txt,169.439,0.250,42.360,4,20.016,47.25,5.004,9.406,0.328
89,ec.gp.GPIndividual@1656478487{-278475715},3C_20_80-03.txt,169.439,0.250,42.360,6,46.453,109.66,7.742,13.094,0.328
89,ec.gp.GPIndividual@1656478487{-278475715},3C_20_66-01.txt,7.322,0.250,1.831,1,8.156,445.56,8.156,13.094,0.328
89,ec.gp.GPIndividual@1392017863{1688461761},3C_20_50-02.txt,61.404,0.250,15.351,4,12.719,82.85,3.180,10.484,0.500
89,ec.gp.GPIndividual@1392017863{1688461761},3C_20_80-02.txt,35.738,0.250,8.935,1,15.750,176.28,15.750,15.750,0.500
89,ec.gp.GPIndividual@138070278{-493872237},3C_20_50-02.txt,61.404,0.250,15.351,9,29.813,194.20,3.313,15.875,0.531
89,ec.gp.GPIndividual@138070278{-493872237},3C_20_50-03.txt,30.993,0.250,7.748,5,9.891,127.65,1.978,15.875,0.531
89,ec.gp.GPIndividual@334705358{512711777},3C_20_50-02.txt,61.404,0.250,15.351,9,14.719,95.88,1.635,3.156,0.516
89,ec.gp.GPIndividual@334705358{512711777},3C_20_50-03.txt,30.993,0.250,7.748,5,9.734,125.63,1.947,3.156,0.516
89,ec.gp.GPIndividual@334705358{512711777},3C_20_66-01.txt,7.322,0.250,1.831,1,0.328,17.92,0.328,3.156,0.328
89,ec.gp.GPIndividual@334705358{512711777},3C_20_80-03.txt,169.439,0.250,42.360,14,42.750,100.92,3.054,6.641,0.328
89,ec.gp.GPIndividual@334705358{512711777},3C_20_66-01.txt,7.322,0.250,1.831,1,2.594,141.69,2.594,6.641,0.328
89,ec.gp.GPIndividual@1243005535{198198204},3C_20_50-02.txt,61.404,0.250,15.351,5,20.828,135.68,4.166,9.719,0.531
89,ec.gp.GPIndividual@1243005535{198198204},3C_20_66-02.txt,154.245,0.250,38.561,8,39.656,102.84,4.957,16.172,0.531
89,ec.gp.GPIndividual@1243005535{198198204},3C_20_66-02.txt,154.245,0.250,38.561,13,37.469,97.17,2.882,16.172,0.328
89,ec.gp.GPIndividual@1243005535{198198204},3C_20_66-02.txt,154.245,0.250,38.561,6,17.250,44.73,2.875,16.172,0.328
89,ec.gp.GPIndividual@1243005535{198198204},3C_20_50-03.txt,30.993,0.250,7.748,2,11.844,152.86,5.922,16.172,0.328
89,ec.gp.GPIndividual@1243005535{198198204},3C_20_50-03.txt,30.993,0.250,7.748,1,13.797,178.07,13.797,16.172,0.328
89,ec.gp.GPIndividual@1243005535{198198204},3C_20_50-03.txt,30.993,0.250,7.748,5,7.781,100.43,1.556,16.172,0.172
89,ec.gp.GPIndividual@1243005535{198198204},3C_20_66-03.txt,118.340,0.250,29.585,7,32.516,109.91,4.645,16.172,0.172
89,ec.gp.GPIndividual@1243005535{198198204},3C_20_66-03.txt,118.340,0.250,29.585,5,31.313,105.84,6.263,16.172,0.172
89,ec.gp.GPIndividual@1243005535{198198204},3C_20_66-03.txt,118.340,0.250,29.585,7,32.109,108.53,4.587,16.172,0.172
89,ec.gp.GPIndividual@1243005535{198198204},3C_20_80-01.txt,4.194,0.250,1.049,2,2.313,220.53,1.156,16.172,0.172
89,ec.gp.GPIndividual@1243005535{198198204},3C_20_80-01.txt,4.194,0.250,1.049,1,5.500,524.50,5.500,16.172,0.172
89,ec.gp.GPIndividual@1243005535{198198204},3C_20_66-01.txt,7.322,0.250,1.831,3,8.250,450.69,2.750,16.172,0.172
89,ec.gp.GPIndividual@1243005535{198198204},3C_20_66-01.txt,7.322,0.250,1.831,3,2.047,111.82,0.682,16.172,0.172
89,ec.gp.GPIndividual@1243005535{198198204},3C_20_66-02.txt,154.245,0.250,38.561,4,9.328,24.19,2.332,16.172,0.172
89,ec.gp.GPIndividual@1243005535{198198204},3C_20_66-01.txt,7.322,0.250,1.831,2,2.219,121.21,1.109,16.172,0.172
89,ec.gp.GPIndividual@1243005535{198198204},3C_20_80-02.txt,35.738,0.250,8.935,2,9.719,108.78,4.859,16.172,0.172
89,ec.gp.GPIndividual@1243005535{198198204},3C_20_80-01.txt,4.194,0.250,1.049,2,1.828,174.34,0.914,16.172,0.172
89,ec.gp.GPIndividual@1243005535{198198204},3C_20_66-02.txt,154.245,0.250,38.561,24,39.672,102.88,1.653,16.172,0.125
89,ec.gp.GPIndividual@1243005535{198198204},3C_20_80-02.txt,35.738,0.250,8.935,6,10.484,117.35,1.747,16.172,0.125
89,ec.gp.GPIndividual@1243005535{198198204},3C_20_80-03.txt,169.439,0.250,42.360,3,3.406,8.04,1.135,16.172,0.125
89,ec.gp.GPIndividual@1243005535{198198204},3C_20_80-02.txt,35.738,0.250,8.935,2,9.422,105.45,4.711,16.172,0.125
89,ec.gp.GPIndividual@1243005535{198198204},3C_20_66-02.txt,154.245,0.250,38.561,14,40.859,105.96,2.919,16.172,0.125
89,ec.gp.GPIndividual@1243005535{198198204},3C_20_80-03.txt,169.439,0.250,42.360,4,39.391,92.99,9.848,16.469,0.125
89,ec.gp.GPIndividual@1243005535{198198204},3C_20_66-03.txt,118.340,0.250,29.585,4,32.938,111.33,8.234,16.469,0.125
89,ec.gp.GPIndividual@1243005535{198198204},3C_20_80-03.txt,169.439,0.250,42.360,7,52.906,124.90,7.558,16.469,0.125
89,ec.gp.GPIndividual@1243005535{198198204},3C_20_66-03.txt,118.340,0.250,29.585,1,1.828,6.18,1.828,16.469,0.125
89,ec.gp.GPIndividual@1718062475{1461097820},3C_20_50-02.txt,61.404,0.250,15.351,4,20.516,133.64,5.129,11.828,0.344
89,ec.gp.GPIndividual@1649238699{1455936549},3C_20_50-02.txt,61.404,0.250,15.351,4,24.906,162.24,6.227,13.953,0.484
89,ec.gp.GPIndividual@1649238699{1455936549},3C_20_66-03.txt,118.340,0.250,29.585,8,32.156,108.69,4.020,13.953,0.484
89,ec.gp.GPIndividual@1649238699{1455936549},3C_20_80-01.txt,4.194,0.250,1.049,1,4.234,403.80,4.234,13.953,0.484
89,ec.gp.GPIndividual@1649238699{1455936549},3C_20_50-03.txt,30.993,0.250,7.748,4,11.359,146.61,2.840,13.953,0.484
89,ec.gp.GPIndividual@751601121{107298193},3C_20_50-02.txt,61.404,0.250,15.351,7,17.547,114.30,2.507,7.891,0.484
89,ec.gp.GPIndividual@751601121{107298193},3C_20_66-01.txt,7.322,0.250,1.831,3,1.891,103.28,0.630,7.891,0.156
89,ec.gp.GPIndividual@751601121{107298193},3C_20_50-03.txt,30.993,0.250,7.748,5,7.531,97.20,1.506,7.891,0.156
89,ec.gp.GPIndividual@751601121{107298193},3C_20_80-01.txt,4.194,0.250,1.049,3,1.125,107.28,0.375,7.891,0.156
89,ec.gp.GPIndividual@751601121{107298193},3C_20_80-02.txt,35.738,0.250,8.935,3,3.141,35.15,1.047,7.891,0.156
89,ec.gp.GPIndividual@751601121{107298193},3C_20_80-01.txt,4.194,0.250,1.049,1,1.813,172.85,1.813,7.891,0.156
89,ec.gp.GPIndividual@751601121{107298193},3C_20_50-03.txt,30.993,0.250,7.748,5,8.063,104.06,1.613,7.891,0.156
89,ec.gp.GPIndividual@751601121{107298193},3C_20_66-01.txt,7.322,0.250,1.831,3,3.219,175.84,1.073,7.891,0.156
89,ec.gp.GPIndividual@751601121{107298193},3C_20_80-02.txt,35.738,0.250,8.935,8,9.719,108.78,1.215,7.891,0.156
89,ec.gp.GPIndividual@751601121{107298193},3C_20_66-02.txt,154.245,0.250,38.561,3,3.297,8.55,1.099,7.891,0.156
89,ec.gp.GPIndividual@751601121{107298193},3C_20_80-02.txt,35.738,0.250,8.935,5,7.234,80.97,1.447,7.891,0.156
89,ec.gp.GPIndividual@751601121{107298193},3C_20_66-02.txt,154.245,0.250,38.561,21,39.000,101.14,1.857,7.891,0.156
89,ec.gp.GPIndividual@751601121{107298193},3C_20_66-03.txt,118.340,0.250,29.585,9,29.672,100.29,3.297,7.891,0.156
89,ec.gp.GPIndividual@751601121{107298193},3C_20_66-01.txt,7.322,0.250,1.831,2,6.625,361.91,3.313,7.891,0.156
89,ec.gp.GPIndividual@751601121{107298193},3C_20_80-03.txt,169.439,0.250,42.360,11,42.688,100.77,3.881,11.172,0.156
89,ec.gp.GPIndividual@751601121{107298193},3C_20_80-01.txt,4.194,0.250,1.049,2,4.109,391.88,2.055,11.172,0.156
89,ec.gp.GPIndividual@751601121{107298193},3C_20_66-03.txt,118.340,0.250,29.585,5,9.375,31.69,1.875,11.172,0.156
89,ec.gp.GPIndividual@751601121{107298193},3C_20_66-02.txt,154.245,0.250,38.561,9,38.203,99.07,4.245,12.094,0.156
89,ec.gp.GPIndividual@751601121{107298193},3C_20_80-03.txt,169.439,0.250,42.360,9,40.109,94.69,4.457,12.094,0.156
89,ec.gp.GPIndividual@751601121{107298193},3C_20_80-03.txt,169.439,0.250,42.360,5,46.438,109.63,9.288,12.156,0.156
89,ec.gp.GPIndividual@1820706580{753425794},3C_20_50-02.txt,61.404,0.250,15.351,0,0.000,0.00,0.000,0.000,0.000
89,ec.gp.GPIndividual@1820706580{753425794},3C_20_50-03.txt,30.993,0.250,7.748,0,0.000,0.00,0.000,0.000,0.000
89,ec.gp.GPIndividual@1820706580{753425794},3C_20_66-01.txt,7.322,0.250,1.831,0,0.000,0.00,0.000,0.000,0.000
89,ec.gp.GPIndividual@1820706580{753425794},3C_20_66-02.txt,154.245,0.250,38.561,0,0.000,0.00,0.000,0.000,0.000
89,ec.gp.GPIndividual@1820706580{753425794},3C_20_66-03.txt,118.340,0.250,29.585,0,0.000,0.00,0.000,0.000,0.000
89,ec.gp.GPIndividual@1820706580{753425794},3C_20_80-01.txt,4.194,0.250,1.049,0,0.000,0.00,0.000,0.000,0.000
89,ec.gp.GPIndividual@1820706580{753425794},3C_20_80-02.txt,35.738,0.250,8.935,0,0.000,0.00,0.000,0.000,0.000
89,ec.gp.GPIndividual@1820706580{753425794},3C_20_80-03.txt,169.439,0.250,42.360,0,0.000,0.00,0.000,0.000,0.000
89,ec.gp.GPIndividual@97496568{-894363887},3C_20_50-02.txt,61.404,0.250,15.351,5,15.688,102.19,3.138,6.453,0.328
89,ec.gp.GPIndividual@596189116{547736416},3C_20_50-02.txt,61.404,0.250,15.351,4,9.672,63.00,2.418,4.641,0.234
89,ec.gp.GPIndividual@596189116{547736416},3C_20_80-01.txt,4.194,0.250,1.049,2,1.922,183.28,0.961,4.641,0.234
89,ec.gp.GPIndividual@596189116{547736416},3C_20_50-03.txt,30.993,0.250,7.748,8,11.953,154.27,1.494,4.641,0.000
89,ec.gp.GPIndividual@596189116{547736416},3C_20_80-03.txt,169.439,0.250,42.360,1,0.141,0.33,0.141,4.641,0.000
89,ec.gp.GPIndividual@596189116{547736416},3C_20_66-01.txt,7.322,0.250,1.831,2,4.063,221.93,2.031,4.641,0.000
89,ec.gp.GPIndividual@596189116{547736416},3C_20_66-01.txt,7.322,0.250,1.831,1,5.109,279.12,5.109,5.109,0.000
89,ec.gp.GPIndividual@596189116{547736416},3C_20_80-01.txt,4.194,0.250,1.049,2,1.109,105.79,0.555,5.109,0.000
89,ec.gp.GPIndividual@596189116{547736416},3C_20_80-02.txt,35.738,0.250,8.935,10,9.672,108.25,0.967,5.109,0.000
89,ec.gp.GPIndividual@596189116{547736416},3C_20_80-02.txt,35.738,0.250,8.935,7,9.188,102.83,1.313,5.109,0.000
89,ec.gp.GPIndividual@596189116{547736416},3C_20_66-02.txt,154.245,0.250,38.561,17,38.625,100.17,2.272,11.250,0.000
89,ec.gp.GPIndividual@596189116{547736416},3C_20_80-03.txt,169.439,0.250,42.360,6,43.297,102.21,7.216,15.391,0.000
89,ec.gp.GPIndividual@596189116{547736416},3C_20_80-03.txt,169.439,0.250,42.360,1,1.188,2.80,1.188,15.391,0.000
89,ec.gp.GPIndividual@596189116{547736416},3C_20_66-02.txt,154.245,0.250,38.561,6,22.094,57.30,3.682,15.391,0.000
89,ec.gp.GPIndividual@596189116{547736416},3C_20_66-03.txt,118.340,0.250,29.585,6,28.219,95.38,4.703,15.391,0.000
89,ec.gp.GPIndividual@1765963075{1688953640},3C_20_50-02.txt,61.404,0.250,15.351,3,24.172,157.46,8.057,13.563,0.281
89,ec.gp.GPIndividual@126498490{107298193},3C_20_50-02.txt,61.404,0.250,15.351,8,19.188,124.99,2.398,10.859,0.000
89,ec.gp.GPIndividual@126498490{107298193},3C_20_66-03.txt,118.340,0.250,29.585,3,7.750,26.20,2.583,10.859,0.000
89,ec.gp.GPIndividual@126498490{107298193},3C_20_80-01.txt,4.194,0.250,1.049,5,1.063,101.32,0.213,10.859,0.000
89,ec.gp.GPIndividual@126498490{107298193},3C_20_80-02.txt,35.738,0.250,8.935,7,9.313,104.23,1.330,10.859,0.000
89,ec.gp.GPIndividual@126498490{107298193},3C_20_80-01.txt,4.194,0.250,1.049,5,1.094,104.30,0.219,10.859,0.000
89,ec.gp.GPIndividual@126498490{107298193},3C_20_80-03.txt,169.439,0.250,42.360,14,42.297,99.85,3.021,11.219,0.000
89,ec.gp.GPIndividual@126498490{107298193},3C_20_80-02.txt,35.738,0.250,8.935,1,1.828,20.46,1.828,11.219,0.000
89,ec.gp.GPIndividual@126498490{107298193},3C_20_50-03.txt,30.993,0.250,7.748,3,11.109,143.38,3.703,11.219,0.000
89,ec.gp.GPIndividual@126498490{107298193},3C_20_50-03.txt,30.993,0.250,7.748,5,8.813,113.74,1.763,11.219,0.000
89,ec.gp.GPIndividual@126498490{107298193},3C_20_66-01.txt,7.322,0.250,1.831,3,2.078,113.52,0.693,11.219,0.000
89,ec.gp.GPIndividual@126498490{107298193},3C_20_66-01.txt,7.322,0.250,1.831,5,2.328,127.18,0.466,11.219,0.000
89,ec.gp.GPIndividual@126498490{107298193},3C_20_66-02.txt,154.245,0.250,38.561,1,0.078,0.20,0.078,11.219,0.000
89,ec.gp.GPIndividual@126498490{107298193},3C_20_80-03.txt,169.439,0.250,42.360,13,44.172,104.28,3.398,14.844,0.000
89,ec.gp.GPIndividual@476539937{1611606225},3C_20_50-02.txt,61.404,0.250,15.351,2,15.828,103.11,7.914,9.109,6.719
89,ec.gp.GPIndividual@476539937{1611606225},3C_20_66-02.txt,154.245,0.250,38.561,14,45.094,116.94,3.221,10.406,0.297
89,ec.gp.GPIndividual@476539937{1611606225},3C_20_66-03.txt,118.340,0.250,29.585,1,1.078,3.64,1.078,10.406,0.297
89,ec.gp.GPIndividual@476539937{1611606225},3C_20_66-03.txt,118.340,0.250,29.585,4,24.406,82.50,6.102,12.063,0.297
89,ec.gp.GPIndividual@476539937{1611606225},3C_20_50-03.txt,30.993,0.250,7.748,5,9.281,119.79,1.856,12.063,0.297
89,ec.gp.GPIndividual@476539937{1611606225},3C_20_80-01.txt,4.194,0.250,1.049,1,1.547,147.52,1.547,12.063,0.297
89,ec.gp.GPIndividual@476539937{1611606225},3C_20_80-01.txt,4.194,0.250,1.049,1,7.047,672.01,7.047,12.063,0.297
90,ec.gp.GPIndividual@2018516241{601871684},3C_20_50-02.txt,61.404,0.250,15.351,0,0.000,0.00,0.000,0.000,0.000
90,ec.gp.GPIndividual@2018516241{601871684},3C_20_50-03.txt,30.993,0.250,7.748,0,0.000,0.00,0.000,0.000,0.000
90,ec.gp.GPIndividual@2018516241{601871684},3C_20_66-01.txt,7.322,0.250,1.831,0,0.000,0.00,0.000,0.000,0.000
90,ec.gp.GPIndividual@2018516241{601871684},3C_20_66-02.txt,154.245,0.250,38.561,0,0.000,0.00,0.000,0.000,0.000
90,ec.gp.GPIndividual@2018516241{601871684},3C_20_66-03.txt,118.340,0.250,29.585,0,0.000,0.00,0.000,0.000,0.000
90,ec.gp.GPIndividual@2018516241{601871684},3C_20_80-01.txt,4.194,0.250,1.049,0,0.000,0.00,0.000,0.000,0.000
90,ec.gp.GPIndividual@2018516241{601871684},3C_20_80-02.txt,35.738,0.250,8.935,0,0.000,0.00,0.000,0.000,0.000
90,ec.gp.GPIndividual@2018516241{601871684},3C_20_80-03.txt,169.439,0.250,42.360,0,0.000,0.00,0.000,0.000,0.000
90,ec.gp.GPIndividual@1238126043{1520692081},3C_20_50-02.txt,61.404,0.250,15.351,1,0.359,2.34,0.359,0.359,0.359
90,ec.gp.GPIndividual@1238126043{1520692081},3C_20_50-03.txt,30.993,0.250,7.748,9,9.484,122.41,1.054,1.922,0.359
90,ec.gp.GPIndividual@1238126043{1520692081},3C_20_50-03.txt,30.993,0.250,7.748,4,6.281,81.07,1.570,3.266,0.109
90,ec.gp.GPIndividual@1238126043{1520692081},3C_20_66-01.txt,7.322,0.250,1.831,2,1.844,100.72,0.922,3.266,0.109
90,ec.gp.GPIndividual@1238126043{1520692081},3C_20_50-03.txt,30.993,0.250,7.748,1,0.859,11.09,0.859,3.266,0.109
90,ec.gp.GPIndividual@1238126043{1520692081},3C_20_66-02.txt,154.245,0.250,38.561,5,12.453,32.29,2.491,3.266,0.109
90,ec.gp.GPIndividual@1238126043{1520692081},3C_20_66-03.txt,118.340,0.250,29.585,3,8.313,28.10,2.771,3.266,0.109
90,ec.gp.GPIndividual@1238126043{1520692081},3C_20_50-03.txt,30.993,0.250,7.748,1,2.328,30.05,2.328,3.266,0.109
90,ec.gp.GPIndividual@1238126043{1520692081},3C_20_50-03.txt,30.993,0.250,7.748,2,7.813,100.83,3.906,4.734,0.109
90,ec.gp.GPIndividual@1238126043{1520692081},3C_20_50-03.txt,30.993,0.250,7.748,4,8.297,107.08,2.074,4.734,0.109
90,ec.gp.GPIndividual@1238126043{1520692081},3C_20_66-01.txt,7.322,0.250,1.831,1,4.297,234.73,4.297,4.734,0.109
90,ec.gp.GPIndividual@1238126043{1520692081},3C_20_66-01.txt,7.322,0.250,1.831,3,2.047,111.82,0.682,4.734,0.109
90,ec.gp.GPIndividual@1238126043{1520692081},3C_20_66-02.txt,154.245,0.250,38.561,4,8.922,23.14,2.230,6.000,0.109
90,ec.gp.GPIndividual@1238126043{1520692081},3C_20_80-01.txt,4.194,0.250,1.049,1,0.531,50.66,0.531,6.000,0.109
90,ec.gp.GPIndividual@1238126043{1520692081},3C_20_80-02.txt,35.738,0.250,8.935,6,10.703,119.79,1.784,6.000,0.109
90,ec.gp.GPIndividual@1238126043{1520692081},3C_20_80-03.txt,169.439,0.250,42.360,4,7.500,17.71,1.875,6.000,0.109
90,ec.gp.GPIndividual@1238126043{1520692081},3C_20_66-01.txt,7.322,0.250,1.831,1,4.359,238.15,4.359,6.000,0.109
90,ec.gp.GPIndividual@1238126043{1520692081},3C_20_66-01.txt,7.322,0.250,1.831,1,1.359,74.26,1.359,6.000,0.109
90,ec.gp.GPIndividual@1238126043{1520692081},3C_20_66-02.txt,154.245,0.250,38.561,12,23.641,61.31,1.970,6.000,0.109
90,ec.gp.GPIndividual@2118262419{-1563285875},3C_20_50-02.txt,61.404,0.250,15.351,11,15.281,99.55,1.389,2.063,0.484
90,ec.gp.GPIndividual@2118262419{-1563285875},3C_20_50-03.txt,30.993,0.250,7.748,4,9.578,123.62,2.395,3.906,0.484
90,ec.gp.GPIndividual@2118262419{-1563285875},3C_20_66-03.txt,118.340,0.250,29.585,9,34.531,116.72,3.837,7.219,0.484
90,ec.gp.GPIndividual@2118262419{-1563285875},3C_20_66-02.txt,154.245,0.250,38.561,3,13.359,34.64,4.453,8.109,0.484
90,ec.gp.GPIndividual@2118262419{-1563285875},3C_20_66-01.txt,7.322,0.250,1.831,1,10.609,579.57,10.609,10.609,0.484
90,ec.gp.GPIndividual@2118262419{-1563285875},3C_20_66-02.txt,154.245,0.250,38.561,9,25.453,66.01,2.828,10.984,0.484
90,ec.gp.GPIndividual@2118262419{-1563285875},3C_20_66-02.txt,154.245,0.250,38.561,9,21.844,56.65,2.427,10.984,0.484
90,ec.gp.GPIndividual@2118262419{-1563285875},3C_20_66-03.txt,118.340,0.250,29.585,4,23.250,78.59,5.813,10.984,0.484
90,ec.gp.GPIndividual@2118262419{-1563285875},3C_20_66-03.txt,118.340,0.250,29.585,4,35.406,119.68,8.852,11.953,0.484
90,ec.gp.GPIndividual@2118262419{-1563285875},3C_20_66-03.txt,118.340,0.250,29.585,3,17.625,59.57,5.875,11.953,0.484
90,ec.gp.GPIndividual@2118262419{-1563285875},3C_20_80-01.txt,4.194,0.250,1.049,3,7.266,692.87,2.422,11.953,0.359
90,ec.gp.GPIndividual@2118262419{-1563285875},3C_20_80-01.txt,4.194,0.250,1.049,2,5.969,569.20,2.984,11.953,0.156
90,ec.gp.GPIndividual@2118262419{-1563285875},3C_20_66-01.txt,7.322,0.250,1.831,4,2.156,117.79,0.539,11.953,0.156
90,ec.gp.GPIndividual@2118262419{-1563285875},3C_20_80-02.txt,35.738,0.250,8.935,5,9.125,102.13,1.825,11.953,0.156
90,ec.gp.GPIndividual@2118262419{-1563285875},3C_20_80-01.txt,4.194,0.250,1.049,1,2.281,217.55,2.281,11.953,0.156
90,ec.gp.GPIndividual@2118262419{-1563285875},3C_20_80-03.txt,169.439,0.250,42.360,10,29.453,69.53,2.945,11.953,0.156
90,ec.gp.GPIndividual@2118262419{-1563285875},3C_20_80-01.txt,4.194,0.250,1.049,3,2.141,204.14,0.714,11.953,0.156
90,ec.gp.GPIndividual@2118262419{-1563285875},3C_20_80-02.txt,35.738,0.250,8.935,1,0.156,1.75,0.156,11.953,0.156
90,ec.gp.GPIndividual@2118262419{-1563285875},3C_20_80-02.txt,35.738,0.250,8.935,3,11.313,126.62,3.771,11.953,0.156
90,ec.gp.GPIndividual@2118262419{-1563285875},3C_20_80-02.txt,35.738,0.250,8.935,6,9.219,103.18,1.536,11.953,0.156
90,ec.gp.GPIndividual@2118262419{-1563285875},3C_20_80-03.txt,169.439,0.250,42.360,2,2.078,4.91,1.039,11.953,0.156
90,ec.gp.GPIndividual@2118262419{-1563285875},3C_20_80-03.txt,169.439,0.250,42.360,8,45.266,106.86,5.658,13.219,0.156
90,ec.gp.GPIndividual@921268023{560808692},3C_20_50-02.txt,61.404,0.250,15.351,6,13.484,87.84,2.247,4.516,0.516
90,ec.gp.GPIndividual@921268023{560808692},3C_20_66-02.txt,154.245,0.250,38.561,5,23.938,62.08,4.788,9.234,0.516
90,ec.gp.GPIndividual@921268023{560808692},3C_20_66-03.txt,118.340,0.250,29.585,4,21.484,72.62,5.371,15.672,0.516
90,ec.gp.GPIndividual@442453835{593032399},3C_20_50-02.txt,61.404,0.250,15.351,0,0.000,0.00,0.000,0.000,0.000
90,ec.gp.GPIndividual@442453835{593032399},3C_20_50-03.txt,30.993,0.250,7.748,0,0.000,0.00,0.000,0.000,0.000
90,ec.gp.GPIndividual@442453835{593032399},3C_20_66-01.txt,7.322,0.250,1.831,0,0.000,0.00,0.000,0.000,0.000
90,ec.gp.GPIndividual@442453835{593032399},3C_20_66-02.txt,154.245,0.250,38.561,0,0.000,0.00,0.000,0.000,0.000
90,ec.gp.GPIndividual@442453835{593032399},3C_20_66-03.txt,118.340,0.250,29.585,0,0.000,0.00,0.000,0.000,0.000
90,ec.gp.GPIndividual@442453835{593032399},3C_20_80-01.txt,4.194,0.250,1.049,0,0.000,0.00,0.000,0.000,0.000
90,ec.gp.GPIndividual@442453835{593032399},3C_20_80-02.txt,35.738,0.250,8.935,0,0.000,0.00,0.000,0.000,0.000
90,ec.gp.GPIndividual@442453835{593032399},3C_20_80-03.txt,169.439,0.250,42.360,0,0.000,0.00,0.000,0.000,0.000
90,ec.gp.GPIndividual@1722249829{-2103496213},3C_20_50-02.txt,61.404,0.250,15.351,7,16.094,104.84,2.299,6.375,0.516
90,ec.gp.GPIndividual@1722249829{-2103496213},3C_20_50-03.txt,30.993,0.250,7.748,2,11.438,147.62,5.719,10.563,0.516
90,ec.gp.GPIndividual@1722249829{-2103496213},3C_20_80-03.txt,169.439,0.250,42.360,6,37.063,87.49,6.177,12.188,0.516
90,ec.gp.GPIndividual@1722249829{-2103496213},3C_20_80-01.txt,4.194,0.250,1.049,1,6.516,621.35,6.516,12.188,0.516
90,ec.gp.GPIndividual@606002952{125013534},3C_20_50-02.txt,61.404,0.250,15.351,7,15.922,103.72,2.275,6.094,0.484
90,ec.gp.GPIndividual@606002952{125013534},3C_20_50-03.txt,30.993,0.250,7.748,4,16.078,207.51,4.020,10.109,0.344
90,ec.gp.GPIndividual@1224272864{512711777},3C_20_50-02.txt,61.404,0.250,15.351,8,16.516,107.59,2.064,3.188,0.344
90,ec.gp.GPIndividual@1224272864{512711777},3C_20_66-01.txt,7.322,0.250,1.831,2,2.516,137.42,1.258,3.188,0.344
90,ec.gp.GPIndividual@1224272864{512711777},3C_20_50-03.txt,30.993,0.250,7.748,2,3.906,50.42,1.953,3.750,0.156
90,ec.gp.GPIndividual@1224272864{512711777},3C_20_66-01.txt,7.322,0.250,1.831,2,15.922,869.79,7.961,15.078,0.156
90,ec.gp.GPIndividual@1224272864{512711777},3C_20_66-03.txt,118.340,0.250,29.585,7,10.906,36.86,1.558,15.078,0.156
90,ec.gp.GPIndividual@1224272864{512711777},3C_20_50-03.txt,30.993,0.250,7.748,5,9.563,123.42,1.913,15.078,0.156
90,ec.gp.GPIndividual@1224272864{512711777},3C_20_80-02.txt,35.738,0.250,8.935,6,9.734,108.95,1.622,15.078,0.156
90,ec.gp.GPIndividual@1224272864{512711777},3C_20_66-02.txt,154.245,0.250,38.561,16,36.641,95.02,2.290,15.078,0.156
90,ec.gp.GPIndividual@1224272864{512711777},3C_20_66-01.txt,7.322,0.250,1.831,1,2.000,109.26,2.000,15.078,0.156
90,ec.gp.GPIndividual@1224272864{512711777},3C_20_80-03.txt,169.439,0.250,42.360,9,29.234,69.01,3.248,15.078,0.156
90,ec.gp.GPIndividual@1224272864{512711777},3C_20_66-02.txt,154.245,0.250,38.561,7,26.719,69.29,3.817,15.078,0.156
90,ec.gp.GPIndividual@1224272864{512711777},3C_20_66-03.txt,118.340,0.250,29.585,3,30.563,103.30,10.188,15.078,0.156
90,ec.gp.GPIndividual@1224272864{512711777},3C_20_66-02.txt,154.245,0.250,38.561,7,42.094,109.16,6.013,15.078,0.156
90,ec.gp.GPIndividual@1224272864{512711777},3C_20_80-01.txt,4.194,0.250,1.049,1,1.641,156.46,1.641,15.078,0.156
90,ec.gp.GPIndividual@1224272864{512711777},3C_20_66-03.txt,118.340,0.250,29.585,8,30.578,103.36,3.822,15.078,0.156
90,ec.gp.GPIndividual@1224272864{512711777},3C_20_80-02.txt,35.738,0.250,8.935,3,14.469,161.94,4.823,15.078,0.156
90,ec.gp.GPIndividual@1224272864{512711777},3C_20_80-01.txt,4.194,0.250,1.049,1,2.188,208.61,2.188,15.078,0.156
90,ec.gp.GPIndividual@1224272864{512711777},3C_20_80-03.txt,169.439,0.250,42.360,9,43.000,101.51,4.778,15.078,0.156
90,ec.gp.GPIndividual@1197862983{-700535395},3C_20_50-02.txt,61.404,0.250,15.351,2,4.328,28.19,2.164,3.813,0.516
90,ec.gp.GPIndividual@1197862983{-700535395},3C_20_80-02.txt,35.738,0.250,8.935,3,9.000,100.73,3.000,6.359,0.172
90,ec.gp.GPIndividual@1197862983{-700535395},3C_20_80-01.txt,4.194,0.250,1.049,1,6.875,655.62,6.875,6.875,0.172
90,ec.gp.GPIndividual@1543767145{-144112058},3C_20_50-02.txt,61.404,0.250,15.351,0,0.000,0.00,0.000,0.000,0.000
90,ec.gp.GPIndividual@1543767145{-144112058},3C_20_50-03.txt,30.993,0.250,7.748,0,0.000,0.00,0.000,0.000,0.000
90,ec.gp.GPIndividual@1543767145{-144112058},3C_20_66-01.txt,7.322,0.250,1.831,0,0.000,0.00,0.000,0.000,0.000
90,ec.gp.GPIndividual@1543767145{-144112058},3C_20_66-02.txt,154.245,0.250,38.561,0,0.000,0.00,0.000,0.000,0.000
90,ec.gp.GPIndividual@1543767145{-144112058},3C_20_66-03.txt,118.340,0.250,29.585,0,0.000,0.00,0.000,0.000,0.000
90,ec.gp.GPIndividual@1543767145{-144112058},3C_20_80-01.txt,4.194,0.250,1.049,0,0.000,0.00,0.000,0.000,0.000
90,ec.gp.GPIndividual@1543767145{-144112058},3C_20_80-02.txt,35.738,0.250,8.935,0,0.000,0.00,0.000,0.000,0.000
90,ec.gp.GPIndividual@1543767145{-144112058},3C_20_80-03.txt,169.439,0.250,42.360,0,0.000,0.00,0.000,0.000,0.000
90,ec.gp.GPIndividual@106287543{-2069477420},3C_20_50-02.txt,61.404,0.250,15.351,3,1.953,12.72,0.651,1.156,0.313
90,ec.gp.GPIndividual@106287543{-2069477420},3C_20_66-01.txt,7.322,0.250,1.831,1,1.984,108.40,1.984,1.984,0.313
90,ec.gp.GPIndividual@106287543{-2069477420},3C_20_50-03.txt,30.993,0.250,7.748,6,8.000,103.25,1.333,1.984,0.313
90,ec.gp.GPIndividual@106287543{-2069477420},3C_20_80-03.txt,169.439,0.250,42.360,4,14.078,33.23,3.520,11.000,0.313
90,ec.gp.GPIndividual@106287543{-2069477420},3C_20_66-03.txt,118.340,0.250,29.585,13,29.656,100.24,2.281,11.000,0.172
90,ec.gp.GPIndividual@106287543{-2069477420},3C_20_50-03.txt,30.993,0.250,7.748,3,8.641,111.52,2.880,11.000,0.172
90,ec.gp.GPIndividual@787606535{753425794},3C_20_50-02.txt,61.404,0.250,15.351,0,0.000,0.00,0.000,0.000,0.000
90,ec.gp.GPIndividual@787606535{753425794},3C_20_50-03.txt,30.993,0.250,7.748,0,0.000,0.00,0.000,0.000,0.000
90,ec.gp.GPIndividual@787606535{753425794},3C_20_66-01.txt,7.322,0.250,1.831,0,0.000,0.00,0.000,0.000,0.000
90,ec.gp.GPIndividual@787606535{753425794},3C_20_66-02.txt,154.245,0.250,38.561,0,0.000,0.00,0.000,0.000,0.000
90,ec.gp.GPIndividual@787606535{753425794},3C_20_66-03.txt,118.340,0.250,29.585,0,0.000,0.00,0.000,0.000,0.000
90,ec.gp.GPIndividual@787606535{753425794},3C_20_80-01.txt,4.194,0.250,1.049,0,0.000,0.00,0.000,0.000,0.000
90,ec.gp.GPIndividual@787606535{753425794},3C_20_80-02.txt,35.738,0.250,8.935,0,0.000,0.00,0.000,0.000,0.000
90,ec.gp.GPIndividual@787606535{753425794},3C_20_80-03.txt,169.439,0.250,42.360,0,0.000,0.00,0.000,0.000,0.000
90,ec.gp.GPIndividual@1173250714{-303361105},3C_20_50-02.txt,61.404,0.250,15.351,2,0.828,5.39,0.414,0.500,0.328
90,ec.gp.GPIndividual@1173250714{-303361105},3C_20_50-03.txt,30.993,0.250,7.748,3,7.234,93.37,2.411,4.172,0.328
90,ec.gp.GPIndividual@1173250714{-303361105},3C_20_66-01.txt,7.322,0.250,1.831,1,3.188,174.13,3.188,4.172,0.328
90,ec.gp.GPIndividual@1173250714{-303361105},3C_20_66-01.txt,7.322,0.250,1.831,1,1.984,108.40,1.984,4.172,0.328
90,ec.gp.GPIndividual@1173250714{-303361105},3C_20_80-02.txt,35.738,0.250,8.935,4,10.906,122.07,2.727,6.078,0.328
90,ec.gp.GPIndividual@1173250714{-303361105},3C_20_66-01.txt,7.322,0.250,1.831,2,4.188,228.76,2.094,6.078,0.328
90,ec.gp.GPIndividual@1173250714{-303361105},3C_20_80-01.txt,4.194,0.250,1.049,2,2.063,196.69,1.031,6.078,0.328
90,ec.gp.GPIndividual@1173250714{-303361105},3C_20_66-02.txt,154.245,0.250,38.561,4,2.078,5.39,0.520,6.078,0.141
90,ec.gp.GPIndividual@1173250714{-303361105},3C_20_66-02.txt,154.245,0.250,38.561,3,4.000,10.37,1.333,6.078,0.141
90,ec.gp.GPIndividual@1173250714{-303361105},3C_20_66-02.txt,154.245,0.250,38.561,5,8.828,22.89,1.766,6.078,0.141
90,ec.gp.GPIndividual@1173250714{-303361105},3C_20_66-03.txt,118.340,0.250,29.585,14,24.891,84.13,1.778,6.078,0.141
90,ec.gp.GPIndividual@1173250714{-303361105},3C_20_66-03.txt,118.340,0.250,29.585,3,8.984,30.37,2.995,6.141,0.141
90,ec.gp.GPIndividual@1173250714{-303361105},3C_20_80-01.txt,4.194,0.250,1.049,1,0.516,49.17,0.516,6.141,0.141
90,ec.gp.GPIndividual@1173250714{-303361105},3C_20_80-02.txt,35.738,0.250,8.935,2,5.016,56.14,2.508,6.141,0.141
90,ec.gp.GPIndividual@1173250714{-303361105},3C_20_80-03.txt,169.439,0.250,42.360,5,26.438,62.41,5.288,6.922,0.141
90,ec.gp.GPIndividual@1226174637{-1310384435},3C_20_50-02.txt,61.404,0.250,15.351,6,15.516,101.07,2.586,10.766,0.172
90,ec.gp.GPIndividual@1226174637{-1310384435},3C_20_66-03.txt,118.340,0.250,29.585,5,32.734,110.65,6.547,12.281,0.172
90,ec.gp.GPIndividual@1226174637{-1310384435},3C_20_80-02.txt,35.738,0.250,8.935,2,9.531,106.68,4.766,12.281,0.172
90,ec.gp.GPIndividual@1226174637{-1310384435},3C_20_80-01.txt,4.194,0.250,1.049,1,14.969,1427.47,14.969,14.969,0.172
90,ec.gp.GPIndividual@1226174637{-1310384435},3C_20_80-03.txt,169.439,0.250,42.360,3,6.047,14.28,2.016,14.969,0.172
90,ec.gp.GPIndividual@1226174637{-1310384435},3C_20_66-02.txt,154.245,0.250,38.561,9,23.016,59.69,2.557,14.969,0.172
90,ec.gp.GPIndividual@1226174637{-1310384435},3C_20_80-01.txt,4.194,0.250,1.049,2,6.766,645.19,3.383,14.969,0.172
90,ec.gp.GPIndividual@1619042486{534232628},3C_20_50-02.txt,61.404,0.250,15.351,4,4.156,27.07,1.039,2.016,0.344
90,ec.gp.GPIndividual@1619042486{534232628},3C_20_50-03.txt,30.993,0.250,7.748,5,8.422,108.70,1.684,4.125,0.344
90,ec.gp.GPIndividual@1619042486{534232628},3C_20_80-02.txt,35.738,0.250,8.935,2,1.578,17.66,0.789,4.125,0.313
90,ec.gp.GPIndividual@1619042486{534232628},3C_20_66-03.txt,118.340,0.250,29.585,1,3.203,10.83,3.203,4.125,0.313
90,ec.gp.GPIndividual@1619042486{534232628},3C_20_66-01.txt,7.322,0.250,1.831,1,0.734,40.12,0.734,4.125,0.313
90,ec.gp.GPIndividual@1619042486{534232628},3C_20_66-02.txt,154.245,0.250,38.561,5,13.438,34.85,2.688,4.797,0.313
90,ec.gp.GPIndividual@1619042486{534232628},3C_20_66-03.txt,118.340,0.250,29.585,4,10.906,36.86,2.727,6.047,0.313
90,ec.gp.GPIndividual@1619042486{534232628},3C_20_80-03.txt,169.439,0.250,42.360,3,23.641,55.81,7.880,13.563,0.313
90,ec.gp.GPIndividual@1619042486{534232628},3C_20_80-01.txt,4.194,0.250,1.049,1,0.547,52.15,0.547,13.563,0.313
90,ec.gp.GPIndividual@1619042486{534232628},3C_20_80-02.txt,35.738,0.250,8.935,2,8.797,98.46,4.398,13.563,0.313
90,ec.gp.GPIndividual@1619042486{534232628},3C_20_80-03.txt,169.439,0.250,42.360,4,36.438,86.02,9.109,13.563,0.313
90,ec.gp.GPIndividual@1619042486{534232628},3C_20_50-03.txt,30.993,0.250,7.748,1,10.094,130.27,10.094,13.563,0.313
90,ec.gp.GPIndividual@1619042486{534232628},3C_20_80-01.txt,4.194,0.250,1.049,1,6.094,581.12,6.094,13.563,0.313
90,ec.gp.GPIndividual@2075846879{947698276},3C_20_50-02.txt,61.404,0.250,15.351,6,16.219,105.65,2.703,5.641,0.281
90,ec.gp.GPIndividual@2075846879{947698276},3C_20_80-03.txt,169.439,0.250,42.360,4,22.125,52.23,5.531,11.281,0.281
90,ec.gp.GPIndividual@2075846879{947698276},3C_20_80-03.txt,169.439,0.250,42.360,5,46.313,109.33,9.263,16.109,0.281
90,ec.gp.GPIndividual@2075846879{947698276},3C_20_50-03.txt,30.993,0.250,7.748,1,9.484,122.41,9.484,16.109,0.281
90,ec.gp.GPIndividual@2075846879{947698276},3C_20_66-01.txt,7.322,0.250,1.831,2,5.734,313.26,2.867,16.109,0.281
90,ec.gp.GPIndividual@2085049427{375364784},3C_20_50-02.txt,61.404,0.250,15.351,5,17.922,116.75,3.584,12.938,0.406
90,ec.gp.GPIndividual@2085049427{375364784},3C_20_66-01.txt,7.322,0.250,1.831,3,16.547,903.93,5.516,15.016,0.250
90,ec.gp.GPIndividual@815804266{-1170716803},3C_20_50-02.txt,61.404,0.250,15.351,9,8.250,53.74,0.917,1.875,0.125
90,ec.gp.GPIndividual@815804266{-1170716803},3C_20_50-03.txt,30.993,0.250,7.748,4,5.391,69.57,1.348,2.109,0.125
90,ec.gp.GPIndividual@815804266{-1170716803},3C_20_50-03.txt,30.993,0.250,7.748,5,12.703,163.95,2.541,5.500,0.125
90,ec.gp.GPIndividual@510083893{1413582310},3C_20_50-02.txt,61.404,0.250,15.351,1,0.281,1.83,0.281,0.281,0.281
90,ec.gp.GPIndividual@510083893{1413582310},3C_20_66-01.txt,7.322,0.250,1.831,2,2.125,116.09,1.063,1.719,0.281
90,ec.gp.GPIndividual@510083893{1413582310},3C_20_66-02.txt,154.245,0.250,38.561,11,16.813,43.60,1.528,3.172,0.281
90,ec.gp.GPIndividual@510083893{1413582310},3C_20_50-03.txt,30.993,0.250,7.748,3,6.219,80.26,2.073,3.203,0.281
90,ec.gp.GPIndividual@510083893{1413582310},3C_20_66-01.txt,7.322,0.250,1.831,4,1.813,99.01,0.453,3.203,0.141
90,ec.gp.GPIndividual@510083893{1413582310},3C_20_66-03.txt,118.340,0.250,29.585,4,6.250,21.13,1.563,3.203,0.141
90,ec.gp.GPIndividual@510083893{1413582310},3C_20_66-02.txt,154.245,0.250,38.561,6,21.922,56.85,3.654,9.484,0.141
90,ec.gp.GPIndividual@510083893{1413582310},3C_20_66-03.txt,118.340,0.250,29.585,7,31.328,105.89,4.475,13.391,0.141
90,ec.gp.GPIndividual@510083893{1413582310},3C_20_66-02.txt,154.245,0.250,38.561,1,2.734,7.09,2.734,13.391,0.141
90,ec.gp.GPIndividual@510083893{1413582310},3C_20_66-01.txt,7.322,0.250,1.831,2,1.000,54.63,0.500,13.391,0.141
90,ec.gp.GPIndividual@510083893{1413582310},3C_20_80-01.txt,4.194,0.250,1.049,3,1.125,107.28,0.375,13.391,0.125
90,ec.gp.GPIndividual@510083893{1413582310},3C_20_66-02.txt,154.245,0.250,38.561,2,7.625,19.77,3.813,13.391,0.125
90,ec.gp.GPIndividual@510083893{1413582310},3C_20_66-02.txt,154.245,0.250,38.561,6,9.250,23.99,1.542,13.391,0.125
90,ec.gp.GPIndividual@510083893{1413582310},3C_20_80-02.txt,35.738,0.250,8.935,8,19.453,217.73,2.432,13.391,0.125
90,ec.gp.GPIndividual@510083893{1413582310},3C_20_80-01.txt,4.194,0.250,1.049,3,1.094,104.30,0.365,13.391,0.125
90,ec.gp.GPIndividual@510083893{1413582310},3C_20_66-03.txt,118.340,0.250,29.585,2,1.281,4.33,0.641,13.391,0.125
90,ec.gp.GPIndividual@510083893{1413582310},3C_20_66-03.txt,118.340,0.250,29.585,2,1.656,5.60,0.828,13.391,0.125
90,ec.gp.GPIndividual@510083893{1413582310},3C_20_66-03.txt,118.340,0.250,29.585,2,1.750,5.92,0.875,13.391,0.125
90,ec.gp.GPIndividual@510083893{1413582310},3C_20_80-03.txt,169.439,0.250,42.360,14,42.891,101.25,3.064,13.391,0.125
90,ec.gp.GPIndividual@510083893{1413582310},3C_20_80-02.txt,35.738,0.250,8.935,1,0.906,10.14,0.906,13.391,0.125
90,ec.gp.GPIndividual@510083893{1413582310},3C_20_80-01.txt,4.194,0.250,1.049,1,5.047,481.29,5.047,13.391,0.125
90,ec.gp.GPIndividual@510083893{1413582310},3C_20_80-01.txt,4.194,0.250,1.049,3,1.109,105.79,0.370,13.391,0.125
90,ec.gp.GPIndividual@510083893{1413582310},3C_20_80-02.txt,35.738,0.250,8.935,3,14.188,158.79,4.729,13.391,0.125
90,ec.gp.GPIndividual@510083893{1413582310},3C_20_80-01.txt,4.194,0.250,1.049,1,0.438,41.72,0.438,13.391,0.125
90,ec.gp.GPIndividual@385964859{-2009120883},3C_20_50-02.txt,61.404,0.250,15.351,8,8.078,52.62,1.010,1.641,0.266
90,ec.gp.GPIndividual@385964859{-2009120883},3C_20_80-02.txt,35.738,0.250,8.935,8,9.984,111.75,1.248,1.781,0.266
90,ec.gp.GPIndividual@385964859{-2009120883},3C_20_50-03.txt,30.993,0.250,7.748,7,7.906,102.04,1.129,1.859,0.266
90,ec.gp.GPIndividual@385964859{-2009120883},3C_20_80-03.txt,169.439,0.250,42.360,3,2.984,7.05,0.995,1.859,0.266
90,ec.gp.GPIndividual@385964859{-2009120883},3C_20_80-03.txt,169.439,0.250,42.360,11,46.172,109.00,4.197,8.844,0.266
90,ec.gp.GPIndividual@385964859{-2009120883},3C_20_80-02.txt,35.738,0.250,8.935,3,22.672,253.76,7.557,16.234,0.266
90,ec.gp.GPIndividual@385964859{-2009120883},3C_20_80-03.txt,169.439,0.250,42.360,2,2.672,6.31,1.336,16.234,0.266
90,ec.gp.GPIndividual@512271525{-1920162379},3C_20_50-02.txt,61.404,0.250,15.351,2,8.359,54.45,4.180,8.047,0.313
90,ec.gp.GPIndividual@512271525{-1920162379},3C_20_66-01.txt,7.322,0.250,1.831,5,2.188,119.50,0.438,8.047,0.234
90,ec.gp.GPIndividual@512271525{-1920162379},3C_20_66-02.txt,154.245,0.250,38.561,2,1.094,2.84,0.547,8.047,0.109
90,ec.gp.GPIndividual@512271525{-1920162379},3C_20_50-03.txt,30.993,0.250,7.748,4,7.781,100.43,1.945,8.047,0.109
90,ec.gp.GPIndividual@512271525{-1920162379},3C_20_66-03.txt,118.340,0.250,29.585,9,37.984,128.39,4.220,11.797,0.109
90,ec.gp.GPIndividual@463573016{-813412092},3C_20_50-02.txt,61.404,0.250,15.351,1,10.844,70.64,10.844,10.844,10.844
90,ec.gp.GPIndividual@463573016{-813412092},3C_20_80-03.txt,169.439,0.250,42.360,2,1.625,3.84,0.813,10.844,0.203
90,ec.gp.GPIndividual@463573016{-813412092},3C_20_80-01.txt,4.194,0.250,1.049,1,1.078,102.81,1.078,10.844,0.203
90,ec.gp.GPIndividual@463573016{-813412092},3C_20_50-03.txt,30.993,0.250,7.748,5,9.266,119.59,1.853,10.844,0.203
90,ec.gp.GPIndividual@1928037689{875723198},3C_20_50-02.txt,61.404,0.250,15.351,2,2.594,16.90,1.297,2.375,0.219
90,ec.gp.GPIndividual@1928037689{875723198},3C_20_50-03.txt,30.993,0.250,7.748,4,6.531,84.29,1.633,2.375,0.219
90,ec.gp.GPIndividual@1928037689{875723198},3C_20_66-01.txt,7.322,0.250,1.831,1,2.313,126.33,2.313,2.375,0.219
90,ec.gp.GPIndividual@1928037689{875723198},3C_20_66-01.txt,7.322,0.250,1.831,1,0.547,29.87,0.547,2.375,0.219
90,ec.gp.GPIndividual@1928037689{875723198},3C_20_66-02.txt,154.245,0.250,38.561,5,7.500,19.45,1.500,3.922,0.219
90,ec.gp.GPIndividual@1928037689{875723198},3C_20_66-03.txt,118.340,0.250,29.585,5,7.813,26.41,1.563,3.922,0.219
90,ec.gp.GPIndividual@1928037689{875723198},3C_20_80-01.txt,4.194,0.250,1.049,1,0.469,44.70,0.469,3.922,0.219
90,ec.gp.GPIndividual@1928037689{875723198},3C_20_80-02.txt,35.738,0.250,8.935,2,6.781,75.90,3.391,5.453,0.219
90,ec.gp.GPIndividual@1928037689{875723198},3C_20_80-03.txt,169.439,0.250,42.360,1,1.453,3.43,1.453,5.453,0.219
90,ec.gp.GPIndividual@1928037689{875723198},3C_20_66-01.txt,7.322,0.250,1.831,1,0.594,32.44,0.594,5.453,0.219
90,ec.gp.GPIndividual@1928037689{875723198},3C_20_66-02.txt,154.245,0.250,38.561,2,5.109,13.25,2.555,5.453,0.219
90,ec.gp.GPIndividual@1045762977{1091289198},3C_20_50-02.txt,61.404,0.250,15.351,6,13.531,88.15,2.255,9.516,0.344
90,ec.gp.GPIndividual@1045762977{1091289198},3C_20_66-03.txt,118.340,0.250,29.585,6,18.797,63.54,3.133,10.563,0.344
90,ec.gp.GPIndividual@1045762977{1091289198},3C_20_80-01.txt,4.194,0.250,1.049,4,1.063,101.32,0.266,10.563,0.109
90,ec.gp.GPIndividual@1045762977{1091289198},3C_20_80-02.txt,35.738,0.250,8.935,1,1.234,13.82,1.234,10.563,0.109
90,ec.gp.GPIndividual@1045762977{1091289198},3C_20_80-03.txt,169.439,0.250,42.360,1,6.828,16.12,6.828,10.563,0.109
90,ec.gp.GPIndividual@1045762977{1091289198},3C_20_80-02.txt,35.738,0.250,8.935,2,12.266,137.28,6.133,10.563,0.109
90,ec.gp.GPIndividual@1045762977{1091289198},3C_20_50-03.txt,30.993,0.250,7.748,4,6.484,83.69,1.621,10.563,0.109
90,ec.gp.GPIndividual@982632127{545122874},3C_20_50-02.txt,61.404,0.250,15.351,9,13.672,89.06,1.519,3.000,0.219
90,ec.gp.GPIndividual@982632127{545122874},3C_20_66-02.txt,154.245,0.250,38.561,13,38.672,100.29,2.975,12.188,0.109
90,ec.gp.GPIndividual@982632127{545122874},3C_20_66-01.txt,7.322,0.250,1.831,2,15.406,841.62,7.703,14.781,0.109
90,ec.gp.GPIndividual@982632127{545122874},3C_20_50-03.txt,30.993,0.250,7.748,2,10.906,140.76,5.453,14.781,0.109
90,ec.gp.GPIndividual@982632127{545122874},3C_20_66-03.txt,118.340,0.250,29.585,2,4.297,14.52,2.148,14.781,0.109
90,ec.gp.GPIndividual@982632127{545122874},3C_20_80-03.txt,169.439,0.250,42.360,10,49.797,117.56,4.980,14.797,0.109
90,ec.gp.GPIndividual@982632127{545122874},3C_20_66-02.txt,154.245,0.250,38.561,9,33.156,85.98,3.684,14.797,0.109
90,ec.gp.GPIndividual@615739552{1095253151},3C_20_50-02.txt,61.404,0.250,15.351,6,24.219,157.77,4.036,10.781,0.219
90,ec.gp.GPIndividual@615739552{1095253151},3C_20_80-01.txt,4.194,0.250,1.049,1,1.828,174.34,1.828,10.781,0.219
90,ec.gp.GPIndividual@615739552{1095253151},3C_20_66-03.txt,118.340,0.250,29.585,5,6.813,23.03,1.363,10.781,0.219
90,ec.gp.GPIndividual@615739552{1095253151},3C_20_50-03.txt,30.993,0.250,7.748,4,9.188,118.58,2.297,10.781,0.219
90,ec.gp.GPIndividual@615739552{1095253151},3C_20_80-02.txt,35.738,0.250,8.935,8,11.000,123.12,1.375,10.781,0.219
90,ec.gp.GPIndividual@615739552{1095253151},3C_20_66-01.txt,7.322,0.250,1.831,4,2.266,123.77,0.566,10.781,0.109
90,ec.gp.GPIndividual@615739552{1095253151},3C_20_80-03.txt,169.439,0.250,42.360,1,0.094,0.22,0.094,10.781,0.094
90,ec.gp.GPIndividual@615739552{1095253151},3C_20_80-01.txt,4.194,0.250,1.049,4,1.438,137.08,0.359,10.781,0.094
90,ec.gp.GPIndividual@615739552{1095253151},3C_20_80-02.txt,35.738,0.250,8.935,2,0.969,10.84,0.484,10.781,0.094
90,ec.gp.GPIndividual@615739552{1095253151},3C_20_66-02.txt,154.245,0.250,38.561,15,38.563,100.00,2.571,10.781,0.094
90,ec.gp.GPIndividual@615739552{1095253151},3C_20_80-03.txt,169.439,0.250,42.360,7,46.609,110.03,6.658,10.938,0.094
90,ec.gp.GPIndividual@1448754148{-1774089237},3C_20_50-02.txt,61.404,0.250,15.351,7,18.297,119.19,2.614,14.453,0.172
90,ec.gp.GPIndividual@1448754148{-1774089237},3C_20_66-03.txt,118.340,0.250,29.585,7,29.000,98.02,4.143,14.453,0.172
90,ec.gp.GPIndividual@1448754148{-1774089237},3C_20_50-03.txt,30.993,0.250,7.748,1,9.500,122.61,9.500,14.453,0.172
90,ec.gp.GPIndividual@1448754148{-1774089237},3C_20_80-01.txt,4.194,0.250,1.049,4,2.719,259.27,0.680,14.453,0.172
90,ec.gp.GPIndividual@1448754148{-1774089237},3C_20_66-01.txt,7.322,0.250,1.831,3,0.891,48.65,0.297,14.453,0.125
90,ec.gp.GPIndividual@1448754148{-1774089237},3C_20_80-02.txt,35.738,0.250,8.935,8,9.172,102.66,1.146,14.453,0.125
90,ec.gp.GPIndividual@1448754148{-1774089237},3C_20_80-03.txt,169.439,0.250,42.360,2,0.766,1.81,0.383,14.453,0.000
90,ec.gp.GPIndividual@1448754148{-1774089237},3C_20_66-02.txt,154.245,0.250,38.561,1,0.203,0.53,0.203,14.453,0.000
90,ec.gp.GPIndividual@1448754148{-1774089237},3C_20_66-02.txt,154.245,0.250,38.561,14,45.703,118.52,3.265,14.453,0.000
90,ec.gp.GPIndividual@1448754148{-1774089237},3C_20_66-03.txt,118.340,0.250,29.585,6,23.688,80.07,3.948,14.453,0.000
90,ec.gp.GPIndividual@1448754148{-1774089237},3C_20_66-03.txt,118.340,0.250,29.585,5,25.844,87.35,5.169,14.453,0.000
90,ec.gp.GPIndividual@1448754148{-1774089237},3C_20_80-01.txt,4.194,0.250,1.049,4,0.953,90.89,0.238,14.453,0.000
90,ec.gp.GPIndividual@1448754148{-1774089237},3C_20_80-02.txt,35.738,0.250,8.935,5,14.953,167.36,2.991,14.453,0.000
90,ec.gp.GPIndividual@731592765{1916156839},3C_20_50-02.txt,61.404,0.250,15.351,4,2.906,18.93,0.727,2.125,0.000
90,ec.gp.GPIndividual@731592765{1916156839},3C_20_80-01.txt,4.194,0.250,1.049,3,1.328,126.65,0.443,2.125,0.000
90,ec.gp.GPIndividual@731592765{1916156839},3C_20_80-02.txt,35.738,0.250,8.935,1,0.172,1.92,0.172,2.125,0.000
90,ec.gp.GPIndividual@731592765{1916156839},3C_20_50-03.txt,30.993,0.250,7.748,7,8.016,103.45,1.145,2.828,0.000
90,ec.gp.GPIndividual@731592765{1916156839},3C_20_80-03.txt,169.439,0.250,42.360,7,42.813,101.07,6.116,16.063,0.000
90,ec.gp.GPIndividual@2047528416{1772802364},3C_20_50-02.txt,61.404,0.250,15.351,6,14.688,95.68,2.448,10.266,0.156
90,ec.gp.GPIndividual@2047528416{1772802364},3C_20_66-01.txt,7.322,0.250,1.831,5,1.906,104.14,0.381,10.266,0.063
90,ec.gp.GPIndividual@2047528416{1772802364},3C_20_50-03.txt,30.993,0.250,7.748,6,7.672,99.02,1.279,10.266,0.000
90,ec.gp.GPIndividual@2047528416{1772802364},3C_20_80-03.txt,169.439,0.250,42.360,8,52.828,124.71,6.604,15.875,0.000
91,ec.gp.GPIndividual@1658051665{1139777556},3C_20_50-02.txt,61.404,0.250,15.351,0,0.000,0.00,0.000,0.000,0.000
91,ec.gp.GPIndividual@1658051665{1139777556},3C_20_50-02.txt,61.404,0.250,15.351,0,0.000,0.00,0.000,0.000,0.000
91,ec.gp.GPIndividual@1658051665{1139777556},3C_20_50-03.txt,30.993,0.250,7.748,0,0.000,0.00,0.000,0.000,0.000
91,ec.gp.GPIndividual@1658051665{1139777556},3C_20_50-03.txt,30.993,0.250,7.748,0,0.000,0.00,0.000,0.000,0.000
91,ec.gp.GPIndividual@1658051665{1139777556},3C_20_66-01.txt,7.322,0.250,1.831,0,0.000,0.00,0.000,0.000,0.000
91,ec.gp.GPIndividual@1658051665{1139777556},3C_20_66-01.txt,7.322,0.250,1.831,0,0.000,0.00,0.000,0.000,0.000
91,ec.gp.GPIndividual@1658051665{1139777556},3C_20_66-02.txt,154.245,0.250,38.561,0,0.000,0.00,0.000,0.000,0.000
91,ec.gp.GPIndividual@1658051665{1139777556},3C_20_66-02.txt,154.245,0.250,38.561,0,0.000,0.00,0.000,0.000,0.000
91,ec.gp.GPIndividual@1658051665{1139777556},3C_20_66-03.txt,118.340,0.250,29.585,0,0.000,0.00,0.000,0.000,0.000
91,ec.gp.GPIndividual@1658051665{1139777556},3C_20_80-01.txt,4.194,0.250,1.049,0,0.000,0.00,0.000,0.000,0.000
91,ec.gp.GPIndividual@1658051665{1139777556},3C_20_80-01.txt,4.194,0.250,1.049,0,0.000,0.00,0.000,0.000,0.000
91,ec.gp.GPIndividual@1658051665{1139777556},3C_20_80-02.txt,35.738,0.250,8.935,0,0.000,0.00,0.000,0.000,0.000
91,ec.gp.GPIndividual@1658051665{1139777556},3C_20_80-02.txt,35.738,0.250,8.935,0,0.000,0.00,0.000,0.000,0.000
91,ec.gp.GPIndividual@1658051665{1139777556},3C_20_80-02.txt,35.738,0.250,8.935,0,0.000,0.00,0.000,0.000,0.000
91,ec.gp.GPIndividual@1658051665{1139777556},3C_20_80-02.txt,35.738,0.250,8.935,0,0.000,0.00,0.000,0.000,0.000
91,ec.gp.GPIndividual@1525278285{842171575},3C_20_50-02.txt,61.404,0.250,15.351,0,0.000,0.00,0.000,0.000,0.000
91,ec.gp.GPIndividual@1428898646{1362190671},3C_20_50-02.txt,61.404,0.250,15.351,14,13.313,86.72,0.951,1.797,0.203
91,ec.gp.GPIndividual@1428898646{1362190671},3C_20_50-03.txt,30.993,0.250,7.748,4,7.938,102.44,1.984,2.375,0.203
91,ec.gp.GPIndividual@1428898646{1362190671},3C_20_50-03.txt,30.993,0.250,7.748,4,8.203,105.87,2.051,2.672,0.203
91,ec.gp.GPIndividual@1428898646{1362190671},3C_20_50-03.txt,30.993,0.250,7.748,3,6.375,82.28,2.125,3.203,0.203
91,ec.gp.GPIndividual@1428898646{1362190671},3C_20_50-03.txt,30.993,0.250,7.748,1,1.766,22.79,1.766,3.203,0.203
91,ec.gp.GPIndividual@1428898646{1362190671},3C_20_50-03.txt,30.993,0.250,7.748,1,1.063,13.71,1.063,3.203,0.203
91,ec.gp.GPIndividual@1428898646{1362190671},3C_20_50-03.txt,30.993,0.250,7.748,4,9.406,121.40,2.352,3.203,0.203
91,ec.gp.GPIndividual@1428898646{1362190671},3C_20_66-01.txt,7.322,0.250,1.831,1,1.953,106.70,1.953,3.203,0.203
91,ec.gp.GPIndividual@1428898646{1362190671},3C_20_66-01.txt,7.322,0.250,1.831,4,4.828,263.75,1.207,3.203,0.172
91,ec.gp.GPIndividual@1428898646{1362190671},3C_20_66-01.txt,7.322,0.250,1.831,3,3.750,204.86,1.250,3.203,0.156
91,ec.gp.GPIndividual@1428898646{1362190671},3C_20_66-01.txt,7.322,0.250,1.831,3,4.531,247.54,1.510,3.203,0.156
91,ec.gp.GPIndividual@1428898646{1362190671},3C_20_66-01.txt,7.322,0.250,1.831,2,1.531,83.65,0.766,3.203,0.156
91,ec.gp.GPIndividual@1428898646{1362190671},3C_20_66-02.txt,154.245,0.250,38.561,28,41.094,106.57,1.468,3.984,0.156
91,ec.gp.GPIndividual@1428898646{1362190671},3C_20_66-02.txt,154.245,0.250,38.561,11,35.250,91.41,3.205,8.094,0.156
91,ec.gp.GPIndividual@1428898646{1362190671},3C_20_66-01.txt,7.322,0.250,1.831,5,1.969,107.55,0.394,8.094,0.156
91,ec.gp.GPIndividual@1428898646{1362190671},3C_20_66-02.txt,154.245,0.250,38.561,2,22.281,57.78,11.141,11.484,0.156
91,ec.gp.GPIndividual@1428898646{1362190671},3C_20_66-02.txt,154.245,0.250,38.561,2,17.953,46.56,8.977,13.281,0.156
91,ec.gp.GPIndividual@1428898646{1362190671},3C_20_66-02.txt,154.245,0.250,38.561,2,16.813,43.60,8.406,14.328,0.156
91,ec.gp.GPIndividual@1428898646{1362190671},3C_20_66-02.txt,154.245,0.250,38.561,19,41.531,107.70,2.186,14.328,0.156
91,ec.gp.GPIndividual@1428898646{1362190671},3C_20_66-03.txt,118.340,0.250,29.585,5,30.063,101.61,6.013,14.328,0.156
91,ec.gp.GPIndividual@1428898646{1362190671},3C_20_66-03.txt,118.340,0.250,29.585,2,11.688,39.50,5.844,14.328,0.156
91,ec.gp.GPIndividual@1428898646{1362190671},3C_20_66-03.txt,118.340,0.250,29.585,3,17.953,60.68,5.984,14.328,0.156
91,ec.gp.GPIndividual@1428898646{1362190671},3C_20_66-03.txt,118.340,0.250,29.585,2,21.188,71.62,10.594,14.328,0.156
91,ec.gp.GPIndividual@1428898646{1362190671},3C_20_66-03.txt,118.340,0.250,29.585,7,38.797,131.14,5.542,14.328,0.156
91,ec.gp.GPIndividual@1428898646{1362190671},3C_20_80-01.txt,4.194,0.250,1.049,1,3.453,329.30,3.453,14.328,0.156
91,ec.gp.GPIndividual@1428898646{1362190671},3C_20_80-01.txt,4.194,0.250,1.049,1,0.500,47.68,0.500,14.328,0.156
91,ec.gp.GPIndividual@1428898646{1362190671},3C_20_80-01.txt,4.194,0.250,1.049,3,3.063,292.05,1.021,14.328,0.156
91,ec.gp.GPIndividual@1428898646{1362190671},3C_20_66-03.txt,118.340,0.250,29.585,13,29.750,100.56,2.288,14.328,0.156
91,ec.gp.GPIndividual@1428898646{1362190671},3C_20_80-01.txt,4.194,0.250,1.049,2,1.734,165.40,0.867,14.328,0.156
91,ec.gp.GPIndividual@1428898646{1362190671},3C_20_80-02.txt,35.738,0.250,8.935,4,12.344,138.16,3.086,14.328,0.156
91,ec.gp.GPIndividual@1428898646{1362190671},3C_20_80-01.txt,4.194,0.250,1.049,1,2.297,219.04,2.297,14.328,0.156
91,ec.gp.GPIndividual@1428898646{1362190671},3C_20_80-03.txt,169.439,0.250,42.360,18,43.109,101.77,2.395,14.328,0.156
91,ec.gp.GPIndividual@1428898646{1362190671},3C_20_80-02.txt,35.738,0.250,8.935,5,11.734,131.34,2.347,14.328,0.156
91,ec.gp.GPIndividual@1252225493{1300340135},3C_20_50-02.txt,61.404,0.250,15.351,5,5.531,36.03,1.106,2.281,0.328
91,ec.gp.GPIndividual@1252225493{1300340135},3C_20_80-03.txt,169.439,0.250,42.360,1,3.156,7.45,3.156,3.156,0.328
91,ec.gp.GPIndividual@1252225493{1300340135},3C_20_80-02.txt,35.738,0.250,8.935,2,4.406,49.32,2.203,3.156,0.328
91,ec.gp.GPIndividual@1252225493{1300340135},3C_20_80-02.txt,35.738,0.250,8.935,2,11.469,128.36,5.734,9.297,0.328
91,ec.gp.GPIndividual@1252225493{1300340135},3C_20_80-01.txt,4.194,0.250,1.049,2,2.875,274.17,1.438,9.297,0.328
91,ec.gp.GPIndividual@1252225493{1300340135},3C_20_50-03.txt,30.993,0.250,7.748,3,6.125,79.05,2.042,9.297,0.328
91,ec.gp.GPIndividual@1252225493{1300340135},3C_20_80-02.txt,35.738,0.250,8.935,5,12.078,135.18,2.416,9.297,0.328
91,ec.gp.GPIndividual@146941900{1362190671},3C_20_50-02.txt,61.404,0.250,15.351,10,16.734,109.01,1.673,3.109,0.484
91,ec.gp.GPIndividual@146941900{1362190671},3C_20_80-03.txt,169.439,0.250,42.360,19,43.094,101.73,2.268,6.266,0.313
91,ec.gp.GPIndividual@146941900{1362190671},3C_20_80-02.txt,35.738,0.250,8.935,1,0.344,3.85,0.344,6.266,0.313
91,ec.gp.GPIndividual@1119393011{-1464794179},3C_20_50-02.txt,61.404,0.250,15.351,4,8.969,58.42,2.242,4.688,0.328
91,ec.gp.GPIndividual@1119393011{-1464794179},3C_20_50-03.txt,30.993,0.250,7.748,3,7.844,101.23,2.615,6.438,0.172
91,ec.gp.GPIndividual@1119393011{-1464794179},3C_20_80-03.txt,169.439,0.250,42.360,7,37.328,88.12,5.333,9.453,0.172
91,ec.gp.GPIndividual@1119393011{-1464794179},3C_20_66-01.txt,7.322,0.250,1.831,2,1.453,79.38,0.727,9.453,0.172
91,ec.gp.GPIndividual@1119393011{-1464794179},3C_20_66-02.txt,154.245,0.250,38.561,1,6.469,16.78,6.469,9.453,0.172
91,ec.gp.GPIndividual@1119393011{-1464794179},3C_20_66-01.txt,7.322,0.250,1.831,4,1.797,98.16,0.449,9.453,0.172
91,ec.gp.GPIndividual@1119393011{-1464794179},3C_20_66-02.txt,154.245,0.250,38.561,4,17.109,44.37,4.277,9.547,0.172
91,ec.gp.GPIndividual@1119393011{-1464794179},3C_20_66-03.txt,118.340,0.250,29.585,5,35.609,120.36,7.122,16.734,0.172
91,ec.gp.GPIndividual@1119393011{-1464794179},3C_20_50-03.txt,30.993,0.250,7.748,2,8.172,105.47,4.086,16.734,0.172
91,ec.gp.GPIndividual@1119393011{-1464794179},3C_20_80-01.txt,4.194,0.250,1.049,2,6.172,588.57,3.086,16.734,0.172
91,ec.gp.GPIndividual@1119393011{-1464794179},3C_20_80-03.txt,169.439,0.250,42.360,1,0.359,0.85,0.359,16.734,0.172
91,ec.gp.GPIndividual@1119393011{-1464794179},3C_20_80-02.txt,35.738,0.250,8.935,3,14.797,165.61,4.932,16.734,0.172
91,ec.gp.GPIndividual@120902077{2102016139},3C_20_50-02.txt,61.404,0.250,15.351,4,15.906,103.62,3.977,11.641,0.359
91,ec.gp.GPIndividual@120902077{2102016139},3C_20_80-03.txt,169.439,0.250,42.360,2,4.563,10.77,2.281,11.641,0.359
91,ec.gp.GPIndividual@120902077{2102016139},3C_20_80-03.txt,169.439,0.250,42.360,2,4.188,9.89,2.094,11.641,0.359
91,ec.gp.GPIndividual@120902077{2102016139},3C_20_50-03.txt,30.993,0.250,7.748,3,11.250,145.20,3.750,11.641,0.359
91,ec.gp.GPIndividual@120902077{2102016139},3C_20_66-01.txt,7.322,0.250,1.831,3,1.953,106.70,0.651,11.641,0.359
91,ec.gp.GPIndividual@1789624443{1689939076},3C_20_50-02.txt,61.404,0.250,15.351,6,16.688,108.71,2.781,6.078,0.172
91,ec.gp.GPIndividual@1161433691{-599516335},3C_20_50-02.txt,61.404,0.250,15.351,8,15.547,101.28,1.943,3.750,0.516
91,ec.gp.GPIndividual@1161433691{-599516335},3C_20_50-03.txt,30.993,0.250,7.748,4,8.813,113.74,2.203,3.984,0.516
91,ec.gp.GPIndividual@1161433691{-599516335},3C_20_66-01.txt,7.322,0.250,1.831,1,2.719,148.52,2.719,3.984,0.516
91,ec.gp.GPIndividual@1161433691{-599516335},3C_20_66-02.txt,154.245,0.250,38.561,1,2.359,6.12,2.359,3.984,0.516
91,ec.gp.GPIndividual@663005936{-717626864},3C_20_50-02.txt,61.404,0.250,15.351,8,13.328,86.82,1.666,3.250,0.344
91,ec.gp.GPIndividual@663005936{-717626864},3C_20_50-03.txt,30.993,0.250,7.748,1,15.719,202.87,15.719,15.719,0.344
91,ec.gp.GPIndividual@663005936{-717626864},3C_20_66-03.txt,118.340,0.250,29.585,1,1.563,5.28,1.563,15.719,0.344
91,ec.gp.GPIndividual@663005936{-717626864},3C_20_66-02.txt,154.245,0.250,38.561,10,22.422,58.15,2.242,15.719,0.344
91,ec.gp.GPIndividual@663005936{-717626864},3C_20_66-03.txt,118.340,0.250,29.585,6,29.453,99.55,4.909,15.719,0.344
91,ec.gp.GPIndividual@663005936{-717626864},3C_20_80-01.txt,4.194,0.250,1.049,1,7.016,669.03,7.016,15.719,0.344
91,ec.gp.GPIndividual@663005936{-717626864},3C_20_50-03.txt,30.993,0.250,7.748,6,7.828,101.03,1.305,15.719,0.172
91,ec.gp.GPIndividual@663005936{-717626864},3C_20_66-01.txt,7.322,0.250,1.831,2,1.578,86.21,0.789,15.719,0.172
91,ec.gp.GPIndividual@663005936{-717626864},3C_20_80-02.txt,35.738,0.250,8.935,3,9.906,110.88,3.302,15.719,0.172
91,ec.gp.GPIndividual@663005936{-717626864},3C_20_80-01.txt,4.194,0.250,1.049,3,1.156,110.26,0.385,15.719,0.156
91,ec.gp.GPIndividual@663005936{-717626864},3C_20_66-01.txt,7.322,0.250,1.831,1,3.250,177.54,3.250,15.719,0.156
91,ec.gp.GPIndividual@663005936{-717626864},3C_20_66-01.txt,7.322,0.250,1.831,6,3.297,180.10,0.549,15.719,0.156
91,ec.gp.GPIndividual@663005936{-717626864},3C_20_80-02.txt,35.738,0.250,8.935,2,2.844,31.83,1.422,15.719,0.156
91,ec.gp.GPIndividual@663005936{-717626864},3C_20_80-03.txt,169.439,0.250,42.360,1,0.109,0.26,0.109,15.719,0.109
91,ec.gp.GPIndividual@663005936{-717626864},3C_20_66-02.txt,154.245,0.250,38.561,9,23.719,61.51,2.635,15.719,0.109
91,ec.gp.GPIndividual@663005936{-717626864},3C_20_66-02.txt,154.245,0.250,38.561,6,13.203,34.24,2.201,15.719,0.109
91,ec.gp.GPIndividual@951949195{710392539},3C_20_50-02.txt,61.404,0.250,15.351,3,4.125,26.87,1.375,2.422,0.297
91,ec.gp.GPIndividual@951949195{710392539},3C_20_50-03.txt,30.993,0.250,7.748,5,8.063,104.06,1.613,2.422,0.297
91,ec.gp.GPIndividual@951949195{710392539},3C_20_66-03.txt,118.340,0.250,29.585,3,4.953,16.74,1.651,3.188,0.297
91,ec.gp.GPIndividual@951949195{710392539},3C_20_66-01.txt,7.322,0.250,1.831,1,0.906,49.51,0.906,3.188,0.297
91,ec.gp.GPIndividual@951949195{710392539},3C_20_66-02.txt,154.245,0.250,38.561,2,12.609,32.70,6.305,10.047,0.297
91,ec.gp.GPIndividual@951949195{710392539},3C_20_66-03.txt,118.340,0.250,29.585,4,29.594,100.03,7.398,13.219,0.297
91,ec.gp.GPIndividual@951949195{710392539},3C_20_80-01.txt,4.194,0.250,1.049,1,0.516,49.17,0.516,13.219,0.297
91,ec.gp.GPIndividual@951949195{710392539},3C_20_80-02.txt,35.738,0.250,8.935,1,11.141,124.69,11.141,13.219,0.297
91,ec.gp.GPIndividual@951949195{710392539},3C_20_80-03.txt,169.439,0.250,42.360,2,13.844,32.68,6.922,13.219,0.297
91,ec.gp.GPIndividual@951949195{710392539},3C_20_80-03.txt,169.439,0.250,42.360,4,18.297,43.19,4.574,13.219,0.000
91,ec.gp.GPIndividual@951949195{710392539},3C_20_66-03.txt,118.340,0.250,29.585,2,12.844,43.41,6.422,13.219,0.000
91,ec.gp.GPIndividual@1251281521{249607850},3C_20_50-02.txt,61.404,0.250,15.351,6,27.234,177.41,4.539,12.313,0.531
91,ec.gp.GPIndividual@1251281521{249607850},3C_20_66-03.txt,118.340,0.250,29.585,1,0.328,1.11,0.328,12.313,0.328
91,ec.gp.GPIndividual@1251281521{249607850},3C_20_50-03.txt,30.993,0.250,7.748,2,10.563,136.32,5.281,12.313,0.328
91,ec.gp.GPIndividual@209735966{1317310992},3C_20_50-02.txt,61.404,0.250,15.351,2,2.750,17.91,1.375,2.750,0.000
91,ec.gp.GPIndividual@209735966{1317310992},3C_20_80-01.txt,4.194,0.250,1.049,2,14.766,1408.10,7.383,14.250,0.000
91,ec.gp.GPIndividual@209735966{1317310992},3C_20_66-02.txt,154.245,0.250,38.561,4,20.000,51.87,5.000,16.000,0.000
91,ec.gp.GPIndividual@209735966{1317310992},3C_20_80-01.txt,4.194,0.250,1.049,1,1.234,117.71,1.234,16.000,0.000
91,ec.gp.GPIndividual@209735966{1317310992},3C_20_80-02.txt,35.738,0.250,8.935,4,10.734,120.14,2.684,16.000,0.000
91,ec.gp.GPIndividual@209735966{1317310992},3C_20_66-03.txt,118.340,0.250,29.585,13,33.109,111.91,2.547,16.000,0.000
91,ec.gp.GPIndividual@209735966{1317310992},3C_20_80-01.txt,4.194,0.250,1.049,2,1.594,151.99,0.797,16.000,0.000
91,ec.gp.GPIndividual@209735966{1317310992},3C_20_80-02.txt,35.738,0.250,8.935,5,14.078,157.57,2.816,16.000,0.000
91,ec.gp.GPIndividual@209735966{1317310992},3C_20_66-01.txt,7.322,0.250,1.831,1,5.391,294.48,5.391,16.000,0.000
91,ec.gp.GPIndividual@209735966{1317310992},3C_20_80-01.txt,4.194,0.250,1.049,1,2.313,220.53,2.313,16.000,0.000
91,ec.gp.GPIndividual@209735966{1317310992},3C_20_80-03.txt,169.439,0.250,42.360,20,45.563,107.56,2.278,16.000,0.000
91,ec.gp.GPIndividual@209735966{1317310992},3C_20_66-02.txt,154.245,0.250,38.561,7,47.203,122.41,6.743,16.625,0.000
91,ec.gp.GPIndividual@209735966{1317310992},3C_20_50-03.txt,30.993,0.250,7.748,4,7.453,96.19,1.863,16.625,0.000
91,ec.gp.GPIndividual@209735966{1317310992},3C_20_80-03.txt,169.439,0.250,42.360,9,54.203,127.96,6.023,16.625,0.000
91,ec.gp.GPIndividual@209735966{1317310992},3C_20_80-02.txt,35.738,0.250,8.935,7,8.875,99.33,1.268,16.625,0.000
91,ec.gp.GPIndividual@209735966{1317310992},3C_20_80-03.txt,169.439,0.250,42.360,1,1.578,3.73,1.578,16.625,0.000
91,ec.gp.GPIndividual@209735966{1317310992},3C_20_80-02.txt,35.738,0.250,8.935,2,10.203,114.20,5.102,16.625,0.000
91,ec.gp.GPIndividual@739812106{1699006257},3C_20_50-02.txt,61.404,0.250,15.351,4,13.625,88.76,3.406,10.094,0.531
91,ec.gp.GPIndividual@1122249638{556366916},3C_20_50-02.txt,61.404,0.250,15.351,5,19.484,126.93,3.897,14.438,0.328
91,ec.gp.GPIndividual@1122249638{556366916},3C_20_66-03.txt,118.340,0.250,29.585,10,29.813,100.77,2.981,14.438,0.328
91,ec.gp.GPIndividual@1122249638{556366916},3C_20_50-03.txt,30.993,0.250,7.748,2,9.563,123.42,4.781,14.438,0.328
91,ec.gp.GPIndividual@1122249638{556366916},3C_20_80-01.txt,4.194,0.250,1.049,1,1.219,116.22,1.219,14.438,0.328
91,ec.gp.GPIndividual@1122249638{556366916},3C_20_50-03.txt,30.993,0.250,7.748,4,8.484,109.50,2.121,14.438,0.328
91,ec.gp.GPIndividual@1122249638{556366916},3C_20_80-03.txt,169.439,0.250,42.360,1,1.266,2.99,1.266,14.438,0.328
91,ec.gp.GPIndividual@1122249638{556366916},3C_20_66-01.txt,7.322,0.250,1.831,2,8.234,449.83,4.117,14.438,0.328
91,ec.gp.GPIndividual@1769186001{1470989173},3C_20_50-02.txt,61.404,0.250,15.351,4,5.109,33.28,1.277,3.141,0.484
91,ec.gp.GPIndividual@1769186001{1470989173},3C_20_80-02.txt,35.738,0.250,8.935,5,9.953,111.40,1.991,3.141,0.484
91,ec.gp.GPIndividual@1769186001{1470989173},3C_20_66-02.txt,154.245,0.250,38.561,18,39.344,102.03,2.186,5.953,0.328
91,ec.gp.GPIndividual@1769186001{1470989173},3C_20_80-03.txt,169.439,0.250,42.360,5,14.469,34.16,2.894,7.359,0.156
91,ec.gp.GPIndividual@1769186001{1470989173},3C_20_66-03.txt,118.340,0.250,29.585,5,29.688,100.35,5.938,9.219,0.156
91,ec.gp.GPIndividual@1769186001{1470989173},3C_20_66-01.txt,7.322,0.250,1.831,5,11.359,620.55,2.272,9.563,0.156
91,ec.gp.GPIndividual@1769186001{1470989173},3C_20_66-01.txt,7.322,0.250,1.831,1,0.156,8.54,0.156,9.563,0.156
91,ec.gp.GPIndividual@1769186001{1470989173},3C_20_66-02.txt,154.245,0.250,38.561,11,45.703,118.52,4.155,16.188,0.156
91,ec.gp.GPIndividual@1769186001{1470989173},3C_20_50-03.txt,30.993,0.250,7.748,5,7.391,95.39,1.478,16.188,0.156
91,ec.gp.GPIndividual@1769186001{1470989173},3C_20_66-02.txt,154.245,0.250,38.561,9,39.063,101.30,4.340,16.188,0.156
91,ec.gp.GPIndividual@1769186001{1470989173},3C_20_66-01.txt,7.322,0.250,1.831,2,2.219,121.21,1.109,16.188,0.156
91,ec.gp.GPIndividual@1769186001{1470989173},3C_20_66-03.txt,118.340,0.250,29.585,2,2.672,9.03,1.336,16.188,0.156
91,ec.gp.GPIndividual@1555626281{-637944718},3C_20_50-02.txt,61.404,0.250,15.351,5,13.391,87.23,2.678,8.531,0.516
91,ec.gp.GPIndividual@2099117158{-1631516176},3C_20_50-02.txt,61.404,0.250,15.351,6,15.953,103.92,2.659,7.766,0.516
91,ec.gp.GPIndividual@2099117158{-1631516176},3C_20_50-03.txt,30.993,0.250,7.748,3,8.063,104.06,2.688,7.766,0.516
91,ec.gp.GPIndividual@2099117158{-1631516176},3C_20_50-03.txt,30.993,0.250,7.748,4,18.016,232.52,4.504,13.672,0.484
91,ec.gp.GPIndividual@2099117158{-1631516176},3C_20_80-01.txt,4.194,0.250,1.049,1,1.453,138.57,1.453,13.672,0.484
91,ec.gp.GPIndividual@2099117158{-1631516176},3C_20_66-03.txt,118.340,0.250,29.585,4,9.250,31.27,2.313,13.672,0.484
91,ec.gp.GPIndividual@2099117158{-1631516176},3C_20_80-01.txt,4.194,0.250,1.049,1,3.156,300.99,3.156,13.672,0.484
91,ec.gp.GPIndividual@2099117158{-1631516176},3C_20_66-01.txt,7.322,0.250,1.831,4,1.969,107.55,0.492,13.672,0.172
91,ec.gp.GPIndividual@2099117158{-1631516176},3C_20_80-02.txt,35.738,0.250,8.935,1,0.156,1.75,0.156,13.672,0.156
91,ec.gp.GPIndividual@2099117158{-1631516176},3C_20_80-02.txt,35.738,0.250,8.935,7,9.406,105.28,1.344,13.672,0.156
91,ec.gp.GPIndividual@2099117158{-1631516176},3C_20_66-02.txt,154.245,0.250,38.561,5,13.563,35.17,2.713,13.672,0.156
91,ec.gp.GPIndividual@2099117158{-1631516176},3C_20_80-03.txt,169.439,0.250,42.360,7,21.766,51.38,3.109,13.672,0.156
91,ec.gp.GPIndividual@2099117158{-1631516176},3C_20_66-02.txt,154.245,0.250,38.561,5,19.875,51.54,3.975,13.672,0.156
91,ec.gp.GPIndividual@2099117158{-1631516176},3C_20_66-01.txt,7.322,0.250,1.831,2,2.328,127.18,1.164,13.672,0.156
91,ec.gp.GPIndividual@2099117158{-1631516176},3C_20_66-03.txt,118.340,0.250,29.585,3,2.750,9.30,0.917,13.672,0.156
91,ec.gp.GPIndividual@2099117158{-1631516176},3C_20_66-02.txt,154.245,0.250,38.561,7,16.469,42.71,2.353,13.672,0.156
91,ec.gp.GPIndividual@2099117158{-1631516176},3C_20_66-03.txt,118.340,0.250,29.585,5,40.813,137.95,8.163,13.672,0.156
91,ec.gp.GPIndividual@2020156548{1691585157},3C_20_50-02.txt,61.404,0.250,15.351,7,19.672,128.15,2.810,7.078,0.328
91,ec.gp.GPIndividual@2020156548{1691585157},3C_20_80-03.txt,169.439,0.250,42.360,2,8.016,18.92,4.008,7.078,0.328
91,ec.gp.GPIndividual@2020156548{1691585157},3C_20_80-01.txt,4.194,0.250,1.049,1,1.234,117.71,1.234,7.078,0.328
91,ec.gp.GPIndividual@2020156548{1691585157},3C_20_80-01.txt,4.194,0.250,1.049,3,7.109,677.97,2.370,7.078,0.328
91,ec.gp.GPIndividual@2020156548{1691585157},3C_20_80-01.txt,4.194,0.250,1.049,4,1.297,123.67,0.324,7.078,0.156
91,ec.gp.GPIndividual@2020156548{1691585157},3C_20_80-02.txt,35.738,0.250,8.935,2,0.672,7.52,0.336,7.078,0.156
91,ec.gp.GPIndividual@2020156548{1691585157},3C_20_80-02.txt,35.738,0.250,8.935,1,12.719,142.35,12.719,12.719,0.156
91,ec.gp.GPIndividual@2020156548{1691585157},3C_20_66-03.txt,118.340,0.250,29.585,2,3.734,12.62,1.867,12.719,0.156
91,ec.gp.GPIndividual@2020156548{1691585157},3C_20_80-02.txt,35.738,0.250,8.935,5,8.938,100.03,1.788,12.719,0.156
91,ec.gp.GPIndividual@2020156548{1691585157},3C_20_80-03.txt,169.439,0.250,42.360,2,7.109,16.78,3.555,12.719,0.156
91,ec.gp.GPIndividual@2020156548{1691585157},3C_20_80-03.txt,169.439,0.250,42.360,9,39.906,94.21,4.434,12.719,0.156
91,ec.gp.GPIndividual@2020156548{1691585157},3C_20_50-03.txt,30.993,0.250,7.748,2,9.234,119.18,4.617,12.719,0.156
91,ec.gp.GPIndividual@2020156548{1691585157},3C_20_66-01.txt,7.322,0.250,1.831,4,2.438,133.16,0.609,12.719,0.156
91,ec.gp.GPIndividual@2020156548{1691585157},3C_20_80-01.txt,4.194,0.250,1.049,1,7.625,727.15,7.625,12.719,0.156
91,ec.gp.GPIndividual@1225619780{-487698996},3C_20_50-02.txt,61.404,0.250,15.351,3,15.484,100.87,5.161,14.516,0.484
91,ec.gp.GPIndividual@1779280609{938852545},3C_20_50-02.txt,61.404,0.250,15.351,4,19.938,129.88,4.984,15.281,0.281
91,ec.gp.GPIndividual@262001359{630451133},3C_20_50-02.txt,61.404,0.250,15.351,8,15.719,102.39,1.965,12.453,0.109
91,ec.gp.GPIndividual@262001359{630451133},3C_20_66-03.txt,118.340,0.250,29.585,12,32.016,108.22,2.668,12.453,0.094
91,ec.gp.GPIndividual@262001359{630451133},3C_20_66-01.txt,7.322,0.250,1.831,1,7.969,435.32,7.969,12.453,0.094
91,ec.gp.GPIndividual@262001359{630451133},3C_20_50-03.txt,30.993,0.250,7.748,4,7.766,100.23,1.941,12.453,0.094
91,ec.gp.GPIndividual@262001359{630451133},3C_20_80-02.txt,35.738,0.250,8.935,1,0.469,5.25,0.469,12.453,0.094
91,ec.gp.GPIndividual@262001359{630451133},3C_20_66-02.txt,154.245,0.250,38.561,16,42.063,109.08,2.629,12.453,0.094
91,ec.gp.GPIndividual@262001359{630451133},3C_20_80-03.txt,169.439,0.250,42.360,1,14.344,33.86,14.344,14.344,0.094
91,ec.gp.GPIndividual@262001359{630451133},3C_20_80-01.txt,4.194,0.250,1.049,2,3.156,300.99,1.578,14.344,0.094
91,ec.gp.GPIndividual@262001359{630451133},3C_20_66-03.txt,118.340,0.250,29.585,12,31.047,104.94,2.587,14.344,0.094
91,ec.gp.GPIndividual@262001359{630451133},3C_20_66-01.txt,7.322,0.250,1.831,1,7.453,407.15,7.453,14.344,0.094
91,ec.gp.GPIndividual@1839693386{1731812941},3C_20_50-02.txt,61.404,0.250,15.351,7,9.750,63.51,1.393,4.016,0.203
91,ec.gp.GPIndividual@1839693386{1731812941},3C_20_50-03.txt,30.993,0.250,7.748,5,7.406,95.59,1.481,4.016,0.203
91,ec.gp.GPIndividual@1839693386{1731812941},3C_20_66-01.txt,7.322,0.250,1.831,1,4.594,250.95,4.594,4.594,0.203
91,ec.gp.GPIndividual@1839693386{1731812941},3C_20_80-01.txt,4.194,0.250,1.049,1,1.297,123.67,1.297,4.594,0.203
91,ec.gp.GPIndividual@1839693386{1731812941},3C_20_80-02.txt,35.738,0.250,8.935,12,9.344,104.58,0.779,4.594,0.109
91,ec.gp.GPIndividual@1839693386{1731812941},3C_20_66-02.txt,154.245,0.250,38.561,1,0.109,0.28,0.109,4.594,0.109
91,ec.gp.GPIndividual@1839693386{1731812941},3C_20_80-03.txt,169.439,0.250,42.360,1,2.203,5.20,2.203,4.594,0.109
91,ec.gp.GPIndividual@1839693386{1731812941},3C_20_66-02.txt,154.245,0.250,38.561,6,7.391,19.17,1.232,4.594,0.109
91,ec.gp.GPIndividual@1839693386{1731812941},3C_20_80-02.txt,35.738,0.250,8.935,9,9.250,103.53,1.028,4.594,0.109
91,ec.gp.GPIndividual@1839693386{1731812941},3C_20_66-03.txt,118.340,0.250,29.585,1,0.094,0.32,0.094,4.594,0.094
91,ec.gp.GPIndividual@1839693386{1731812941},3C_20_80-03.txt,169.439,0.250,42.360,3,3.438,8.12,1.146,4.594,0.094
91,ec.gp.GPIndividual@1839693386{1731812941},3C_20_66-03.txt,118.340,0.250,29.585,6,21.734,73.46,3.622,6.688,0.094
91,ec.gp.GPIndividual@1839693386{1731812941},3C_20_80-01.txt,4.194,0.250,1.049,1,5.828,555.79,5.828,6.688,0.094
91,ec.gp.GPIndividual@1839693386{1731812941},3C_20_80-01.txt,4.194,0.250,1.049,4,1.344,128.14,0.336,6.688,0.094
91,ec.gp.GPIndividual@1839693386{1731812941},3C_20_80-02.txt,35.738,0.250,8.935,2,11.094,124.17,5.547,10.500,0.094
91,ec.gp.GPIndividual@1697871109{-1048862387},3C_20_50-02.txt,61.404,0.250,15.351,9,22.266,145.04,2.474,15.922,0.219
91,ec.gp.GPIndividual@704561665{2075712721},3C_20_50-02.txt,61.404,0.250,15.351,1,1.391,9.06,1.391,1.391,1.391
91,ec.gp.GPIndividual@704561665{2075712721},3C_20_50-03.txt,30.993,0.250,7.748,7,7.828,101.03,1.118,2.453,0.297
91,ec.gp.GPIndividual@704561665{2075712721},3C_20_66-01.txt,7.322,0.250,1.831,2,2.094,114.38,1.047,2.453,0.297
91,ec.gp.GPIndividual@704561665{2075712721},3C_20_80-02.txt,35.738,0.250,8.935,1,0.188,2.10,0.188,2.453,0.188
91,ec.gp.GPIndividual@704561665{2075712721},3C_20_50-03.txt,30.993,0.250,7.748,6,5.516,71.19,0.919,2.453,0.188
91,ec.gp.GPIndividual@704561665{2075712721},3C_20_66-02.txt,154.245,0.250,38.561,2,5.031,13.05,2.516,2.578,0.188
91,ec.gp.GPIndividual@704561665{2075712721},3C_20_80-03.txt,169.439,0.250,42.360,6,5.719,13.50,0.953,2.578,0.188
91,ec.gp.GPIndividual@704561665{2075712721},3C_20_66-03.txt,118.340,0.250,29.585,6,23.047,77.90,3.841,5.438,0.188
91,ec.gp.GPIndividual@704561665{2075712721},3C_20_66-01.txt,7.322,0.250,1.831,1,10.578,577.87,10.578,10.578,0.188
91,ec.gp.GPIndividual@1878428196{-87692512},3C_20_50-02.txt,61.404,0.250,15.351,4,15.375,100.16,3.844,14.375,0.156
91,ec.gp.GPIndividual@2086064680{107298193},3C_20_50-02.txt,61.404,0.250,15.351,2,16.594,108.09,8.297,16.469,0.125
91,ec.gp.GPIndividual@2086064680{107298193},3C_20_80-01.txt,4.194,0.250,1.049,2,1.109,105.79,0.555,16.469,0.125
91,ec.gp.GPIndividual@2086064680{107298193},3C_20_50-03.txt,30.993,0.250,7.748,5,3.172,40.94,0.634,16.469,0.125
91,ec.gp.GPIndividual@2086064680{107298193},3C_20_80-02.txt,35.738,0.250,8.935,6,5.578,62.43,0.930,16.469,0.125
91,ec.gp.GPIndividual@2086064680{107298193},3C_20_80-03.txt,169.439,0.250,42.360,7,44.531,105.13,6.362,16.469,0.125
91,ec.gp.GPIndividual@2086064680{107298193},3C_20_50-03.txt,30.993,0.250,7.748,1,10.203,131.68,10.203,16.469,0.125
91,ec.gp.GPIndividual@2086064680{107298193},3C_20_66-01.txt,7.322,0.250,1.831,2,2.172,118.65,1.086,16.469,0.125
91,ec.gp.GPIndividual@2086064680{107298193},3C_20_66-01.txt,7.322,0.250,1.831,4,1.906,104.14,0.477,16.469,0.125
91,ec.gp.GPIndividual@2086064680{107298193},3C_20_66-02.txt,154.245,0.250,38.561,7,4.203,10.90,0.600,16.469,0.125
91,ec.gp.GPIndividual@2086064680{107298193},3C_20_66-03.txt,118.340,0.250,29.585,4,19.281,65.17,4.820,16.469,0.125
91,ec.gp.GPIndividual@526395165{370909696},3C_20_50-02.txt,61.404,0.250,15.351,1,0.172,1.12,0.172,0.172,0.172
91,ec.gp.GPIndividual@526395165{370909696},3C_20_50-03.txt,30.993,0.250,7.748,1,8.000,103.25,8.000,8.000,0.172
91,ec.gp.GPIndividual@526395165{370909696},3C_20_80-01.txt,4.194,0.250,1.049,1,1.828,174.34,1.828,8.000,0.172
91,ec.gp.GPIndividual@526395165{370909696},3C_20_66-01.txt,7.322,0.250,1.831,2,0.813,44.39,0.406,8.000,0.172
91,ec.gp.GPIndividual@526395165{370909696},3C_20_66-02.txt,154.245,0.250,38.561,2,1.281,3.32,0.641,8.000,0.172
91,ec.gp.GPIndividual@526395165{370909696},3C_20_66-03.txt,118.340,0.250,29.585,4,15.625,52.81,3.906,14.047,0.172
91,ec.gp.GPIndividual@526395165{370909696},3C_20_80-02.txt,35.738,0.250,8.935,2,3.375,37.77,1.688,14.047,0.172
91,ec.gp.GPIndividual@526395165{370909696},3C_20_80-01.txt,4.194,0.250,1.049,2,0.953,90.89,0.477,14.047,0.172
91,ec.gp.GPIndividual@526395165{370909696},3C_20_80-02.txt,35.738,0.250,8.935,1,0.234,2.62,0.234,14.047,0.172
91,ec.gp.GPIndividual@526395165{370909696},3C_20_80-03.txt,169.439,0.250,42.360,1,0.891,2.10,0.891,14.047,0.172
91,ec.gp.GPIndividual@526395165{370909696},3C_20_80-03.txt,169.439,0.250,42.360,2,5.000,11.80,2.500,14.047,0.172
92,ec.gp.GPIndividual@2107667002{-1919047143},3C_20_50-02.txt,61.404,0.250,15.351,0,0.000,0.00,0.000,0.000,0.000
92,ec.gp.GPIndividual@2107667002{-1919047143},3C_20_50-03.txt,30.993,0.250,7.748,1,0.000,0.00,0.000,0.000,0.000
92,ec.gp.GPIndividual@2107667002{-1919047143},3C_20_66-01.txt,7.322,0.250,1.831,1,0.000,0.00,0.000,0.000,0.000
92,ec.gp.GPIndividual@2107667002{-1919047143},3C_20_66-02.txt,154.245,0.250,38.561,1,0.000,0.00,0.000,0.000,0.000
92,ec.gp.GPIndividual@2107667002{-1919047143},3C_20_66-03.txt,118.340,0.250,29.585,1,0.000,0.00,0.000,0.000,0.000
92,ec.gp.GPIndividual@2107667002{-1919047143},3C_20_80-01.txt,4.194,0.250,1.049,1,0.000,0.00,0.000,0.000,0.000
92,ec.gp.GPIndividual@2107667002{-1919047143},3C_20_80-02.txt,35.738,0.250,8.935,1,0.000,0.00,0.000,0.000,0.000
92,ec.gp.GPIndividual@2107667002{-1919047143},3C_20_80-03.txt,169.439,0.250,42.360,1,0.000,0.00,0.000,0.000,0.000
92,ec.gp.GPIndividual@1028681058{370909696},3C_20_50-02.txt,61.404,0.250,15.351,6,2.344,15.27,0.391,0.391,0.391
92,ec.gp.GPIndividual@1028681058{370909696},3C_20_50-03.txt,30.993,0.250,7.748,5,9.281,119.79,1.856,1.891,0.391
92,ec.gp.GPIndividual@1028681058{370909696},3C_20_50-03.txt,30.993,0.250,7.748,3,4.531,58.48,1.510,3.250,0.281
92,ec.gp.GPIndividual@1028681058{370909696},3C_20_66-01.txt,7.322,0.250,1.831,2,1.875,102.43,0.938,3.250,0.172
92,ec.gp.GPIndividual@1028681058{370909696},3C_20_50-03.txt,30.993,0.250,7.748,1,0.859,11.09,0.859,3.250,0.172
92,ec.gp.GPIndividual@1028681058{370909696},3C_20_66-02.txt,154.245,0.250,38.561,5,11.500,29.82,2.300,3.250,0.172
92,ec.gp.GPIndividual@1028681058{370909696},3C_20_66-03.txt,118.340,0.250,29.585,7,29.156,98.55,4.165,6.578,0.172
92,ec.gp.GPIndividual@1028681058{370909696},3C_20_80-01.txt,4.194,0.250,1.049,1,0.547,52.15,0.547,6.578,0.172
92,ec.gp.GPIndividual@1028681058{370909696},3C_20_80-02.txt,35.738,0.250,8.935,3,9.594,107.38,3.198,6.578,0.172
92,ec.gp.GPIndividual@1028681058{370909696},3C_20_80-03.txt,169.439,0.250,42.360,3,8.813,20.80,2.938,6.578,0.172
92,ec.gp.GPIndividual@1028681058{370909696},3C_20_66-01.txt,7.322,0.250,1.831,2,8.891,485.68,4.445,7.984,0.172
92,ec.gp.GPIndividual@1028681058{370909696},3C_20_50-03.txt,30.993,0.250,7.748,1,9.438,121.80,9.438,9.438,0.172
92,ec.gp.GPIndividual@1028681058{370909696},3C_20_50-03.txt,30.993,0.250,7.748,5,9.594,123.82,1.919,9.438,0.172
92,ec.gp.GPIndividual@1028681058{370909696},3C_20_66-01.txt,7.322,0.250,1.831,2,6.781,370.45,3.391,9.438,0.172
92,ec.gp.GPIndividual@1800602028{1734136006},3C_20_50-02.txt,61.404,0.250,15.351,6,11.313,73.69,1.885,7.188,0.484
92,ec.gp.GPIndividual@1800602028{1734136006},3C_20_66-01.txt,7.322,0.250,1.831,3,2.406,131.45,0.802,7.188,0.344
92,ec.gp.GPIndividual@1800602028{1734136006},3C_20_66-02.txt,154.245,0.250,38.561,2,1.969,5.11,0.984,7.188,0.156
92,ec.gp.GPIndividual@1800602028{1734136006},3C_20_66-02.txt,154.245,0.250,38.561,3,2.109,5.47,0.703,7.188,0.156
92,ec.gp.GPIndividual@1800602028{1734136006},3C_20_50-03.txt,30.993,0.250,7.748,4,7.891,101.84,1.973,7.188,0.156
92,ec.gp.GPIndividual@1800602028{1734136006},3C_20_66-03.txt,118.340,0.250,29.585,9,28.641,96.81,3.182,14.297,0.156
92,ec.gp.GPIndividual@1800602028{1734136006},3C_20_50-03.txt,30.993,0.250,7.748,4,12.266,158.30,3.066,14.297,0.156
92,ec.gp.GPIndividual@1800602028{1734136006},3C_20_66-01.txt,7.322,0.250,1.831,4,1.891,103.28,0.473,14.297,0.156
92,ec.gp.GPIndividual@1800602028{1734136006},3C_20_66-02.txt,154.245,0.250,38.561,2,2.016,5.23,1.008,14.297,0.156
92,ec.gp.GPIndividual@1800602028{1734136006},3C_20_80-01.txt,4.194,0.250,1.049,1,7.109,677.97,7.109,14.297,0.156
92,ec.gp.GPIndividual@1800602028{1734136006},3C_20_66-01.txt,7.322,0.250,1.831,3,1.922,104.99,0.641,14.297,0.156
92,ec.gp.GPIndividual@1800602028{1734136006},3C_20_66-02.txt,154.245,0.250,38.561,17,38.594,100.08,2.270,14.297,0.156
92,ec.gp.GPIndividual@1800602028{1734136006},3C_20_66-03.txt,118.340,0.250,29.585,7,33.906,114.61,4.844,15.000,0.156
92,ec.gp.GPIndividual@1800602028{1734136006},3C_20_66-03.txt,118.340,0.250,29.585,6,36.188,122.32,6.031,15.000,0.156
92,ec.gp.GPIndividual@1800602028{1734136006},3C_20_66-03.txt,118.340,0.250,29.585,1,3.484,11.78,3.484,15.000,0.156
92,ec.gp.GPIndividual@1800602028{1734136006},3C_20_66-02.txt,154.245,0.250,38.561,13,39.578,102.64,3.044,15.000,0.156
92,ec.gp.GPIndividual@1800602028{1734136006},3C_20_80-01.txt,4.194,0.250,1.049,1,0.156,14.90,0.156,15.000,0.156
92,ec.gp.GPIndividual@1800602028{1734136006},3C_20_66-03.txt,118.340,0.250,29.585,8,29.750,100.56,3.719,15.000,0.156
92,ec.gp.GPIndividual@1800602028{1734136006},3C_20_80-01.txt,4.194,0.250,1.049,2,3.109,296.52,1.555,15.000,0.156
92,ec.gp.GPIndividual@1800602028{1734136006},3C_20_80-02.txt,35.738,0.250,8.935,3,18.047,201.99,6.016,15.000,0.156
92,ec.gp.GPIndividual@1800602028{1734136006},3C_20_80-01.txt,4.194,0.250,1.049,1,1.078,102.81,1.078,15.000,0.156
92,ec.gp.GPIndividual@1800602028{1734136006},3C_20_80-02.txt,35.738,0.250,8.935,2,7.906,88.49,3.953,15.000,0.156
92,ec.gp.GPIndividual@1800602028{1734136006},3C_20_80-02.txt,35.738,0.250,8.935,5,9.469,105.98,1.894,15.000,0.156
92,ec.gp.GPIndividual@1800602028{1734136006},3C_20_80-03.txt,169.439,0.250,42.360,2,10.359,24.46,5.180,15.000,0.156
92,ec.gp.GPIndividual@1800602028{1734136006},3C_20_80-01.txt,4.194,0.250,1.049,1,1.219,116.22,1.219,15.000,0.156
92,ec.gp.GPIndividual@1800602028{1734136006},3C_20_80-02.txt,35.738,0.250,8.935,1,1.750,19.59,1.750,15.000,0.156
92,ec.gp.GPIndividual@1800602028{1734136006},3C_20_66-01.txt,7.322,0.250,1.831,1,2.047,111.82,2.047,15.000,0.156
92,ec.gp.GPIndividual@1800602028{1734136006},3C_20_80-03.txt,169.439,0.250,42.360,23,42.641,100.66,1.854,15.000,0.156
92,ec.gp.GPIndividual@1800602028{1734136006},3C_20_80-03.txt,169.439,0.250,42.360,10,44.438,104.91,4.444,15.000,0.156
92,ec.gp.GPIndividual@816779592{-1925825389},3C_20_50-02.txt,61.404,0.250,15.351,5,18.906,123.16,3.781,9.359,0.359
92,ec.gp.GPIndividual@816779592{-1925825389},3C_20_80-03.txt,169.439,0.250,42.360,8,42.469,100.26,5.309,14.703,0.156
92,ec.gp.GPIndividual@816779592{-1925825389},3C_20_50-03.txt,30.993,0.250,7.748,4,7.813,100.83,1.953,14.703,0.156
92,ec.gp.GPIndividual@816779592{-1925825389},3C_20_66-02.txt,154.245,0.250,38.561,10,40.406,104.78,4.041,14.703,0.156
92,ec.gp.GPIndividual@733679196{-1632340322},3C_20_50-02.txt,61.404,0.250,15.351,2,15.969,104.02,7.984,15.453,0.516
92,ec.gp.GPIndividual@733679196{-1632340322},3C_20_80-02.txt,35.738,0.250,8.935,1,1.828,20.46,1.828,15.453,0.516
92,ec.gp.GPIndividual@733679196{-1632340322},3C_20_50-03.txt,30.993,0.250,7.748,2,8.703,112.33,4.352,15.453,0.516
92,ec.gp.GPIndividual@733679196{-1632340322},3C_20_80-03.txt,169.439,0.250,42.360,1,8.672,20.47,8.672,15.453,0.516
92,ec.gp.GPIndividual@473539426{-1401093869},3C_20_50-02.txt,61.404,0.250,15.351,6,26.125,170.18,4.354,15.188,0.313
92,ec.gp.GPIndividual@703964106{107298193},3C_20_50-02.txt,61.404,0.250,15.351,3,4.875,31.76,1.625,2.531,0.531
92,ec.gp.GPIndividual@703964106{107298193},3C_20_66-01.txt,7.322,0.250,1.831,3,1.969,107.55,0.656,2.531,0.156
92,ec.gp.GPIndividual@703964106{107298193},3C_20_50-03.txt,30.993,0.250,7.748,3,10.781,139.15,3.594,6.016,0.156
92,ec.gp.GPIndividual@308462767{107298193},3C_20_50-02.txt,61.404,0.250,15.351,1,6.047,39.39,6.047,6.047,6.047
92,ec.gp.GPIndividual@308462767{107298193},3C_20_66-01.txt,7.322,0.250,1.831,1,0.875,47.80,0.875,6.047,0.875
92,ec.gp.GPIndividual@308462767{107298193},3C_20_66-02.txt,154.245,0.250,38.561,11,19.531,50.65,1.776,6.047,0.641
92,ec.gp.GPIndividual@308462767{107298193},3C_20_66-03.txt,118.340,0.250,29.585,9,29.344,99.18,3.260,9.000,0.359
92,ec.gp.GPIndividual@308462767{107298193},3C_20_50-03.txt,30.993,0.250,7.748,1,13.656,176.25,13.656,13.656,0.359
92,ec.gp.GPIndividual@308462767{107298193},3C_20_66-03.txt,118.340,0.250,29.585,2,11.594,39.19,5.797,13.656,0.359
92,ec.gp.GPIndividual@308462767{107298193},3C_20_80-01.txt,4.194,0.250,1.049,1,6.578,627.31,6.578,13.656,0.359
92,ec.gp.GPIndividual@308462767{107298193},3C_20_50-03.txt,30.993,0.250,7.748,2,1.594,20.57,0.797,13.656,0.359
92,ec.gp.GPIndividual@308462767{107298193},3C_20_80-02.txt,35.738,0.250,8.935,1,9.797,109.65,9.797,13.656,0.359
92,ec.gp.GPIndividual@308462767{107298193},3C_20_66-02.txt,154.245,0.250,38.561,5,12.344,32.01,2.469,13.656,0.359
92,ec.gp.GPIndividual@308462767{107298193},3C_20_80-03.txt,169.439,0.250,42.360,11,40.828,96.38,3.712,13.656,0.359
92,ec.gp.GPIndividual@2059927335{794741938},3C_20_50-02.txt,61.404,0.250,15.351,4,15.672,102.09,3.918,7.234,0.516
92,ec.gp.GPIndividual@2059927335{794741938},3C_20_66-03.txt,118.340,0.250,29.585,7,27.500,92.95,3.929,7.234,0.516
92,ec.gp.GPIndividual@2059927335{794741938},3C_20_80-01.txt,4.194,0.250,1.049,1,4.063,387.41,4.063,7.234,0.516
92,ec.gp.GPIndividual@2059927335{794741938},3C_20_66-01.txt,7.322,0.250,1.831,1,2.938,160.47,2.938,7.234,0.516
92,ec.gp.GPIndividual@2059927335{794741938},3C_20_50-03.txt,30.993,0.250,7.748,4,8.016,103.45,2.004,7.234,0.453
92,ec.gp.GPIndividual@2059927335{794741938},3C_20_80-01.txt,4.194,0.250,1.049,2,7.297,695.85,3.648,7.234,0.453
92,ec.gp.GPIndividual@2059927335{794741938},3C_20_66-01.txt,7.322,0.250,1.831,7,3.344,182.66,0.478,7.234,0.125
92,ec.gp.GPIndividual@2059927335{794741938},3C_20_80-02.txt,35.738,0.250,8.935,7,16.453,184.15,2.350,9.328,0.125
92,ec.gp.GPIndividual@2059927335{794741938},3C_20_66-01.txt,7.322,0.250,1.831,1,2.047,111.82,2.047,9.328,0.125
92,ec.gp.GPIndividual@2059927335{794741938},3C_20_80-03.txt,169.439,0.250,42.360,2,2.063,4.87,1.031,9.328,0.125
92,ec.gp.GPIndividual@2059927335{794741938},3C_20_66-02.txt,154.245,0.250,38.561,19,39.453,102.31,2.076,9.328,0.125
92,ec.gp.GPIndividual@2059927335{794741938},3C_20_80-02.txt,35.738,0.250,8.935,1,1.453,16.26,1.453,9.328,0.125
92,ec.gp.GPIndividual@2059927335{794741938},3C_20_66-03.txt,118.340,0.250,29.585,10,29.672,100.29,2.967,9.969,0.125
92,ec.gp.GPIndividual@2059927335{794741938},3C_20_80-03.txt,169.439,0.250,42.360,7,43.359,102.36,6.194,11.547,0.125
92,ec.gp.GPIndividual@1573227831{198198204},3C_20_50-02.txt,61.404,0.250,15.351,2,2.875,18.73,1.438,2.359,0.516
92,ec.gp.GPIndividual@795445751{-1252574018},3C_20_50-02.txt,61.404,0.250,15.351,5,16.813,109.52,3.363,9.688,0.516
92,ec.gp.GPIndividual@795445751{-1252574018},3C_20_66-01.txt,7.322,0.250,1.831,1,7.078,386.67,7.078,9.688,0.516
92,ec.gp.GPIndividual@795445751{-1252574018},3C_20_66-02.txt,154.245,0.250,38.561,9,40.594,105.27,4.510,16.609,0.516
92,ec.gp.GPIndividual@795445751{-1252574018},3C_20_66-02.txt,154.245,0.250,38.561,14,38.688,100.33,2.763,16.609,0.172
92,ec.gp.GPIndividual@795445751{-1252574018},3C_20_50-03.txt,30.993,0.250,7.748,1,6.266,80.87,6.266,16.609,0.172
92,ec.gp.GPIndividual@795445751{-1252574018},3C_20_80-01.txt,4.194,0.250,1.049,3,1.063,101.32,0.354,16.609,0.172
92,ec.gp.GPIndividual@795445751{-1252574018},3C_20_80-02.txt,35.738,0.250,8.935,3,18.000,201.47,6.000,16.609,0.172
92,ec.gp.GPIndividual@795445751{-1252574018},3C_20_66-03.txt,118.340,0.250,29.585,5,31.141,105.26,6.228,16.609,0.172
92,ec.gp.GPIndividual@795445751{-1252574018},3C_20_80-03.txt,169.439,0.250,42.360,9,43.094,101.73,4.788,16.609,0.172
92,ec.gp.GPIndividual@1747517214{-1811976938},3C_20_50-02.txt,61.404,0.250,15.351,4,18.375,119.70,4.594,9.578,0.516
92,ec.gp.GPIndividual@1747517214{-1811976938},3C_20_66-02.txt,154.245,0.250,38.561,2,18.516,48.02,9.258,16.547,0.516
92,ec.gp.GPIndividual@1747517214{-1811976938},3C_20_50-03.txt,30.993,0.250,7.748,1,16.391,211.54,16.391,16.547,0.516
92,ec.gp.GPIndividual@1747517214{-1811976938},3C_20_66-03.txt,118.340,0.250,29.585,10,29.656,100.24,2.966,16.547,0.516
92,ec.gp.GPIndividual@1747517214{-1811976938},3C_20_80-01.txt,4.194,0.250,1.049,4,2.344,223.51,0.586,16.547,0.094
92,ec.gp.GPIndividual@1747517214{-1811976938},3C_20_66-03.txt,118.340,0.250,29.585,4,8.875,30.00,2.219,16.547,0.094
92,ec.gp.GPIndividual@1747517214{-1811976938},3C_20_80-02.txt,35.738,0.250,8.935,1,6.891,77.12,6.891,16.547,0.094
92,ec.gp.GPIndividual@1747517214{-1811976938},3C_20_66-01.txt,7.322,0.250,1.831,4,3.844,209.98,0.961,16.547,0.094
92,ec.gp.GPIndividual@1747517214{-1811976938},3C_20_80-03.txt,169.439,0.250,42.360,2,11.125,26.26,5.563,16.547,0.094
92,ec.gp.GPIndividual@1747517214{-1811976938},3C_20_80-01.txt,4.194,0.250,1.049,2,1.578,150.50,0.789,16.547,0.094
92,ec.gp.GPIndividual@1747517214{-1811976938},3C_20_66-02.txt,154.245,0.250,38.561,11,41.938,108.76,3.813,16.547,0.094
92,ec.gp.GPIndividual@1747517214{-1811976938},3C_20_50-03.txt,30.993,0.250,7.748,4,7.969,102.85,1.992,16.547,0.094
92,ec.gp.GPIndividual@1747517214{-1811976938},3C_20_80-02.txt,35.738,0.250,8.935,4,9.000,100.73,2.250,16.547,0.094
92,ec.gp.GPIndividual@1747517214{-1811976938},3C_20_66-03.txt,118.340,0.250,29.585,10,32.813,110.91,3.281,16.547,0.094
92,ec.gp.GPIndividual@1747517214{-1811976938},3C_20_66-01.txt,7.322,0.250,1.831,4,1.891,103.28,0.473,16.547,0.094
92,ec.gp.GPIndividual@1747517214{-1811976938},3C_20_66-01.txt,7.322,0.250,1.831,2,6.875,375.57,3.438,16.547,0.094
92,ec.gp.GPIndividual@1747517214{-1811976938},3C_20_80-01.txt,4.194,0.250,1.049,2,0.953,90.89,0.477,16.547,0.094
92,ec.gp.GPIndividual@1747517214{-1811976938},3C_20_80-03.txt,169.439,0.250,42.360,11,27.313,64.48,2.483,16.547,0.094
92,ec.gp.GPIndividual@1747517214{-1811976938},3C_20_80-01.txt,4.194,0.250,1.049,2,1.938,184.77,0.969,16.547,0.094
92,ec.gp.GPIndividual@1747517214{-1811976938},3C_20_66-02.txt,154.245,0.250,38.561,18,47.438,123.02,2.635,16.547,0.094
92,ec.gp.GPIndividual@1820786875{107298193},3C_20_50-02.txt,61.404,0.250,15.351,6,20.016,130.39,3.336,11.375,0.531
92,ec.gp.GPIndividual@1263661575{107298193},3C_20_50-02.txt,61.404,0.250,15.351,5,23.938,155.93,4.788,13.688,0.344
92,ec.gp.GPIndividual@1263661575{107298193},3C_20_66-02.txt,154.245,0.250,38.561,15,43.391,112.52,2.893,13.688,0.344
92,ec.gp.GPIndividual@1263661575{107298193},3C_20_50-03.txt,30.993,0.250,7.748,1,0.516,6.65,0.516,13.688,0.344
92,ec.gp.GPIndividual@1263661575{107298193},3C_20_50-03.txt,30.993,0.250,7.748,1,11.969,154.47,11.969,13.688,0.344
92,ec.gp.GPIndividual@1263661575{107298193},3C_20_66-03.txt,118.340,0.250,29.585,1,11.031,37.29,11.031,13.688,0.344
92,ec.gp.GPIndividual@1263661575{107298193},3C_20_80-02.txt,35.738,0.250,8.935,2,17.938,200.77,8.969,13.938,0.344
92,ec.gp.GPIndividual@1263661575{107298193},3C_20_80-02.txt,35.738,0.250,8.935,5,10.891,121.89,2.178,13.938,0.156
92,ec.gp.GPIndividual@1263661575{107298193},3C_20_66-03.txt,118.340,0.250,29.585,13,31.344,105.95,2.411,13.938,0.156
92,ec.gp.GPIndividual@1263661575{107298193},3C_20_80-01.txt,4.194,0.250,1.049,1,4.688,447.02,4.688,13.938,0.156
92,ec.gp.GPIndividual@1263661575{107298193},3C_20_66-01.txt,7.322,0.250,1.831,2,4.297,234.73,2.148,13.938,0.156
92,ec.gp.GPIndividual@1263661575{107298193},3C_20_80-01.txt,4.194,0.250,1.049,1,1.750,166.89,1.750,13.938,0.156
92,ec.gp.GPIndividual@1263661575{107298193},3C_20_80-03.txt,169.439,0.250,42.360,19,42.422,100.15,2.233,13.938,0.156
92,ec.gp.GPIndividual@1263661575{107298193},3C_20_80-02.txt,35.738,0.250,8.935,5,9.813,109.83,1.963,13.938,0.156
92,ec.gp.GPIndividual@1263661575{107298193},3C_20_66-01.txt,7.322,0.250,1.831,3,1.953,106.70,0.651,13.938,0.156
92,ec.gp.GPIndividual@1263661575{107298193},3C_20_80-03.txt,169.439,0.250,42.360,11,42.109,99.41,3.828,15.453,0.156
92,ec.gp.GPIndividual@1263661575{107298193},3C_20_80-03.txt,169.439,0.250,42.360,7,48.516,114.53,6.931,15.453,0.156
92,ec.gp.GPIndividual@1950439872{-1728066762},3C_20_50-02.txt,61.404,0.250,15.351,5,15.797,102.90,3.159,7.734,0.516
92,ec.gp.GPIndividual@155337598{496647174},3C_20_50-02.txt,61.404,0.250,15.351,0,0.000,0.00,0.000,0.000,0.000
92,ec.gp.GPIndividual@155337598{496647174},3C_20_50-03.txt,30.993,0.250,7.748,0,0.000,0.00,0.000,0.000,0.000
92,ec.gp.GPIndividual@155337598{496647174},3C_20_66-01.txt,7.322,0.250,1.831,0,0.000,0.00,0.000,0.000,0.000
92,ec.gp.GPIndividual@155337598{496647174},3C_20_66-02.txt,154.245,0.250,38.561,0,0.000,0.00,0.000,0.000,0.000
92,ec.gp.GPIndividual@155337598{496647174},3C_20_66-03.txt,118.340,0.250,29.585,0,0.000,0.00,0.000,0.000,0.000
92,ec.gp.GPIndividual@155337598{496647174},3C_20_80-01.txt,4.194,0.250,1.049,0,0.000,0.00,0.000,0.000,0.000
92,ec.gp.GPIndividual@155337598{496647174},3C_20_80-02.txt,35.738,0.250,8.935,0,0.000,0.00,0.000,0.000,0.000
92,ec.gp.GPIndividual@155337598{496647174},3C_20_80-03.txt,169.439,0.250,42.360,0,0.000,0.00,0.000,0.000,0.000
92,ec.gp.GPIndividual@653236317{532831748},3C_20_50-02.txt,61.404,0.250,15.351,8,15.375,100.16,1.922,4.875,0.297
92,ec.gp.GPIndividual@653236317{532831748},3C_20_80-03.txt,169.439,0.250,42.360,15,52.641,124.27,3.509,10.656,0.297
92,ec.gp.GPIndividual@653236317{532831748},3C_20_80-01.txt,4.194,0.250,1.049,1,0.266,25.33,0.266,10.656,0.266
92,ec.gp.GPIndividual@653236317{532831748},3C_20_50-03.txt,30.993,0.250,7.748,2,12.375,159.72,6.188,11.813,0.266
92,ec.gp.GPIndividual@1893251281{1611606225},3C_20_50-02.txt,61.404,0.250,15.351,3,16.781,109.32,5.594,15.625,0.281
92,ec.gp.GPIndividual@1893251281{1611606225},3C_20_66-03.txt,118.340,0.250,29.585,3,6.969,23.56,2.323,15.625,0.281
92,ec.gp.GPIndividual@1893251281{1611606225},3C_20_66-01.txt,7.322,0.250,1.831,1,3.109,169.86,3.109,15.625,0.281
92,ec.gp.GPIndividual@1893251281{1611606225},3C_20_66-01.txt,7.322,0.250,1.831,3,1.953,106.70,0.651,15.625,0.281
92,ec.gp.GPIndividual@1893251281{1611606225},3C_20_66-02.txt,154.245,0.250,38.561,21,42.391,109.93,2.019,15.625,0.281
92,ec.gp.GPIndividual@1893251281{1611606225},3C_20_80-01.txt,4.194,0.250,1.049,2,1.125,107.28,0.563,15.625,0.281
92,ec.gp.GPIndividual@1893251281{1611606225},3C_20_80-02.txt,35.738,0.250,8.935,3,16.375,183.28,5.458,15.625,0.266
92,ec.gp.GPIndividual@1893251281{1611606225},3C_20_50-03.txt,30.993,0.250,7.748,6,8.375,108.09,1.396,15.625,0.266
92,ec.gp.GPIndividual@1893251281{1611606225},3C_20_80-02.txt,35.738,0.250,8.935,1,3.563,39.87,3.563,15.625,0.266
92,ec.gp.GPIndividual@1893251281{1611606225},3C_20_66-03.txt,118.340,0.250,29.585,2,6.109,20.65,3.055,15.625,0.266
92,ec.gp.GPIndividual@1893251281{1611606225},3C_20_66-02.txt,154.245,0.250,38.561,3,3.703,9.60,1.234,15.625,0.266
92,ec.gp.GPIndividual@1893251281{1611606225},3C_20_80-03.txt,169.439,0.250,42.360,16,42.969,101.44,2.686,15.625,0.266
92,ec.gp.GPIndividual@1893251281{1611606225},3C_20_80-01.txt,4.194,0.250,1.049,1,7.688,733.11,7.688,15.625,0.266
92,ec.gp.GPIndividual@1893251281{1611606225},3C_20_66-03.txt,118.340,0.250,29.585,8,30.531,103.20,3.816,15.625,0.266
92,ec.gp.GPIndividual@1893251281{1611606225},3C_20_66-01.txt,7.322,0.250,1.831,1,3.063,167.30,3.063,15.625,0.266
92,ec.gp.GPIndividual@1893251281{1611606225},3C_20_80-02.txt,35.738,0.250,8.935,5,9.109,101.96,1.822,15.625,0.266
92,ec.gp.GPIndividual@1893251281{1611606225},3C_20_80-01.txt,4.194,0.250,1.049,1,1.578,150.50,1.578,15.625,0.266
92,ec.gp.GPIndividual@1354443765{1762121192},3C_20_50-02.txt,61.404,0.250,15.351,9,16.094,104.84,1.788,8.469,0.406
92,ec.gp.GPIndividual@1354443765{1762121192},3C_20_50-03.txt,30.993,0.250,7.748,9,9.531,123.01,1.059,8.469,0.391
92,ec.gp.GPIndividual@1354443765{1762121192},3C_20_80-02.txt,35.738,0.250,8.935,3,2.719,30.43,0.906,8.469,0.125
92,ec.gp.GPIndividual@1354443765{1762121192},3C_20_80-03.txt,169.439,0.250,42.360,2,4.531,10.70,2.266,8.469,0.125
92,ec.gp.GPIndividual@1354443765{1762121192},3C_20_80-03.txt,169.439,0.250,42.360,12,44.906,106.01,3.742,8.547,0.125
92,ec.gp.GPIndividual@2006715729{1474734229},3C_20_50-02.txt,61.404,0.250,15.351,0,0.000,0.00,0.000,0.000,0.000
92,ec.gp.GPIndividual@2006715729{1474734229},3C_20_50-03.txt,30.993,0.250,7.748,0,0.000,0.00,0.000,0.000,0.000
92,ec.gp.GPIndividual@2006715729{1474734229},3C_20_66-01.txt,7.322,0.250,1.831,0,0.000,0.00,0.000,0.000,0.000
92,ec.gp.GPIndividual@2006715729{1474734229},3C_20_66-02.txt,154.245,0.250,38.561,0,0.000,0.00,0.000,0.000,0.000
92,ec.gp.GPIndividual@2006715729{1474734229},3C_20_66-03.txt,118.340,0.250,29.585,0,0.000,0.00,0.000,0.000,0.000
92,ec.gp.GPIndividual@2006715729{1474734229},3C_20_80-01.txt,4.194,0.250,1.049,0,0.000,0.00,0.000,0.000,0.000
92,ec.gp.GPIndividual@2006715729{1474734229},3C_20_80-02.txt,35.738,0.250,8.935,0,0.000,0.00,0.000,0.000,0.000
92,ec.gp.GPIndividual@2006715729{1474734229},3C_20_80-03.txt,169.439,0.250,42.360,0,0.000,0.00,0.000,0.000,0.000
92,ec.gp.GPIndividual@274654646{-899635275},3C_20_50-02.txt,61.404,0.250,15.351,4,6.844,44.58,1.711,3.516,0.219
92,ec.gp.GPIndividual@646600849{-1469056510},3C_20_50-02.txt,61.404,0.250,15.351,7,20.031,130.49,2.862,8.844,0.328
92,ec.gp.GPIndividual@646600849{-1469056510},3C_20_66-01.txt,7.322,0.250,1.831,3,2.359,128.89,0.786,8.844,0.109
92,ec.gp.GPIndividual@646600849{-1469056510},3C_20_66-02.txt,154.245,0.250,38.561,2,1.828,4.74,0.914,8.844,0.094
92,ec.gp.GPIndividual@646600849{-1469056510},3C_20_80-01.txt,4.194,0.250,1.049,4,5.297,505.13,1.324,8.844,0.094
92,ec.gp.GPIndividual@646600849{-1469056510},3C_20_50-03.txt,30.993,0.250,7.748,2,1.563,20.17,0.781,8.844,0.078
92,ec.gp.GPIndividual@646600849{-1469056510},3C_20_80-02.txt,35.738,0.250,8.935,9,9.156,102.48,1.017,8.844,0.078
92,ec.gp.GPIndividual@646600849{-1469056510},3C_20_66-03.txt,118.340,0.250,29.585,9,34.125,115.35,3.792,15.484,0.078
92,ec.gp.GPIndividual@646600849{-1469056510},3C_20_50-03.txt,30.993,0.250,7.748,2,17.078,220.42,8.539,15.484,0.078
92,ec.gp.GPIndividual@646600849{-1469056510},3C_20_80-03.txt,169.439,0.250,42.360,8,47.156,111.32,5.895,15.484,0.078
92,ec.gp.GPIndividual@1847472408{-894363887},3C_20_50-02.txt,61.404,0.250,15.351,2,16.766,109.21,8.383,16.516,0.250
92,ec.gp.GPIndividual@1847472408{-894363887},3C_20_80-01.txt,4.194,0.250,1.049,3,1.625,154.97,0.542,16.516,0.234
92,ec.gp.GPIndividual@1847472408{-894363887},3C_20_50-03.txt,30.993,0.250,7.748,3,4.016,51.83,1.339,16.516,0.156
92,ec.gp.GPIndividual@1847472408{-894363887},3C_20_66-01.txt,7.322,0.250,1.831,1,8.641,472.02,8.641,16.516,0.156
92,ec.gp.GPIndividual@1847472408{-894363887},3C_20_66-01.txt,7.322,0.250,1.831,3,1.984,108.40,0.661,16.516,0.156
92,ec.gp.GPIndividual@1847472408{-894363887},3C_20_66-02.txt,154.245,0.250,38.561,19,40.656,105.43,2.140,16.516,0.156
92,ec.gp.GPIndividual@1847472408{-894363887},3C_20_80-02.txt,35.738,0.250,8.935,1,11.672,130.64,11.672,16.516,0.156
92,ec.gp.GPIndividual@1847472408{-894363887},3C_20_66-02.txt,154.245,0.250,38.561,15,45.922,119.09,3.061,16.516,0.156
92,ec.gp.GPIndividual@1847472408{-894363887},3C_20_66-03.txt,118.340,0.250,29.585,10,29.484,99.66,2.948,16.516,0.000
92,ec.gp.GPIndividual@1847472408{-894363887},3C_20_66-01.txt,7.322,0.250,1.831,1,5.984,326.92,5.984,16.516,0.000
92,ec.gp.GPIndividual@1847472408{-894363887},3C_20_66-03.txt,118.340,0.250,29.585,9,26.031,87.99,2.892,16.516,0.000
92,ec.gp.GPIndividual@1847472408{-894363887},3C_20_80-03.txt,169.439,0.250,42.360,8,44.188,104.31,5.523,16.516,0.000
92,ec.gp.GPIndividual@1244362733{547878147},3C_20_50-02.txt,61.404,0.250,15.351,6,10.469,68.20,1.745,5.016,0.156
92,ec.gp.GPIndividual@1244362733{547878147},3C_20_80-03.txt,169.439,0.250,42.360,2,12.422,29.32,6.211,8.438,0.156
92,ec.gp.GPIndividual@1244362733{547878147},3C_20_80-03.txt,169.439,0.250,42.360,5,51.453,121.47,10.291,15.984,0.156
92,ec.gp.GPIndividual@55401566{-1089200096},3C_20_50-02.txt,61.404,0.250,15.351,4,2.266,14.76,0.566,1.094,0.156
92,ec.gp.GPIndividual@55401566{-1089200096},3C_20_50-03.txt,30.993,0.250,7.748,4,6.984,90.14,1.746,2.422,0.156
92,ec.gp.GPIndividual@1619549169{1495325112},3C_20_50-02.txt,61.404,0.250,15.351,3,0.688,4.48,0.229,0.500,0.094
92,ec.gp.GPIndividual@1619549169{1495325112},3C_20_50-03.txt,30.993,0.250,7.748,2,13.844,178.67,6.922,12.625,0.094
92,ec.gp.GPIndividual@1619549169{1495325112},3C_20_66-01.txt,7.322,0.250,1.831,5,3.313,180.96,0.663,12.625,0.094
92,ec.gp.GPIndividual@1619549169{1495325112},3C_20_66-01.txt,7.322,0.250,1.831,5,1.438,78.53,0.288,12.625,0.094
92,ec.gp.GPIndividual@1619549169{1495325112},3C_20_66-02.txt,154.245,0.250,38.561,10,30.250,78.45,3.025,12.625,0.094
92,ec.gp.GPIndividual@1619549169{1495325112},3C_20_66-03.txt,118.340,0.250,29.585,5,27.203,91.95,5.441,12.625,0.094
92,ec.gp.GPIndividual@1619549169{1495325112},3C_20_80-01.txt,4.194,0.250,1.049,2,0.641,61.09,0.320,12.625,0.094
92,ec.gp.GPIndividual@1619549169{1495325112},3C_20_80-02.txt,35.738,0.250,8.935,7,7.188,80.45,1.027,12.625,0.094
92,ec.gp.GPIndividual@1619549169{1495325112},3C_20_66-02.txt,154.245,0.250,38.561,3,3.734,9.68,1.245,12.625,0.094
92,ec.gp.GPIndividual@1619549169{1495325112},3C_20_80-03.txt,169.439,0.250,42.360,6,29.906,70.60,4.984,15.828,0.094
92,ec.gp.GPIndividual@1315476923{-1903241281},3C_20_50-02.txt,61.404,0.250,15.351,1,0.000,0.00,0.000,0.000,0.000
92,ec.gp.GPIndividual@1315476923{-1903241281},3C_20_50-03.txt,30.993,0.250,7.748,1,0.000,0.00,0.000,0.000,0.000
92,ec.gp.GPIndividual@1315476923{-1903241281},3C_20_66-01.txt,7.322,0.250,1.831,1,0.000,0.00,0.000,0.000,0.000
92,ec.gp.GPIndividual@1315476923{-1903241281},3C_20_66-02.txt,154.245,0.250,38.561,1,0.000,0.00,0.000,0.000,0.000
92,ec.gp.GPIndividual@1315476923{-1903241281},3C_20_66-03.txt,118.340,0.250,29.585,1,0.000,0.00,0.000,0.000,0.000
92,ec.gp.GPIndividual@1315476923{-1903241281},3C_20_80-01.txt,4.194,0.250,1.049,1,0.000,0.00,0.000,0.000,0.000
92,ec.gp.GPIndividual@1315476923{-1903241281},3C_20_80-02.txt,35.738,0.250,8.935,1,0.000,0.00,0.000,0.000,0.000
92,ec.gp.GPIndividual@1315476923{-1903241281},3C_20_80-03.txt,169.439,0.250,42.360,1,0.000,0.00,0.000,0.000,0.000
93,ec.gp.GPIndividual@1667547151{521928164},3C_20_50-02.txt,61.404,0.250,15.351,3,1.172,7.63,0.391,0.391,0.391
93,ec.gp.GPIndividual@1667547151{521928164},3C_20_50-03.txt,30.993,0.250,7.748,3,1.172,15.12,0.391,0.391,0.391
93,ec.gp.GPIndividual@1667547151{521928164},3C_20_50-03.txt,30.993,0.250,7.748,6,7.750,100.02,1.292,1.859,0.172
93,ec.gp.GPIndividual@1667547151{521928164},3C_20_50-03.txt,30.993,0.250,7.748,2,4.281,55.26,2.141,3.250,0.172
93,ec.gp.GPIndividual@1667547151{521928164},3C_20_66-01.txt,7.322,0.250,1.831,1,3.250,177.54,3.250,3.250,0.172
93,ec.gp.GPIndividual@1667547151{521928164},3C_20_66-01.txt,7.322,0.250,1.831,2,1.859,101.57,0.930,3.250,0.156
93,ec.gp.GPIndividual@1667547151{521928164},3C_20_50-03.txt,30.993,0.250,7.748,1,0.813,10.49,0.813,3.250,0.156
93,ec.gp.GPIndividual@1667547151{521928164},3C_20_66-02.txt,154.245,0.250,38.561,1,0.828,2.15,0.828,3.250,0.156
93,ec.gp.GPIndividual@1667547151{521928164},3C_20_66-02.txt,154.245,0.250,38.561,4,10.594,27.47,2.648,3.250,0.156
93,ec.gp.GPIndividual@1667547151{521928164},3C_20_66-03.txt,118.340,0.250,29.585,2,5.031,17.01,2.516,3.250,0.156
93,ec.gp.GPIndividual@1667547151{521928164},3C_20_66-03.txt,118.340,0.250,29.585,6,23.922,80.86,3.987,6.047,0.156
93,ec.gp.GPIndividual@1667547151{521928164},3C_20_80-01.txt,4.194,0.250,1.049,1,0.531,50.66,0.531,6.047,0.156
93,ec.gp.GPIndividual@1667547151{521928164},3C_20_80-02.txt,35.738,0.250,8.935,1,6.406,71.70,6.406,6.406,0.156
93,ec.gp.GPIndividual@1667547151{521928164},3C_20_80-01.txt,4.194,0.250,1.049,1,0.516,49.17,0.516,6.406,0.156
93,ec.gp.GPIndividual@1667547151{521928164},3C_20_80-02.txt,35.738,0.250,8.935,1,2.219,24.83,2.219,6.406,0.156
93,ec.gp.GPIndividual@1667547151{521928164},3C_20_80-03.txt,169.439,0.250,42.360,1,2.203,5.20,2.203,6.406,0.156
93,ec.gp.GPIndividual@1667547151{521928164},3C_20_80-03.txt,169.439,0.250,42.360,5,33.797,79.79,6.759,9.563,0.156
93,ec.gp.GPIndividual@714850189{88460657},3C_20_50-02.txt,61.404,0.250,15.351,1,0.000,0.00,0.000,0.000,0.000
93,ec.gp.GPIndividual@714850189{88460657},3C_20_50-03.txt,30.993,0.250,7.748,1,0.000,0.00,0.000,0.000,0.000
93,ec.gp.GPIndividual@714850189{88460657},3C_20_66-01.txt,7.322,0.250,1.831,1,0.000,0.00,0.000,0.000,0.000
93,ec.gp.GPIndividual@714850189{88460657},3C_20_66-02.txt,154.245,0.250,38.561,1,0.000,0.00,0.000,0.000,0.000
93,ec.gp.GPIndividual@714850189{88460657},3C_20_66-03.txt,118.340,0.250,29.585,1,0.000,0.00,0.000,0.000,0.000
93,ec.gp.GPIndividual@714850189{88460657},3C_20_80-01.txt,4.194,0.250,1.049,1,0.000,0.00,0.000,0.000,0.000
93,ec.gp.GPIndividual@714850189{88460657},3C_20_80-02.txt,35.738,0.250,8.935,1,0.000,0.00,0.000,0.000,0.000
93,ec.gp.GPIndividual@714850189{88460657},3C_20_80-03.txt,169.439,0.250,42.360,1,0.000,0.00,0.000,0.000,0.000
93,ec.gp.GPIndividual@1847501075{148995090},3C_20_50-02.txt,61.404,0.250,15.351,2,6.594,42.95,3.297,6.250,0.344
93,ec.gp.GPIndividual@1845779203{-487698996},3C_20_50-02.txt,61.404,0.250,15.351,4,15.359,100.05,3.840,7.313,0.531
93,ec.gp.GPIndividual@1845779203{-487698996},3C_20_66-01.txt,7.322,0.250,1.831,2,2.516,137.42,1.258,7.313,0.531
93,ec.gp.GPIndividual@1845779203{-487698996},3C_20_50-03.txt,30.993,0.250,7.748,3,12.109,156.29,4.036,9.078,0.531
93,ec.gp.GPIndividual@1845779203{-487698996},3C_20_66-01.txt,7.322,0.250,1.831,3,4.344,237.29,1.448,9.078,0.328
93,ec.gp.GPIndividual@1845779203{-487698996},3C_20_50-03.txt,30.993,0.250,7.748,8,7.781,100.43,0.973,9.078,0.000
93,ec.gp.GPIndividual@1845779203{-487698996},3C_20_66-01.txt,7.322,0.250,1.831,3,1.891,103.28,0.630,9.078,0.000
93,ec.gp.GPIndividual@1845779203{-487698996},3C_20_66-02.txt,154.245,0.250,38.561,4,16.594,43.03,4.148,12.531,0.000
93,ec.gp.GPIndividual@1845779203{-487698996},3C_20_50-03.txt,30.993,0.250,7.748,4,8.000,103.25,2.000,12.531,0.000
93,ec.gp.GPIndividual@1845779203{-487698996},3C_20_66-03.txt,118.340,0.250,29.585,13,39.094,132.14,3.007,12.531,0.000
93,ec.gp.GPIndividual@1845779203{-487698996},3C_20_50-03.txt,30.993,0.250,7.748,2,8.031,103.65,4.016,12.531,0.000
93,ec.gp.GPIndividual@1845779203{-487698996},3C_20_66-02.txt,154.245,0.250,38.561,5,22.484,58.31,4.497,12.531,0.000
93,ec.gp.GPIndividual@1845779203{-487698996},3C_20_80-01.txt,4.194,0.250,1.049,3,3.516,335.26,1.172,12.531,0.000
93,ec.gp.GPIndividual@1845779203{-487698996},3C_20_66-03.txt,118.340,0.250,29.585,11,33.438,113.02,3.040,12.531,0.000
93,ec.gp.GPIndividual@1845779203{-487698996},3C_20_80-02.txt,35.738,0.250,8.935,1,0.156,1.75,0.156,12.531,0.000
93,ec.gp.GPIndividual@1845779203{-487698996},3C_20_80-01.txt,4.194,0.250,1.049,1,9.016,859.76,9.016,12.531,0.000
93,ec.gp.GPIndividual@1845779203{-487698996},3C_20_66-02.txt,154.245,0.250,38.561,19,38.641,100.21,2.034,12.531,0.000
93,ec.gp.GPIndividual@1845779203{-487698996},3C_20_80-02.txt,35.738,0.250,8.935,4,8.969,100.38,2.242,12.531,0.000
93,ec.gp.GPIndividual@1845779203{-487698996},3C_20_66-01.txt,7.322,0.250,1.831,2,3.203,174.98,1.602,12.531,0.000
93,ec.gp.GPIndividual@1845779203{-487698996},3C_20_80-03.txt,169.439,0.250,42.360,11,42.922,101.33,3.902,12.531,0.000
93,ec.gp.GPIndividual@1845779203{-487698996},3C_20_66-01.txt,7.322,0.250,1.831,1,2.594,141.69,2.594,12.531,0.000
93,ec.gp.GPIndividual@1252660316{228097386},3C_20_50-02.txt,61.404,0.250,15.351,6,20.875,135.98,3.479,11.125,0.500
93,ec.gp.GPIndividual@1252660316{228097386},3C_20_80-03.txt,169.439,0.250,42.360,9,41.672,98.38,4.630,13.250,0.500
93,ec.gp.GPIndividual@1252660316{228097386},3C_20_66-02.txt,154.245,0.250,38.561,10,37.875,98.22,3.788,13.250,0.500
93,ec.gp.GPIndividual@1252660316{228097386},3C_20_66-03.txt,118.340,0.250,29.585,5,30.656,103.62,6.131,13.250,0.500
93,ec.gp.GPIndividual@639575427{-1869194699},3C_20_50-02.txt,61.404,0.250,15.351,0,0.000,0.00,0.000,0.000,0.000
93,ec.gp.GPIndividual@639575427{-1869194699},3C_20_50-03.txt,30.993,0.250,7.748,0,0.000,0.00,0.000,0.000,0.000
93,ec.gp.GPIndividual@639575427{-1869194699},3C_20_66-01.txt,7.322,0.250,1.831,0,0.000,0.00,0.000,0.000,0.000
93,ec.gp.GPIndividual@639575427{-1869194699},3C_20_66-02.txt,154.245,0.250,38.561,0,0.000,0.00,0.000,0.000,0.000
93,ec.gp.GPIndividual@639575427{-1869194699},3C_20_66-03.txt,118.340,0.250,29.585,0,0.000,0.00,0.000,0.000,0.000
93,ec.gp.GPIndividual@639575427{-1869194699},3C_20_80-01.txt,4.194,0.250,1.049,0,0.000,0.00,0.000,0.000,0.000
93,ec.gp.GPIndividual@639575427{-1869194699},3C_20_80-02.txt,35.738,0.250,8.935,0,0.000,0.00,0.000,0.000,0.000
93,ec.gp.GPIndividual@639575427{-1869194699},3C_20_80-03.txt,169.439,0.250,42.360,0,0.000,0.00,0.000,0.000,0.000
93,ec.gp.GPIndividual@1483663321{107298193},3C_20_50-02.txt,61.404,0.250,15.351,3,20.797,135.47,6.932,14.047,0.531
93,ec.gp.GPIndividual@1483663321{107298193},3C_20_66-02.txt,154.245,0.250,38.561,2,6.297,16.33,3.148,14.047,0.531
93,ec.gp.GPIndividual@1483663321{107298193},3C_20_66-01.txt,7.322,0.250,1.831,3,3.813,208.27,1.271,14.047,0.531
93,ec.gp.GPIndividual@1483663321{107298193},3C_20_66-03.txt,118.340,0.250,29.585,8,30.391,102.72,3.799,14.047,0.328
93,ec.gp.GPIndividual@1483663321{107298193},3C_20_50-03.txt,30.993,0.250,7.748,6,8.688,112.12,1.448,14.047,0.328
93,ec.gp.GPIndividual@1483663321{107298193},3C_20_80-01.txt,4.194,0.250,1.049,1,0.328,31.29,0.328,14.047,0.328
93,ec.gp.GPIndividual@1483663321{107298193},3C_20_66-02.txt,154.245,0.250,38.561,6,19.438,50.41,3.240,14.047,0.328
93,ec.gp.GPIndividual@1483663321{107298193},3C_20_50-03.txt,30.993,0.250,7.748,4,8.891,114.75,2.223,14.047,0.328
93,ec.gp.GPIndividual@1483663321{107298193},3C_20_66-03.txt,118.340,0.250,29.585,10,39.109,132.19,3.911,14.047,0.156
93,ec.gp.GPIndividual@1483663321{107298193},3C_20_66-03.txt,118.340,0.250,29.585,6,29.609,100.08,4.935,14.047,0.156
93,ec.gp.GPIndividual@1483663321{107298193},3C_20_80-01.txt,4.194,0.250,1.049,4,4.672,445.53,1.168,14.047,0.000
93,ec.gp.GPIndividual@1483663321{107298193},3C_20_80-01.txt,4.194,0.250,1.049,6,1.344,128.14,0.224,14.047,0.000
93,ec.gp.GPIndividual@1483663321{107298193},3C_20_80-02.txt,35.738,0.250,8.935,4,9.766,109.30,2.441,14.047,0.000
93,ec.gp.GPIndividual@1483663321{107298193},3C_20_80-03.txt,169.439,0.250,42.360,10,43.703,103.17,4.370,14.047,0.000
93,ec.gp.GPIndividual@1483663321{107298193},3C_20_66-01.txt,7.322,0.250,1.831,2,3.438,187.79,1.719,14.047,0.000
93,ec.gp.GPIndividual@1735646118{148995090},3C_20_50-02.txt,61.404,0.250,15.351,6,20.266,132.01,3.378,8.500,0.328
93,ec.gp.GPIndividual@1735646118{148995090},3C_20_80-01.txt,4.194,0.250,1.049,1,1.953,186.26,1.953,8.500,0.328
93,ec.gp.GPIndividual@1735646118{148995090},3C_20_80-02.txt,35.738,0.250,8.935,1,1.969,22.04,1.969,8.500,0.328
93,ec.gp.GPIndividual@1735646118{148995090},3C_20_50-03.txt,30.993,0.250,7.748,6,7.953,102.65,1.326,8.500,0.328
93,ec.gp.GPIndividual@1735646118{148995090},3C_20_66-02.txt,154.245,0.250,38.561,2,2.688,6.97,1.344,8.500,0.328
93,ec.gp.GPIndividual@1735646118{148995090},3C_20_66-01.txt,7.322,0.250,1.831,2,4.703,256.92,2.352,8.500,0.328
93,ec.gp.GPIndividual@1735646118{148995090},3C_20_66-01.txt,7.322,0.250,1.831,4,2.500,136.57,0.625,8.500,0.156
93,ec.gp.GPIndividual@1735646118{148995090},3C_20_80-03.txt,169.439,0.250,42.360,3,16.438,38.80,5.479,14.938,0.156
93,ec.gp.GPIndividual@1735646118{148995090},3C_20_80-02.txt,35.738,0.250,8.935,3,3.672,41.10,1.224,14.938,0.156
93,ec.gp.GPIndividual@1735646118{148995090},3C_20_66-02.txt,154.245,0.250,38.561,10,15.516,40.24,1.552,14.938,0.156
93,ec.gp.GPIndividual@1735646118{148995090},3C_20_66-03.txt,118.340,0.250,29.585,7,24.563,83.02,3.509,14.938,0.156
93,ec.gp.GPIndividual@1735646118{148995090},3C_20_80-02.txt,35.738,0.250,8.935,2,7.453,83.42,3.727,14.938,0.156
93,ec.gp.GPIndividual@1735646118{148995090},3C_20_80-01.txt,4.194,0.250,1.049,2,2.688,256.29,1.344,14.938,0.156
93,ec.gp.GPIndividual@1735646118{148995090},3C_20_80-03.txt,169.439,0.250,42.360,1,0.344,0.81,0.344,14.938,0.156
93,ec.gp.GPIndividual@1735646118{148995090},3C_20_80-02.txt,35.738,0.250,8.935,2,15.484,173.31,7.742,14.938,0.156
93,ec.gp.GPIndividual@284029733{1756653557},3C_20_50-02.txt,61.404,0.250,15.351,5,20.672,134.66,4.134,10.641,0.531
93,ec.gp.GPIndividual@284029733{1756653557},3C_20_66-02.txt,154.245,0.250,38.561,2,3.203,8.31,1.602,10.641,0.531
93,ec.gp.GPIndividual@284029733{1756653557},3C_20_80-03.txt,169.439,0.250,42.360,12,40.031,94.50,3.336,10.641,0.531
93,ec.gp.GPIndividual@1822380624{407640656},3C_20_50-02.txt,61.404,0.250,15.351,3,11.656,75.93,3.885,8.422,0.516
93,ec.gp.GPIndividual@1822380624{407640656},3C_20_66-03.txt,118.340,0.250,29.585,7,29.172,98.60,4.167,12.406,0.359
93,ec.gp.GPIndividual@1822380624{407640656},3C_20_66-03.txt,118.340,0.250,29.585,6,29.172,98.60,4.862,15.813,0.359
93,ec.gp.GPIndividual@2130828593{99437415},3C_20_50-02.txt,61.404,0.250,15.351,1,0.359,2.34,0.359,0.359,0.359
93,ec.gp.GPIndividual@2130828593{99437415},3C_20_50-03.txt,30.993,0.250,7.748,3,14.578,188.15,4.859,9.391,0.359
93,ec.gp.GPIndividual@2130828593{99437415},3C_20_50-03.txt,30.993,0.250,7.748,2,6.656,85.91,3.328,9.391,0.359
93,ec.gp.GPIndividual@2130828593{99437415},3C_20_80-03.txt,169.439,0.250,42.360,3,11.422,26.96,3.807,9.391,0.359
93,ec.gp.GPIndividual@2130828593{99437415},3C_20_66-01.txt,7.322,0.250,1.831,1,0.906,49.51,0.906,9.391,0.359
93,ec.gp.GPIndividual@2130828593{99437415},3C_20_66-02.txt,154.245,0.250,38.561,5,15.531,40.28,3.106,9.391,0.359
93,ec.gp.GPIndividual@2130828593{99437415},3C_20_66-03.txt,118.340,0.250,29.585,3,16.828,56.88,5.609,9.391,0.359
93,ec.gp.GPIndividual@2130828593{99437415},3C_20_80-01.txt,4.194,0.250,1.049,1,0.516,49.17,0.516,9.391,0.359
93,ec.gp.GPIndividual@2130828593{99437415},3C_20_80-02.txt,35.738,0.250,8.935,1,2.422,27.11,2.422,9.391,0.359
93,ec.gp.GPIndividual@2130828593{99437415},3C_20_80-03.txt,169.439,0.250,42.360,5,53.078,125.30,10.616,14.406,0.359
93,ec.gp.GPIndividual@2130828593{99437415},3C_20_50-03.txt,30.993,0.250,7.748,2,7.859,101.44,3.930,14.406,0.359
93,ec.gp.GPIndividual@1968065063{-1811976938},3C_20_50-02.txt,61.404,0.250,15.351,6,14.953,97.41,2.492,5.266,0.500
93,ec.gp.GPIndividual@1968065063{-1811976938},3C_20_80-01.txt,4.194,0.250,1.049,2,1.422,135.59,0.711,5.266,0.500
93,ec.gp.GPIndividual@1968065063{-1811976938},3C_20_50-03.txt,30.993,0.250,7.748,3,13.734,177.26,4.578,9.453,0.344
93,ec.gp.GPIndividual@1968065063{-1811976938},3C_20_66-01.txt,7.322,0.250,1.831,3,2.469,134.86,0.823,9.453,0.344
93,ec.gp.GPIndividual@1968065063{-1811976938},3C_20_66-02.txt,154.245,0.250,38.561,2,5.328,13.82,2.664,9.453,0.172
93,ec.gp.GPIndividual@1126247778{-12952172},3C_20_50-02.txt,61.404,0.250,15.351,5,19.484,126.93,3.897,12.938,0.484
93,ec.gp.GPIndividual@1126247778{-12952172},3C_20_80-01.txt,4.194,0.250,1.049,1,2.281,217.55,2.281,12.938,0.484
93,ec.gp.GPIndividual@1126247778{-12952172},3C_20_66-03.txt,118.340,0.250,29.585,12,33.547,113.39,2.796,12.938,0.172
93,ec.gp.GPIndividual@1126247778{-12952172},3C_20_80-02.txt,35.738,0.250,8.935,5,8.984,100.56,1.797,12.938,0.156
93,ec.gp.GPIndividual@1126247778{-12952172},3C_20_66-01.txt,7.322,0.250,1.831,1,2.813,153.64,2.813,12.938,0.156
93,ec.gp.GPIndividual@1126247778{-12952172},3C_20_50-03.txt,30.993,0.250,7.748,5,13.516,174.44,2.703,12.938,0.156
93,ec.gp.GPIndividual@1126247778{-12952172},3C_20_66-01.txt,7.322,0.250,1.831,1,3.563,194.61,3.563,12.938,0.156
93,ec.gp.GPIndividual@1126247778{-12952172},3C_20_80-01.txt,4.194,0.250,1.049,1,1.203,114.73,1.203,12.938,0.156
93,ec.gp.GPIndividual@1126247778{-12952172},3C_20_80-02.txt,35.738,0.250,8.935,7,9.000,100.73,1.286,12.938,0.156
93,ec.gp.GPIndividual@1126247778{-12952172},3C_20_80-02.txt,35.738,0.250,8.935,8,9.813,109.83,1.227,12.938,0.156
93,ec.gp.GPIndividual@1126247778{-12952172},3C_20_66-02.txt,154.245,0.250,38.561,9,13.484,34.97,1.498,12.938,0.156
93,ec.gp.GPIndividual@1126247778{-12952172},3C_20_80-03.txt,169.439,0.250,42.360,9,17.047,40.24,1.894,12.938,0.156
93,ec.gp.GPIndividual@1126247778{-12952172},3C_20_66-01.txt,7.322,0.250,1.831,2,1.953,106.70,0.977,12.938,0.156
93,ec.gp.GPIndividual@1126247778{-12952172},3C_20_80-03.txt,169.439,0.250,42.360,11,48.688,114.94,4.426,14.219,0.156
93,ec.gp.GPIndividual@1126247778{-12952172},3C_20_66-02.txt,154.245,0.250,38.561,5,40.484,104.99,8.097,14.219,0.156
93,ec.gp.GPIndividual@1476429089{2144866871},3C_20_50-02.txt,61.404,0.250,15.351,5,15.719,102.39,3.144,10.391,0.500
93,ec.gp.GPIndividual@1476429089{2144866871},3C_20_50-03.txt,30.993,0.250,7.748,4,6.000,77.44,1.500,10.391,0.500
93,ec.gp.GPIndividual@1476429089{2144866871},3C_20_66-02.txt,154.245,0.250,38.561,12,43.141,111.88,3.595,12.938,0.500
93,ec.gp.GPIndividual@1476429089{2144866871},3C_20_80-03.txt,169.439,0.250,42.360,5,34.172,80.67,6.834,13.906,0.500
93,ec.gp.GPIndividual@602672891{1077579148},3C_20_50-02.txt,61.404,0.250,15.351,4,15.953,103.92,3.988,7.156,0.500
93,ec.gp.GPIndividual@602672891{1077579148},3C_20_66-01.txt,7.322,0.250,1.831,2,4.516,246.68,2.258,7.156,0.500
93,ec.gp.GPIndividual@1073400375{107298193},3C_20_50-02.txt,61.404,0.250,15.351,5,13.281,86.52,2.656,8.875,0.516
93,ec.gp.GPIndividual@1073400375{107298193},3C_20_66-03.txt,118.340,0.250,29.585,8,40.000,135.20,5.000,16.563,0.516
93,ec.gp.GPIndividual@1073400375{107298193},3C_20_66-03.txt,118.340,0.250,29.585,7,32.031,108.27,4.576,16.563,0.516
93,ec.gp.GPIndividual@1073400375{107298193},3C_20_50-03.txt,30.993,0.250,7.748,2,11.766,151.85,5.883,16.563,0.516
93,ec.gp.GPIndividual@1073400375{107298193},3C_20_66-03.txt,118.340,0.250,29.585,8,32.875,111.12,4.109,16.563,0.516
93,ec.gp.GPIndividual@1073400375{107298193},3C_20_80-01.txt,4.194,0.250,1.049,3,5.406,515.56,1.802,16.563,0.359
93,ec.gp.GPIndividual@1073400375{107298193},3C_20_66-01.txt,7.322,0.250,1.831,2,1.344,73.41,0.672,16.563,0.156
93,ec.gp.GPIndividual@1073400375{107298193},3C_20_80-01.txt,4.194,0.250,1.049,1,3.547,338.24,3.547,16.563,0.156
93,ec.gp.GPIndividual@1073400375{107298193},3C_20_66-02.txt,154.245,0.250,38.561,6,5.469,14.18,0.911,16.563,0.156
93,ec.gp.GPIndividual@1073400375{107298193},3C_20_80-02.txt,35.738,0.250,8.935,2,8.938,100.03,4.469,16.563,0.156
93,ec.gp.GPIndividual@1073400375{107298193},3C_20_50-03.txt,30.993,0.250,7.748,4,16.281,210.13,4.070,16.563,0.156
93,ec.gp.GPIndividual@1073400375{107298193},3C_20_80-01.txt,4.194,0.250,1.049,2,2.297,219.04,1.148,16.563,0.156
93,ec.gp.GPIndividual@1073400375{107298193},3C_20_66-03.txt,118.340,0.250,29.585,2,2.266,7.66,1.133,16.563,0.141
93,ec.gp.GPIndividual@1073400375{107298193},3C_20_80-02.txt,35.738,0.250,8.935,9,10.984,122.94,1.220,16.563,0.141
93,ec.gp.GPIndividual@1073400375{107298193},3C_20_80-03.txt,169.439,0.250,42.360,17,47.641,112.47,2.802,16.563,0.141
93,ec.gp.GPIndividual@425097259{-2123979664},3C_20_50-02.txt,61.404,0.250,15.351,3,8.000,52.11,2.667,7.281,0.359
93,ec.gp.GPIndividual@425097259{-2123979664},3C_20_80-01.txt,4.194,0.250,1.049,2,2.641,251.82,1.320,7.281,0.359
93,ec.gp.GPIndividual@425097259{-2123979664},3C_20_80-02.txt,35.738,0.250,8.935,5,9.094,101.78,1.819,7.281,0.344
93,ec.gp.GPIndividual@425097259{-2123979664},3C_20_66-01.txt,7.322,0.250,1.831,1,11.750,641.88,11.750,11.750,0.344
93,ec.gp.GPIndividual@425097259{-2123979664},3C_20_80-03.txt,169.439,0.250,42.360,5,23.188,54.74,4.638,17.031,0.344
93,ec.gp.GPIndividual@425097259{-2123979664},3C_20_66-02.txt,154.245,0.250,38.561,19,39.781,103.16,2.094,17.031,0.344
93,ec.gp.GPIndividual@425097259{-2123979664},3C_20_80-03.txt,169.439,0.250,42.360,5,16.391,38.69,3.278,17.031,0.344
93,ec.gp.GPIndividual@425097259{-2123979664},3C_20_66-03.txt,118.340,0.250,29.585,5,31.531,106.58,6.306,17.031,0.344
93,ec.gp.GPIndividual@422327525{1131597678},3C_20_50-02.txt,61.404,0.250,15.351,5,20.266,132.01,4.053,10.250,0.500
93,ec.gp.GPIndividual@422327525{1131597678},3C_20_50-03.txt,30.993,0.250,7.748,3,16.938,218.60,5.646,14.438,0.500
93,ec.gp.GPIndividual@462417817{107298193},3C_20_50-02.txt,61.404,0.250,15.351,5,26.203,170.69,5.241,16.469,0.500
93,ec.gp.GPIndividual@462417817{107298193},3C_20_80-02.txt,35.738,0.250,8.935,6,11.781,131.86,1.964,16.469,0.344
93,ec.gp.GPIndividual@462417817{107298193},3C_20_50-03.txt,30.993,0.250,7.748,5,11.063,142.78,2.213,16.469,0.156
93,ec.gp.GPIndividual@462417817{107298193},3C_20_80-01.txt,4.194,0.250,1.049,1,1.203,114.73,1.203,16.469,0.156
93,ec.gp.GPIndividual@462417817{107298193},3C_20_80-03.txt,169.439,0.250,42.360,2,1.203,2.84,0.602,16.469,0.156
93,ec.gp.GPIndividual@462417817{107298193},3C_20_66-01.txt,7.322,0.250,1.831,1,1.203,65.72,1.203,16.469,0.156
93,ec.gp.GPIndividual@462417817{107298193},3C_20_66-02.txt,154.245,0.250,38.561,9,16.344,42.38,1.816,16.469,0.156
93,ec.gp.GPIndividual@462417817{107298193},3C_20_50-03.txt,30.993,0.250,7.748,4,10.531,135.92,2.633,16.469,0.156
93,ec.gp.GPIndividual@702351139{-182492451},3C_20_50-02.txt,61.404,0.250,15.351,8,15.844,103.21,1.980,4.203,0.547
93,ec.gp.GPIndividual@702351139{-182492451},3C_20_80-02.txt,35.738,0.250,8.935,4,6.266,70.13,1.566,4.203,0.344
93,ec.gp.GPIndividual@702351139{-182492451},3C_20_66-03.txt,118.340,0.250,29.585,11,33.000,111.54,3.000,6.531,0.344
93,ec.gp.GPIndividual@702351139{-182492451},3C_20_80-01.txt,4.194,0.250,1.049,1,2.000,190.73,2.000,6.531,0.344
93,ec.gp.GPIndividual@702351139{-182492451},3C_20_80-03.txt,169.439,0.250,42.360,10,44.313,104.61,4.431,9.438,0.344
93,ec.gp.GPIndividual@702351139{-182492451},3C_20_66-01.txt,7.322,0.250,1.831,2,2.172,118.65,1.086,9.438,0.344
93,ec.gp.GPIndividual@702351139{-182492451},3C_20_80-02.txt,35.738,0.250,8.935,1,7.484,83.77,7.484,9.438,0.344
93,ec.gp.GPIndividual@702351139{-182492451},3C_20_66-01.txt,7.322,0.250,1.831,3,2.109,115.23,0.703,9.438,0.344
93,ec.gp.GPIndividual@702351139{-182492451},3C_20_66-02.txt,154.245,0.250,38.561,2,7.906,20.50,3.953,9.438,0.328
93,ec.gp.GPIndividual@702351139{-182492451},3C_20_66-02.txt,154.245,0.250,38.561,3,7.344,19.04,2.448,9.438,0.328
93,ec.gp.GPIndividual@702351139{-182492451},3C_20_66-02.txt,154.245,0.250,38.561,15,39.344,102.03,2.623,14.828,0.328
93,ec.gp.GPIndividual@702351139{-182492451},3C_20_80-03.txt,169.439,0.250,42.360,4,6.391,15.09,1.598,14.828,0.328
93,ec.gp.GPIndividual@702351139{-182492451},3C_20_50-03.txt,30.993,0.250,7.748,5,7.984,103.05,1.597,14.828,0.328
93,ec.gp.GPIndividual@702351139{-182492451},3C_20_66-03.txt,118.340,0.250,29.585,8,29.156,98.55,3.645,14.828,0.328
93,ec.gp.GPIndividual@26840740{521928164},3C_20_50-02.txt,61.404,0.250,15.351,7,15.219,99.14,2.174,6.375,0.359
93,ec.gp.GPIndividual@26840740{521928164},3C_20_50-03.txt,30.993,0.250,7.748,2,7.953,102.65,3.977,6.375,0.359
93,ec.gp.GPIndividual@26840740{521928164},3C_20_66-03.txt,118.340,0.250,29.585,9,29.516,99.77,3.280,10.828,0.172
93,ec.gp.GPIndividual@26840740{521928164},3C_20_66-01.txt,7.322,0.250,1.831,1,2.172,118.65,2.172,10.828,0.172
93,ec.gp.GPIndividual@26840740{521928164},3C_20_66-03.txt,118.340,0.250,29.585,7,29.609,100.08,4.230,10.828,0.172
93,ec.gp.GPIndividual@1438427264{179487682},3C_20_50-02.txt,61.404,0.250,15.351,0,0.000,0.00,0.000,0.000,0.000
93,ec.gp.GPIndividual@1438427264{179487682},3C_20_50-03.txt,30.993,0.250,7.748,0,0.000,0.00,0.000,0.000,0.000
93,ec.gp.GPIndividual@1438427264{179487682},3C_20_66-01.txt,7.322,0.250,1.831,0,0.000,0.00,0.000,0.000,0.000
93,ec.gp.GPIndividual@1438427264{179487682},3C_20_66-02.txt,154.245,0.250,38.561,0,0.000,0.00,0.000,0.000,0.000
93,ec.gp.GPIndividual@1438427264{179487682},3C_20_66-03.txt,118.340,0.250,29.585,0,0.000,0.00,0.000,0.000,0.000
93,ec.gp.GPIndividual@1438427264{179487682},3C_20_80-01.txt,4.194,0.250,1.049,0,0.000,0.00,0.000,0.000,0.000
93,ec.gp.GPIndividual@1438427264{179487682},3C_20_80-02.txt,35.738,0.250,8.935,0,0.000,0.00,0.000,0.000,0.000
93,ec.gp.GPIndividual@1438427264{179487682},3C_20_80-03.txt,169.439,0.250,42.360,0,0.000,0.00,0.000,0.000,0.000
93,ec.gp.GPIndividual@238487765{1055994413},3C_20_50-02.txt,61.404,0.250,15.351,3,15.672,102.09,5.224,14.328,0.250
93,ec.gp.GPIndividual@238487765{1055994413},3C_20_80-03.txt,169.439,0.250,42.360,7,41.469,97.90,5.924,14.328,0.250
93,ec.gp.GPIndividual@238487765{1055994413},3C_20_80-01.txt,4.194,0.250,1.049,2,9.266,883.60,4.633,14.328,0.250
93,ec.gp.GPIndividual@238487765{1055994413},3C_20_50-03.txt,30.993,0.250,7.748,5,8.922,115.15,1.784,14.328,0.250
93,ec.gp.GPIndividual@1337758951{324260830},3C_20_50-02.txt,61.404,0.250,15.351,4,19.203,125.09,4.801,15.297,0.313
93,ec.gp.GPIndividual@8569794{107298193},3C_20_50-02.txt,61.404,0.250,15.351,3,1.734,11.30,0.578,0.922,0.234
93,ec.gp.GPIndividual@8569794{107298193},3C_20_50-03.txt,30.993,0.250,7.748,6,7.719,99.62,1.286,2.547,0.094
93,ec.gp.GPIndividual@8569794{107298193},3C_20_66-01.txt,7.322,0.250,1.831,1,4.000,218.51,4.000,4.000,0.094
93,ec.gp.GPIndividual@8569794{107298193},3C_20_66-01.txt,7.322,0.250,1.831,3,2.781,151.94,0.927,4.000,0.094
93,ec.gp.GPIndividual@8569794{107298193},3C_20_50-03.txt,30.993,0.250,7.748,2,1.672,21.58,0.836,4.000,0.094
93,ec.gp.GPIndividual@8569794{107298193},3C_20_66-02.txt,154.245,0.250,38.561,5,4.109,10.66,0.822,4.000,0.094
93,ec.gp.GPIndividual@8569794{107298193},3C_20_66-03.txt,118.340,0.250,29.585,6,15.359,51.92,2.560,4.047,0.094
93,ec.gp.GPIndividual@8569794{107298193},3C_20_80-01.txt,4.194,0.250,1.049,2,0.703,67.05,0.352,4.047,0.094
93,ec.gp.GPIndividual@8569794{107298193},3C_20_80-02.txt,35.738,0.250,8.935,2,1.984,22.21,0.992,4.047,0.094
93,ec.gp.GPIndividual@8569794{107298193},3C_20_80-03.txt,169.439,0.250,42.360,2,14.953,35.30,7.477,9.578,0.094
93,ec.gp.GPIndividual@8569794{107298193},3C_20_80-02.txt,35.738,0.250,8.935,1,10.656,119.27,10.656,10.656,0.094
93,ec.gp.GPIndividual@8569794{107298193},3C_20_66-02.txt,154.245,0.250,38.561,13,40.422,104.83,3.109,13.969,0.094
93,ec.gp.GPIndividual@1429103032{991542496},3C_20_50-02.txt,61.404,0.250,15.351,3,21.594,140.67,7.198,11.078,0.203
93,ec.gp.GPIndividual@1429103032{991542496},3C_20_66-03.txt,118.340,0.250,29.585,9,31.281,105.73,3.476,11.078,0.203
93,ec.gp.GPIndividual@1429103032{991542496},3C_20_66-01.txt,7.322,0.250,1.831,1,5.547,303.02,5.547,11.078,0.203
93,ec.gp.GPIndividual@1429103032{991542496},3C_20_80-01.txt,4.194,0.250,1.049,3,1.109,105.79,0.370,11.078,0.094
93,ec.gp.GPIndividual@1429103032{991542496},3C_20_66-02.txt,154.245,0.250,38.561,16,41.625,107.95,2.602,11.078,0.094
93,ec.gp.GPIndividual@1429103032{991542496},3C_20_50-03.txt,30.993,0.250,7.748,1,11.078,142.98,11.078,11.078,0.094
93,ec.gp.GPIndividual@1429103032{991542496},3C_20_80-03.txt,169.439,0.250,42.360,8,48.000,113.32,6.000,12.922,0.094
93,ec.gp.GPIndividual@1283233480{-753500355},3C_20_50-02.txt,61.404,0.250,15.351,1,0.219,1.42,0.219,0.219,0.219
93,ec.gp.GPIndividual@1283233480{-753500355},3C_20_50-03.txt,30.993,0.250,7.748,1,14.953,192.99,14.953,14.953,0.219
93,ec.gp.GPIndividual@1283233480{-753500355},3C_20_80-02.txt,35.738,0.250,8.935,1,2.422,27.11,2.422,14.953,0.219
93,ec.gp.GPIndividual@1283233480{-753500355},3C_20_66-03.txt,118.340,0.250,29.585,2,3.875,13.10,1.938,14.953,0.219
93,ec.gp.GPIndividual@1283233480{-753500355},3C_20_66-01.txt,7.322,0.250,1.831,2,1.266,69.14,0.633,14.953,0.219
93,ec.gp.GPIndividual@1283233480{-753500355},3C_20_66-02.txt,154.245,0.250,38.561,4,10.328,26.78,2.582,14.953,0.219
93,ec.gp.GPIndividual@1283233480{-753500355},3C_20_66-03.txt,118.340,0.250,29.585,5,10.656,36.02,2.131,14.953,0.219
93,ec.gp.GPIndividual@1283233480{-753500355},3C_20_80-01.txt,4.194,0.250,1.049,1,0.469,44.70,0.469,14.953,0.219
93,ec.gp.GPIndividual@1283233480{-753500355},3C_20_80-02.txt,35.738,0.250,8.935,1,1.344,15.04,1.344,14.953,0.219
93,ec.gp.GPIndividual@1283233480{-753500355},3C_20_80-03.txt,169.439,0.250,42.360,1,3.313,7.82,3.313,14.953,0.219
93,ec.gp.GPIndividual@863445177{179487682},3C_20_50-02.txt,61.404,0.250,15.351,0,0.000,0.00,0.000,0.000,0.000
93,ec.gp.GPIndividual@863445177{179487682},3C_20_50-03.txt,30.993,0.250,7.748,0,0.000,0.00,0.000,0.000,0.000
93,ec.gp.GPIndividual@863445177{179487682},3C_20_66-01.txt,7.322,0.250,1.831,0,0.000,0.00,0.000,0.000,0.000
93,ec.gp.GPIndividual@863445177{179487682},3C_20_66-02.txt,154.245,0.250,38.561,0,0.000,0.00,0.000,0.000,0.000
93,ec.gp.GPIndividual@863445177{179487682},3C_20_66-03.txt,118.340,0.250,29.585,0,0.000,0.00,0.000,0.000,0.000
93,ec.gp.GPIndividual@863445177{179487682},3C_20_80-01.txt,4.194,0.250,1.049,0,0.000,0.00,0.000,0.000,0.000
93,ec.gp.GPIndividual@863445177{179487682},3C_20_80-02.txt,35.738,0.250,8.935,0,0.000,0.00,0.000,0.000,0.000
93,ec.gp.GPIndividual@863445177{179487682},3C_20_80-03.txt,169.439,0.250,42.360,0,0.000,0.00,0.000,0.000,0.000
93,ec.gp.GPIndividual@1870828155{-445379441},3C_20_50-02.txt,61.404,0.250,15.351,1,0.000,0.00,0.000,0.000,0.000
93,ec.gp.GPIndividual@1870828155{-445379441},3C_20_50-03.txt,30.993,0.250,7.748,1,0.000,0.00,0.000,0.000,0.000
93,ec.gp.GPIndividual@1870828155{-445379441},3C_20_66-01.txt,7.322,0.250,1.831,1,0.000,0.00,0.000,0.000,0.000
93,ec.gp.GPIndividual@1870828155{-445379441},3C_20_66-02.txt,154.245,0.250,38.561,1,0.000,0.00,0.000,0.000,0.000
93,ec.gp.GPIndividual@1870828155{-445379441},3C_20_66-03.txt,118.340,0.250,29.585,1,0.000,0.00,0.000,0.000,0.000
93,ec.gp.GPIndividual@1870828155{-445379441},3C_20_80-01.txt,4.194,0.250,1.049,1,0.000,0.00,0.000,0.000,0.000
93,ec.gp.GPIndividual@1870828155{-445379441},3C_20_80-02.txt,35.738,0.250,8.935,1,0.000,0.00,0.000,0.000,0.000
93,ec.gp.GPIndividual@1870828155{-445379441},3C_20_80-03.txt,169.439,0.250,42.360,1,0.000,0.00,0.000,0.000,0.000
93,ec.gp.GPIndividual@1224170468{-623004855},3C_20_50-02.txt,61.404,0.250,15.351,11,13.078,85.19,1.189,4.922,0.000
93,ec.gp.GPIndividual@1224170468{-623004855},3C_20_66-03.txt,118.340,0.250,29.585,6,30.828,104.20,5.138,11.094,0.000
93,ec.gp.GPIndividual@1224170468{-623004855},3C_20_50-03.txt,30.993,0.250,7.748,1,7.766,100.23,7.766,11.094,0.000
93,ec.gp.GPIndividual@1224170468{-623004855},3C_20_80-01.txt,4.194,0.250,1.049,6,1.031,98.34,0.172,11.094,0.000
93,ec.gp.GPIndividual@1224170468{-623004855},3C_20_80-02.txt,35.738,0.250,8.935,7,8.813,98.63,1.259,11.094,0.000
93,ec.gp.GPIndividual@1224170468{-623004855},3C_20_80-03.txt,169.439,0.250,42.360,8,43.094,101.73,5.387,15.422,0.000
93,ec.gp.GPIndividual@385234480{-1326195024},3C_20_50-02.txt,61.404,0.250,15.351,8,15.188,98.93,1.898,9.594,0.094
93,ec.gp.GPIndividual@385234480{-1326195024},3C_20_50-03.txt,30.993,0.250,7.748,1,0.750,9.68,0.750,9.594,0.094
93,ec.gp.GPIndividual@385234480{-1326195024},3C_20_66-03.txt,118.340,0.250,29.585,9,28.109,95.01,3.123,10.375,0.094
93,ec.gp.GPIndividual@385234480{-1326195024},3C_20_80-01.txt,4.194,0.250,1.049,5,1.031,98.34,0.206,10.375,0.094
93,ec.gp.GPIndividual@385234480{-1326195024},3C_20_80-02.txt,35.738,0.250,8.935,6,8.297,92.86,1.383,10.375,0.094
93,ec.gp.GPIndividual@385234480{-1326195024},3C_20_66-01.txt,7.322,0.250,1.831,6,1.875,102.43,0.313,10.375,0.047
93,ec.gp.GPIndividual@385234480{-1326195024},3C_20_66-02.txt,154.245,0.250,38.561,9,32.828,85.13,3.648,15.406,0.047
93,ec.gp.GPIndividual@385234480{-1326195024},3C_20_80-03.txt,169.439,0.250,42.360,7,41.875,98.86,5.982,16.313,0.047
93,ec.gp.GPIndividual@49751461{-1385301037},3C_20_50-02.txt,61.404,0.250,15.351,7,1.703,11.09,0.243,0.719,0.094
93,ec.gp.GPIndividual@49751461{-1385301037},3C_20_50-03.txt,30.993,0.250,7.748,2,8.734,112.73,4.367,7.578,0.094
93,ec.gp.GPIndividual@49751461{-1385301037},3C_20_66-03.txt,118.340,0.250,29.585,4,7.594,25.67,1.898,7.578,0.094
93,ec.gp.GPIndividual@49751461{-1385301037},3C_20_66-01.txt,7.322,0.250,1.831,3,1.125,61.46,0.375,7.578,0.094
93,ec.gp.GPIndividual@49751461{-1385301037},3C_20_66-02.txt,154.245,0.250,38.561,3,1.516,3.93,0.505,7.578,0.094
93,ec.gp.GPIndividual@49751461{-1385301037},3C_20_66-03.txt,118.340,0.250,29.585,4,19.375,65.49,4.844,9.844,0.094
93,ec.gp.GPIndividual@49751461{-1385301037},3C_20_80-01.txt,4.194,0.250,1.049,3,11.469,1093.70,3.823,10.813,0.094
93,ec.gp.GPIndividual@49751461{-1385301037},3C_20_80-01.txt,4.194,0.250,1.049,1,0.203,19.37,0.203,10.813,0.094
93,ec.gp.GPIndividual@49751461{-1385301037},3C_20_80-02.txt,35.738,0.250,8.935,7,3.563,39.87,0.509,10.813,0.094
93,ec.gp.GPIndividual@49751461{-1385301037},3C_20_80-02.txt,35.738,0.250,8.935,4,1.828,20.46,0.457,10.813,0.094
93,ec.gp.GPIndividual@49751461{-1385301037},3C_20_80-03.txt,169.439,0.250,42.360,3,20.016,47.25,6.672,15.000,0.094
93,ec.gp.GPIndividual@49751461{-1385301037},3C_20_80-03.txt,169.439,0.250,42.360,3,28.469,67.21,9.490,16.344,0.094
93,ec.gp.GPIndividual@684364528{-1132887175},3C_20_50-02.txt,61.404,0.250,15.351,6,14.125,92.01,2.354,9.766,0.109
93,ec.gp.GPIndividual@1540843236{-1036528654},3C_20_50-02.txt,61.404,0.250,15.351,9,14.797,96.39,1.644,5.359,0.094
93,ec.gp.GPIndividual@1540843236{-1036528654},3C_20_50-03.txt,30.993,0.250,7.748,1,2.625,33.88,2.625,5.359,0.094
93,ec.gp.GPIndividual@1540843236{-1036528654},3C_20_50-03.txt,30.993,0.250,7.748,6,8.297,107.08,1.383,5.359,0.094
93,ec.gp.GPIndividual@1540843236{-1036528654},3C_20_66-01.txt,7.322,0.250,1.831,4,1.750,95.60,0.438,5.359,0.094
93,ec.gp.GPIndividual@1540843236{-1036528654},3C_20_66-01.txt,7.322,0.250,1.831,6,1.859,101.57,0.310,5.359,0.094
93,ec.gp.GPIndividual@1540843236{-1036528654},3C_20_66-02.txt,154.245,0.250,38.561,11,39.641,102.80,3.604,11.109,0.094
93,ec.gp.GPIndividual@1540843236{-1036528654},3C_20_66-02.txt,154.245,0.250,38.561,7,14.609,37.89,2.087,11.109,0.094
93,ec.gp.GPIndividual@1540843236{-1036528654},3C_20_66-03.txt,118.340,0.250,29.585,7,28.609,96.70,4.087,11.109,0.094
93,ec.gp.GPIndividual@1540843236{-1036528654},3C_20_80-01.txt,4.194,0.250,1.049,5,1.031,98.34,0.206,11.109,0.094
93,ec.gp.GPIndividual@1540843236{-1036528654},3C_20_80-02.txt,35.738,0.250,8.935,7,7.859,87.97,1.123,11.109,0.094
93,ec.gp.GPIndividual@1540843236{-1036528654},3C_20_66-03.txt,118.340,0.250,29.585,7,28.188,95.28,4.027,11.359,0.094
93,ec.gp.GPIndividual@1540843236{-1036528654},3C_20_80-01.txt,4.194,0.250,1.049,5,1.000,95.36,0.200,11.359,0.047
93,ec.gp.GPIndividual@1540843236{-1036528654},3C_20_80-02.txt,35.738,0.250,8.935,6,8.469,94.79,1.411,11.359,0.047
93,ec.gp.GPIndividual@1540843236{-1036528654},3C_20_80-03.txt,169.439,0.250,42.360,7,40.813,96.35,5.830,16.781,0.047
93,ec.gp.GPIndividual@512579228{-300431821},3C_20_50-02.txt,61.404,0.250,15.351,7,13.984,91.10,1.998,9.422,0.094
93,ec.gp.GPIndividual@512579228{-300431821},3C_20_80-03.txt,169.439,0.250,42.360,7,41.391,97.71,5.913,16.313,0.094
94,ec.gp.GPIndividual@614801235{107298193},3C_20_50-02.txt,61.404,0.250,15.351,15,16.359,106.57,1.091,1.844,0.375
94,ec.gp.GPIndividual@614801235{107298193},3C_20_50-03.txt,30.993,0.250,7.748,2,0.344,4.44,0.172,1.844,0.000
94,ec.gp.GPIndividual@614801235{107298193},3C_20_50-03.txt,30.993,0.250,7.748,4,9.891,127.65,2.473,2.594,0.000
94,ec.gp.GPIndividual@614801235{107298193},3C_20_50-03.txt,30.993,0.250,7.748,7,10.063,129.87,1.438,3.188,0.000
94,ec.gp.GPIndividual@614801235{107298193},3C_20_66-01.txt,7.322,0.250,1.831,2,3.688,201.44,1.844,3.188,0.000
94,ec.gp.GPIndividual@614801235{107298193},3C_20_66-01.txt,7.322,0.250,1.831,1,3.047,166.45,3.047,3.188,0.000
94,ec.gp.GPIndividual@614801235{107298193},3C_20_50-03.txt,30.993,0.250,7.748,4,5.719,73.81,1.430,3.188,0.000
94,ec.gp.GPIndividual@614801235{107298193},3C_20_50-03.txt,30.993,0.250,7.748,5,6.734,86.92,1.347,3.188,0.000
94,ec.gp.GPIndividual@614801235{107298193},3C_20_50-03.txt,30.993,0.250,7.748,4,7.953,102.65,1.988,3.266,0.000
94,ec.gp.GPIndividual@614801235{107298193},3C_20_66-01.txt,7.322,0.250,1.831,1,3.219,175.84,3.219,3.266,0.000
94,ec.gp.GPIndividual@614801235{107298193},3C_20_66-01.txt,7.322,0.250,1.831,3,1.969,107.55,0.656,3.266,0.000
94,ec.gp.GPIndividual@614801235{107298193},3C_20_66-02.txt,154.245,0.250,38.561,17,24.438,63.37,1.438,4.344,0.000
94,ec.gp.GPIndividual@614801235{107298193},3C_20_66-01.txt,7.322,0.250,1.831,4,2.594,141.69,0.648,4.344,0.000
94,ec.gp.GPIndividual@614801235{107298193},3C_20_66-02.txt,154.245,0.250,38.561,18,39.641,102.80,2.202,11.328,0.000
94,ec.gp.GPIndividual@614801235{107298193},3C_20_66-02.txt,154.245,0.250,38.561,1,0.344,0.89,0.344,11.328,0.000
94,ec.gp.GPIndividual@614801235{107298193},3C_20_66-03.txt,118.340,0.250,29.585,5,33.781,114.18,6.756,12.813,0.000
94,ec.gp.GPIndividual@614801235{107298193},3C_20_66-03.txt,118.340,0.250,29.585,7,28.766,97.23,4.109,14.078,0.000
94,ec.gp.GPIndividual@614801235{107298193},3C_20_66-01.txt,7.322,0.250,1.831,2,6.781,370.45,3.391,14.078,0.000
94,ec.gp.GPIndividual@614801235{107298193},3C_20_66-02.txt,154.245,0.250,38.561,17,38.609,100.12,2.271,14.078,0.000
94,ec.gp.GPIndividual@614801235{107298193},3C_20_66-02.txt,154.245,0.250,38.561,12,42.016,108.96,3.501,15.063,0.000
94,ec.gp.GPIndividual@614801235{107298193},3C_20_66-03.txt,118.340,0.250,29.585,2,8.625,29.15,4.313,15.063,0.000
94,ec.gp.GPIndividual@614801235{107298193},3C_20_66-02.txt,154.245,0.250,38.561,8,43.750,113.46,5.469,15.063,0.000
94,ec.gp.GPIndividual@614801235{107298193},3C_20_80-01.txt,4.194,0.250,1.049,2,1.922,183.28,0.961,15.063,0.000
94,ec.gp.GPIndividual@614801235{107298193},3C_20_66-03.txt,118.340,0.250,29.585,6,25.281,85.45,4.214,15.063,0.000
94,ec.gp.GPIndividual@614801235{107298193},3C_20_80-01.txt,4.194,0.250,1.049,4,7.297,695.85,1.824,15.063,0.000
94,ec.gp.GPIndividual@614801235{107298193},3C_20_80-01.txt,4.194,0.250,1.049,4,0.688,65.56,0.172,15.063,0.000
94,ec.gp.GPIndividual@614801235{107298193},3C_20_80-02.txt,35.738,0.250,8.935,3,17.219,192.72,5.740,15.063,0.000
94,ec.gp.GPIndividual@614801235{107298193},3C_20_66-03.txt,118.340,0.250,29.585,14,31.016,104.84,2.215,15.063,0.000
94,ec.gp.GPIndividual@614801235{107298193},3C_20_80-01.txt,4.194,0.250,1.049,1,6.109,582.61,6.109,15.063,0.000
94,ec.gp.GPIndividual@614801235{107298193},3C_20_80-01.txt,4.194,0.250,1.049,5,5.109,487.25,1.022,15.063,0.000
94,ec.gp.GPIndividual@614801235{107298193},3C_20_80-02.txt,35.738,0.250,8.935,2,0.578,6.47,0.289,15.063,0.000
94,ec.gp.GPIndividual@614801235{107298193},3C_20_80-03.txt,169.439,0.250,42.360,10,13.766,32.50,1.377,15.063,0.000
94,ec.gp.GPIndividual@614801235{107298193},3C_20_80-02.txt,35.738,0.250,8.935,1,8.453,94.61,8.453,15.063,0.000
94,ec.gp.GPIndividual@614801235{107298193},3C_20_66-03.txt,118.340,0.250,29.585,12,32.328,109.27,2.694,15.063,0.000
94,ec.gp.GPIndividual@614801235{107298193},3C_20_80-01.txt,4.194,0.250,1.049,1,1.469,140.06,1.469,15.063,0.000
94,ec.gp.GPIndividual@614801235{107298193},3C_20_80-03.txt,169.439,0.250,42.360,16,43.313,102.25,2.707,15.063,0.000
94,ec.gp.GPIndividual@1867400743{1688953640},3C_20_50-02.txt,61.404,0.250,15.351,4,16.609,108.20,4.152,7.781,0.531
94,ec.gp.GPIndividual@1463209200{139998538},3C_20_50-02.txt,61.404,0.250,15.351,1,0.500,3.26,0.500,0.500,0.500
94,ec.gp.GPIndividual@1463209200{139998538},3C_20_50-03.txt,30.993,0.250,7.748,2,4.438,57.27,2.219,2.688,0.500
94,ec.gp.GPIndividual@1463209200{139998538},3C_20_80-02.txt,35.738,0.250,8.935,1,13.922,155.82,13.922,13.922,0.500
94,ec.gp.GPIndividual@1463209200{139998538},3C_20_80-03.txt,169.439,0.250,42.360,4,21.625,51.05,5.406,13.922,0.500
94,ec.gp.GPIndividual@1463209200{139998538},3C_20_66-01.txt,7.322,0.250,1.831,1,0.906,49.51,0.906,13.922,0.500
94,ec.gp.GPIndividual@1463209200{139998538},3C_20_66-02.txt,154.245,0.250,38.561,4,8.266,21.44,2.066,13.922,0.500
94,ec.gp.GPIndividual@1463209200{139998538},3C_20_66-03.txt,118.340,0.250,29.585,6,20.875,70.56,3.479,13.922,0.500
94,ec.gp.GPIndividual@1463209200{139998538},3C_20_80-01.txt,4.194,0.250,1.049,1,10.750,1025.16,10.750,13.922,0.500
94,ec.gp.GPIndividual@1463209200{139998538},3C_20_80-02.txt,35.738,0.250,8.935,1,0.719,8.04,0.719,13.922,0.500
94,ec.gp.GPIndividual@1463209200{139998538},3C_20_80-02.txt,35.738,0.250,8.935,2,9.188,102.83,4.594,13.922,0.500
94,ec.gp.GPIndividual@1463209200{139998538},3C_20_80-03.txt,169.439,0.250,42.360,1,2.172,5.13,2.172,13.922,0.500
94,ec.gp.GPIndividual@1463209200{139998538},3C_20_80-03.txt,169.439,0.250,42.360,4,31.813,75.10,7.953,15.813,0.500
94,ec.gp.GPIndividual@1463209200{139998538},3C_20_80-02.txt,35.738,0.250,8.935,4,10.078,112.80,2.520,15.813,0.172
94,ec.gp.GPIndividual@1463209200{139998538},3C_20_80-03.txt,169.439,0.250,42.360,2,6.688,15.79,3.344,15.813,0.156
94,ec.gp.GPIndividual@731355636{1004109646},3C_20_50-02.txt,61.404,0.250,15.351,4,16.031,104.43,4.008,10.656,0.531
94,ec.gp.GPIndividual@731355636{1004109646},3C_20_50-03.txt,30.993,0.250,7.748,3,7.469,96.39,2.490,10.656,0.359
94,ec.gp.GPIndividual@624361610{-182492451},3C_20_50-02.txt,61.404,0.250,15.351,3,15.438,100.56,5.146,14.219,0.500
94,ec.gp.GPIndividual@624361610{-182492451},3C_20_80-03.txt,169.439,0.250,42.360,8,43.828,103.47,5.479,16.766,0.500
94,ec.gp.GPIndividual@624361610{-182492451},3C_20_50-03.txt,30.993,0.250,7.748,2,3.813,49.21,1.906,16.766,0.500
94,ec.gp.GPIndividual@624361610{-182492451},3C_20_66-01.txt,7.322,0.250,1.831,1,17.031,930.39,17.031,17.031,0.500
94,ec.gp.GPIndividual@599615122{-732302646},3C_20_50-02.txt,61.404,0.250,15.351,8,23.516,153.19,2.939,8.391,0.328
94,ec.gp.GPIndividual@599615122{-732302646},3C_20_50-03.txt,30.993,0.250,7.748,2,1.172,15.12,0.586,8.391,0.156
94,ec.gp.GPIndividual@599615122{-732302646},3C_20_66-02.txt,154.245,0.250,38.561,1,1.375,3.57,1.375,8.391,0.156
94,ec.gp.GPIndividual@113605997{917948461},3C_20_50-02.txt,61.404,0.250,15.351,0,0.000,0.00,0.000,0.000,0.000
94,ec.gp.GPIndividual@113605997{917948461},3C_20_50-03.txt,30.993,0.250,7.748,0,0.000,0.00,0.000,0.000,0.000
94,ec.gp.GPIndividual@113605997{917948461},3C_20_66-01.txt,7.322,0.250,1.831,0,0.000,0.00,0.000,0.000,0.000
94,ec.gp.GPIndividual@113605997{917948461},3C_20_66-02.txt,154.245,0.250,38.561,0,0.000,0.00,0.000,0.000,0.000
94,ec.gp.GPIndividual@113605997{917948461},3C_20_66-03.txt,118.340,0.250,29.585,0,0.000,0.00,0.000,0.000,0.000
94,ec.gp.GPIndividual@113605997{917948461},3C_20_80-01.txt,4.194,0.250,1.049,0,0.000,0.00,0.000,0.000,0.000
94,ec.gp.GPIndividual@113605997{917948461},3C_20_80-02.txt,35.738,0.250,8.935,0,0.000,0.00,0.000,0.000,0.000
94,ec.gp.GPIndividual@113605997{917948461},3C_20_80-03.txt,169.439,0.250,42.360,0,0.000,0.00,0.000,0.000,0.000
94,ec.gp.GPIndividual@213772260{-737466422},3C_20_50-02.txt,61.404,0.250,15.351,1,0.500,3.26,0.500,0.500,0.500
94,ec.gp.GPIndividual@213772260{-737466422},3C_20_50-03.txt,30.993,0.250,7.748,2,6.438,83.08,3.219,3.859,0.500
94,ec.gp.GPIndividual@1457669824{-1512946834},3C_20_50-02.txt,61.404,0.250,15.351,6,13.828,90.08,2.305,3.203,0.500
94,ec.gp.GPIndividual@1457669824{-1512946834},3C_20_66-01.txt,7.322,0.250,1.831,2,1.594,87.06,0.797,3.203,0.172
94,ec.gp.GPIndividual@1457669824{-1512946834},3C_20_66-03.txt,118.340,0.250,29.585,2,2.594,8.77,1.297,3.203,0.172
94,ec.gp.GPIndividual@1457669824{-1512946834},3C_20_66-02.txt,154.245,0.250,38.561,4,9.469,24.56,2.367,3.203,0.172
94,ec.gp.GPIndividual@1457669824{-1512946834},3C_20_66-03.txt,118.340,0.250,29.585,2,6.906,23.34,3.453,4.594,0.172
94,ec.gp.GPIndividual@1457669824{-1512946834},3C_20_66-01.txt,7.322,0.250,1.831,1,3.141,171.57,3.141,4.594,0.172
94,ec.gp.GPIndividual@1457669824{-1512946834},3C_20_50-03.txt,30.993,0.250,7.748,2,10.656,137.53,5.328,6.094,0.172
94,ec.gp.GPIndividual@1457669824{-1512946834},3C_20_80-01.txt,4.194,0.250,1.049,3,1.156,110.26,0.385,6.094,0.156
94,ec.gp.GPIndividual@1457669824{-1512946834},3C_20_66-02.txt,154.245,0.250,38.561,2,4.781,12.40,2.391,6.094,0.156
94,ec.gp.GPIndividual@1457669824{-1512946834},3C_20_80-01.txt,4.194,0.250,1.049,1,0.531,50.66,0.531,6.094,0.156
94,ec.gp.GPIndividual@1457669824{-1512946834},3C_20_80-02.txt,35.738,0.250,8.935,3,3.828,42.85,1.276,6.094,0.156
94,ec.gp.GPIndividual@1457669824{-1512946834},3C_20_80-03.txt,169.439,0.250,42.360,3,7.453,17.59,2.484,6.094,0.156
94,ec.gp.GPIndividual@1457669824{-1512946834},3C_20_80-02.txt,35.738,0.250,8.935,5,9.250,103.53,1.850,6.094,0.156
94,ec.gp.GPIndividual@1457669824{-1512946834},3C_20_80-03.txt,169.439,0.250,42.360,4,12.781,30.17,3.195,6.094,0.156
94,ec.gp.GPIndividual@2010627394{1077579148},3C_20_50-02.txt,61.404,0.250,15.351,3,16.500,107.48,5.500,14.359,0.516
94,ec.gp.GPIndividual@2010627394{1077579148},3C_20_50-03.txt,30.993,0.250,7.748,4,9.078,117.17,2.270,14.359,0.516
94,ec.gp.GPIndividual@2010627394{1077579148},3C_20_66-01.txt,7.322,0.250,1.831,2,7.922,432.76,3.961,14.359,0.516
94,ec.gp.GPIndividual@1599738796{-2128143024},3C_20_50-02.txt,61.404,0.250,15.351,5,9.453,61.58,1.891,7.438,0.094
94,ec.gp.GPIndividual@1599738796{-2128143024},3C_20_66-01.txt,7.322,0.250,1.831,3,8.453,461.78,2.818,7.438,0.094
94,ec.gp.GPIndividual@1599738796{-2128143024},3C_20_66-01.txt,7.322,0.250,1.831,4,2.047,111.82,0.512,7.438,0.000
94,ec.gp.GPIndividual@1599738796{-2128143024},3C_20_50-03.txt,30.993,0.250,7.748,2,3.156,40.74,1.578,7.438,0.000
94,ec.gp.GPIndividual@1599738796{-2128143024},3C_20_50-03.txt,30.993,0.250,7.748,2,1.453,18.75,0.727,7.438,0.000
94,ec.gp.GPIndividual@1599738796{-2128143024},3C_20_66-02.txt,154.245,0.250,38.561,8,19.750,51.22,2.469,7.438,0.000
94,ec.gp.GPIndividual@1599738796{-2128143024},3C_20_66-03.txt,118.340,0.250,29.585,14,32.891,111.17,2.349,7.438,0.000
94,ec.gp.GPIndividual@1599738796{-2128143024},3C_20_66-01.txt,7.322,0.250,1.831,2,1.063,58.04,0.531,7.438,0.000
94,ec.gp.GPIndividual@1599738796{-2128143024},3C_20_80-01.txt,4.194,0.250,1.049,1,3.641,347.18,3.641,7.438,0.000
94,ec.gp.GPIndividual@1599738796{-2128143024},3C_20_66-03.txt,118.340,0.250,29.585,10,29.750,100.56,2.975,9.734,0.000
94,ec.gp.GPIndividual@1599738796{-2128143024},3C_20_66-02.txt,154.245,0.250,38.561,16,38.719,100.41,2.420,9.734,0.000
94,ec.gp.GPIndividual@1599738796{-2128143024},3C_20_80-01.txt,4.194,0.250,1.049,4,1.063,101.32,0.266,9.734,0.000
94,ec.gp.GPIndividual@1599738796{-2128143024},3C_20_80-02.txt,35.738,0.250,8.935,5,9.359,104.76,1.872,9.734,0.000
94,ec.gp.GPIndividual@1599738796{-2128143024},3C_20_66-03.txt,118.340,0.250,29.585,2,2.594,8.77,1.297,9.734,0.000
94,ec.gp.GPIndividual@1599738796{-2128143024},3C_20_66-01.txt,7.322,0.250,1.831,1,2.250,122.91,2.250,9.734,0.000
94,ec.gp.GPIndividual@1599738796{-2128143024},3C_20_80-03.txt,169.439,0.250,42.360,3,10.875,25.67,3.625,9.734,0.000
94,ec.gp.GPIndividual@1599738796{-2128143024},3C_20_80-02.txt,35.738,0.250,8.935,4,16.766,187.65,4.191,12.063,0.000
94,ec.gp.GPIndividual@1599738796{-2128143024},3C_20_66-02.txt,154.245,0.250,38.561,16,42.172,109.36,2.636,12.063,0.000
94,ec.gp.GPIndividual@1599738796{-2128143024},3C_20_80-01.txt,4.194,0.250,1.049,1,13.344,1272.50,13.344,13.344,0.000
94,ec.gp.GPIndividual@1599738796{-2128143024},3C_20_66-02.txt,154.245,0.250,38.561,14,43.047,111.63,3.075,13.344,0.000
94,ec.gp.GPIndividual@1599738796{-2128143024},3C_20_66-03.txt,118.340,0.250,29.585,10,28.922,97.76,2.892,13.344,0.000
94,ec.gp.GPIndividual@1531897116{-1179446548},3C_20_50-02.txt,61.404,0.250,15.351,4,22.844,148.81,5.711,15.078,0.500
94,ec.gp.GPIndividual@1531897116{-1179446548},3C_20_80-03.txt,169.439,0.250,42.360,2,10.172,24.01,5.086,15.078,0.500
94,ec.gp.GPIndividual@1531897116{-1179446548},3C_20_66-02.txt,154.245,0.250,38.561,13,38.375,99.52,2.952,15.078,0.156
94,ec.gp.GPIndividual@1531897116{-1179446548},3C_20_50-03.txt,30.993,0.250,7.748,3,7.844,101.23,2.615,15.078,0.156
94,ec.gp.GPIndividual@172522458{2144866871},3C_20_50-02.txt,61.404,0.250,15.351,4,22.156,144.33,5.539,11.297,0.500
94,ec.gp.GPIndividual@172522458{2144866871},3C_20_80-01.txt,4.194,0.250,1.049,1,3.219,306.95,3.219,11.297,0.500
94,ec.gp.GPIndividual@172522458{2144866871},3C_20_66-01.txt,7.322,0.250,1.831,2,13.016,711.02,6.508,12.500,0.500
94,ec.gp.GPIndividual@172522458{2144866871},3C_20_66-03.txt,118.340,0.250,29.585,4,5.313,17.96,1.328,12.500,0.500
94,ec.gp.GPIndividual@172522458{2144866871},3C_20_66-03.txt,118.340,0.250,29.585,1,2.234,7.55,2.234,12.500,0.500
94,ec.gp.GPIndividual@172522458{2144866871},3C_20_80-02.txt,35.738,0.250,8.935,6,10.141,113.50,1.690,12.500,0.500
94,ec.gp.GPIndividual@172522458{2144866871},3C_20_66-02.txt,154.245,0.250,38.561,16,40.344,104.62,2.521,12.500,0.328
94,ec.gp.GPIndividual@172522458{2144866871},3C_20_80-01.txt,4.194,0.250,1.049,1,1.609,153.48,1.609,12.500,0.328
94,ec.gp.GPIndividual@172522458{2144866871},3C_20_66-03.txt,118.340,0.250,29.585,10,30.656,103.62,3.066,12.500,0.328
94,ec.gp.GPIndividual@172522458{2144866871},3C_20_80-02.txt,35.738,0.250,8.935,5,11.141,124.69,2.228,12.500,0.328
94,ec.gp.GPIndividual@172522458{2144866871},3C_20_80-01.txt,4.194,0.250,1.049,2,2.125,202.65,1.063,12.500,0.328
94,ec.gp.GPIndividual@172522458{2144866871},3C_20_50-03.txt,30.993,0.250,7.748,1,8.031,103.65,8.031,12.500,0.328
94,ec.gp.GPIndividual@172522458{2144866871},3C_20_80-02.txt,35.738,0.250,8.935,2,0.766,8.57,0.383,12.500,0.281
94,ec.gp.GPIndividual@172522458{2144866871},3C_20_80-03.txt,169.439,0.250,42.360,11,44.859,105.90,4.078,12.500,0.281
94,ec.gp.GPIndividual@172522458{2144866871},3C_20_80-02.txt,35.738,0.250,8.935,4,15.391,172.26,3.848,12.500,0.281
94,ec.gp.GPIndividual@172522458{2144866871},3C_20_80-01.txt,4.194,0.250,1.049,2,2.688,256.29,1.344,12.500,0.281
94,ec.gp.GPIndividual@172522458{2144866871},3C_20_80-03.txt,169.439,0.250,42.360,13,41.953,99.04,3.227,12.813,0.156
94,ec.gp.GPIndividual@172522458{2144866871},3C_20_80-02.txt,35.738,0.250,8.935,2,11.578,129.59,5.789,12.813,0.156
94,ec.gp.GPIndividual@172522458{2144866871},3C_20_80-03.txt,169.439,0.250,42.360,6,28.422,67.10,4.737,14.828,0.156
94,ec.gp.GPIndividual@191852307{148995090},3C_20_50-02.txt,61.404,0.250,15.351,2,17.281,112.57,8.641,16.938,0.344
94,ec.gp.GPIndividual@191852307{148995090},3C_20_80-03.txt,169.439,0.250,42.360,6,23.828,56.25,3.971,16.938,0.344
94,ec.gp.GPIndividual@191852307{148995090},3C_20_66-01.txt,7.322,0.250,1.831,1,6.203,338.87,6.203,16.938,0.344
94,ec.gp.GPIndividual@1656778195{1966758048},3C_20_50-02.txt,61.404,0.250,15.351,7,23.609,153.80,3.373,14.672,0.516
94,ec.gp.GPIndividual@1795599965{1295570354},3C_20_50-02.txt,61.404,0.250,15.351,1,0.000,0.00,0.000,0.000,0.000
94,ec.gp.GPIndividual@1795599965{1295570354},3C_20_50-03.txt,30.993,0.250,7.748,1,0.000,0.00,0.000,0.000,0.000
94,ec.gp.GPIndividual@1795599965{1295570354},3C_20_66-01.txt,7.322,0.250,1.831,1,0.000,0.00,0.000,0.000,0.000
94,ec.gp.GPIndividual@1795599965{1295570354},3C_20_66-02.txt,154.245,0.250,38.561,1,0.000,0.00,0.000,0.000,0.000
94,ec.gp.GPIndividual@1795599965{1295570354},3C_20_66-03.txt,118.340,0.250,29.585,1,0.000,0.00,0.000,0.000,0.000
94,ec.gp.GPIndividual@1795599965{1295570354},3C_20_80-01.txt,4.194,0.250,1.049,1,0.000,0.00,0.000,0.000,0.000
94,ec.gp.GPIndividual@1795599965{1295570354},3C_20_80-02.txt,35.738,0.250,8.935,1,0.000,0.00,0.000,0.000,0.000
94,ec.gp.GPIndividual@1795599965{1295570354},3C_20_80-03.txt,169.439,0.250,42.360,1,0.000,0.00,0.000,0.000,0.000
94,ec.gp.GPIndividual@1742044137{-456271603},3C_20_50-02.txt,61.404,0.250,15.351,9,15.422,100.46,1.714,4.125,0.000
94,ec.gp.GPIndividual@1742044137{-456271603},3C_20_66-02.txt,154.245,0.250,38.561,7,32.344,83.88,4.621,13.344,0.000
94,ec.gp.GPIndividual@1742044137{-456271603},3C_20_50-03.txt,30.993,0.250,7.748,4,9.813,126.64,2.453,13.344,0.000
94,ec.gp.GPIndividual@1742044137{-456271603},3C_20_66-01.txt,7.322,0.250,1.831,3,1.734,94.75,0.578,13.344,0.000
94,ec.gp.GPIndividual@198811504{1091289198},3C_20_50-02.txt,61.404,0.250,15.351,5,4.094,26.67,0.819,1.375,0.297
94,ec.gp.GPIndividual@198811504{1091289198},3C_20_66-03.txt,118.340,0.250,29.585,2,3.563,12.04,1.781,1.969,0.297
94,ec.gp.GPIndividual@198811504{1091289198},3C_20_66-02.txt,154.245,0.250,38.561,1,8.359,21.68,8.359,8.359,0.297
94,ec.gp.GPIndividual@198811504{1091289198},3C_20_50-03.txt,30.993,0.250,7.748,1,9.453,122.01,9.453,9.453,0.297
94,ec.gp.GPIndividual@198811504{1091289198},3C_20_80-03.txt,169.439,0.250,42.360,6,16.906,39.91,2.818,9.453,0.297
94,ec.gp.GPIndividual@198811504{1091289198},3C_20_66-03.txt,118.340,0.250,29.585,5,31.813,107.53,6.363,14.266,0.297
94,ec.gp.GPIndividual@198811504{1091289198},3C_20_66-01.txt,7.322,0.250,1.831,2,1.953,106.70,0.977,14.266,0.297
94,ec.gp.GPIndividual@198811504{1091289198},3C_20_66-02.txt,154.245,0.250,38.561,4,14.250,36.95,3.563,14.266,0.297
94,ec.gp.GPIndividual@198811504{1091289198},3C_20_50-03.txt,30.993,0.250,7.748,4,10.844,139.95,2.711,14.266,0.297
94,ec.gp.GPIndividual@198811504{1091289198},3C_20_80-01.txt,4.194,0.250,1.049,2,1.953,186.26,0.977,14.266,0.297
94,ec.gp.GPIndividual@198811504{1091289198},3C_20_66-03.txt,118.340,0.250,29.585,1,0.328,1.11,0.328,14.266,0.297
94,ec.gp.GPIndividual@198811504{1091289198},3C_20_66-01.txt,7.322,0.250,1.831,2,11.141,608.60,5.570,14.266,0.297
94,ec.gp.GPIndividual@198811504{1091289198},3C_20_50-03.txt,30.993,0.250,7.748,3,2.719,35.09,0.906,14.266,0.297
94,ec.gp.GPIndividual@198811504{1091289198},3C_20_80-02.txt,35.738,0.250,8.935,6,8.688,97.24,1.448,14.266,0.172
94,ec.gp.GPIndividual@198811504{1091289198},3C_20_80-03.txt,169.439,0.250,42.360,4,10.703,25.27,2.676,14.266,0.172
94,ec.gp.GPIndividual@198811504{1091289198},3C_20_66-02.txt,154.245,0.250,38.561,4,36.000,93.36,9.000,15.313,0.172
94,ec.gp.GPIndividual@198811504{1091289198},3C_20_80-01.txt,4.194,0.250,1.049,1,4.344,414.23,4.344,15.313,0.172
94,ec.gp.GPIndividual@198811504{1091289198},3C_20_66-01.txt,7.322,0.250,1.831,2,2.031,110.96,1.016,15.313,0.172
94,ec.gp.GPIndividual@198811504{1091289198},3C_20_66-03.txt,118.340,0.250,29.585,11,29.859,100.93,2.714,15.313,0.172
94,ec.gp.GPIndividual@198811504{1091289198},3C_20_80-01.txt,4.194,0.250,1.049,3,1.063,101.32,0.354,15.313,0.172
94,ec.gp.GPIndividual@198811504{1091289198},3C_20_80-02.txt,35.738,0.250,8.935,2,12.734,142.53,6.367,15.313,0.172
94,ec.gp.GPIndividual@198811504{1091289198},3C_20_80-02.txt,35.738,0.250,8.935,1,0.297,3.32,0.297,15.313,0.172
94,ec.gp.GPIndividual@1904393626{1091289198},3C_20_50-02.txt,61.404,0.250,15.351,7,15.969,104.02,2.281,8.797,0.000
94,ec.gp.GPIndividual@1904393626{1091289198},3C_20_80-03.txt,169.439,0.250,42.360,3,4.047,9.55,1.349,8.797,0.000
94,ec.gp.GPIndividual@1338202867{1948675049},3C_20_50-02.txt,61.404,0.250,15.351,0,0.000,0.00,0.000,0.000,0.000
94,ec.gp.GPIndividual@1338202867{1948675049},3C_20_50-03.txt,30.993,0.250,7.748,0,0.000,0.00,0.000,0.000,0.000
94,ec.gp.GPIndividual@1338202867{1948675049},3C_20_66-01.txt,7.322,0.250,1.831,0,0.000,0.00,0.000,0.000,0.000
94,ec.gp.GPIndividual@1338202867{1948675049},3C_20_66-02.txt,154.245,0.250,38.561,0,0.000,0.00,0.000,0.000,0.000
94,ec.gp.GPIndividual@1338202867{1948675049},3C_20_66-03.txt,118.340,0.250,29.585,0,0.000,0.00,0.000,0.000,0.000
94,ec.gp.GPIndividual@1338202867{1948675049},3C_20_80-01.txt,4.194,0.250,1.049,0,0.000,0.00,0.000,0.000,0.000
94,ec.gp.GPIndividual@1338202867{1948675049},3C_20_80-02.txt,35.738,0.250,8.935,0,0.000,0.00,0.000,0.000,0.000
94,ec.gp.GPIndividual@1338202867{1948675049},3C_20_80-03.txt,169.439,0.250,42.360,0,0.000,0.00,0.000,0.000,0.000
94,ec.gp.GPIndividual@748820008{-182492451},3C_20_50-02.txt,61.404,0.250,15.351,10,16.656,108.50,1.666,3.625,0.000
94,ec.gp.GPIndividual@748820008{-182492451},3C_20_50-03.txt,30.993,0.250,7.748,5,7.594,98.01,1.519,3.625,0.000
94,ec.gp.GPIndividual@1670030294{-973652731},3C_20_50-02.txt,61.404,0.250,15.351,5,17.594,114.61,3.519,13.266,0.000
94,ec.gp.GPIndividual@1670030294{-973652731},3C_20_66-01.txt,7.322,0.250,1.831,1,3.063,167.30,3.063,13.266,0.000
94,ec.gp.GPIndividual@1670030294{-973652731},3C_20_66-01.txt,7.322,0.250,1.831,3,2.375,129.74,0.792,13.266,0.000
94,ec.gp.GPIndividual@1670030294{-973652731},3C_20_66-02.txt,154.245,0.250,38.561,20,31.375,81.36,1.569,13.266,0.000
94,ec.gp.GPIndividual@1670030294{-973652731},3C_20_80-03.txt,169.439,0.250,42.360,8,43.703,103.17,5.463,13.266,0.000
94,ec.gp.GPIndividual@1670030294{-973652731},3C_20_66-02.txt,154.245,0.250,38.561,11,41.922,108.72,3.811,14.828,0.000
94,ec.gp.GPIndividual@1670030294{-973652731},3C_20_66-03.txt,118.340,0.250,29.585,4,35.422,119.73,8.855,15.234,0.000
94,ec.gp.GPIndividual@1784640450{-1490213251},3C_20_50-02.txt,61.404,0.250,15.351,6,16.953,110.44,2.826,9.203,0.297
94,ec.gp.GPIndividual@1784640450{-1490213251},3C_20_66-03.txt,118.340,0.250,29.585,3,8.109,27.41,2.703,9.203,0.297
94,ec.gp.GPIndividual@1784640450{-1490213251},3C_20_50-03.txt,30.993,0.250,7.748,2,12.047,155.48,6.023,10.063,0.297
94,ec.gp.GPIndividual@1784640450{-1490213251},3C_20_66-02.txt,154.245,0.250,38.561,12,38.063,98.71,3.172,11.797,0.297
94,ec.gp.GPIndividual@1784640450{-1490213251},3C_20_80-01.txt,4.194,0.250,1.049,5,1.156,110.26,0.231,11.797,0.141
94,ec.gp.GPIndividual@1784640450{-1490213251},3C_20_80-02.txt,35.738,0.250,8.935,3,14.484,162.12,4.828,11.797,0.141
94,ec.gp.GPIndividual@1784640450{-1490213251},3C_20_80-01.txt,4.194,0.250,1.049,1,4.969,473.84,4.969,11.797,0.141
94,ec.gp.GPIndividual@1784640450{-1490213251},3C_20_66-03.txt,118.340,0.250,29.585,14,34.984,118.25,2.499,11.797,0.141
94,ec.gp.GPIndividual@1784640450{-1490213251},3C_20_66-01.txt,7.322,0.250,1.831,2,2.906,158.76,1.453,11.797,0.141
94,ec.gp.GPIndividual@1784640450{-1490213251},3C_20_80-01.txt,4.194,0.250,1.049,3,1.094,104.30,0.365,11.797,0.125
94,ec.gp.GPIndividual@1784640450{-1490213251},3C_20_80-02.txt,35.738,0.250,8.935,4,8.578,96.01,2.145,11.797,0.125
94,ec.gp.GPIndividual@1784640450{-1490213251},3C_20_50-03.txt,30.993,0.250,7.748,4,7.844,101.23,1.961,11.797,0.125
94,ec.gp.GPIndividual@1784640450{-1490213251},3C_20_66-02.txt,154.245,0.250,38.561,1,1.891,4.90,1.891,11.797,0.125
94,ec.gp.GPIndividual@1784640450{-1490213251},3C_20_80-02.txt,35.738,0.250,8.935,6,9.438,105.63,1.573,11.797,0.125
94,ec.gp.GPIndividual@1784640450{-1490213251},3C_20_66-03.txt,118.340,0.250,29.585,5,7.047,23.82,1.409,11.797,0.125
94,ec.gp.GPIndividual@1784640450{-1490213251},3C_20_80-03.txt,169.439,0.250,42.360,12,45.266,106.86,3.772,11.797,0.125
94,ec.gp.GPIndividual@293737736{-820887933},3C_20_50-02.txt,61.404,0.250,15.351,4,10.266,66.87,2.566,7.703,0.219
94,ec.gp.GPIndividual@492032282{-1301176542},3C_20_50-02.txt,61.404,0.250,15.351,4,17.953,116.95,4.488,15.031,0.250
94,ec.gp.GPIndividual@492032282{-1301176542},3C_20_80-03.txt,169.439,0.250,42.360,6,31.984,75.51,5.331,15.031,0.250
94,ec.gp.GPIndividual@492032282{-1301176542},3C_20_50-03.txt,30.993,0.250,7.748,1,9.297,119.99,9.297,15.031,0.250
94,ec.gp.GPIndividual@1098384929{-639988895},3C_20_50-02.txt,61.404,0.250,15.351,1,0.219,1.42,0.219,0.219,0.219
94,ec.gp.GPIndividual@1098384929{-639988895},3C_20_50-03.txt,30.993,0.250,7.748,1,10.578,136.52,10.578,10.578,0.219
94,ec.gp.GPIndividual@1098384929{-639988895},3C_20_66-03.txt,118.340,0.250,29.585,2,5.297,17.90,2.648,10.578,0.219
94,ec.gp.GPIndividual@1098384929{-639988895},3C_20_66-01.txt,7.322,0.250,1.831,1,0.719,39.26,0.719,10.578,0.219
94,ec.gp.GPIndividual@1098384929{-639988895},3C_20_66-02.txt,154.245,0.250,38.561,2,5.000,12.97,2.500,10.578,0.219
94,ec.gp.GPIndividual@1098384929{-639988895},3C_20_66-03.txt,118.340,0.250,29.585,4,25.141,84.98,6.285,15.813,0.219
94,ec.gp.GPIndividual@1098384929{-639988895},3C_20_80-01.txt,4.194,0.250,1.049,1,0.500,47.68,0.500,15.813,0.219
94,ec.gp.GPIndividual@1098384929{-639988895},3C_20_80-02.txt,35.738,0.250,8.935,3,8.609,96.36,2.870,15.813,0.219
94,ec.gp.GPIndividual@1098384929{-639988895},3C_20_80-03.txt,169.439,0.250,42.360,1,0.734,1.73,0.734,15.813,0.219
94,ec.gp.GPIndividual@1098384929{-639988895},3C_20_66-01.txt,7.322,0.250,1.831,2,6.125,334.60,3.063,15.813,0.219
94,ec.gp.GPIndividual@1098384929{-639988895},3C_20_50-03.txt,30.993,0.250,7.748,6,10.313,133.10,1.719,15.813,0.219
94,ec.gp.GPIndividual@1557560788{1077579148},3C_20_50-02.txt,61.404,0.250,15.351,1,1.984,12.93,1.984,1.984,1.984
94,ec.gp.GPIndividual@1557560788{1077579148},3C_20_80-01.txt,4.194,0.250,1.049,3,1.344,128.14,0.448,1.984,0.219
94,ec.gp.GPIndividual@1557560788{1077579148},3C_20_66-02.txt,154.245,0.250,38.561,21,43.172,111.96,2.056,8.891,0.203
94,ec.gp.GPIndividual@1557560788{1077579148},3C_20_66-03.txt,118.340,0.250,29.585,7,32.891,111.17,4.699,8.891,0.203
94,ec.gp.GPIndividual@1557560788{1077579148},3C_20_80-02.txt,35.738,0.250,8.935,1,1.578,17.66,1.578,8.891,0.203
94,ec.gp.GPIndividual@1557560788{1077579148},3C_20_50-03.txt,30.993,0.250,7.748,4,7.031,90.75,1.758,8.891,0.203
94,ec.gp.GPIndividual@1557560788{1077579148},3C_20_80-01.txt,4.194,0.250,1.049,1,9.641,919.36,9.641,9.641,0.203
94,ec.gp.GPIndividual@1557560788{1077579148},3C_20_66-01.txt,7.322,0.250,1.831,4,2.000,109.26,0.500,9.641,0.203
94,ec.gp.GPIndividual@1557560788{1077579148},3C_20_80-03.txt,169.439,0.250,42.360,17,44.313,104.61,2.607,12.797,0.188
94,ec.gp.GPIndividual@2106597188{-1414224974},3C_20_50-02.txt,61.404,0.250,15.351,2,9.234,60.15,4.617,9.031,0.203
94,ec.gp.GPIndividual@2106597188{-1414224974},3C_20_50-03.txt,30.993,0.250,7.748,1,14.063,181.50,14.063,14.063,0.203
94,ec.gp.GPIndividual@2106597188{-1414224974},3C_20_66-02.txt,154.245,0.250,38.561,4,7.484,19.41,1.871,14.063,0.203
94,ec.gp.GPIndividual@2106597188{-1414224974},3C_20_66-01.txt,7.322,0.250,1.831,1,0.594,32.44,0.594,14.063,0.203
94,ec.gp.GPIndividual@2106597188{-1414224974},3C_20_66-02.txt,154.245,0.250,38.561,4,7.547,19.57,1.887,14.063,0.203
94,ec.gp.GPIndividual@2106597188{-1414224974},3C_20_66-03.txt,118.340,0.250,29.585,2,4.781,16.16,2.391,14.063,0.203
94,ec.gp.GPIndividual@2106597188{-1414224974},3C_20_80-01.txt,4.194,0.250,1.049,1,0.469,44.70,0.469,14.063,0.203
94,ec.gp.GPIndividual@2106597188{-1414224974},3C_20_80-02.txt,35.738,0.250,8.935,1,1.359,15.21,1.359,14.063,0.203
94,ec.gp.GPIndividual@2106597188{-1414224974},3C_20_80-03.txt,169.439,0.250,42.360,1,3.719,8.78,3.719,14.063,0.203
94,ec.gp.GPIndividual@1610466463{-2009120883},3C_20_50-02.txt,61.404,0.250,15.351,5,18.844,122.75,3.769,8.828,0.156
94,ec.gp.GPIndividual@1610466463{-2009120883},3C_20_80-02.txt,35.738,0.250,8.935,8,10.844,121.37,1.355,8.828,0.156
94,ec.gp.GPIndividual@1610466463{-2009120883},3C_20_80-01.txt,4.194,0.250,1.049,1,0.063,5.96,0.063,8.828,0.063
94,ec.gp.GPIndividual@1610466463{-2009120883},3C_20_50-03.txt,30.993,0.250,7.748,7,8.359,107.89,1.194,8.828,0.063
94,ec.gp.GPIndividual@1610466463{-2009120883},3C_20_66-01.txt,7.322,0.250,1.831,3,1.875,102.43,0.625,8.828,0.063
94,ec.gp.GPIndividual@1610466463{-2009120883},3C_20_80-02.txt,35.738,0.250,8.935,11,9.438,105.63,0.858,8.828,0.063
94,ec.gp.GPIndividual@1610466463{-2009120883},3C_20_80-03.txt,169.439,0.250,42.360,1,0.141,0.33,0.141,8.828,0.063
94,ec.gp.GPIndividual@1610466463{-2009120883},3C_20_80-03.txt,169.439,0.250,42.360,6,52.500,123.94,8.750,16.141,0.063
94,ec.gp.GPIndividual@352930623{-615967865},3C_20_50-02.txt,61.404,0.250,15.351,7,18.000,117.26,2.571,7.797,0.156
94,ec.gp.GPIndividual@352930623{-615967865},3C_20_66-02.txt,154.245,0.250,38.561,4,7.781,20.18,1.945,7.797,0.156
94,ec.gp.GPIndividual@1223118161{451666482},3C_20_50-02.txt,61.404,0.250,15.351,10,14.781,96.29,1.478,5.000,0.156
94,ec.gp.GPIndividual@1223118161{451666482},3C_20_50-03.txt,30.993,0.250,7.748,3,6.219,80.26,2.073,5.000,0.156
94,ec.gp.GPIndividual@1223118161{451666482},3C_20_66-03.txt,118.340,0.250,29.585,6,26.000,87.88,4.333,13.828,0.156
94,ec.gp.GPIndividual@1223118161{451666482},3C_20_66-01.txt,7.322,0.250,1.831,2,3.219,175.84,1.609,13.828,0.156
94,ec.gp.GPIndividual@1223118161{451666482},3C_20_80-01.txt,4.194,0.250,1.049,1,5.688,542.38,5.688,13.828,0.156
94,ec.gp.GPIndividual@1223118161{451666482},3C_20_50-03.txt,30.993,0.250,7.748,2,1.109,14.32,0.555,13.828,0.156
94,ec.gp.GPIndividual@1223118161{451666482},3C_20_66-02.txt,154.245,0.250,38.561,8,7.453,19.33,0.932,13.828,0.156
94,ec.gp.GPIndividual@1223118161{451666482},3C_20_66-03.txt,118.340,0.250,29.585,11,29.531,99.82,2.685,13.828,0.078
94,ec.gp.GPIndividual@1223118161{451666482},3C_20_80-02.txt,35.738,0.250,8.935,2,8.469,94.79,4.234,13.828,0.078
94,ec.gp.GPIndividual@1223118161{451666482},3C_20_80-01.txt,4.194,0.250,1.049,2,1.266,120.69,0.633,13.828,0.078
94,ec.gp.GPIndividual@1223118161{451666482},3C_20_80-03.txt,169.439,0.250,42.360,3,1.500,3.54,0.500,13.828,0.078
94,ec.gp.GPIndividual@1223118161{451666482},3C_20_80-02.txt,35.738,0.250,8.935,7,9.234,103.36,1.319,13.828,0.078
94,ec.gp.GPIndividual@1223118161{451666482},3C_20_80-03.txt,169.439,0.250,42.360,1,0.156,0.37,0.156,13.828,0.078
94,ec.gp.GPIndividual@460152294{1170191326},3C_20_50-02.txt,61.404,0.250,15.351,9,16.047,104.53,1.783,3.547,0.172
94,ec.gp.GPIndividual@1434797332{-1150329376},3C_20_50-02.txt,61.404,0.250,15.351,1,0.156,1.02,0.156,0.156,0.156
94,ec.gp.GPIndividual@1434797332{-1150329376},3C_20_50-03.txt,30.993,0.250,7.748,4,7.609,98.21,1.902,3.125,0.156
94,ec.gp.GPIndividual@1434797332{-1150329376},3C_20_66-01.txt,7.322,0.250,1.831,1,1.875,102.43,1.875,3.125,0.156
94,ec.gp.GPIndividual@1434797332{-1150329376},3C_20_50-03.txt,30.993,0.250,7.748,1,0.406,5.24,0.406,3.125,0.156
94,ec.gp.GPIndividual@1434797332{-1150329376},3C_20_66-02.txt,154.245,0.250,38.561,1,0.844,2.19,0.844,3.125,0.156
94,ec.gp.GPIndividual@1434797332{-1150329376},3C_20_66-01.txt,7.322,0.250,1.831,2,1.484,81.09,0.742,3.125,0.156
94,ec.gp.GPIndividual@1434797332{-1150329376},3C_20_66-03.txt,118.340,0.250,29.585,6,6.578,22.23,1.096,3.125,0.156
94,ec.gp.GPIndividual@1434797332{-1150329376},3C_20_80-01.txt,4.194,0.250,1.049,1,0.453,43.21,0.453,3.125,0.156
94,ec.gp.GPIndividual@1434797332{-1150329376},3C_20_80-02.txt,35.738,0.250,8.935,2,3.953,44.25,1.977,3.125,0.156
94,ec.gp.GPIndividual@1434797332{-1150329376},3C_20_80-03.txt,169.439,0.250,42.360,2,4.938,11.66,2.469,3.125,0.156
94,ec.gp.GPIndividual@308310731{394107523},3C_20_50-02.txt,61.404,0.250,15.351,6,17.156,111.76,2.859,10.234,0.156
94,ec.gp.GPIndividual@308310731{394107523},3C_20_66-02.txt,154.245,0.250,38.561,4,9.938,25.77,2.484,10.234,0.156
94,ec.gp.GPIndividual@308310731{394107523},3C_20_50-03.txt,30.993,0.250,7.748,5,5.406,69.77,1.081,10.234,0.156
94,ec.gp.GPIndividual@308310731{394107523},3C_20_66-01.txt,7.322,0.250,1.831,1,2.391,130.60,2.391,10.234,0.156
94,ec.gp.GPIndividual@308310731{394107523},3C_20_66-03.txt,118.340,0.250,29.585,9,32.516,109.91,3.613,11.047,0.156
94,ec.gp.GPIndividual@308310731{394107523},3C_20_66-02.txt,154.245,0.250,38.561,8,26.875,69.69,3.359,11.047,0.156
94,ec.gp.GPIndividual@308310731{394107523},3C_20_66-01.txt,7.322,0.250,1.831,3,12.719,694.81,4.240,11.703,0.156
94,ec.gp.GPIndividual@308310731{394107523},3C_20_80-01.txt,4.194,0.250,1.049,2,9.234,880.62,4.617,11.703,0.156
94,ec.gp.GPIndividual@308310731{394107523},3C_20_66-03.txt,118.340,0.250,29.585,4,1.797,6.07,0.449,11.703,0.156
94,ec.gp.GPIndividual@308310731{394107523},3C_20_66-02.txt,154.245,0.250,38.561,13,23.641,61.31,1.819,11.734,0.156
94,ec.gp.GPIndividual@308310731{394107523},3C_20_80-01.txt,4.194,0.250,1.049,1,11.484,1095.19,11.484,11.734,0.156
94,ec.gp.GPIndividual@308310731{394107523},3C_20_66-03.txt,118.340,0.250,29.585,13,32.984,111.49,2.537,11.734,0.156
94,ec.gp.GPIndividual@308310731{394107523},3C_20_80-01.txt,4.194,0.250,1.049,1,0.531,50.66,0.531,11.734,0.156
94,ec.gp.GPIndividual@308310731{394107523},3C_20_80-02.txt,35.738,0.250,8.935,2,4.172,46.69,2.086,11.734,0.156
94,ec.gp.GPIndividual@308310731{394107523},3C_20_80-02.txt,35.738,0.250,8.935,13,8.938,100.03,0.688,11.734,0.156
94,ec.gp.GPIndividual@308310731{394107523},3C_20_80-03.txt,169.439,0.250,42.360,7,36.891,87.09,5.270,16.641,0.156
95,ec.gp.GPIndividual@1918415913{148995090},3C_20_50-02.txt,61.404,0.250,15.351,0,0.000,0.00,0.000,0.000,0.000
95,ec.gp.GPIndividual@1918415913{148995090},3C_20_50-03.txt,30.993,0.250,7.748,0,0.000,0.00,0.000,0.000,0.000
95,ec.gp.GPIndividual@1918415913{148995090},3C_20_66-01.txt,7.322,0.250,1.831,0,0.000,0.00,0.000,0.000,0.000
95,ec.gp.GPIndividual@1918415913{148995090},3C_20_66-02.txt,154.245,0.250,38.561,0,0.000,0.00,0.000,0.000,0.000
95,ec.gp.GPIndividual@1918415913{148995090},3C_20_66-03.txt,118.340,0.250,29.585,0,0.000,0.00,0.000,0.000,0.000
95,ec.gp.GPIndividual@1918415913{148995090},3C_20_80-01.txt,4.194,0.250,1.049,0,0.000,0.00,0.000,0.000,0.000
95,ec.gp.GPIndividual@1918415913{148995090},3C_20_80-02.txt,35.738,0.250,8.935,0,0.000,0.00,0.000,0.000,0.000
95,ec.gp.GPIndividual@1918415913{148995090},3C_20_80-03.txt,169.439,0.250,42.360,0,0.000,0.00,0.000,0.000,0.000
95,ec.gp.GPIndividual@585338113{-1174828133},3C_20_50-02.txt,61.404,0.250,15.351,0,0.000,0.00,0.000,0.000,0.000
95,ec.gp.GPIndividual@585338113{-1174828133},3C_20_50-03.txt,30.993,0.250,7.748,0,0.000,0.00,0.000,0.000,0.000
95,ec.gp.GPIndividual@585338113{-1174828133},3C_20_66-01.txt,7.322,0.250,1.831,0,0.000,0.00,0.000,0.000,0.000
95,ec.gp.GPIndividual@585338113{-1174828133},3C_20_66-02.txt,154.245,0.250,38.561,0,0.000,0.00,0.000,0.000,0.000
95,ec.gp.GPIndividual@585338113{-1174828133},3C_20_66-03.txt,118.340,0.250,29.585,0,0.000,0.00,0.000,0.000,0.000
95,ec.gp.GPIndividual@585338113{-1174828133},3C_20_80-01.txt,4.194,0.250,1.049,0,0.000,0.00,0.000,0.000,0.000
95,ec.gp.GPIndividual@585338113{-1174828133},3C_20_80-02.txt,35.738,0.250,8.935,0,0.000,0.00,0.000,0.000,0.000
95,ec.gp.GPIndividual@585338113{-1174828133},3C_20_80-03.txt,169.439,0.250,42.360,0,0.000,0.00,0.000,0.000,0.000
95,ec.gp.GPIndividual@1295281236{2065360507},3C_20_50-02.txt,61.404,0.250,15.351,1,0.375,2.44,0.375,0.375,0.375
95,ec.gp.GPIndividual@1295281236{2065360507},3C_20_50-03.txt,30.993,0.250,7.748,10,10.578,136.52,1.058,1.797,0.375
95,ec.gp.GPIndividual@1295281236{2065360507},3C_20_50-03.txt,30.993,0.250,7.748,3,3.828,49.41,1.276,3.203,0.313
95,ec.gp.GPIndividual@1295281236{2065360507},3C_20_66-01.txt,7.322,0.250,1.831,5,2.000,109.26,0.400,3.203,0.000
95,ec.gp.GPIndividual@1295281236{2065360507},3C_20_50-03.txt,30.993,0.250,7.748,1,0.844,10.89,0.844,3.203,0.000
95,ec.gp.GPIndividual@1295281236{2065360507},3C_20_66-02.txt,154.245,0.250,38.561,4,7.547,19.57,1.887,3.203,0.000
95,ec.gp.GPIndividual@1295281236{2065360507},3C_20_50-03.txt,30.993,0.250,7.748,4,4.672,60.30,1.168,3.203,0.000
95,ec.gp.GPIndividual@1295281236{2065360507},3C_20_50-03.txt,30.993,0.250,7.748,1,2.484,32.06,2.484,3.203,0.000
95,ec.gp.GPIndividual@1295281236{2065360507},3C_20_66-03.txt,118.340,0.250,29.585,9,34.500,116.61,3.833,6.188,0.000
95,ec.gp.GPIndividual@1295281236{2065360507},3C_20_80-01.txt,4.194,0.250,1.049,2,1.031,98.34,0.516,6.188,0.000
95,ec.gp.GPIndividual@1295281236{2065360507},3C_20_80-02.txt,35.738,0.250,8.935,7,8.422,94.26,1.203,6.188,0.000
95,ec.gp.GPIndividual@1295281236{2065360507},3C_20_66-01.txt,7.322,0.250,1.831,1,2.109,115.23,2.109,6.188,0.000
95,ec.gp.GPIndividual@1295281236{2065360507},3C_20_80-03.txt,169.439,0.250,42.360,10,30.719,72.52,3.072,8.609,0.000
95,ec.gp.GPIndividual@127583423{512711777},3C_20_50-02.txt,61.404,0.250,15.351,3,15.438,100.56,5.146,7.453,0.531
95,ec.gp.GPIndividual@127583423{512711777},3C_20_66-01.txt,7.322,0.250,1.831,2,2.859,156.20,1.430,7.453,0.531
95,ec.gp.GPIndividual@127583423{512711777},3C_20_50-03.txt,30.993,0.250,7.748,2,8.156,105.27,4.078,7.625,0.531
95,ec.gp.GPIndividual@127583423{512711777},3C_20_66-01.txt,7.322,0.250,1.831,2,1.969,107.55,0.984,7.625,0.531
95,ec.gp.GPIndividual@127583423{512711777},3C_20_66-02.txt,154.245,0.250,38.561,2,3.516,9.12,1.758,7.625,0.516
95,ec.gp.GPIndividual@127583423{512711777},3C_20_66-01.txt,7.322,0.250,1.831,2,1.938,105.84,0.969,7.625,0.516
95,ec.gp.GPIndividual@127583423{512711777},3C_20_66-02.txt,154.245,0.250,38.561,13,39.531,102.52,3.041,10.828,0.484
95,ec.gp.GPIndividual@127583423{512711777},3C_20_66-01.txt,7.322,0.250,1.831,3,3.359,183.52,1.120,10.828,0.172
95,ec.gp.GPIndividual@127583423{512711777},3C_20_66-03.txt,118.340,0.250,29.585,1,0.156,0.53,0.156,10.828,0.156
95,ec.gp.GPIndividual@127583423{512711777},3C_20_66-03.txt,118.340,0.250,29.585,10,24.281,82.07,2.428,11.141,0.000
95,ec.gp.GPIndividual@127583423{512711777},3C_20_50-03.txt,30.993,0.250,7.748,2,12.328,159.11,6.164,11.141,0.000
95,ec.gp.GPIndividual@127583423{512711777},3C_20_80-01.txt,4.194,0.250,1.049,2,1.063,101.32,0.531,11.141,0.000
95,ec.gp.GPIndividual@127583423{512711777},3C_20_80-01.txt,4.194,0.250,1.049,3,1.328,126.65,0.443,11.141,0.000
95,ec.gp.GPIndividual@127583423{512711777},3C_20_80-02.txt,35.738,0.250,8.935,5,15.516,173.66,3.103,11.141,0.000
95,ec.gp.GPIndividual@127583423{512711777},3C_20_66-02.txt,154.245,0.250,38.561,4,15.656,40.60,3.914,11.141,0.000
95,ec.gp.GPIndividual@127583423{512711777},3C_20_66-02.txt,154.245,0.250,38.561,13,30.766,79.78,2.367,11.141,0.000
95,ec.gp.GPIndividual@127583423{512711777},3C_20_66-03.txt,118.340,0.250,29.585,8,33.641,113.71,4.205,12.391,0.000
95,ec.gp.GPIndividual@127583423{512711777},3C_20_66-02.txt,154.245,0.250,38.561,6,39.047,101.26,6.508,12.391,0.000
95,ec.gp.GPIndividual@127583423{512711777},3C_20_80-03.txt,169.439,0.250,42.360,3,6.156,14.53,2.052,12.391,0.000
95,ec.gp.GPIndividual@127583423{512711777},3C_20_80-01.txt,4.194,0.250,1.049,3,1.063,101.32,0.354,12.391,0.000
95,ec.gp.GPIndividual@127583423{512711777},3C_20_80-02.txt,35.738,0.250,8.935,5,7.891,88.32,1.578,12.391,0.000
95,ec.gp.GPIndividual@127583423{512711777},3C_20_66-03.txt,118.340,0.250,29.585,6,20.453,69.13,3.409,12.391,0.000
95,ec.gp.GPIndividual@127583423{512711777},3C_20_80-03.txt,169.439,0.250,42.360,8,42.406,100.11,5.301,13.000,0.000
95,ec.gp.GPIndividual@127583423{512711777},3C_20_80-01.txt,4.194,0.250,1.049,2,2.344,223.51,1.172,13.000,0.000
95,ec.gp.GPIndividual@64908940{1473915935},3C_20_50-02.txt,61.404,0.250,15.351,7,19.266,125.50,2.752,11.281,0.000
95,ec.gp.GPIndividual@305895038{-1156669877},3C_20_50-02.txt,61.404,0.250,15.351,9,17.594,114.61,1.955,9.500,0.000
95,ec.gp.GPIndividual@305895038{-1156669877},3C_20_66-01.txt,7.322,0.250,1.831,2,10.125,553.11,5.063,9.813,0.000
95,ec.gp.GPIndividual@305895038{-1156669877},3C_20_80-02.txt,35.738,0.250,8.935,2,1.141,12.77,0.570,9.813,0.000
95,ec.gp.GPIndividual@305895038{-1156669877},3C_20_50-03.txt,30.993,0.250,7.748,5,7.875,101.64,1.575,9.813,0.000
95,ec.gp.GPIndividual@305895038{-1156669877},3C_20_80-03.txt,169.439,0.250,42.360,4,10.063,23.75,2.516,9.813,0.000
95,ec.gp.GPIndividual@305895038{-1156669877},3C_20_66-03.txt,118.340,0.250,29.585,10,33.594,113.55,3.359,9.813,0.000
95,ec.gp.GPIndividual@305895038{-1156669877},3C_20_80-01.txt,4.194,0.250,1.049,2,1.578,150.50,0.789,9.813,0.000
95,ec.gp.GPIndividual@305895038{-1156669877},3C_20_80-02.txt,35.738,0.250,8.935,4,9.078,101.61,2.270,9.813,0.000
95,ec.gp.GPIndividual@305895038{-1156669877},3C_20_80-03.txt,169.439,0.250,42.360,1,0.875,2.07,0.875,9.813,0.000
95,ec.gp.GPIndividual@305895038{-1156669877},3C_20_66-01.txt,7.322,0.250,1.831,1,1.953,106.70,1.953,9.813,0.000
95,ec.gp.GPIndividual@305895038{-1156669877},3C_20_80-02.txt,35.738,0.250,8.935,2,4.438,49.67,2.219,9.813,0.000
95,ec.gp.GPIndividual@2127310285{-1179446548},3C_20_50-02.txt,61.404,0.250,15.351,3,16.438,107.08,5.479,8.656,0.344
95,ec.gp.GPIndividual@2127310285{-1179446548},3C_20_66-02.txt,154.245,0.250,38.561,20,39.578,102.64,1.979,8.656,0.344
95,ec.gp.GPIndividual@2127310285{-1179446548},3C_20_50-03.txt,30.993,0.250,7.748,0,0.000,0.00,0.000,8.656,0.344
95,ec.gp.GPIndividual@2127310285{-1179446548},3C_20_66-03.txt,118.340,0.250,29.585,5,32.625,110.28,6.525,10.156,0.344
95,ec.gp.GPIndividual@2127310285{-1179446548},3C_20_50-03.txt,30.993,0.250,7.748,2,9.516,122.81,4.758,10.156,0.344
95,ec.gp.GPIndividual@2127310285{-1179446548},3C_20_66-02.txt,154.245,0.250,38.561,11,39.609,102.72,3.601,10.781,0.000
95,ec.gp.GPIndividual@2127310285{-1179446548},3C_20_66-01.txt,7.322,0.250,1.831,3,1.766,96.45,0.589,10.781,0.000
95,ec.gp.GPIndividual@2127310285{-1179446548},3C_20_66-03.txt,118.340,0.250,29.585,2,2.438,8.24,1.219,10.781,0.000
95,ec.gp.GPIndividual@2127310285{-1179446548},3C_20_80-03.txt,169.439,0.250,42.360,15,42.219,99.67,2.815,10.781,0.000
95,ec.gp.GPIndividual@37702278{1295570354},3C_20_50-02.txt,61.404,0.250,15.351,1,0.000,0.00,0.000,0.000,0.000
95,ec.gp.GPIndividual@37702278{1295570354},3C_20_50-03.txt,30.993,0.250,7.748,1,0.000,0.00,0.000,0.000,0.000
95,ec.gp.GPIndividual@37702278{1295570354},3C_20_66-01.txt,7.322,0.250,1.831,1,0.000,0.00,0.000,0.000,0.000
95,ec.gp.GPIndividual@37702278{1295570354},3C_20_66-02.txt,154.245,0.250,38.561,1,0.000,0.00,0.000,0.000,0.000
95,ec.gp.GPIndividual@37702278{1295570354},3C_20_66-03.txt,118.340,0.250,29.585,1,0.000,0.00,0.000,0.000,0.000
95,ec.gp.GPIndividual@37702278{1295570354},3C_20_80-01.txt,4.194,0.250,1.049,1,0.000,0.00,0.000,0.000,0.000
95,ec.gp.GPIndividual@37702278{1295570354},3C_20_80-02.txt,35.738,0.250,8.935,1,0.000,0.00,0.000,0.000,0.000
95,ec.gp.GPIndividual@37702278{1295570354},3C_20_80-03.txt,169.439,0.250,42.360,1,0.000,0.00,0.000,0.000,0.000
95,ec.gp.GPIndividual@326105184{-1613701645},3C_20_50-02.txt,61.404,0.250,15.351,5,17.078,111.25,3.416,6.172,0.344
95,ec.gp.GPIndividual@1390088829{512711777},3C_20_50-02.txt,61.404,0.250,15.351,4,16.438,107.08,4.109,9.797,0.516
95,ec.gp.GPIndividual@1390088829{512711777},3C_20_80-01.txt,4.194,0.250,1.049,1,1.922,183.28,1.922,9.797,0.516
95,ec.gp.GPIndividual@1390088829{512711777},3C_20_66-02.txt,154.245,0.250,38.561,16,39.344,102.03,2.459,9.797,0.516
95,ec.gp.GPIndividual@1390088829{512711777},3C_20_80-02.txt,35.738,0.250,8.935,5,8.828,98.81,1.766,9.797,0.359
95,ec.gp.GPIndividual@1390088829{512711777},3C_20_66-03.txt,118.340,0.250,29.585,3,12.422,41.99,4.141,9.797,0.359
95,ec.gp.GPIndividual@1390088829{512711777},3C_20_66-01.txt,7.322,0.250,1.831,2,3.750,204.86,1.875,9.797,0.359
95,ec.gp.GPIndividual@1390088829{512711777},3C_20_50-03.txt,30.993,0.250,7.748,2,11.984,154.67,5.992,10.938,0.359
95,ec.gp.GPIndividual@1390088829{512711777},3C_20_80-01.txt,4.194,0.250,1.049,2,0.797,75.99,0.398,10.938,0.328
95,ec.gp.GPIndividual@1390088829{512711777},3C_20_66-02.txt,154.245,0.250,38.561,18,38.688,100.33,2.149,10.938,0.156
95,ec.gp.GPIndividual@1390088829{512711777},3C_20_66-03.txt,118.340,0.250,29.585,2,12.031,40.67,6.016,11.531,0.156
95,ec.gp.GPIndividual@1390088829{512711777},3C_20_50-03.txt,30.993,0.250,7.748,2,10.625,137.13,5.313,11.531,0.156
95,ec.gp.GPIndividual@1390088829{512711777},3C_20_80-03.txt,169.439,0.250,42.360,10,42.828,101.11,4.283,11.531,0.156
95,ec.gp.GPIndividual@1390088829{512711777},3C_20_66-01.txt,7.322,0.250,1.831,5,2.016,110.11,0.403,11.531,0.156
95,ec.gp.GPIndividual@1390088829{512711777},3C_20_66-02.txt,154.245,0.250,38.561,5,28.250,73.26,5.650,11.938,0.156
95,ec.gp.GPIndividual@1390088829{512711777},3C_20_80-01.txt,4.194,0.250,1.049,2,11.672,1113.07,5.836,11.938,0.156
95,ec.gp.GPIndividual@1390088829{512711777},3C_20_80-02.txt,35.738,0.250,8.935,7,9.422,105.45,1.346,11.938,0.156
95,ec.gp.GPIndividual@1390088829{512711777},3C_20_80-02.txt,35.738,0.250,8.935,6,14.766,165.26,2.461,11.938,0.156
95,ec.gp.GPIndividual@1390088829{512711777},3C_20_66-01.txt,7.322,0.250,1.831,3,2.094,114.38,0.698,11.938,0.156
95,ec.gp.GPIndividual@1390088829{512711777},3C_20_66-02.txt,154.245,0.250,38.561,4,5.188,13.45,1.297,11.938,0.156
95,ec.gp.GPIndividual@1390088829{512711777},3C_20_80-03.txt,169.439,0.250,42.360,3,16.594,39.17,5.531,12.750,0.156
95,ec.gp.GPIndividual@1872710516{-2117392520},3C_20_50-02.txt,61.404,0.250,15.351,4,17.875,116.44,4.469,14.469,0.328
95,ec.gp.GPIndividual@1872710516{-2117392520},3C_20_80-01.txt,4.194,0.250,1.049,2,1.953,186.26,0.977,14.469,0.328
95,ec.gp.GPIndividual@1872710516{-2117392520},3C_20_66-03.txt,118.340,0.250,29.585,3,3.422,11.57,1.141,14.469,0.328
95,ec.gp.GPIndividual@1872710516{-2117392520},3C_20_80-02.txt,35.738,0.250,8.935,4,8.969,100.38,2.242,14.469,0.172
95,ec.gp.GPIndividual@1872710516{-2117392520},3C_20_50-03.txt,30.993,0.250,7.748,3,9.031,116.56,3.010,14.469,0.172
95,ec.gp.GPIndividual@1872710516{-2117392520},3C_20_80-03.txt,169.439,0.250,42.360,11,44.656,105.42,4.060,14.469,0.172
95,ec.gp.GPIndividual@1872710516{-2117392520},3C_20_80-01.txt,4.194,0.250,1.049,4,1.344,128.14,0.336,14.469,0.172
95,ec.gp.GPIndividual@1872710516{-2117392520},3C_20_66-01.txt,7.322,0.250,1.831,2,4.609,251.80,2.305,14.469,0.156
95,ec.gp.GPIndividual@1336203191{-71989292},3C_20_50-02.txt,61.404,0.250,15.351,2,1.531,9.97,0.766,0.844,0.688
95,ec.gp.GPIndividual@1336203191{-71989292},3C_20_80-02.txt,35.738,0.250,8.935,4,10.625,118.92,2.656,6.953,0.484
95,ec.gp.GPIndividual@1336203191{-71989292},3C_20_80-03.txt,169.439,0.250,42.360,1,0.344,0.81,0.344,6.953,0.344
95,ec.gp.GPIndividual@1336203191{-71989292},3C_20_66-03.txt,118.340,0.250,29.585,4,7.438,25.14,1.859,6.953,0.344
95,ec.gp.GPIndividual@1336203191{-71989292},3C_20_50-03.txt,30.993,0.250,7.748,2,18.156,234.33,9.078,16.859,0.344
95,ec.gp.GPIndividual@1576295660{2037042614},3C_20_50-02.txt,61.404,0.250,15.351,1,16.500,107.48,16.500,16.500,16.500
95,ec.gp.GPIndividual@1576295660{2037042614},3C_20_80-03.txt,169.439,0.250,42.360,12,42.594,100.55,3.549,16.500,0.359
95,ec.gp.GPIndividual@1674047535{2037042614},3C_20_50-02.txt,61.404,0.250,15.351,3,5.969,38.88,1.990,4.563,0.516
95,ec.gp.GPIndividual@1674047535{2037042614},3C_20_66-01.txt,7.322,0.250,1.831,1,2.000,109.26,2.000,4.563,0.516
95,ec.gp.GPIndividual@1674047535{2037042614},3C_20_50-03.txt,30.993,0.250,7.748,4,8.500,109.70,2.125,6.359,0.359
95,ec.gp.GPIndividual@1674047535{2037042614},3C_20_66-02.txt,154.245,0.250,38.561,1,0.156,0.41,0.156,6.359,0.156
95,ec.gp.GPIndividual@1674047535{2037042614},3C_20_80-01.txt,4.194,0.250,1.049,4,13.156,1254.62,3.289,12.109,0.156
95,ec.gp.GPIndividual@1853402998{-2009120883},3C_20_50-02.txt,61.404,0.250,15.351,6,12.891,83.97,2.148,5.797,0.156
95,ec.gp.GPIndividual@1853402998{-2009120883},3C_20_80-02.txt,35.738,0.250,8.935,1,13.578,151.97,13.578,13.578,0.156
95,ec.gp.GPIndividual@1853402998{-2009120883},3C_20_66-02.txt,154.245,0.250,38.561,3,5.688,14.75,1.896,13.578,0.156
95,ec.gp.GPIndividual@1853402998{-2009120883},3C_20_50-03.txt,30.993,0.250,7.748,3,5.797,74.82,1.932,13.578,0.156
95,ec.gp.GPIndividual@1853402998{-2009120883},3C_20_66-03.txt,118.340,0.250,29.585,13,31.547,106.63,2.427,13.578,0.156
95,ec.gp.GPIndividual@1853402998{-2009120883},3C_20_80-01.txt,4.194,0.250,1.049,2,4.969,473.84,2.484,13.578,0.156
95,ec.gp.GPIndividual@1853402998{-2009120883},3C_20_66-01.txt,7.322,0.250,1.831,2,1.859,101.57,0.930,13.578,0.156
95,ec.gp.GPIndividual@1853402998{-2009120883},3C_20_66-03.txt,118.340,0.250,29.585,3,8.594,29.05,2.865,13.578,0.156
95,ec.gp.GPIndividual@1853402998{-2009120883},3C_20_80-02.txt,35.738,0.250,8.935,4,8.500,95.14,2.125,13.578,0.156
95,ec.gp.GPIndividual@1853402998{-2009120883},3C_20_50-03.txt,30.993,0.250,7.748,5,8.703,112.33,1.741,13.578,0.156
95,ec.gp.GPIndividual@1853402998{-2009120883},3C_20_80-03.txt,169.439,0.250,42.360,13,44.406,104.83,3.416,13.578,0.156
95,ec.gp.GPIndividual@1045901768{-144112058},3C_20_50-02.txt,61.404,0.250,15.351,0,0.000,0.00,0.000,0.000,0.000
95,ec.gp.GPIndividual@1045901768{-144112058},3C_20_50-03.txt,30.993,0.250,7.748,0,0.000,0.00,0.000,0.000,0.000
95,ec.gp.GPIndividual@1045901768{-144112058},3C_20_66-01.txt,7.322,0.250,1.831,0,0.000,0.00,0.000,0.000,0.000
95,ec.gp.GPIndividual@1045901768{-144112058},3C_20_66-02.txt,154.245,0.250,38.561,0,0.000,0.00,0.000,0.000,0.000
95,ec.gp.GPIndividual@1045901768{-144112058},3C_20_66-03.txt,118.340,0.250,29.585,0,0.000,0.00,0.000,0.000,0.000
95,ec.gp.GPIndividual@1045901768{-144112058},3C_20_80-01.txt,4.194,0.250,1.049,0,0.000,0.00,0.000,0.000,0.000
95,ec.gp.GPIndividual@1045901768{-144112058},3C_20_80-02.txt,35.738,0.250,8.935,0,0.000,0.00,0.000,0.000,0.000
95,ec.gp.GPIndividual@1045901768{-144112058},3C_20_80-03.txt,169.439,0.250,42.360,0,0.000,0.00,0.000,0.000,0.000
95,ec.gp.GPIndividual@2073954243{-190680345},3C_20_50-02.txt,61.404,0.250,15.351,5,17.047,111.05,3.409,8.016,0.500
95,ec.gp.GPIndividual@2073954243{-190680345},3C_20_66-01.txt,7.322,0.250,1.831,2,12.422,678.59,6.211,11.516,0.500
95,ec.gp.GPIndividual@2073954243{-190680345},3C_20_66-02.txt,154.245,0.250,38.561,5,13.250,34.36,2.650,11.516,0.500
95,ec.gp.GPIndividual@2073954243{-190680345},3C_20_80-01.txt,4.194,0.250,1.049,3,17.609,1679.29,5.870,16.719,0.359
95,ec.gp.GPIndividual@2073954243{-190680345},3C_20_80-03.txt,169.439,0.250,42.360,19,44.000,103.87,2.316,16.719,0.141
95,ec.gp.GPIndividual@1853119832{-1078450457},3C_20_50-02.txt,61.404,0.250,15.351,3,7.125,46.41,2.375,5.953,0.500
95,ec.gp.GPIndividual@1853119832{-1078450457},3C_20_66-01.txt,7.322,0.250,1.831,1,5.406,295.34,5.406,5.953,0.500
95,ec.gp.GPIndividual@1853119832{-1078450457},3C_20_66-03.txt,118.340,0.250,29.585,9,30.750,103.94,3.417,10.203,0.359
95,ec.gp.GPIndividual@1853119832{-1078450457},3C_20_66-02.txt,154.245,0.250,38.561,16,42.266,109.61,2.642,10.203,0.000
95,ec.gp.GPIndividual@1853119832{-1078450457},3C_20_66-02.txt,154.245,0.250,38.561,5,29.391,76.22,5.878,13.906,0.000
95,ec.gp.GPIndividual@1853119832{-1078450457},3C_20_50-03.txt,30.993,0.250,7.748,1,14.766,190.57,14.766,14.766,0.000
95,ec.gp.GPIndividual@1853119832{-1078450457},3C_20_80-02.txt,35.738,0.250,8.935,7,10.359,115.95,1.480,14.766,0.000
95,ec.gp.GPIndividual@1853119832{-1078450457},3C_20_66-03.txt,118.340,0.250,29.585,7,8.750,29.58,1.250,14.766,0.000
95,ec.gp.GPIndividual@1853119832{-1078450457},3C_20_66-01.txt,7.322,0.250,1.831,1,10.375,566.77,10.375,14.766,0.000
95,ec.gp.GPIndividual@1853119832{-1078450457},3C_20_50-03.txt,30.993,0.250,7.748,3,9.031,116.56,3.010,14.766,0.000
95,ec.gp.GPIndividual@1853119832{-1078450457},3C_20_80-01.txt,4.194,0.250,1.049,1,1.063,101.32,1.063,14.766,0.000
95,ec.gp.GPIndividual@1853119832{-1078450457},3C_20_66-02.txt,154.245,0.250,38.561,4,31.078,80.59,7.770,14.766,0.000
95,ec.gp.GPIndividual@1853119832{-1078450457},3C_20_80-01.txt,4.194,0.250,1.049,1,1.234,117.71,1.234,14.766,0.000
95,ec.gp.GPIndividual@1853119832{-1078450457},3C_20_80-02.txt,35.738,0.250,8.935,7,9.359,104.76,1.337,14.766,0.000
95,ec.gp.GPIndividual@1853119832{-1078450457},3C_20_80-02.txt,35.738,0.250,8.935,7,7.625,85.34,1.089,14.766,0.000
95,ec.gp.GPIndividual@1853119832{-1078450457},3C_20_66-03.txt,118.340,0.250,29.585,8,19.891,67.23,2.486,14.766,0.000
95,ec.gp.GPIndividual@1853119832{-1078450457},3C_20_66-03.txt,118.340,0.250,29.585,7,34.156,115.45,4.879,14.766,0.000
95,ec.gp.GPIndividual@1853119832{-1078450457},3C_20_80-03.txt,169.439,0.250,42.360,10,42.469,100.26,4.247,14.766,0.000
95,ec.gp.GPIndividual@1361729539{154732610},3C_20_50-02.txt,61.404,0.250,15.351,3,5.422,35.32,1.807,2.875,0.516
95,ec.gp.GPIndividual@1361729539{154732610},3C_20_50-03.txt,30.993,0.250,7.748,2,7.047,90.95,3.523,6.500,0.516
95,ec.gp.GPIndividual@1361729539{154732610},3C_20_80-01.txt,4.194,0.250,1.049,1,9.438,899.99,9.438,9.438,0.516
95,ec.gp.GPIndividual@1361729539{154732610},3C_20_66-01.txt,7.322,0.250,1.831,2,8.281,452.39,4.141,9.438,0.516
95,ec.gp.GPIndividual@1361729539{154732610},3C_20_80-01.txt,4.194,0.250,1.049,2,1.234,117.71,0.617,9.438,0.516
95,ec.gp.GPIndividual@1361729539{154732610},3C_20_80-02.txt,35.738,0.250,8.935,3,5.906,66.11,1.969,9.438,0.156
95,ec.gp.GPIndividual@1361729539{154732610},3C_20_80-03.txt,169.439,0.250,42.360,10,30.609,72.26,3.061,12.375,0.156
95,ec.gp.GPIndividual@1361729539{154732610},3C_20_66-01.txt,7.322,0.250,1.831,5,2.766,151.08,0.553,12.375,0.000
95,ec.gp.GPIndividual@1361729539{154732610},3C_20_66-02.txt,154.245,0.250,38.561,1,0.156,0.41,0.156,12.375,0.000
95,ec.gp.GPIndividual@1361729539{154732610},3C_20_80-03.txt,169.439,0.250,42.360,4,11.469,27.07,2.867,12.375,0.000
95,ec.gp.GPIndividual@1361729539{154732610},3C_20_66-02.txt,154.245,0.250,38.561,5,9.219,23.91,1.844,12.375,0.000
95,ec.gp.GPIndividual@1361729539{154732610},3C_20_66-03.txt,118.340,0.250,29.585,10,33.203,112.23,3.320,12.375,0.000
95,ec.gp.GPIndividual@1361729539{154732610},3C_20_80-03.txt,169.439,0.250,42.360,7,32.922,77.72,4.703,14.469,0.000
95,ec.gp.GPIndividual@1361729539{154732610},3C_20_80-01.txt,4.194,0.250,1.049,2,0.891,84.93,0.445,14.469,0.000
95,ec.gp.GPIndividual@1361729539{154732610},3C_20_80-02.txt,35.738,0.250,8.935,4,10.328,115.60,2.582,14.469,0.000
95,ec.gp.GPIndividual@1361729539{154732610},3C_20_80-03.txt,169.439,0.250,42.360,7,40.016,94.47,5.717,16.797,0.000
95,ec.gp.GPIndividual@1361729539{154732610},3C_20_80-02.txt,35.738,0.250,8.935,1,16.641,186.25,16.641,16.797,0.000
95,ec.gp.GPIndividual@1361729539{154732610},3C_20_80-03.txt,169.439,0.250,42.360,0,0.000,0.00,0.000,16.797,0.000
95,ec.gp.GPIndividual@1361729539{154732610},3C_20_66-03.txt,118.340,0.250,29.585,1,7.781,26.30,7.781,16.797,0.000
95,ec.gp.GPIndividual@1688465208{673355199},3C_20_50-02.txt,61.404,0.250,15.351,1,0.531,3.46,0.531,0.531,0.531
95,ec.gp.GPIndividual@1688465208{673355199},3C_20_50-03.txt,30.993,0.250,7.748,2,12.719,164.15,6.359,6.438,0.531
95,ec.gp.GPIndividual@1688465208{673355199},3C_20_80-01.txt,4.194,0.250,1.049,2,1.156,110.26,0.578,6.438,0.500
95,ec.gp.GPIndividual@1688465208{673355199},3C_20_80-02.txt,35.738,0.250,8.935,2,14.875,166.49,7.438,14.703,0.172
95,ec.gp.GPIndividual@471184550{875723198},3C_20_50-02.txt,61.404,0.250,15.351,1,0.484,3.16,0.484,0.484,0.484
95,ec.gp.GPIndividual@471184550{875723198},3C_20_50-03.txt,30.993,0.250,7.748,1,16.844,217.39,16.844,16.844,0.484
95,ec.gp.GPIndividual@296906376{179003112},3C_20_50-02.txt,61.404,0.250,15.351,3,5.641,36.74,1.880,3.266,0.313
95,ec.gp.GPIndividual@296906376{179003112},3C_20_66-01.txt,7.322,0.250,1.831,1,12.281,670.91,12.281,12.281,0.313
95,ec.gp.GPIndividual@1505142636{107298193},3C_20_50-02.txt,61.404,0.250,15.351,2,3.578,23.31,1.789,3.156,0.422
95,ec.gp.GPIndividual@1505142636{107298193},3C_20_66-01.txt,7.322,0.250,1.831,1,1.891,103.28,1.891,3.156,0.422
95,ec.gp.GPIndividual@1505142636{107298193},3C_20_66-03.txt,118.340,0.250,29.585,1,0.734,2.48,0.734,3.156,0.422
95,ec.gp.GPIndividual@1505142636{107298193},3C_20_66-02.txt,154.245,0.250,38.561,3,5.469,14.18,1.823,3.156,0.422
95,ec.gp.GPIndividual@1505142636{107298193},3C_20_66-03.txt,118.340,0.250,29.585,5,16.391,55.40,3.278,4.953,0.422
95,ec.gp.GPIndividual@1505142636{107298193},3C_20_80-01.txt,4.194,0.250,1.049,1,0.422,40.23,0.422,4.953,0.422
95,ec.gp.GPIndividual@1505142636{107298193},3C_20_80-02.txt,35.738,0.250,8.935,1,1.688,18.89,1.688,4.953,0.422
95,ec.gp.GPIndividual@1505142636{107298193},3C_20_80-03.txt,169.439,0.250,42.360,1,4.953,11.69,4.953,4.953,0.422
95,ec.gp.GPIndividual@1505142636{107298193},3C_20_80-01.txt,4.194,0.250,1.049,1,0.422,40.23,0.422,4.953,0.422
95,ec.gp.GPIndividual@1505142636{107298193},3C_20_80-02.txt,35.738,0.250,8.935,1,1.688,18.89,1.688,4.953,0.422
95,ec.gp.GPIndividual@1505142636{107298193},3C_20_80-03.txt,169.439,0.250,42.360,3,22.391,52.86,7.464,9.297,0.422
95,ec.gp.GPIndividual@231966068{894803467},3C_20_50-02.txt,61.404,0.250,15.351,4,14.047,91.50,3.512,7.391,0.422
95,ec.gp.GPIndividual@225602501{-861399598},3C_20_50-02.txt,61.404,0.250,15.351,8,17.797,115.93,2.225,4.797,0.438
95,ec.gp.GPIndividual@225602501{-861399598},3C_20_50-03.txt,30.993,0.250,7.748,3,13.344,172.22,4.448,9.891,0.438
95,ec.gp.GPIndividual@611419342{-632095337},3C_20_50-02.txt,61.404,0.250,15.351,6,22.484,146.47,3.747,13.625,0.281
95,ec.gp.GPIndividual@611419342{-632095337},3C_20_50-03.txt,30.993,0.250,7.748,1,2.250,29.04,2.250,13.625,0.281
95,ec.gp.GPIndividual@611419342{-632095337},3C_20_50-03.txt,30.993,0.250,7.748,4,9.203,118.78,2.301,13.625,0.281
95,ec.gp.GPIndividual@611419342{-632095337},3C_20_66-01.txt,7.322,0.250,1.831,1,2.281,124.62,2.281,13.625,0.281
95,ec.gp.GPIndividual@611419342{-632095337},3C_20_50-03.txt,30.993,0.250,7.748,1,5.266,67.96,5.266,13.625,0.281
95,ec.gp.GPIndividual@611419342{-632095337},3C_20_50-03.txt,30.993,0.250,7.748,8,8.625,111.32,1.078,13.625,0.141
95,ec.gp.GPIndividual@611419342{-632095337},3C_20_66-02.txt,154.245,0.250,38.561,1,0.141,0.36,0.141,13.625,0.141
95,ec.gp.GPIndividual@611419342{-632095337},3C_20_66-01.txt,7.322,0.250,1.831,1,3.203,174.98,3.203,13.625,0.141
95,ec.gp.GPIndividual@611419342{-632095337},3C_20_66-01.txt,7.322,0.250,1.831,1,3.203,174.98,3.203,13.625,0.141
95,ec.gp.GPIndividual@611419342{-632095337},3C_20_66-01.txt,7.322,0.250,1.831,1,2.813,153.64,2.813,13.625,0.141
95,ec.gp.GPIndividual@611419342{-632095337},3C_20_66-01.txt,7.322,0.250,1.831,3,2.078,113.52,0.693,13.625,0.141
95,ec.gp.GPIndividual@611419342{-632095337},3C_20_66-02.txt,154.245,0.250,38.561,26,39.828,103.29,1.532,13.625,0.141
95,ec.gp.GPIndividual@611419342{-632095337},3C_20_66-02.txt,154.245,0.250,38.561,11,42.797,110.98,3.891,13.625,0.141
95,ec.gp.GPIndividual@611419342{-632095337},3C_20_66-02.txt,154.245,0.250,38.561,1,1.203,3.12,1.203,13.625,0.141
95,ec.gp.GPIndividual@611419342{-632095337},3C_20_66-03.txt,118.340,0.250,29.585,6,30.516,103.15,5.086,13.625,0.141
95,ec.gp.GPIndividual@611419342{-632095337},3C_20_66-02.txt,154.245,0.250,38.561,6,15.734,40.80,2.622,13.625,0.141
95,ec.gp.GPIndividual@611419342{-632095337},3C_20_66-03.txt,118.340,0.250,29.585,8,29.656,100.24,3.707,13.625,0.141
95,ec.gp.GPIndividual@611419342{-632095337},3C_20_66-03.txt,118.340,0.250,29.585,4,34.234,115.72,8.559,13.625,0.141
95,ec.gp.GPIndividual@611419342{-632095337},3C_20_66-03.txt,118.340,0.250,29.585,3,13.469,45.53,4.490,13.625,0.141
95,ec.gp.GPIndividual@611419342{-632095337},3C_20_80-01.txt,4.194,0.250,1.049,2,5.219,497.68,2.609,13.625,0.141
95,ec.gp.GPIndividual@611419342{-632095337},3C_20_80-01.txt,4.194,0.250,1.049,2,2.984,284.60,1.492,13.625,0.141
95,ec.gp.GPIndividual@611419342{-632095337},3C_20_80-01.txt,4.194,0.250,1.049,1,7.156,682.44,7.156,13.625,0.141
95,ec.gp.GPIndividual@611419342{-632095337},3C_20_66-03.txt,118.340,0.250,29.585,16,35.703,120.68,2.231,13.625,0.141
95,ec.gp.GPIndividual@611419342{-632095337},3C_20_80-01.txt,4.194,0.250,1.049,2,1.328,126.65,0.664,13.625,0.141
95,ec.gp.GPIndividual@611419342{-632095337},3C_20_80-02.txt,35.738,0.250,8.935,6,9.672,108.25,1.612,13.625,0.141
95,ec.gp.GPIndividual@611419342{-632095337},3C_20_80-03.txt,169.439,0.250,42.360,14,43.094,101.73,3.078,13.625,0.141
95,ec.gp.GPIndividual@177028215{1916494836},3C_20_50-02.txt,61.404,0.250,15.351,3,29.422,191.66,9.807,14.859,0.281
95,ec.gp.GPIndividual@177028215{1916494836},3C_20_80-01.txt,4.194,0.250,1.049,1,0.438,41.72,0.438,14.859,0.281
95,ec.gp.GPIndividual@177028215{1916494836},3C_20_80-02.txt,35.738,0.250,8.935,3,9.688,108.43,3.229,14.859,0.281
95,ec.gp.GPIndividual@177028215{1916494836},3C_20_50-03.txt,30.993,0.250,7.748,5,8.063,104.06,1.613,14.859,0.281
95,ec.gp.GPIndividual@177028215{1916494836},3C_20_80-02.txt,35.738,0.250,8.935,5,8.594,96.19,1.719,14.859,0.281
95,ec.gp.GPIndividual@177028215{1916494836},3C_20_80-02.txt,35.738,0.250,8.935,6,10.938,122.42,1.823,14.859,0.281
95,ec.gp.GPIndividual@177028215{1916494836},3C_20_80-02.txt,35.738,0.250,8.935,10,10.281,115.07,1.028,14.859,0.281
95,ec.gp.GPIndividual@177028215{1916494836},3C_20_80-03.txt,169.439,0.250,42.360,5,7.063,16.67,1.413,14.859,0.125
95,ec.gp.GPIndividual@177028215{1916494836},3C_20_80-03.txt,169.439,0.250,42.360,9,54.328,128.25,6.036,14.859,0.125
95,ec.gp.GPIndividual@1498074285{1470989173},3C_20_50-02.txt,61.404,0.250,15.351,3,15.172,98.83,5.057,14.656,0.203
95,ec.gp.GPIndividual@1498074285{1470989173},3C_20_66-01.txt,7.322,0.250,1.831,3,16.781,916.73,5.594,15.969,0.203
95,ec.gp.GPIndividual@1498074285{1470989173},3C_20_80-03.txt,169.439,0.250,42.360,4,7.172,16.93,1.793,15.969,0.203
95,ec.gp.GPIndividual@1498074285{1470989173},3C_20_80-03.txt,169.439,0.250,42.360,1,0.844,1.99,0.844,15.969,0.203
95,ec.gp.GPIndividual@1498074285{1470989173},3C_20_66-02.txt,154.245,0.250,38.561,12,46.297,120.06,3.858,15.969,0.203
95,ec.gp.GPIndividual@1498074285{1470989173},3C_20_50-03.txt,30.993,0.250,7.748,1,12.938,166.98,12.938,15.969,0.203
95,ec.gp.GPIndividual@510270313{-2147349459},3C_20_50-02.txt,61.404,0.250,15.351,9,15.938,103.82,1.771,5.438,0.219
95,ec.gp.GPIndividual@1964966851{-1597407343},3C_20_50-02.txt,61.404,0.250,15.351,2,0.547,3.56,0.273,0.344,0.203
95,ec.gp.GPIndividual@1964966851{-1597407343},3C_20_50-03.txt,30.993,0.250,7.748,1,5.406,69.77,5.406,5.406,0.203
95,ec.gp.GPIndividual@1964966851{-1597407343},3C_20_66-03.txt,118.340,0.250,29.585,2,6.391,21.60,3.195,5.406,0.203
95,ec.gp.GPIndividual@1964966851{-1597407343},3C_20_66-01.txt,7.322,0.250,1.831,1,0.594,32.44,0.594,5.406,0.203
95,ec.gp.GPIndividual@1964966851{-1597407343},3C_20_66-02.txt,154.245,0.250,38.561,2,4.781,12.40,2.391,5.406,0.203
95,ec.gp.GPIndividual@1964966851{-1597407343},3C_20_66-03.txt,118.340,0.250,29.585,2,10.078,34.07,5.039,6.047,0.203
95,ec.gp.GPIndividual@1964966851{-1597407343},3C_20_50-03.txt,30.993,0.250,7.748,2,5.609,72.40,2.805,6.047,0.203
95,ec.gp.GPIndividual@1964966851{-1597407343},3C_20_80-01.txt,4.194,0.250,1.049,1,2.469,235.43,2.469,6.047,0.203
95,ec.gp.GPIndividual@1964966851{-1597407343},3C_20_66-01.txt,7.322,0.250,1.831,1,2.438,133.16,2.438,6.047,0.203
95,ec.gp.GPIndividual@1964966851{-1597407343},3C_20_80-01.txt,4.194,0.250,1.049,1,0.453,43.21,0.453,6.047,0.203
95,ec.gp.GPIndividual@1964966851{-1597407343},3C_20_80-02.txt,35.738,0.250,8.935,5,3.828,42.85,0.766,6.047,0.203
95,ec.gp.GPIndividual@1964966851{-1597407343},3C_20_80-03.txt,169.439,0.250,42.360,6,11.844,27.96,1.974,6.047,0.203
95,ec.gp.GPIndividual@89131299{1470989173},3C_20_50-02.txt,61.404,0.250,15.351,2,16.188,105.45,8.094,16.094,0.094
95,ec.gp.GPIndividual@1848687654{-1376142045},3C_20_50-02.txt,61.404,0.250,15.351,10,16.641,108.40,1.664,4.891,0.078
95,ec.gp.GPIndividual@1848687654{-1376142045},3C_20_50-03.txt,30.993,0.250,7.748,1,0.891,11.49,0.891,4.891,0.078
95,ec.gp.GPIndividual@1848687654{-1376142045},3C_20_50-03.txt,30.993,0.250,7.748,6,8.234,106.28,1.372,4.891,0.078
95,ec.gp.GPIndividual@1848687654{-1376142045},3C_20_66-01.txt,7.322,0.250,1.831,3,1.297,70.85,0.432,4.891,0.078
95,ec.gp.GPIndividual@1848687654{-1376142045},3C_20_66-01.txt,7.322,0.250,1.831,6,1.969,107.55,0.328,4.891,0.078
95,ec.gp.GPIndividual@1848687654{-1376142045},3C_20_66-02.txt,154.245,0.250,38.561,2,0.328,0.85,0.164,4.891,0.031
95,ec.gp.GPIndividual@1848687654{-1376142045},3C_20_66-02.txt,154.245,0.250,38.561,14,34.422,89.27,2.459,11.141,0.031
95,ec.gp.GPIndividual@1848687654{-1376142045},3C_20_66-03.txt,118.340,0.250,29.585,6,28.156,95.17,4.693,11.141,0.031
95,ec.gp.GPIndividual@1848687654{-1376142045},3C_20_80-01.txt,4.194,0.250,1.049,3,0.828,78.97,0.276,11.141,0.031
95,ec.gp.GPIndividual@1848687654{-1376142045},3C_20_80-02.txt,35.738,0.250,8.935,4,5.188,58.06,1.297,11.141,0.031
95,ec.gp.GPIndividual@1848687654{-1376142045},3C_20_66-03.txt,118.340,0.250,29.585,8,28.109,95.01,3.514,11.500,0.031
95,ec.gp.GPIndividual@1848687654{-1376142045},3C_20_80-01.txt,4.194,0.250,1.049,5,0.984,93.87,0.197,11.500,0.031
95,ec.gp.GPIndividual@1848687654{-1376142045},3C_20_80-02.txt,35.738,0.250,8.935,3,6.734,75.37,2.245,11.500,0.031
95,ec.gp.GPIndividual@1848687654{-1376142045},3C_20_80-03.txt,169.439,0.250,42.360,7,38.109,89.97,5.444,16.453,0.031
95,ec.gp.GPIndividual@299666992{-1696606724},3C_20_50-02.txt,61.404,0.250,15.351,6,16.672,108.60,2.779,9.234,0.109
95,ec.gp.GPIndividual@299666992{-1696606724},3C_20_50-03.txt,30.993,0.250,7.748,3,5.281,68.16,1.760,9.234,0.109
95,ec.gp.GPIndividual@299666992{-1696606724},3C_20_80-03.txt,169.439,0.250,42.360,8,46.234,109.15,5.779,15.531,0.109
95,ec.gp.GPIndividual@299666992{-1696606724},3C_20_66-01.txt,7.322,0.250,1.831,8,1.813,99.01,0.227,15.531,0.000
95,ec.gp.GPIndividual@299666992{-1696606724},3C_20_66-02.txt,154.245,0.250,38.561,8,30.703,79.62,3.838,15.531,0.000
96,ec.gp.GPIndividual@27689722{-607628891},3C_20_50-02.txt,61.404,0.250,15.351,0,0.000,0.00,0.000,0.000,0.000
96,ec.gp.GPIndividual@328754349{-594165022},3C_20_50-02.txt,61.404,0.250,15.351,0,0.000,0.00,0.000,0.000,0.000
96,ec.gp.GPIndividual@328754349{-594165022},3C_20_66-01.txt,7.322,0.250,1.831,1,0.000,0.00,0.000,0.000,0.000
96,ec.gp.GPIndividual@328754349{-594165022},3C_20_50-03.txt,30.993,0.250,7.748,0,0.000,0.00,0.000,0.000,0.000
96,ec.gp.GPIndividual@328754349{-594165022},3C_20_50-03.txt,30.993,0.250,7.748,0,0.000,0.00,0.000,0.000,0.000
96,ec.gp.GPIndividual@328754349{-594165022},3C_20_66-02.txt,154.245,0.250,38.561,1,0.000,0.00,0.000,0.000,0.000
96,ec.gp.GPIndividual@328754349{-594165022},3C_20_66-02.txt,154.245,0.250,38.561,1,0.000,0.00,0.000,0.000,0.000
96,ec.gp.GPIndividual@328754349{-594165022},3C_20_66-03.txt,118.340,0.250,29.585,1,0.000,0.00,0.000,0.000,0.000
96,ec.gp.GPIndividual@328754349{-594165022},3C_20_66-03.txt,118.340,0.250,29.585,0,0.000,0.00,0.000,0.000,0.000
96,ec.gp.GPIndividual@328754349{-594165022},3C_20_80-01.txt,4.194,0.250,1.049,1,0.000,0.00,0.000,0.000,0.000
96,ec.gp.GPIndividual@328754349{-594165022},3C_20_80-01.txt,4.194,0.250,1.049,0,0.000,0.00,0.000,0.000,0.000
96,ec.gp.GPIndividual@328754349{-594165022},3C_20_80-02.txt,35.738,0.250,8.935,1,0.000,0.00,0.000,0.000,0.000
96,ec.gp.GPIndividual@328754349{-594165022},3C_20_80-02.txt,35.738,0.250,8.935,0,0.000,0.00,0.000,0.000,0.000
96,ec.gp.GPIndividual@328754349{-594165022},3C_20_80-03.txt,169.439,0.250,42.360,1,0.000,0.00,0.000,0.000,0.000
96,ec.gp.GPIndividual@328754349{-594165022},3C_20_80-03.txt,169.439,0.250,42.360,0,0.000,0.00,0.000,0.000,0.000
96,ec.gp.GPIndividual@1567069412{1433140311},3C_20_50-02.txt,61.404,0.250,15.351,0,0.000,0.00,0.000,0.000,0.000
96,ec.gp.GPIndividual@1567069412{1433140311},3C_20_50-03.txt,30.993,0.250,7.748,0,0.000,0.00,0.000,0.000,0.000
96,ec.gp.GPIndividual@1567069412{1433140311},3C_20_66-01.txt,7.322,0.250,1.831,0,0.000,0.00,0.000,0.000,0.000
96,ec.gp.GPIndividual@1567069412{1433140311},3C_20_66-02.txt,154.245,0.250,38.561,0,0.000,0.00,0.000,0.000,0.000
96,ec.gp.GPIndividual@1567069412{1433140311},3C_20_66-03.txt,118.340,0.250,29.585,0,0.000,0.00,0.000,0.000,0.000
96,ec.gp.GPIndividual@1567069412{1433140311},3C_20_80-01.txt,4.194,0.250,1.049,0,0.000,0.00,0.000,0.000,0.000
96,ec.gp.GPIndividual@1567069412{1433140311},3C_20_80-02.txt,35.738,0.250,8.935,0,0.000,0.00,0.000,0.000,0.000
96,ec.gp.GPIndividual@1567069412{1433140311},3C_20_80-03.txt,169.439,0.250,42.360,0,0.000,0.00,0.000,0.000,0.000
96,ec.gp.GPIndividual@625203938{-777252337},3C_20_50-02.txt,61.404,0.250,15.351,14,14.813,96.49,1.058,1.906,0.375
96,ec.gp.GPIndividual@625203938{-777252337},3C_20_50-03.txt,30.993,0.250,7.748,4,9.094,117.37,2.273,2.609,0.375
96,ec.gp.GPIndividual@625203938{-777252337},3C_20_50-03.txt,30.993,0.250,7.748,2,2.984,38.52,1.492,2.609,0.375
96,ec.gp.GPIndividual@625203938{-777252337},3C_20_50-03.txt,30.993,0.250,7.748,4,9.359,120.80,2.340,3.188,0.375
96,ec.gp.GPIndividual@625203938{-777252337},3C_20_66-01.txt,7.322,0.250,1.831,4,3.344,182.66,0.836,3.188,0.172
96,ec.gp.GPIndividual@625203938{-777252337},3C_20_50-03.txt,30.993,0.250,7.748,5,9.516,122.81,1.903,3.234,0.125
96,ec.gp.GPIndividual@625203938{-777252337},3C_20_50-03.txt,30.993,0.250,7.748,3,2.813,36.30,0.938,3.234,0.125
96,ec.gp.GPIndividual@625203938{-777252337},3C_20_50-03.txt,30.993,0.250,7.748,5,10.453,134.91,2.091,3.234,0.125
96,ec.gp.GPIndividual@625203938{-777252337},3C_20_66-01.txt,7.322,0.250,1.831,1,3.031,165.59,3.031,3.234,0.125
96,ec.gp.GPIndividual@625203938{-777252337},3C_20_66-01.txt,7.322,0.250,1.831,2,1.875,102.43,0.938,3.234,0.125
96,ec.gp.GPIndividual@625203938{-777252337},3C_20_66-02.txt,154.245,0.250,38.561,12,20.953,54.34,1.746,4.109,0.125
96,ec.gp.GPIndividual@625203938{-777252337},3C_20_66-01.txt,7.322,0.250,1.831,2,2.875,157.06,1.438,4.109,0.125
96,ec.gp.GPIndividual@625203938{-777252337},3C_20_66-02.txt,154.245,0.250,38.561,18,42.797,110.98,2.378,7.297,0.125
96,ec.gp.GPIndividual@625203938{-777252337},3C_20_66-01.txt,7.322,0.250,1.831,2,2.109,115.23,1.055,7.297,0.125
96,ec.gp.GPIndividual@625203938{-777252337},3C_20_66-02.txt,154.245,0.250,38.561,11,38.828,100.69,3.530,10.031,0.125
96,ec.gp.GPIndividual@625203938{-777252337},3C_20_66-03.txt,118.340,0.250,29.585,4,32.063,108.37,8.016,11.938,0.125
96,ec.gp.GPIndividual@625203938{-777252337},3C_20_66-03.txt,118.340,0.250,29.585,4,33.219,112.28,8.305,14.859,0.125
96,ec.gp.GPIndividual@625203938{-777252337},3C_20_66-01.txt,7.322,0.250,1.831,1,1.766,96.45,1.766,14.859,0.125
96,ec.gp.GPIndividual@625203938{-777252337},3C_20_66-02.txt,154.245,0.250,38.561,7,30.922,80.19,4.417,14.859,0.125
96,ec.gp.GPIndividual@625203938{-777252337},3C_20_66-03.txt,118.340,0.250,29.585,11,31.859,107.69,2.896,14.859,0.125
96,ec.gp.GPIndividual@625203938{-777252337},3C_20_66-02.txt,154.245,0.250,38.561,8,40.047,103.85,5.006,14.859,0.125
96,ec.gp.GPIndividual@625203938{-777252337},3C_20_80-01.txt,4.194,0.250,1.049,2,1.531,146.03,0.766,14.859,0.125
96,ec.gp.GPIndividual@625203938{-777252337},3C_20_66-03.txt,118.340,0.250,29.585,3,4.203,14.21,1.401,14.859,0.125
96,ec.gp.GPIndividual@625203938{-777252337},3C_20_80-02.txt,35.738,0.250,8.935,4,8.984,100.56,2.246,14.859,0.125
96,ec.gp.GPIndividual@625203938{-777252337},3C_20_80-01.txt,4.194,0.250,1.049,2,1.047,99.83,0.523,14.859,0.125
96,ec.gp.GPIndividual@625203938{-777252337},3C_20_80-03.txt,169.439,0.250,42.360,6,30.016,70.86,5.003,14.859,0.125
96,ec.gp.GPIndividual@625203938{-777252337},3C_20_80-01.txt,4.194,0.250,1.049,4,1.219,116.22,0.305,14.859,0.125
96,ec.gp.GPIndividual@625203938{-777252337},3C_20_80-02.txt,35.738,0.250,8.935,2,9.703,108.60,4.852,14.859,0.125
96,ec.gp.GPIndividual@2055694297{559489200},3C_20_50-02.txt,61.404,0.250,15.351,4,17.109,111.45,4.277,10.781,0.500
96,ec.gp.GPIndividual@2055694297{559489200},3C_20_80-02.txt,35.738,0.250,8.935,4,6.781,75.90,1.695,10.781,0.500
96,ec.gp.GPIndividual@2055694297{559489200},3C_20_66-03.txt,118.340,0.250,29.585,13,38.797,131.14,2.984,13.453,0.500
96,ec.gp.GPIndividual@2055694297{559489200},3C_20_66-02.txt,154.245,0.250,38.561,7,23.281,60.37,3.326,13.453,0.500
96,ec.gp.GPIndividual@2055694297{559489200},3C_20_80-01.txt,4.194,0.250,1.049,2,3.969,378.47,1.984,13.453,0.500
96,ec.gp.GPIndividual@2055694297{559489200},3C_20_80-01.txt,4.194,0.250,1.049,2,1.734,165.40,0.867,13.453,0.344
96,ec.gp.GPIndividual@2055694297{559489200},3C_20_66-03.txt,118.340,0.250,29.585,10,31.328,105.89,3.133,13.453,0.328
96,ec.gp.GPIndividual@2055694297{559489200},3C_20_80-03.txt,169.439,0.250,42.360,10,43.781,103.36,4.378,14.703,0.328
96,ec.gp.GPIndividual@2055694297{559489200},3C_20_80-02.txt,35.738,0.250,8.935,2,3.734,41.80,1.867,14.703,0.328
96,ec.gp.GPIndividual@2055694297{559489200},3C_20_80-02.txt,35.738,0.250,8.935,3,9.531,106.68,3.177,14.703,0.328
96,ec.gp.GPIndividual@2055694297{559489200},3C_20_80-03.txt,169.439,0.250,42.360,13,46.734,110.33,3.595,14.703,0.328
96,ec.gp.GPIndividual@2055694297{559489200},3C_20_50-03.txt,30.993,0.250,7.748,5,7.297,94.18,1.459,14.703,0.328
96,ec.gp.GPIndividual@2055694297{559489200},3C_20_80-03.txt,169.439,0.250,42.360,1,2.906,6.86,2.906,14.703,0.328
96,ec.gp.GPIndividual@856663001{-1428166668},3C_20_50-02.txt,61.404,0.250,15.351,5,15.547,101.28,3.109,10.203,0.469
96,ec.gp.GPIndividual@856663001{-1428166668},3C_20_80-01.txt,4.194,0.250,1.049,1,0.344,32.78,0.344,10.203,0.344
96,ec.gp.GPIndividual@856663001{-1428166668},3C_20_50-03.txt,30.993,0.250,7.748,2,15.641,201.86,7.820,15.109,0.344
96,ec.gp.GPIndividual@920507106{1948675049},3C_20_50-02.txt,61.404,0.250,15.351,0,0.000,0.00,0.000,0.000,0.000
96,ec.gp.GPIndividual@920507106{1948675049},3C_20_50-03.txt,30.993,0.250,7.748,0,0.000,0.00,0.000,0.000,0.000
96,ec.gp.GPIndividual@920507106{1948675049},3C_20_66-01.txt,7.322,0.250,1.831,0,0.000,0.00,0.000,0.000,0.000
96,ec.gp.GPIndividual@920507106{1948675049},3C_20_66-02.txt,154.245,0.250,38.561,0,0.000,0.00,0.000,0.000,0.000
96,ec.gp.GPIndividual@920507106{1948675049},3C_20_66-03.txt,118.340,0.250,29.585,0,0.000,0.00,0.000,0.000,0.000
96,ec.gp.GPIndividual@920507106{1948675049},3C_20_80-01.txt,4.194,0.250,1.049,0,0.000,0.00,0.000,0.000,0.000
96,ec.gp.GPIndividual@920507106{1948675049},3C_20_80-02.txt,35.738,0.250,8.935,0,0.000,0.00,0.000,0.000,0.000
96,ec.gp.GPIndividual@920507106{1948675049},3C_20_80-03.txt,169.439,0.250,42.360,0,0.000,0.00,0.000,0.000,0.000
96,ec.gp.GPIndividual@1132816135{-1089490998},3C_20_50-02.txt,61.404,0.250,15.351,3,17.516,114.10,5.839,16.125,0.344
96,ec.gp.GPIndividual@1132816135{-1089490998},3C_20_80-03.txt,169.439,0.250,42.360,13,42.563,100.48,3.274,16.125,0.344
96,ec.gp.GPIndividual@1132816135{-1089490998},3C_20_50-03.txt,30.993,0.250,7.748,2,8.484,109.50,4.242,16.125,0.344
96,ec.gp.GPIndividual@1132816135{-1089490998},3C_20_66-01.txt,7.322,0.250,1.831,1,2.844,155.35,2.844,16.125,0.344
96,ec.gp.GPIndividual@1132816135{-1089490998},3C_20_66-01.txt,7.322,0.250,1.831,3,1.922,104.99,0.641,16.125,0.172
96,ec.gp.GPIndividual@1132816135{-1089490998},3C_20_66-02.txt,154.245,0.250,38.561,12,31.922,82.78,2.660,16.125,0.172
96,ec.gp.GPIndividual@1132816135{-1089490998},3C_20_66-03.txt,118.340,0.250,29.585,6,30.500,103.09,5.083,16.125,0.172
96,ec.gp.GPIndividual@1132816135{-1089490998},3C_20_66-01.txt,7.322,0.250,1.831,1,13.469,735.78,13.469,16.125,0.172
96,ec.gp.GPIndividual@551536248{320230162},3C_20_50-02.txt,61.404,0.250,15.351,5,16.875,109.93,3.375,7.844,0.469
96,ec.gp.GPIndividual@551536248{320230162},3C_20_80-02.txt,35.738,0.250,8.935,3,13.750,153.90,4.583,10.906,0.469
96,ec.gp.GPIndividual@551536248{320230162},3C_20_66-02.txt,154.245,0.250,38.561,3,6.563,17.02,2.188,10.906,0.469
96,ec.gp.GPIndividual@551536248{320230162},3C_20_80-01.txt,4.194,0.250,1.049,3,1.063,101.32,0.354,10.906,0.172
96,ec.gp.GPIndividual@551536248{320230162},3C_20_80-02.txt,35.738,0.250,8.935,1,4.156,46.52,4.156,10.906,0.172
96,ec.gp.GPIndividual@1909727556{655165708},3C_20_50-02.txt,61.404,0.250,15.351,10,16.344,106.47,1.634,2.359,0.469
96,ec.gp.GPIndividual@1909727556{655165708},3C_20_50-03.txt,30.993,0.250,7.748,5,8.688,112.12,1.738,3.109,0.469
96,ec.gp.GPIndividual@1909727556{655165708},3C_20_66-02.txt,154.245,0.250,38.561,1,1.219,3.16,1.219,3.109,0.469
96,ec.gp.GPIndividual@1909727556{655165708},3C_20_80-03.txt,169.439,0.250,42.360,15,41.453,97.86,2.764,6.328,0.469
96,ec.gp.GPIndividual@1909727556{655165708},3C_20_66-03.txt,118.340,0.250,29.585,1,7.484,25.30,7.484,7.484,0.469
96,ec.gp.GPIndividual@1909727556{655165708},3C_20_66-01.txt,7.322,0.250,1.831,2,3.406,186.08,1.703,7.484,0.469
96,ec.gp.GPIndividual@468715138{-2043676854},3C_20_50-02.txt,61.404,0.250,15.351,3,12.297,80.10,4.099,11.250,0.516
96,ec.gp.GPIndividual@468715138{-2043676854},3C_20_50-03.txt,30.993,0.250,7.748,1,1.047,13.51,1.047,11.250,0.516
96,ec.gp.GPIndividual@468715138{-2043676854},3C_20_66-02.txt,154.245,0.250,38.561,3,34.375,89.14,11.458,16.828,0.516
96,ec.gp.GPIndividual@468715138{-2043676854},3C_20_50-03.txt,30.993,0.250,7.748,1,3.250,41.95,3.250,16.828,0.516
96,ec.gp.GPIndividual@468715138{-2043676854},3C_20_66-01.txt,7.322,0.250,1.831,1,1.813,99.01,1.813,16.828,0.516
96,ec.gp.GPIndividual@468715138{-2043676854},3C_20_66-03.txt,118.340,0.250,29.585,2,3.547,11.99,1.773,16.828,0.516
96,ec.gp.GPIndividual@468715138{-2043676854},3C_20_66-02.txt,154.245,0.250,38.561,4,12.000,31.12,3.000,16.828,0.516
96,ec.gp.GPIndividual@468715138{-2043676854},3C_20_66-03.txt,118.340,0.250,29.585,1,2.516,8.50,2.516,16.828,0.516
96,ec.gp.GPIndividual@468715138{-2043676854},3C_20_66-03.txt,118.340,0.250,29.585,5,29.969,101.30,5.994,16.828,0.516
96,ec.gp.GPIndividual@468715138{-2043676854},3C_20_80-01.txt,4.194,0.250,1.049,1,2.375,226.49,2.375,16.828,0.516
96,ec.gp.GPIndividual@468715138{-2043676854},3C_20_80-03.txt,169.439,0.250,42.360,1,6.203,14.64,6.203,16.828,0.516
96,ec.gp.GPIndividual@468715138{-2043676854},3C_20_80-01.txt,4.194,0.250,1.049,3,4.375,417.21,1.458,16.828,0.328
96,ec.gp.GPIndividual@468715138{-2043676854},3C_20_80-01.txt,4.194,0.250,1.049,1,0.156,14.90,0.156,16.828,0.156
96,ec.gp.GPIndividual@468715138{-2043676854},3C_20_80-02.txt,35.738,0.250,8.935,1,0.484,5.42,0.484,16.828,0.156
96,ec.gp.GPIndividual@468715138{-2043676854},3C_20_80-02.txt,35.738,0.250,8.935,4,6.078,68.03,1.520,16.828,0.156
96,ec.gp.GPIndividual@468715138{-2043676854},3C_20_80-03.txt,169.439,0.250,42.360,4,21.000,49.58,5.250,16.828,0.156
96,ec.gp.GPIndividual@468715138{-2043676854},3C_20_80-01.txt,4.194,0.250,1.049,1,1.438,137.08,1.438,16.828,0.156
96,ec.gp.GPIndividual@468715138{-2043676854},3C_20_80-03.txt,169.439,0.250,42.360,6,19.484,46.00,3.247,16.828,0.156
96,ec.gp.GPIndividual@385617700{1750048224},3C_20_50-02.txt,61.404,0.250,15.351,6,16.531,107.69,2.755,6.328,0.516
96,ec.gp.GPIndividual@385617700{1750048224},3C_20_80-02.txt,35.738,0.250,8.935,1,9.156,102.48,9.156,9.156,0.516
96,ec.gp.GPIndividual@385617700{1750048224},3C_20_66-01.txt,7.322,0.250,1.831,2,1.563,85.36,0.781,9.156,0.328
96,ec.gp.GPIndividual@1678053601{1856872700},3C_20_50-02.txt,61.404,0.250,15.351,10,16.438,107.08,1.644,2.828,0.453
96,ec.gp.GPIndividual@1678053601{1856872700},3C_20_50-03.txt,30.993,0.250,7.748,2,2.266,29.24,1.133,2.828,0.453
96,ec.gp.GPIndividual@1678053601{1856872700},3C_20_80-03.txt,169.439,0.250,42.360,10,43.234,102.06,4.323,14.313,0.453
96,ec.gp.GPIndividual@1678053601{1856872700},3C_20_66-01.txt,7.322,0.250,1.831,2,2.547,139.13,1.273,14.313,0.453
96,ec.gp.GPIndividual@1298525450{-896088946},3C_20_50-02.txt,61.404,0.250,15.351,5,6.828,44.48,1.366,2.828,0.266
96,ec.gp.GPIndividual@1298525450{-896088946},3C_20_50-03.txt,30.993,0.250,7.748,2,9.281,119.79,4.641,8.094,0.266
96,ec.gp.GPIndividual@1298525450{-896088946},3C_20_50-03.txt,30.993,0.250,7.748,1,11.656,150.44,11.656,11.656,0.266
96,ec.gp.GPIndividual@1298525450{-896088946},3C_20_80-02.txt,35.738,0.250,8.935,4,10.500,117.52,2.625,11.656,0.266
96,ec.gp.GPIndividual@1298525450{-896088946},3C_20_80-03.txt,169.439,0.250,42.360,3,5.313,12.54,1.771,11.656,0.266
96,ec.gp.GPIndividual@1298525450{-896088946},3C_20_66-01.txt,7.322,0.250,1.831,1,3.125,170.71,3.125,11.656,0.266
96,ec.gp.GPIndividual@1298525450{-896088946},3C_20_66-03.txt,118.340,0.250,29.585,2,1.484,5.02,0.742,11.656,0.266
96,ec.gp.GPIndividual@1298525450{-896088946},3C_20_66-02.txt,154.245,0.250,38.561,4,11.547,29.94,2.887,11.656,0.266
96,ec.gp.GPIndividual@1298525450{-896088946},3C_20_66-03.txt,118.340,0.250,29.585,5,20.156,68.13,4.031,11.656,0.266
96,ec.gp.GPIndividual@1298525450{-896088946},3C_20_80-01.txt,4.194,0.250,1.049,2,0.750,71.52,0.375,11.656,0.266
96,ec.gp.GPIndividual@1298525450{-896088946},3C_20_80-02.txt,35.738,0.250,8.935,3,8.703,97.41,2.901,11.656,0.266
96,ec.gp.GPIndividual@1298525450{-896088946},3C_20_80-03.txt,169.439,0.250,42.360,2,8.297,19.59,4.148,11.656,0.266
96,ec.gp.GPIndividual@1298525450{-896088946},3C_20_80-01.txt,4.194,0.250,1.049,1,12.188,1162.24,12.188,12.188,0.266
96,ec.gp.GPIndividual@1802417624{-2112336648},3C_20_50-02.txt,61.404,0.250,15.351,1,16.953,110.44,16.953,16.953,16.953
96,ec.gp.GPIndividual@1802417624{-2112336648},3C_20_80-01.txt,4.194,0.250,1.049,4,1.328,126.65,0.332,16.953,0.141
96,ec.gp.GPIndividual@1802417624{-2112336648},3C_20_50-03.txt,30.993,0.250,7.748,7,9.563,123.42,1.366,16.953,0.141
96,ec.gp.GPIndividual@1724774607{-1109895600},3C_20_50-02.txt,61.404,0.250,15.351,8,16.344,106.47,2.043,3.328,0.406
96,ec.gp.GPIndividual@1724774607{-1109895600},3C_20_50-03.txt,30.993,0.250,7.748,9,7.656,98.81,0.851,3.359,0.000
96,ec.gp.GPIndividual@1724774607{-1109895600},3C_20_66-01.txt,7.322,0.250,1.831,2,2.063,112.67,1.031,3.359,0.000
96,ec.gp.GPIndividual@1724774607{-1109895600},3C_20_80-02.txt,35.738,0.250,8.935,7,10.188,114.02,1.455,3.359,0.000
96,ec.gp.GPIndividual@1724774607{-1109895600},3C_20_80-02.txt,35.738,0.250,8.935,1,12.781,143.05,12.781,12.781,0.000
96,ec.gp.GPIndividual@1724774607{-1109895600},3C_20_66-01.txt,7.322,0.250,1.831,4,0.406,22.19,0.102,12.781,0.000
96,ec.gp.GPIndividual@1724774607{-1109895600},3C_20_66-02.txt,154.245,0.250,38.561,25,42.531,110.30,1.701,12.781,0.000
96,ec.gp.GPIndividual@1724774607{-1109895600},3C_20_66-01.txt,7.322,0.250,1.831,3,1.906,104.14,0.635,12.781,0.000
96,ec.gp.GPIndividual@1724774607{-1109895600},3C_20_80-03.txt,169.439,0.250,42.360,5,2.516,5.94,0.503,12.781,0.000
96,ec.gp.GPIndividual@1724774607{-1109895600},3C_20_66-03.txt,118.340,0.250,29.585,9,29.594,100.03,3.288,12.781,0.000
96,ec.gp.GPIndividual@1724774607{-1109895600},3C_20_80-01.txt,4.194,0.250,1.049,7,0.906,86.42,0.129,12.781,0.000
96,ec.gp.GPIndividual@1724774607{-1109895600},3C_20_80-02.txt,35.738,0.250,8.935,2,7.234,80.97,3.617,12.781,0.000
96,ec.gp.GPIndividual@1724774607{-1109895600},3C_20_80-03.txt,169.439,0.250,42.360,11,43.141,101.84,3.922,12.781,0.000
96,ec.gp.GPIndividual@80488587{-1105372247},3C_20_50-02.txt,61.404,0.250,15.351,3,18.625,121.33,6.208,11.688,0.266
96,ec.gp.GPIndividual@80488587{-1105372247},3C_20_66-02.txt,154.245,0.250,38.561,7,10.844,28.12,1.549,11.688,0.000
96,ec.gp.GPIndividual@80488587{-1105372247},3C_20_80-03.txt,169.439,0.250,42.360,10,44.516,105.09,4.452,14.828,0.000
96,ec.gp.GPIndividual@80488587{-1105372247},3C_20_66-02.txt,154.245,0.250,38.561,5,30.016,77.84,6.003,14.828,0.000
96,ec.gp.GPIndividual@140726854{1748329086},3C_20_50-02.txt,61.404,0.250,15.351,7,26.484,172.52,3.783,11.563,0.219
96,ec.gp.GPIndividual@140726854{1748329086},3C_20_66-03.txt,118.340,0.250,29.585,1,0.203,0.69,0.203,11.563,0.203
96,ec.gp.GPIndividual@140726854{1748329086},3C_20_80-01.txt,4.194,0.250,1.049,2,2.109,201.16,1.055,11.563,0.203
96,ec.gp.GPIndividual@140726854{1748329086},3C_20_50-03.txt,30.993,0.250,7.748,3,3.422,44.16,1.141,11.563,0.203
96,ec.gp.GPIndividual@140726854{1748329086},3C_20_50-03.txt,30.993,0.250,7.748,7,7.734,99.82,1.105,11.563,0.109
96,ec.gp.GPIndividual@140726854{1748329086},3C_20_80-01.txt,4.194,0.250,1.049,1,2.500,238.41,2.500,11.563,0.109
96,ec.gp.GPIndividual@140726854{1748329086},3C_20_66-01.txt,7.322,0.250,1.831,1,2.234,122.06,2.234,11.563,0.109
96,ec.gp.GPIndividual@140726854{1748329086},3C_20_80-02.txt,35.738,0.250,8.935,12,9.563,107.03,0.797,11.563,0.109
96,ec.gp.GPIndividual@140726854{1748329086},3C_20_66-02.txt,154.245,0.250,38.561,2,1.031,2.67,0.516,11.563,0.094
96,ec.gp.GPIndividual@140726854{1748329086},3C_20_80-03.txt,169.439,0.250,42.360,15,43.844,103.50,2.923,11.563,0.094
96,ec.gp.GPIndividual@140726854{1748329086},3C_20_80-02.txt,35.738,0.250,8.935,2,13.484,150.92,6.742,12.250,0.094
96,ec.gp.GPIndividual@1735173666{-443940420},3C_20_50-02.txt,61.404,0.250,15.351,10,16.563,107.89,1.656,6.469,0.219
96,ec.gp.GPIndividual@1735173666{-443940420},3C_20_66-03.txt,118.340,0.250,29.585,9,32.375,109.43,3.597,9.625,0.219
96,ec.gp.GPIndividual@1735173666{-443940420},3C_20_80-03.txt,169.439,0.250,42.360,7,50.578,119.40,7.225,10.828,0.219
96,ec.gp.GPIndividual@1735173666{-443940420},3C_20_80-01.txt,4.194,0.250,1.049,4,1.984,189.24,0.496,10.828,0.219
96,ec.gp.GPIndividual@1735173666{-443940420},3C_20_66-01.txt,7.322,0.250,1.831,2,13.531,739.19,6.766,13.438,0.094
96,ec.gp.GPIndividual@1735173666{-443940420},3C_20_50-03.txt,30.993,0.250,7.748,8,7.813,100.83,0.977,13.438,0.094
96,ec.gp.GPIndividual@1735173666{-443940420},3C_20_66-02.txt,154.245,0.250,38.561,16,41.063,106.49,2.566,13.438,0.094
96,ec.gp.GPIndividual@1735173666{-443940420},3C_20_80-02.txt,35.738,0.250,8.935,1,13.516,151.27,13.516,13.516,0.094
96,ec.gp.GPIndividual@179089085{760134222},3C_20_50-02.txt,61.404,0.250,15.351,7,9.844,64.12,1.406,4.688,0.234
96,ec.gp.GPIndividual@179089085{760134222},3C_20_50-03.txt,30.993,0.250,7.748,5,8.266,106.68,1.653,4.688,0.234
96,ec.gp.GPIndividual@179089085{760134222},3C_20_66-01.txt,7.322,0.250,1.831,1,3.781,206.56,3.781,4.688,0.234
96,ec.gp.GPIndividual@179089085{760134222},3C_20_66-01.txt,7.322,0.250,1.831,3,2.750,150.23,0.917,4.688,0.234
96,ec.gp.GPIndividual@179089085{760134222},3C_20_66-03.txt,118.340,0.250,29.585,4,2.016,6.81,0.504,4.688,0.234
96,ec.gp.GPIndividual@179089085{760134222},3C_20_66-02.txt,154.245,0.250,38.561,7,8.938,23.18,1.277,4.688,0.234
96,ec.gp.GPIndividual@179089085{760134222},3C_20_66-03.txt,118.340,0.250,29.585,4,9.688,32.74,2.422,4.688,0.234
96,ec.gp.GPIndividual@179089085{760134222},3C_20_80-01.txt,4.194,0.250,1.049,1,11.750,1120.52,11.750,11.750,0.234
96,ec.gp.GPIndividual@179089085{760134222},3C_20_80-03.txt,169.439,0.250,42.360,3,1.672,3.95,0.557,11.750,0.234
96,ec.gp.GPIndividual@179089085{760134222},3C_20_80-02.txt,35.738,0.250,8.935,5,20.391,228.22,4.078,13.953,0.234
96,ec.gp.GPIndividual@179089085{760134222},3C_20_66-02.txt,154.245,0.250,38.561,11,39.016,101.18,3.547,13.953,0.234
96,ec.gp.GPIndividual@1251168928{-1601441417},3C_20_50-02.txt,61.404,0.250,15.351,4,19.875,129.47,4.969,11.016,0.234
96,ec.gp.GPIndividual@1251168928{-1601441417},3C_20_66-03.txt,118.340,0.250,29.585,1,1.813,6.13,1.813,11.016,0.234
96,ec.gp.GPIndividual@1251168928{-1601441417},3C_20_80-01.txt,4.194,0.250,1.049,2,1.766,168.38,0.883,11.016,0.234
96,ec.gp.GPIndividual@1251168928{-1601441417},3C_20_50-03.txt,30.993,0.250,7.748,6,9.500,122.61,1.583,11.016,0.234
96,ec.gp.GPIndividual@1251168928{-1601441417},3C_20_66-01.txt,7.322,0.250,1.831,1,3.453,188.64,3.453,11.016,0.234
96,ec.gp.GPIndividual@1251168928{-1601441417},3C_20_80-01.txt,4.194,0.250,1.049,2,1.156,110.26,0.578,11.016,0.234
96,ec.gp.GPIndividual@1251168928{-1601441417},3C_20_80-03.txt,169.439,0.250,42.360,8,6.625,15.64,0.828,11.016,0.203
96,ec.gp.GPIndividual@1251168928{-1601441417},3C_20_80-02.txt,35.738,0.250,8.935,8,9.375,104.93,1.172,11.016,0.109
96,ec.gp.GPIndividual@1251168928{-1601441417},3C_20_80-02.txt,35.738,0.250,8.935,1,0.109,1.22,0.109,11.016,0.109
96,ec.gp.GPIndividual@1251168928{-1601441417},3C_20_80-03.txt,169.439,0.250,42.360,6,10.656,25.16,1.776,11.016,0.109
96,ec.gp.GPIndividual@115894979{965157636},3C_20_50-02.txt,61.404,0.250,15.351,10,18.906,123.16,1.891,4.859,0.234
96,ec.gp.GPIndividual@115894979{965157636},3C_20_80-03.txt,169.439,0.250,42.360,7,46.641,110.11,6.663,16.953,0.219
96,ec.gp.GPIndividual@1030205666{-1326195024},3C_20_50-02.txt,61.404,0.250,15.351,2,16.219,105.65,8.109,16.031,0.188
96,ec.gp.GPIndividual@1030205666{-1326195024},3C_20_50-03.txt,30.993,0.250,7.748,1,14.422,186.13,14.422,16.031,0.188
96,ec.gp.GPIndividual@1318212953{1158422691},3C_20_50-02.txt,61.404,0.250,15.351,10,15.938,103.82,1.594,5.094,0.203
96,ec.gp.GPIndividual@1318212953{1158422691},3C_20_66-02.txt,154.245,0.250,38.561,12,50.578,131.16,4.215,15.344,0.203
96,ec.gp.GPIndividual@1318212953{1158422691},3C_20_50-03.txt,30.993,0.250,7.748,1,11.266,145.40,11.266,15.344,0.203
96,ec.gp.GPIndividual@1318212953{1158422691},3C_20_66-03.txt,118.340,0.250,29.585,8,32.063,108.37,4.008,15.344,0.203
96,ec.gp.GPIndividual@1318212953{1158422691},3C_20_66-01.txt,7.322,0.250,1.831,2,5.641,308.14,2.820,15.344,0.203
96,ec.gp.GPIndividual@1318212953{1158422691},3C_20_80-01.txt,4.194,0.250,1.049,3,1.313,125.16,0.438,15.344,0.203
96,ec.gp.GPIndividual@1318212953{1158422691},3C_20_80-02.txt,35.738,0.250,8.935,2,11.453,128.19,5.727,15.344,0.094
96,ec.gp.GPIndividual@1318212953{1158422691},3C_20_50-03.txt,30.993,0.250,7.748,2,2.875,37.11,1.438,15.344,0.094
96,ec.gp.GPIndividual@1318212953{1158422691},3C_20_66-02.txt,154.245,0.250,38.561,14,23.891,61.96,1.706,15.344,0.094
96,ec.gp.GPIndividual@1318212953{1158422691},3C_20_66-01.txt,7.322,0.250,1.831,6,1.891,103.28,0.315,15.344,0.094
96,ec.gp.GPIndividual@1318212953{1158422691},3C_20_66-02.txt,154.245,0.250,38.561,11,37.000,95.95,3.364,15.344,0.094
96,ec.gp.GPIndividual@1318212953{1158422691},3C_20_66-03.txt,118.340,0.250,29.585,4,34.094,115.24,8.523,15.344,0.094
96,ec.gp.GPIndividual@1318212953{1158422691},3C_20_66-03.txt,118.340,0.250,29.585,4,18.875,63.80,4.719,15.344,0.094
96,ec.gp.GPIndividual@1318212953{1158422691},3C_20_80-03.txt,169.439,0.250,42.360,9,43.859,103.54,4.873,15.344,0.094
96,ec.gp.GPIndividual@1318212953{1158422691},3C_20_80-01.txt,4.194,0.250,1.049,3,1.047,99.83,0.349,15.344,0.094
96,ec.gp.GPIndividual@1318212953{1158422691},3C_20_66-01.txt,7.322,0.250,1.831,2,16.406,896.25,8.203,16.203,0.094
96,ec.gp.GPIndividual@1318212953{1158422691},3C_20_80-01.txt,4.194,0.250,1.049,3,1.219,116.22,0.406,16.203,0.094
96,ec.gp.GPIndividual@1318212953{1158422691},3C_20_80-02.txt,35.738,0.250,8.935,6,18.516,207.24,3.086,16.203,0.094
96,ec.gp.GPIndividual@1686624937{1675404767},3C_20_50-02.txt,61.404,0.250,15.351,4,14.328,93.34,3.582,12.266,0.156
96,ec.gp.GPIndividual@1686624937{1675404767},3C_20_66-03.txt,118.340,0.250,29.585,8,26.922,91.00,3.365,12.266,0.156
96,ec.gp.GPIndividual@505185230{-534176387},3C_20_50-02.txt,61.404,0.250,15.351,6,11.109,72.37,1.852,6.156,0.094
97,ec.gp.GPIndividual@1381112564{419518799},3C_20_50-02.txt,61.404,0.250,15.351,1,0.000,0.00,0.000,0.000,0.000
97,ec.gp.GPIndividual@1381112564{419518799},3C_20_50-03.txt,30.993,0.250,7.748,1,0.000,0.00,0.000,0.000,0.000
97,ec.gp.GPIndividual@1381112564{419518799},3C_20_66-01.txt,7.322,0.250,1.831,1,0.000,0.00,0.000,0.000,0.000
97,ec.gp.GPIndividual@1381112564{419518799},3C_20_66-02.txt,154.245,0.250,38.561,1,0.000,0.00,0.000,0.000,0.000
97,ec.gp.GPIndividual@1381112564{419518799},3C_20_66-03.txt,118.340,0.250,29.585,1,0.000,0.00,0.000,0.000,0.000
97,ec.gp.GPIndividual@1381112564{419518799},3C_20_80-01.txt,4.194,0.250,1.049,1,0.000,0.00,0.000,0.000,0.000
97,ec.gp.GPIndividual@1381112564{419518799},3C_20_80-02.txt,35.738,0.250,8.935,1,0.000,0.00,0.000,0.000,0.000
97,ec.gp.GPIndividual@1381112564{419518799},3C_20_80-03.txt,169.439,0.250,42.360,1,0.000,0.00,0.000,0.000,0.000
97,ec.gp.GPIndividual@1343089450{1351166531},3C_20_50-02.txt,61.404,0.250,15.351,5,1.156,7.53,0.231,0.297,0.188
97,ec.gp.GPIndividual@1343089450{1351166531},3C_20_50-03.txt,30.993,0.250,7.748,6,9.422,121.60,1.570,1.891,0.188
97,ec.gp.GPIndividual@1343089450{1351166531},3C_20_50-03.txt,30.993,0.250,7.748,3,4.063,52.43,1.354,3.141,0.109
97,ec.gp.GPIndividual@1343089450{1351166531},3C_20_66-01.txt,7.322,0.250,1.831,2,1.688,92.19,0.844,3.141,0.109
97,ec.gp.GPIndividual@1343089450{1351166531},3C_20_50-03.txt,30.993,0.250,7.748,1,0.859,11.09,0.859,3.141,0.109
97,ec.gp.GPIndividual@1343089450{1351166531},3C_20_66-02.txt,154.245,0.250,38.561,5,13.000,33.71,2.600,3.172,0.109
97,ec.gp.GPIndividual@1343089450{1351166531},3C_20_66-03.txt,118.340,0.250,29.585,8,31.891,107.79,3.986,6.172,0.109
97,ec.gp.GPIndividual@1343089450{1351166531},3C_20_80-01.txt,4.194,0.250,1.049,1,1.656,157.95,1.656,6.172,0.109
97,ec.gp.GPIndividual@1343089450{1351166531},3C_20_66-01.txt,7.322,0.250,1.831,1,0.516,28.17,0.516,6.172,0.109
97,ec.gp.GPIndividual@1343089450{1351166531},3C_20_80-02.txt,35.738,0.250,8.935,3,8.969,100.38,2.990,6.172,0.109
97,ec.gp.GPIndividual@1343089450{1351166531},3C_20_66-01.txt,7.322,0.250,1.831,3,1.609,87.92,0.536,6.172,0.109
97,ec.gp.GPIndividual@1343089450{1351166531},3C_20_66-02.txt,154.245,0.250,38.561,2,3.172,8.23,1.586,6.172,0.109
97,ec.gp.GPIndividual@1343089450{1351166531},3C_20_80-03.txt,169.439,0.250,42.360,11,34.734,82.00,3.158,8.406,0.109
97,ec.gp.GPIndividual@45342509{-2043676854},3C_20_50-02.txt,61.404,0.250,15.351,1,0.344,2.24,0.344,0.344,0.344
97,ec.gp.GPIndividual@45342509{-2043676854},3C_20_50-03.txt,30.993,0.250,7.748,3,6.203,80.06,2.068,3.109,0.344
97,ec.gp.GPIndividual@45342509{-2043676854},3C_20_66-01.txt,7.322,0.250,1.831,1,2.016,110.11,2.016,3.109,0.344
97,ec.gp.GPIndividual@45342509{-2043676854},3C_20_66-03.txt,118.340,0.250,29.585,1,0.906,3.06,0.906,3.109,0.344
97,ec.gp.GPIndividual@45342509{-2043676854},3C_20_66-02.txt,154.245,0.250,38.561,3,28.344,73.50,9.448,12.750,0.344
97,ec.gp.GPIndividual@45342509{-2043676854},3C_20_50-03.txt,30.993,0.250,7.748,1,2.703,34.89,2.703,12.750,0.344
97,ec.gp.GPIndividual@45342509{-2043676854},3C_20_66-03.txt,118.340,0.250,29.585,5,28.297,95.65,5.659,16.203,0.344
97,ec.gp.GPIndividual@45342509{-2043676854},3C_20_80-01.txt,4.194,0.250,1.049,1,6.250,596.02,6.250,16.203,0.344
97,ec.gp.GPIndividual@45342509{-2043676854},3C_20_80-01.txt,4.194,0.250,1.049,2,1.000,95.36,0.500,16.203,0.344
97,ec.gp.GPIndividual@45342509{-2043676854},3C_20_80-02.txt,35.738,0.250,8.935,2,9.656,108.08,4.828,16.203,0.344
97,ec.gp.GPIndividual@45342509{-2043676854},3C_20_66-02.txt,154.245,0.250,38.561,1,4.109,10.66,4.109,16.203,0.344
97,ec.gp.GPIndividual@45342509{-2043676854},3C_20_50-03.txt,30.993,0.250,7.748,2,5.484,70.78,2.742,16.203,0.344
97,ec.gp.GPIndividual@45342509{-2043676854},3C_20_80-02.txt,35.738,0.250,8.935,1,10.844,121.37,10.844,16.203,0.344
97,ec.gp.GPIndividual@45342509{-2043676854},3C_20_50-03.txt,30.993,0.250,7.748,2,3.609,46.58,1.805,16.203,0.344
97,ec.gp.GPIndividual@45342509{-2043676854},3C_20_80-03.txt,169.439,0.250,42.360,12,28.406,67.06,2.367,16.203,0.344
97,ec.gp.GPIndividual@1195901898{-98159772},3C_20_50-02.txt,61.404,0.250,15.351,7,15.609,101.68,2.230,4.578,0.328
97,ec.gp.GPIndividual@1195901898{-98159772},3C_20_80-03.txt,169.439,0.250,42.360,10,44.141,104.20,4.414,7.313,0.328
97,ec.gp.GPIndividual@1195901898{-98159772},3C_20_66-01.txt,7.322,0.250,1.831,2,3.078,168.15,1.539,7.313,0.328
97,ec.gp.GPIndividual@1195901898{-98159772},3C_20_66-01.txt,7.322,0.250,1.831,1,9.672,528.36,9.672,9.672,0.328
97,ec.gp.GPIndividual@1195901898{-98159772},3C_20_66-01.txt,7.322,0.250,1.831,3,2.047,111.82,0.682,9.672,0.328
97,ec.gp.GPIndividual@1195901898{-98159772},3C_20_66-02.txt,154.245,0.250,38.561,6,20.578,53.36,3.430,11.938,0.328
97,ec.gp.GPIndividual@1195901898{-98159772},3C_20_66-03.txt,118.340,0.250,29.585,14,34.484,116.56,2.463,11.938,0.328
97,ec.gp.GPIndividual@1195901898{-98159772},3C_20_80-01.txt,4.194,0.250,1.049,1,3.797,362.08,3.797,11.938,0.328
97,ec.gp.GPIndividual@1195901898{-98159772},3C_20_66-02.txt,154.245,0.250,38.561,4,9.234,23.95,2.309,11.938,0.328
97,ec.gp.GPIndividual@1195901898{-98159772},3C_20_66-02.txt,154.245,0.250,38.561,6,22.281,57.78,3.714,12.906,0.328
97,ec.gp.GPIndividual@666839364{107298193},3C_20_50-02.txt,61.404,0.250,15.351,11,16.594,108.09,1.509,4.141,0.172
97,ec.gp.GPIndividual@666839364{107298193},3C_20_66-03.txt,118.340,0.250,29.585,1,0.156,0.53,0.156,4.141,0.156
97,ec.gp.GPIndividual@666839364{107298193},3C_20_80-02.txt,35.738,0.250,8.935,5,9.500,106.33,1.900,4.141,0.156
97,ec.gp.GPIndividual@666839364{107298193},3C_20_50-03.txt,30.993,0.250,7.748,3,15.109,195.01,5.036,12.422,0.156
97,ec.gp.GPIndividual@666839364{107298193},3C_20_50-03.txt,30.993,0.250,7.748,1,1.250,16.13,1.250,12.422,0.156
97,ec.gp.GPIndividual@666839364{107298193},3C_20_80-03.txt,169.439,0.250,42.360,8,44.375,104.76,5.547,15.094,0.156
97,ec.gp.GPIndividual@765993693{965157636},3C_20_50-02.txt,61.404,0.250,15.351,7,18.672,121.63,2.667,6.406,0.328
97,ec.gp.GPIndividual@765993693{965157636},3C_20_80-01.txt,4.194,0.250,1.049,3,1.656,157.95,0.552,6.406,0.156
97,ec.gp.GPIndividual@765993693{965157636},3C_20_66-03.txt,118.340,0.250,29.585,2,0.688,2.32,0.344,6.406,0.156
97,ec.gp.GPIndividual@765993693{965157636},3C_20_50-03.txt,30.993,0.250,7.748,3,8.984,115.96,2.995,6.406,0.156
97,ec.gp.GPIndividual@765993693{965157636},3C_20_66-01.txt,7.322,0.250,1.831,3,2.688,146.81,0.896,6.406,0.156
97,ec.gp.GPIndividual@765993693{965157636},3C_20_66-02.txt,154.245,0.250,38.561,1,1.250,3.24,1.250,6.406,0.156
97,ec.gp.GPIndividual@765993693{965157636},3C_20_66-01.txt,7.322,0.250,1.831,2,3.313,180.96,1.656,6.406,0.141
97,ec.gp.GPIndividual@765993693{965157636},3C_20_66-01.txt,7.322,0.250,1.831,2,1.656,90.48,0.828,6.406,0.141
97,ec.gp.GPIndividual@765993693{965157636},3C_20_80-02.txt,35.738,0.250,8.935,6,11.984,134.14,1.997,6.406,0.141
97,ec.gp.GPIndividual@765993693{965157636},3C_20_80-01.txt,4.194,0.250,1.049,1,1.938,184.77,1.938,6.406,0.141
97,ec.gp.GPIndividual@765993693{965157636},3C_20_80-03.txt,169.439,0.250,42.360,17,44.469,104.98,2.616,15.953,0.141
97,ec.gp.GPIndividual@765993693{965157636},3C_20_80-02.txt,35.738,0.250,8.935,5,14.063,157.39,2.813,15.953,0.141
97,ec.gp.GPIndividual@765993693{965157636},3C_20_66-02.txt,154.245,0.250,38.561,1,0.516,1.34,0.516,15.953,0.141
97,ec.gp.GPIndividual@765993693{965157636},3C_20_66-02.txt,154.245,0.250,38.561,18,38.813,100.65,2.156,15.953,0.141
97,ec.gp.GPIndividual@765993693{965157636},3C_20_66-03.txt,118.340,0.250,29.585,4,12.906,43.62,3.227,15.953,0.141
97,ec.gp.GPIndividual@765993693{965157636},3C_20_66-03.txt,118.340,0.250,29.585,1,10.047,33.96,10.047,15.953,0.141
97,ec.gp.GPIndividual@765993693{965157636},3C_20_66-03.txt,118.340,0.250,29.585,1,11.125,37.60,11.125,15.953,0.141
97,ec.gp.GPIndividual@765993693{965157636},3C_20_66-03.txt,118.340,0.250,29.585,3,20.172,68.18,6.724,15.953,0.141
97,ec.gp.GPIndividual@1648433926{514671417},3C_20_50-02.txt,61.404,0.250,15.351,4,16.859,109.83,4.215,6.453,0.516
97,ec.gp.GPIndividual@1648433926{514671417},3C_20_80-01.txt,4.194,0.250,1.049,2,1.422,135.59,0.711,6.453,0.516
97,ec.gp.GPIndividual@1648433926{514671417},3C_20_80-01.txt,4.194,0.250,1.049,2,11.219,1069.86,5.609,10.891,0.328
97,ec.gp.GPIndividual@1648433926{514671417},3C_20_80-03.txt,169.439,0.250,42.360,19,42.266,99.78,2.225,10.891,0.172
97,ec.gp.GPIndividual@1648433926{514671417},3C_20_80-02.txt,35.738,0.250,8.935,3,9.469,105.98,3.156,10.891,0.172
97,ec.gp.GPIndividual@1648433926{514671417},3C_20_80-03.txt,169.439,0.250,42.360,7,43.047,101.62,6.150,14.875,0.172
97,ec.gp.GPIndividual@1648433926{514671417},3C_20_80-02.txt,35.738,0.250,8.935,1,0.516,5.77,0.516,14.875,0.172
97,ec.gp.GPIndividual@1648433926{514671417},3C_20_80-01.txt,4.194,0.250,1.049,4,1.219,116.22,0.305,14.875,0.172
97,ec.gp.GPIndividual@1648433926{514671417},3C_20_80-02.txt,35.738,0.250,8.935,4,9.547,106.85,2.387,14.875,0.172
97,ec.gp.GPIndividual@1648433926{514671417},3C_20_80-03.txt,169.439,0.250,42.360,1,0.328,0.77,0.328,14.875,0.172
97,ec.gp.GPIndividual@1917429995{105325257},3C_20_50-02.txt,61.404,0.250,15.351,8,16.766,109.21,2.096,6.906,0.328
97,ec.gp.GPIndividual@1917429995{105325257},3C_20_50-03.txt,30.993,0.250,7.748,4,9.000,116.16,2.250,6.906,0.297
97,ec.gp.GPIndividual@1112724808{-589965983},3C_20_50-02.txt,61.404,0.250,15.351,5,15.609,101.68,3.122,11.563,0.359
97,ec.gp.GPIndividual@1112724808{-589965983},3C_20_50-03.txt,30.993,0.250,7.748,4,6.938,89.54,1.734,11.563,0.328
97,ec.gp.GPIndividual@1112724808{-589965983},3C_20_80-01.txt,4.194,0.250,1.049,2,1.594,151.99,0.797,11.563,0.328
97,ec.gp.GPIndividual@1112724808{-589965983},3C_20_80-03.txt,169.439,0.250,42.360,7,26.969,63.67,3.853,16.828,0.328
97,ec.gp.GPIndividual@1112724808{-589965983},3C_20_50-03.txt,30.993,0.250,7.748,3,9.297,119.99,3.099,16.828,0.328
97,ec.gp.GPIndividual@1112724808{-589965983},3C_20_66-01.txt,7.322,0.250,1.831,2,3.297,180.10,1.648,16.828,0.328
97,ec.gp.GPIndividual@1112724808{-589965983},3C_20_80-02.txt,35.738,0.250,8.935,3,10.906,122.07,3.635,16.828,0.328
97,ec.gp.GPIndividual@1112724808{-589965983},3C_20_66-01.txt,7.322,0.250,1.831,4,2.563,139.99,0.641,16.828,0.328
97,ec.gp.GPIndividual@1112724808{-589965983},3C_20_66-02.txt,154.245,0.250,38.561,5,5.547,14.38,1.109,16.828,0.141
97,ec.gp.GPIndividual@1112724808{-589965983},3C_20_66-02.txt,154.245,0.250,38.561,1,6.891,17.87,6.891,16.828,0.141
97,ec.gp.GPIndividual@216618223{938852545},3C_20_50-02.txt,61.404,0.250,15.351,10,15.656,101.99,1.566,2.500,0.516
97,ec.gp.GPIndividual@216618223{938852545},3C_20_66-03.txt,118.340,0.250,29.585,4,10.219,34.54,2.555,7.078,0.516
97,ec.gp.GPIndividual@216618223{938852545},3C_20_66-01.txt,7.322,0.250,1.831,4,1.938,105.84,0.484,7.078,0.156
97,ec.gp.GPIndividual@216618223{938852545},3C_20_66-03.txt,118.340,0.250,29.585,3,4.875,16.48,1.625,7.078,0.156
97,ec.gp.GPIndividual@216618223{938852545},3C_20_50-03.txt,30.993,0.250,7.748,4,11.688,150.84,2.922,7.078,0.156
97,ec.gp.GPIndividual@216618223{938852545},3C_20_80-01.txt,4.194,0.250,1.049,2,2.141,204.14,1.070,7.078,0.156
97,ec.gp.GPIndividual@216618223{938852545},3C_20_66-02.txt,154.245,0.250,38.561,9,33.172,86.02,3.686,14.438,0.156
97,ec.gp.GPIndividual@216618223{938852545},3C_20_66-01.txt,7.322,0.250,1.831,1,3.625,198.03,3.625,14.438,0.156
97,ec.gp.GPIndividual@216618223{938852545},3C_20_80-01.txt,4.194,0.250,1.049,3,1.203,114.73,0.401,14.438,0.156
97,ec.gp.GPIndividual@216618223{938852545},3C_20_66-02.txt,154.245,0.250,38.561,14,39.813,103.24,2.844,14.438,0.156
97,ec.gp.GPIndividual@216618223{938852545},3C_20_66-03.txt,118.340,0.250,29.585,3,4.875,16.48,1.625,14.438,0.156
97,ec.gp.GPIndividual@377973056{1289103021},3C_20_50-02.txt,61.404,0.250,15.351,3,5.688,37.05,1.896,3.766,0.531
97,ec.gp.GPIndividual@377973056{1289103021},3C_20_66-03.txt,118.340,0.250,29.585,9,33.469,113.13,3.719,8.625,0.531
97,ec.gp.GPIndividual@377973056{1289103021},3C_20_80-01.txt,4.194,0.250,1.049,1,1.813,172.85,1.813,8.625,0.531
97,ec.gp.GPIndividual@377973056{1289103021},3C_20_80-01.txt,4.194,0.250,1.049,3,1.141,108.77,0.380,8.625,0.172
97,ec.gp.GPIndividual@377973056{1289103021},3C_20_80-02.txt,35.738,0.250,8.935,4,5.609,62.78,1.402,8.625,0.172
97,ec.gp.GPIndividual@377973056{1289103021},3C_20_80-02.txt,35.738,0.250,8.935,3,10.422,116.65,3.474,8.625,0.172
97,ec.gp.GPIndividual@377973056{1289103021},3C_20_80-03.txt,169.439,0.250,42.360,16,43.750,103.28,2.734,11.281,0.000
97,ec.gp.GPIndividual@490789656{2092071460},3C_20_50-02.txt,61.404,0.250,15.351,8,16.359,106.57,2.045,8.766,0.172
97,ec.gp.GPIndividual@490789656{2092071460},3C_20_80-02.txt,35.738,0.250,8.935,1,0.156,1.75,0.156,8.766,0.156
97,ec.gp.GPIndividual@490789656{2092071460},3C_20_50-03.txt,30.993,0.250,7.748,2,10.188,131.48,5.094,8.766,0.156
97,ec.gp.GPIndividual@490789656{2092071460},3C_20_80-03.txt,169.439,0.250,42.360,2,15.656,36.96,7.828,13.281,0.156
97,ec.gp.GPIndividual@490789656{2092071460},3C_20_50-03.txt,30.993,0.250,7.748,2,4.500,58.08,2.250,13.281,0.156
97,ec.gp.GPIndividual@490789656{2092071460},3C_20_80-03.txt,169.439,0.250,42.360,10,43.750,103.28,4.375,15.750,0.156
97,ec.gp.GPIndividual@490789656{2092071460},3C_20_66-01.txt,7.322,0.250,1.831,2,4.922,268.87,2.461,15.750,0.156
97,ec.gp.GPIndividual@490789656{2092071460},3C_20_66-01.txt,7.322,0.250,1.831,3,1.938,105.84,0.646,15.750,0.156
97,ec.gp.GPIndividual@490789656{2092071460},3C_20_66-02.txt,154.245,0.250,38.561,7,19.891,51.58,2.842,15.750,0.156
97,ec.gp.GPIndividual@490789656{2092071460},3C_20_80-02.txt,35.738,0.250,8.935,4,9.094,101.78,2.273,15.750,0.156
97,ec.gp.GPIndividual@490789656{2092071460},3C_20_66-02.txt,154.245,0.250,38.561,16,38.047,98.67,2.378,15.750,0.156
97,ec.gp.GPIndividual@1980867663{-1071200047},3C_20_50-02.txt,61.404,0.250,15.351,2,15.859,103.31,7.930,15.328,0.531
97,ec.gp.GPIndividual@1889703018{-92829486},3C_20_50-02.txt,61.404,0.250,15.351,5,20.594,134.15,4.119,9.125,0.344
97,ec.gp.GPIndividual@1889703018{-92829486},3C_20_66-03.txt,118.340,0.250,29.585,9,31.500,106.47,3.500,14.672,0.000
97,ec.gp.GPIndividual@1889703018{-92829486},3C_20_50-03.txt,30.993,0.250,7.748,3,6.344,81.87,2.115,14.672,0.000
97,ec.gp.GPIndividual@1889703018{-92829486},3C_20_80-03.txt,169.439,0.250,42.360,1,2.172,5.13,2.172,14.672,0.000
97,ec.gp.GPIndividual@1889703018{-92829486},3C_20_80-03.txt,169.439,0.250,42.360,2,9.172,21.65,4.586,14.672,0.000
97,ec.gp.GPIndividual@1889703018{-92829486},3C_20_50-03.txt,30.993,0.250,7.748,5,9.281,119.79,1.856,14.672,0.000
97,ec.gp.GPIndividual@1889703018{-92829486},3C_20_66-01.txt,7.322,0.250,1.831,1,3.641,198.88,3.641,14.672,0.000
97,ec.gp.GPIndividual@1889703018{-92829486},3C_20_80-01.txt,4.194,0.250,1.049,1,9.578,913.40,9.578,14.672,0.000
97,ec.gp.GPIndividual@1889703018{-92829486},3C_20_66-03.txt,118.340,0.250,29.585,1,0.656,2.22,0.656,14.672,0.000
97,ec.gp.GPIndividual@1889703018{-92829486},3C_20_66-01.txt,7.322,0.250,1.831,2,6.563,358.50,3.281,14.672,0.000
97,ec.gp.GPIndividual@710622850{-1078944223},3C_20_50-02.txt,61.404,0.250,15.351,2,1.234,8.04,0.617,0.766,0.469
97,ec.gp.GPIndividual@710622850{-1078944223},3C_20_50-03.txt,30.993,0.250,7.748,5,9.500,122.61,1.900,6.156,0.469
97,ec.gp.GPIndividual@310675952{-207961214},3C_20_50-02.txt,61.404,0.250,15.351,6,9.453,61.58,1.576,3.156,0.484
97,ec.gp.GPIndividual@310675952{-207961214},3C_20_66-01.txt,7.322,0.250,1.831,2,3.359,183.52,1.680,3.156,0.484
97,ec.gp.GPIndividual@310675952{-207961214},3C_20_50-03.txt,30.993,0.250,7.748,2,0.969,12.50,0.484,3.156,0.156
97,ec.gp.GPIndividual@310675952{-207961214},3C_20_66-02.txt,154.245,0.250,38.561,5,12.281,31.85,2.456,5.813,0.156
97,ec.gp.GPIndividual@310675952{-207961214},3C_20_66-03.txt,118.340,0.250,29.585,7,26.781,90.52,3.826,6.563,0.156
97,ec.gp.GPIndividual@310675952{-207961214},3C_20_80-01.txt,4.194,0.250,1.049,1,0.547,52.15,0.547,6.563,0.156
97,ec.gp.GPIndividual@310675952{-207961214},3C_20_80-02.txt,35.738,0.250,8.935,2,4.750,53.16,2.375,6.563,0.156
97,ec.gp.GPIndividual@310675952{-207961214},3C_20_80-03.txt,169.439,0.250,42.360,10,42.359,100.00,4.236,14.313,0.000
97,ec.gp.GPIndividual@310675952{-207961214},3C_20_66-02.txt,154.245,0.250,38.561,1,6.109,15.84,6.109,14.313,0.000
97,ec.gp.GPIndividual@1116653969{-1372559430},3C_20_50-02.txt,61.404,0.250,15.351,0,0.000,0.00,0.000,0.000,0.000
97,ec.gp.GPIndividual@1116653969{-1372559430},3C_20_50-03.txt,30.993,0.250,7.748,0,0.000,0.00,0.000,0.000,0.000
97,ec.gp.GPIndividual@1116653969{-1372559430},3C_20_66-01.txt,7.322,0.250,1.831,0,0.000,0.00,0.000,0.000,0.000
97,ec.gp.GPIndividual@1116653969{-1372559430},3C_20_66-02.txt,154.245,0.250,38.561,0,0.000,0.00,0.000,0.000,0.000
97,ec.gp.GPIndividual@1116653969{-1372559430},3C_20_66-03.txt,118.340,0.250,29.585,0,0.000,0.00,0.000,0.000,0.000
97,ec.gp.GPIndividual@1116653969{-1372559430},3C_20_80-01.txt,4.194,0.250,1.049,0,0.000,0.00,0.000,0.000,0.000
97,ec.gp.GPIndividual@1116653969{-1372559430},3C_20_80-02.txt,35.738,0.250,8.935,0,0.000,0.00,0.000,0.000,0.000
97,ec.gp.GPIndividual@1116653969{-1372559430},3C_20_80-03.txt,169.439,0.250,42.360,0,0.000,0.00,0.000,0.000,0.000
97,ec.gp.GPIndividual@390406520{2123551804},3C_20_50-02.txt,61.404,0.250,15.351,4,17.000,110.74,4.250,7.234,0.516
97,ec.gp.GPIndividual@390406520{2123551804},3C_20_66-01.txt,7.322,0.250,1.831,1,2.000,109.26,2.000,7.234,0.516
97,ec.gp.GPIndividual@390406520{2123551804},3C_20_50-03.txt,30.993,0.250,7.748,5,15.141,195.41,3.028,9.625,0.516
97,ec.gp.GPIndividual@390406520{2123551804},3C_20_80-01.txt,4.194,0.250,1.049,1,1.344,128.14,1.344,9.625,0.516
97,ec.gp.GPIndividual@390406520{2123551804},3C_20_66-03.txt,118.340,0.250,29.585,14,29.734,100.51,2.124,12.234,0.172
97,ec.gp.GPIndividual@390406520{2123551804},3C_20_66-01.txt,7.322,0.250,1.831,1,6.031,329.48,6.031,12.234,0.172
97,ec.gp.GPIndividual@390406520{2123551804},3C_20_80-01.txt,4.194,0.250,1.049,1,3.031,289.07,3.031,12.234,0.172
97,ec.gp.GPIndividual@390406520{2123551804},3C_20_80-02.txt,35.738,0.250,8.935,6,8.984,100.56,1.497,12.234,0.172
97,ec.gp.GPIndividual@390406520{2123551804},3C_20_66-02.txt,154.245,0.250,38.561,10,24.063,62.40,2.406,12.234,0.000
97,ec.gp.GPIndividual@390406520{2123551804},3C_20_80-02.txt,35.738,0.250,8.935,7,11.125,124.52,1.589,12.234,0.000
97,ec.gp.GPIndividual@390406520{2123551804},3C_20_80-03.txt,169.439,0.250,42.360,10,31.797,75.06,3.180,13.906,0.000
97,ec.gp.GPIndividual@390406520{2123551804},3C_20_66-02.txt,154.245,0.250,38.561,1,14.250,36.95,14.250,14.250,0.000
97,ec.gp.GPIndividual@390406520{2123551804},3C_20_66-02.txt,154.245,0.250,38.561,10,40.750,105.68,4.075,16.203,0.000
97,ec.gp.GPIndividual@390406520{2123551804},3C_20_80-03.txt,169.439,0.250,42.360,7,46.063,108.74,6.580,16.203,0.000
97,ec.gp.GPIndividual@390406520{2123551804},3C_20_66-03.txt,118.340,0.250,29.585,1,6.453,21.81,6.453,16.203,0.000
97,ec.gp.GPIndividual@390406520{2123551804},3C_20_66-03.txt,118.340,0.250,29.585,2,4.688,15.84,2.344,16.203,0.000
97,ec.gp.GPIndividual@390406520{2123551804},3C_20_80-02.txt,35.738,0.250,8.935,3,16.375,183.28,5.458,16.203,0.000
97,ec.gp.GPIndividual@1516882731{692136620},3C_20_50-02.txt,61.404,0.250,15.351,3,18.547,120.82,6.182,12.156,0.000
97,ec.gp.GPIndividual@1516882731{692136620},3C_20_80-01.txt,4.194,0.250,1.049,2,6.641,633.27,3.320,12.156,0.000
97,ec.gp.GPIndividual@1516882731{692136620},3C_20_80-01.txt,4.194,0.250,1.049,4,1.422,135.59,0.355,12.156,0.000
97,ec.gp.GPIndividual@1516882731{692136620},3C_20_80-02.txt,35.738,0.250,8.935,1,0.297,3.32,0.297,12.156,0.000
97,ec.gp.GPIndividual@1516882731{692136620},3C_20_50-03.txt,30.993,0.250,7.748,3,2.813,36.30,0.938,12.156,0.000
97,ec.gp.GPIndividual@1516882731{692136620},3C_20_66-03.txt,118.340,0.250,29.585,12,33.375,112.81,2.781,12.156,0.000
97,ec.gp.GPIndividual@1516882731{692136620},3C_20_80-01.txt,4.194,0.250,1.049,1,3.984,379.96,3.984,12.156,0.000
97,ec.gp.GPIndividual@1516882731{692136620},3C_20_80-02.txt,35.738,0.250,8.935,1,1.797,20.11,1.797,12.156,0.000
97,ec.gp.GPIndividual@1219854830{1611606225},3C_20_50-02.txt,61.404,0.250,15.351,11,16.203,105.55,1.473,4.391,0.359
97,ec.gp.GPIndividual@1219854830{1611606225},3C_20_80-03.txt,169.439,0.250,42.360,5,13.469,31.80,2.694,6.875,0.156
97,ec.gp.GPIndividual@1219854830{1611606225},3C_20_66-01.txt,7.322,0.250,1.831,3,1.609,87.92,0.536,6.875,0.156
97,ec.gp.GPIndividual@1219854830{1611606225},3C_20_66-02.txt,154.245,0.250,38.561,8,22.734,58.96,2.842,6.875,0.156
97,ec.gp.GPIndividual@1219854830{1611606225},3C_20_66-03.txt,118.340,0.250,29.585,5,32.813,110.91,6.563,13.766,0.156
97,ec.gp.GPIndividual@1219854830{1611606225},3C_20_80-01.txt,4.194,0.250,1.049,1,8.969,855.29,8.969,13.766,0.156
97,ec.gp.GPIndividual@666248575{1700145721},3C_20_50-02.txt,61.404,0.250,15.351,5,20.234,131.81,4.047,16.594,0.500
97,ec.gp.GPIndividual@666248575{1700145721},3C_20_80-03.txt,169.439,0.250,42.360,2,3.406,8.04,1.703,16.594,0.500
97,ec.gp.GPIndividual@666248575{1700145721},3C_20_80-02.txt,35.738,0.250,8.935,3,8.859,99.16,2.953,16.594,0.500
97,ec.gp.GPIndividual@666248575{1700145721},3C_20_80-03.txt,169.439,0.250,42.360,4,18.156,42.86,4.539,16.594,0.500
97,ec.gp.GPIndividual@666248575{1700145721},3C_20_50-03.txt,30.993,0.250,7.748,3,7.891,101.84,2.630,16.594,0.172
97,ec.gp.GPIndividual@687132043{41757782},3C_20_50-02.txt,61.404,0.250,15.351,1,1.469,9.57,1.469,1.469,1.469
97,ec.gp.GPIndividual@687132043{41757782},3C_20_80-03.txt,169.439,0.250,42.360,10,43.219,102.03,4.322,12.203,0.484
97,ec.gp.GPIndividual@687132043{41757782},3C_20_80-02.txt,35.738,0.250,8.935,3,8.313,93.04,2.771,12.203,0.484
97,ec.gp.GPIndividual@1891813948{107298193},3C_20_50-02.txt,61.404,0.250,15.351,4,20.984,136.70,5.246,10.500,0.250
97,ec.gp.GPIndividual@1891813948{107298193},3C_20_66-03.txt,118.340,0.250,29.585,9,32.578,110.12,3.620,10.500,0.250
97,ec.gp.GPIndividual@1891813948{107298193},3C_20_66-02.txt,154.245,0.250,38.561,11,47.516,123.22,4.320,10.844,0.250
97,ec.gp.GPIndividual@1891813948{107298193},3C_20_66-01.txt,7.322,0.250,1.831,3,1.859,101.57,0.620,10.844,0.250
97,ec.gp.GPIndividual@1891813948{107298193},3C_20_66-03.txt,118.340,0.250,29.585,2,13.781,46.58,6.891,13.563,0.219
97,ec.gp.GPIndividual@1891813948{107298193},3C_20_80-01.txt,4.194,0.250,1.049,1,3.578,341.22,3.578,13.563,0.219
97,ec.gp.GPIndividual@1891813948{107298193},3C_20_50-03.txt,30.993,0.250,7.748,9,10.453,134.91,1.161,13.563,0.219
97,ec.gp.GPIndividual@1891813948{107298193},3C_20_80-01.txt,4.194,0.250,1.049,3,2.281,217.55,0.760,13.563,0.219
97,ec.gp.GPIndividual@1891813948{107298193},3C_20_66-02.txt,154.245,0.250,38.561,13,17.250,44.73,1.327,13.563,0.219
97,ec.gp.GPIndividual@1891813948{107298193},3C_20_66-01.txt,7.322,0.250,1.831,2,2.016,110.11,1.008,13.563,0.219
97,ec.gp.GPIndividual@1891813948{107298193},3C_20_80-02.txt,35.738,0.250,8.935,12,11.531,129.06,0.961,13.563,0.219
97,ec.gp.GPIndividual@1891813948{107298193},3C_20_66-03.txt,118.340,0.250,29.585,8,20.922,70.72,2.615,13.563,0.172
97,ec.gp.GPIndividual@1891813948{107298193},3C_20_66-02.txt,154.245,0.250,38.561,10,37.531,97.33,3.753,13.563,0.172
97,ec.gp.GPIndividual@1891813948{107298193},3C_20_80-01.txt,4.194,0.250,1.049,3,2.797,266.72,0.932,13.563,0.172
97,ec.gp.GPIndividual@1891813948{107298193},3C_20_66-03.txt,118.340,0.250,29.585,7,25.844,87.35,3.692,13.563,0.172
97,ec.gp.GPIndividual@1891813948{107298193},3C_20_80-02.txt,35.738,0.250,8.935,8,10.016,112.10,1.252,13.563,0.172
97,ec.gp.GPIndividual@1891813948{107298193},3C_20_80-01.txt,4.194,0.250,1.049,2,1.266,120.69,0.633,13.563,0.172
97,ec.gp.GPIndividual@1891813948{107298193},3C_20_80-03.txt,169.439,0.250,42.360,5,11.063,26.12,2.213,13.563,0.172
97,ec.gp.GPIndividual@1891813948{107298193},3C_20_80-03.txt,169.439,0.250,42.360,9,42.391,100.07,4.710,16.688,0.109
97,ec.gp.GPIndividual@2040384964{763369407},3C_20_50-02.txt,61.404,0.250,15.351,0,0.000,0.00,0.000,0.000,0.000
97,ec.gp.GPIndividual@2040384964{763369407},3C_20_50-03.txt,30.993,0.250,7.748,0,0.000,0.00,0.000,0.000,0.000
97,ec.gp.GPIndividual@2040384964{763369407},3C_20_66-01.txt,7.322,0.250,1.831,0,0.000,0.00,0.000,0.000,0.000
97,ec.gp.GPIndividual@2040384964{763369407},3C_20_66-02.txt,154.245,0.250,38.561,0,0.000,0.00,0.000,0.000,0.000
97,ec.gp.GPIndividual@2040384964{763369407},3C_20_66-03.txt,118.340,0.250,29.585,0,0.000,0.00,0.000,0.000,0.000
97,ec.gp.GPIndividual@2040384964{763369407},3C_20_80-01.txt,4.194,0.250,1.049,0,0.000,0.00,0.000,0.000,0.000
97,ec.gp.GPIndividual@2040384964{763369407},3C_20_80-02.txt,35.738,0.250,8.935,0,0.000,0.00,0.000,0.000,0.000
97,ec.gp.GPIndividual@2040384964{763369407},3C_20_80-03.txt,169.439,0.250,42.360,0,0.000,0.00,0.000,0.000,0.000
97,ec.gp.GPIndividual@766619434{-1663297111},3C_20_50-02.txt,61.404,0.250,15.351,2,15.953,103.92,7.977,15.719,0.234
97,ec.gp.GPIndividual@635136038{1735620872},3C_20_50-02.txt,61.404,0.250,15.351,5,15.609,101.68,3.122,11.984,0.219
97,ec.gp.GPIndividual@635136038{1735620872},3C_20_80-02.txt,35.738,0.250,8.935,2,1.422,15.91,0.711,11.984,0.219
97,ec.gp.GPIndividual@635136038{1735620872},3C_20_50-03.txt,30.993,0.250,7.748,2,6.516,84.09,3.258,11.984,0.219
97,ec.gp.GPIndividual@635136038{1735620872},3C_20_80-02.txt,35.738,0.250,8.935,8,9.266,103.71,1.158,11.984,0.219
97,ec.gp.GPIndividual@635136038{1735620872},3C_20_80-03.txt,169.439,0.250,42.360,6,11.563,27.30,1.927,11.984,0.203
97,ec.gp.GPIndividual@635136038{1735620872},3C_20_66-01.txt,7.322,0.250,1.831,3,1.453,79.38,0.484,11.984,0.203
97,ec.gp.GPIndividual@635136038{1735620872},3C_20_66-02.txt,154.245,0.250,38.561,3,3.172,8.23,1.057,11.984,0.203
97,ec.gp.GPIndividual@635136038{1735620872},3C_20_66-03.txt,118.340,0.250,29.585,4,37.969,128.34,9.492,16.656,0.203
97,ec.gp.GPIndividual@635136038{1735620872},3C_20_50-03.txt,30.993,0.250,7.748,1,14.063,181.50,14.063,16.656,0.203
97,ec.gp.GPIndividual@1909826413{917948461},3C_20_50-02.txt,61.404,0.250,15.351,0,0.000,0.00,0.000,0.000,0.000
97,ec.gp.GPIndividual@1909826413{917948461},3C_20_50-03.txt,30.993,0.250,7.748,0,0.000,0.00,0.000,0.000,0.000
97,ec.gp.GPIndividual@1909826413{917948461},3C_20_66-01.txt,7.322,0.250,1.831,0,0.000,0.00,0.000,0.000,0.000
97,ec.gp.GPIndividual@1909826413{917948461},3C_20_66-02.txt,154.245,0.250,38.561,0,0.000,0.00,0.000,0.000,0.000
97,ec.gp.GPIndividual@1909826413{917948461},3C_20_66-03.txt,118.340,0.250,29.585,0,0.000,0.00,0.000,0.000,0.000
97,ec.gp.GPIndividual@1909826413{917948461},3C_20_80-01.txt,4.194,0.250,1.049,0,0.000,0.00,0.000,0.000,0.000
97,ec.gp.GPIndividual@1909826413{917948461},3C_20_80-02.txt,35.738,0.250,8.935,0,0.000,0.00,0.000,0.000,0.000
97,ec.gp.GPIndividual@1909826413{917948461},3C_20_80-03.txt,169.439,0.250,42.360,0,0.000,0.00,0.000,0.000,0.000
97,ec.gp.GPIndividual@463871866{-1763118225},3C_20_50-02.txt,61.404,0.250,15.351,3,9.547,62.19,3.182,8.656,0.156
97,ec.gp.GPIndividual@1233721482{-1995645083},3C_20_50-02.txt,61.404,0.250,15.351,0,0.000,0.00,0.000,0.000,0.000
97,ec.gp.GPIndividual@1233721482{-1995645083},3C_20_50-03.txt,30.993,0.250,7.748,0,0.000,0.00,0.000,0.000,0.000
97,ec.gp.GPIndividual@1233721482{-1995645083},3C_20_66-01.txt,7.322,0.250,1.831,0,0.000,0.00,0.000,0.000,0.000
97,ec.gp.GPIndividual@1233721482{-1995645083},3C_20_66-02.txt,154.245,0.250,38.561,0,0.000,0.00,0.000,0.000,0.000
97,ec.gp.GPIndividual@1233721482{-1995645083},3C_20_66-03.txt,118.340,0.250,29.585,0,0.000,0.00,0.000,0.000,0.000
97,ec.gp.GPIndividual@1233721482{-1995645083},3C_20_80-01.txt,4.194,0.250,1.049,0,0.000,0.00,0.000,0.000,0.000
97,ec.gp.GPIndividual@1233721482{-1995645083},3C_20_80-02.txt,35.738,0.250,8.935,0,0.000,0.00,0.000,0.000,0.000
97,ec.gp.GPIndividual@1233721482{-1995645083},3C_20_80-03.txt,169.439,0.250,42.360,0,0.000,0.00,0.000,0.000,0.000
97,ec.gp.GPIndividual@2135148960{1011432332},3C_20_50-02.txt,61.404,0.250,15.351,1,0.047,0.31,0.047,0.047,0.047
97,ec.gp.GPIndividual@2135148960{1011432332},3C_20_50-03.txt,30.993,0.250,7.748,1,0.531,6.86,0.531,0.531,0.047
97,ec.gp.GPIndividual@2135148960{1011432332},3C_20_66-01.txt,7.322,0.250,1.831,1,0.109,5.97,0.109,0.531,0.047
97,ec.gp.GPIndividual@2135148960{1011432332},3C_20_66-02.txt,154.245,0.250,38.561,1,0.313,0.81,0.313,0.531,0.047
97,ec.gp.GPIndividual@2135148960{1011432332},3C_20_66-03.txt,118.340,0.250,29.585,1,0.813,2.75,0.813,0.813,0.047
97,ec.gp.GPIndividual@2135148960{1011432332},3C_20_80-01.txt,4.194,0.250,1.049,1,0.156,14.90,0.156,0.813,0.047
97,ec.gp.GPIndividual@2135148960{1011432332},3C_20_80-02.txt,35.738,0.250,8.935,1,0.281,3.15,0.281,0.813,0.047
97,ec.gp.GPIndividual@2135148960{1011432332},3C_20_80-03.txt,169.439,0.250,42.360,1,0.813,1.92,0.813,0.813,0.047
98,ec.gp.GPIndividual@1529366841{-458660794},3C_20_50-02.txt,61.404,0.250,15.351,0,0.000,0.00,0.000,0.000,0.000
98,ec.gp.GPIndividual@1529366841{-458660794},3C_20_50-03.txt,30.993,0.250,7.748,1,0.000,0.00,0.000,0.000,0.000
98,ec.gp.GPIndividual@1529366841{-458660794},3C_20_50-03.txt,30.993,0.250,7.748,1,0.000,0.00,0.000,0.000,0.000
98,ec.gp.GPIndividual@1529366841{-458660794},3C_20_50-03.txt,30.993,0.250,7.748,0,0.000,0.00,0.000,0.000,0.000
98,ec.gp.GPIndividual@1529366841{-458660794},3C_20_50-03.txt,30.993,0.250,7.748,0,0.000,0.00,0.000,0.000,0.000
98,ec.gp.GPIndividual@1529366841{-458660794},3C_20_66-01.txt,7.322,0.250,1.831,0,0.000,0.00,0.000,0.000,0.000
98,ec.gp.GPIndividual@1529366841{-458660794},3C_20_66-01.txt,7.322,0.250,1.831,0,0.000,0.00,0.000,0.000,0.000
98,ec.gp.GPIndividual@1529366841{-458660794},3C_20_66-01.txt,7.322,0.250,1.831,1,0.000,0.00,0.000,0.000,0.000
98,ec.gp.GPIndividual@1529366841{-458660794},3C_20_66-02.txt,154.245,0.250,38.561,0,0.000,0.00,0.000,0.000,0.000
98,ec.gp.GPIndividual@1529366841{-458660794},3C_20_66-02.txt,154.245,0.250,38.561,0,0.000,0.00,0.000,0.000,0.000
98,ec.gp.GPIndividual@1529366841{-458660794},3C_20_66-03.txt,118.340,0.250,29.585,0,0.000,0.00,0.000,0.000,0.000
98,ec.gp.GPIndividual@1529366841{-458660794},3C_20_66-02.txt,154.245,0.250,38.561,1,0.000,0.00,0.000,0.000,0.000
98,ec.gp.GPIndividual@1529366841{-458660794},3C_20_80-01.txt,4.194,0.250,1.049,0,0.000,0.00,0.000,0.000,0.000
98,ec.gp.GPIndividual@1529366841{-458660794},3C_20_66-03.txt,118.340,0.250,29.585,1,0.000,0.00,0.000,0.000,0.000
98,ec.gp.GPIndividual@1529366841{-458660794},3C_20_66-03.txt,118.340,0.250,29.585,1,0.000,0.00,0.000,0.000,0.000
98,ec.gp.GPIndividual@1529366841{-458660794},3C_20_80-01.txt,4.194,0.250,1.049,0,0.000,0.00,0.000,0.000,0.000
98,ec.gp.GPIndividual@1529366841{-458660794},3C_20_80-01.txt,4.194,0.250,1.049,0,0.000,0.00,0.000,0.000,0.000
98,ec.gp.GPIndividual@1529366841{-458660794},3C_20_80-01.txt,4.194,0.250,1.049,0,0.000,0.00,0.000,0.000,0.000
98,ec.gp.GPIndividual@1529366841{-458660794},3C_20_80-03.txt,169.439,0.250,42.360,0,0.000,0.00,0.000,0.000,0.000
98,ec.gp.GPIndividual@1529366841{-458660794},3C_20_80-03.txt,169.439,0.250,42.360,0,0.000,0.00,0.000,0.000,0.000
98,ec.gp.GPIndividual@1529366841{-458660794},3C_20_80-03.txt,169.439,0.250,42.360,0,0.000,0.00,0.000,0.000,0.000
98,ec.gp.GPIndividual@222772158{-2117392520},3C_20_50-02.txt,61.404,0.250,15.351,0,0.000,0.00,0.000,0.000,0.000
98,ec.gp.GPIndividual@222772158{-2117392520},3C_20_50-02.txt,61.404,0.250,15.351,0,0.000,0.00,0.000,0.000,0.000
98,ec.gp.GPIndividual@188579016{1982238101},3C_20_50-02.txt,61.404,0.250,15.351,6,1.844,12.01,0.307,0.359,0.281
98,ec.gp.GPIndividual@188579016{1982238101},3C_20_50-03.txt,30.993,0.250,7.748,4,7.750,100.02,1.938,1.938,0.281
98,ec.gp.GPIndividual@188579016{1982238101},3C_20_50-03.txt,30.993,0.250,7.748,3,6.000,77.44,2.000,3.125,0.281
98,ec.gp.GPIndividual@188579016{1982238101},3C_20_66-01.txt,7.322,0.250,1.831,2,3.438,187.79,1.719,3.125,0.281
98,ec.gp.GPIndividual@188579016{1982238101},3C_20_50-03.txt,30.993,0.250,7.748,1,0.156,2.02,0.156,3.125,0.156
98,ec.gp.GPIndividual@188579016{1982238101},3C_20_50-03.txt,30.993,0.250,7.748,1,0.844,10.89,0.844,3.125,0.156
98,ec.gp.GPIndividual@188579016{1982238101},3C_20_66-02.txt,154.245,0.250,38.561,4,10.359,26.86,2.590,3.281,0.156
98,ec.gp.GPIndividual@188579016{1982238101},3C_20_66-03.txt,118.340,0.250,29.585,9,30.297,102.41,3.366,4.531,0.156
98,ec.gp.GPIndividual@188579016{1982238101},3C_20_66-01.txt,7.322,0.250,1.831,2,6.859,374.72,3.430,5.953,0.156
98,ec.gp.GPIndividual@188579016{1982238101},3C_20_80-01.txt,4.194,0.250,1.049,2,2.047,195.20,1.023,5.953,0.156
98,ec.gp.GPIndividual@188579016{1982238101},3C_20_66-01.txt,7.322,0.250,1.831,1,0.500,27.31,0.500,5.953,0.156
98,ec.gp.GPIndividual@188579016{1982238101},3C_20_80-02.txt,35.738,0.250,8.935,5,9.875,110.53,1.975,5.953,0.156
98,ec.gp.GPIndividual@188579016{1982238101},3C_20_50-03.txt,30.993,0.250,7.748,2,3.297,42.55,1.648,5.953,0.156
98,ec.gp.GPIndividual@188579016{1982238101},3C_20_80-03.txt,169.439,0.250,42.360,3,9.422,22.24,3.141,5.953,0.156
98,ec.gp.GPIndividual@188579016{1982238101},3C_20_50-03.txt,30.993,0.250,7.748,1,1.563,20.17,1.563,5.953,0.156
98,ec.gp.GPIndividual@188579016{1982238101},3C_20_66-02.txt,154.245,0.250,38.561,7,18.938,49.11,2.705,5.953,0.156
98,ec.gp.GPIndividual@1370387454{1434799019},3C_20_50-02.txt,61.404,0.250,15.351,2,2.156,14.05,1.078,1.625,0.531
98,ec.gp.GPIndividual@1370387454{1434799019},3C_20_66-03.txt,118.340,0.250,29.585,2,12.031,40.67,6.016,7.516,0.531
98,ec.gp.GPIndividual@1370387454{1434799019},3C_20_66-01.txt,7.322,0.250,1.831,1,4.328,236.44,4.328,7.516,0.531
98,ec.gp.GPIndividual@1370387454{1434799019},3C_20_66-01.txt,7.322,0.250,1.831,1,1.938,105.84,1.938,7.516,0.531
98,ec.gp.GPIndividual@1370387454{1434799019},3C_20_50-03.txt,30.993,0.250,7.748,7,9.906,127.85,1.415,7.516,0.531
98,ec.gp.GPIndividual@1370387454{1434799019},3C_20_66-01.txt,7.322,0.250,1.831,3,1.734,94.75,0.578,7.516,0.156
98,ec.gp.GPIndividual@1370387454{1434799019},3C_20_66-02.txt,154.245,0.250,38.561,14,41.922,108.72,2.994,13.141,0.141
98,ec.gp.GPIndividual@1370387454{1434799019},3C_20_66-02.txt,154.245,0.250,38.561,14,41.922,108.72,2.994,13.141,0.141
98,ec.gp.GPIndividual@1370387454{1434799019},3C_20_80-01.txt,4.194,0.250,1.049,2,1.250,119.20,0.625,13.141,0.141
98,ec.gp.GPIndividual@1370387454{1434799019},3C_20_66-03.txt,118.340,0.250,29.585,2,0.641,2.17,0.320,13.141,0.141
98,ec.gp.GPIndividual@1370387454{1434799019},3C_20_66-02.txt,154.245,0.250,38.561,5,7.750,20.10,1.550,13.141,0.141
98,ec.gp.GPIndividual@1370387454{1434799019},3C_20_80-02.txt,35.738,0.250,8.935,3,9.109,101.96,3.036,13.141,0.141
98,ec.gp.GPIndividual@1370387454{1434799019},3C_20_66-02.txt,154.245,0.250,38.561,9,28.625,74.23,3.181,13.141,0.141
98,ec.gp.GPIndividual@1370387454{1434799019},3C_20_80-03.txt,169.439,0.250,42.360,6,15.750,37.18,2.625,13.141,0.141
98,ec.gp.GPIndividual@1370387454{1434799019},3C_20_66-03.txt,118.340,0.250,29.585,6,29.531,99.82,4.922,13.141,0.141
98,ec.gp.GPIndividual@1370387454{1434799019},3C_20_66-01.txt,7.322,0.250,1.831,1,2.016,110.11,2.016,13.141,0.141
98,ec.gp.GPIndividual@1370387454{1434799019},3C_20_80-01.txt,4.194,0.250,1.049,2,1.375,131.12,0.688,13.141,0.141
98,ec.gp.GPIndividual@1370387454{1434799019},3C_20_66-02.txt,154.245,0.250,38.561,3,10.156,26.34,3.385,13.141,0.141
98,ec.gp.GPIndividual@1370387454{1434799019},3C_20_80-02.txt,35.738,0.250,8.935,1,14.563,162.99,14.563,14.563,0.141
98,ec.gp.GPIndividual@1370387454{1434799019},3C_20_80-01.txt,4.194,0.250,1.049,1,2.656,253.31,2.656,14.563,0.141
98,ec.gp.GPIndividual@1370387454{1434799019},3C_20_66-03.txt,118.340,0.250,29.585,4,30.250,102.25,7.563,16.469,0.141
98,ec.gp.GPIndividual@1370387454{1434799019},3C_20_80-03.txt,169.439,0.250,42.360,10,44.328,104.65,4.433,16.469,0.141
98,ec.gp.GPIndividual@1295327084{2082456784},3C_20_50-02.txt,61.404,0.250,15.351,6,17.203,112.06,2.867,6.047,0.359
98,ec.gp.GPIndividual@1295327084{2082456784},3C_20_80-01.txt,4.194,0.250,1.049,2,1.063,101.32,0.531,6.047,0.172
98,ec.gp.GPIndividual@1295327084{2082456784},3C_20_66-03.txt,118.340,0.250,29.585,7,34.656,117.14,4.951,16.750,0.172
98,ec.gp.GPIndividual@1295327084{2082456784},3C_20_66-03.txt,118.340,0.250,29.585,6,26.891,90.89,4.482,16.750,0.172
98,ec.gp.GPIndividual@1106129058{370750174},3C_20_50-02.txt,61.404,0.250,15.351,6,15.516,101.07,2.586,6.547,0.172
98,ec.gp.GPIndividual@1106129058{370750174},3C_20_80-02.txt,35.738,0.250,8.935,4,8.172,91.46,2.043,6.547,0.172
98,ec.gp.GPIndividual@1106129058{370750174},3C_20_50-03.txt,30.993,0.250,7.748,1,1.078,13.91,1.078,6.547,0.172
98,ec.gp.GPIndividual@1106129058{370750174},3C_20_80-02.txt,35.738,0.250,8.935,4,18.375,205.66,4.594,10.656,0.172
98,ec.gp.GPIndividual@1106129058{370750174},3C_20_50-03.txt,30.993,0.250,7.748,5,9.672,124.83,1.934,10.656,0.172
98,ec.gp.GPIndividual@1106129058{370750174},3C_20_66-01.txt,7.322,0.250,1.831,4,3.141,171.57,0.785,10.656,0.172
98,ec.gp.GPIndividual@1106129058{370750174},3C_20_80-03.txt,169.439,0.250,42.360,3,1.672,3.95,0.557,10.656,0.156
98,ec.gp.GPIndividual@1106129058{370750174},3C_20_80-01.txt,4.194,0.250,1.049,1,2.000,190.73,2.000,10.656,0.156
98,ec.gp.GPIndividual@1106129058{370750174},3C_20_80-01.txt,4.194,0.250,1.049,3,1.125,107.28,0.375,10.656,0.156
98,ec.gp.GPIndividual@1106129058{370750174},3C_20_80-02.txt,35.738,0.250,8.935,2,1.297,14.52,0.648,10.656,0.156
98,ec.gp.GPIndividual@1106129058{370750174},3C_20_66-02.txt,154.245,0.250,38.561,1,1.109,2.88,1.109,10.656,0.156
98,ec.gp.GPIndividual@1106129058{370750174},3C_20_80-03.txt,169.439,0.250,42.360,7,13.219,31.21,1.888,10.656,0.156
98,ec.gp.GPIndividual@1106129058{370750174},3C_20_66-03.txt,118.340,0.250,29.585,10,29.781,100.66,2.978,10.656,0.156
98,ec.gp.GPIndividual@1106129058{370750174},3C_20_80-02.txt,35.738,0.250,8.935,3,11.391,127.49,3.797,10.656,0.156
98,ec.gp.GPIndividual@1605924053{-1611450008},3C_20_50-02.txt,61.404,0.250,15.351,2,1.391,9.06,0.695,0.859,0.531
98,ec.gp.GPIndividual@1605924053{-1611450008},3C_20_80-03.txt,169.439,0.250,42.360,1,1.188,2.80,1.188,1.188,0.531
98,ec.gp.GPIndividual@1605924053{-1611450008},3C_20_80-01.txt,4.194,0.250,1.049,2,7.813,745.03,3.906,7.281,0.531
98,ec.gp.GPIndividual@1605924053{-1611450008},3C_20_66-01.txt,7.322,0.250,1.831,1,2.047,111.82,2.047,7.281,0.531
98,ec.gp.GPIndividual@1605924053{-1611450008},3C_20_80-03.txt,169.439,0.250,42.360,7,14.141,33.38,2.020,7.750,0.313
98,ec.gp.GPIndividual@1605924053{-1611450008},3C_20_80-02.txt,35.738,0.250,8.935,4,11.656,130.46,2.914,7.750,0.313
98,ec.gp.GPIndividual@1168406990{-486180415},3C_20_50-02.txt,61.404,0.250,15.351,6,13.922,90.69,2.320,6.031,0.484
98,ec.gp.GPIndividual@1168406990{-486180415},3C_20_80-03.txt,169.439,0.250,42.360,10,39.953,94.32,3.995,13.734,0.484
98,ec.gp.GPIndividual@12055040{-904607998},3C_20_50-02.txt,61.404,0.250,15.351,4,20.469,133.34,5.117,9.594,0.531
98,ec.gp.GPIndividual@1525525404{1700652092},3C_20_50-02.txt,61.404,0.250,15.351,3,15.609,101.68,5.203,13.281,0.531
98,ec.gp.GPIndividual@1525525404{1700652092},3C_20_50-03.txt,30.993,0.250,7.748,1,14.719,189.96,14.719,14.719,0.531
98,ec.gp.GPIndividual@1525525404{1700652092},3C_20_50-03.txt,30.993,0.250,7.748,3,19.688,254.09,6.563,16.469,0.531
98,ec.gp.GPIndividual@438510655{166309099},3C_20_50-02.txt,61.404,0.250,15.351,2,1.438,9.36,0.719,0.953,0.484
98,ec.gp.GPIndividual@438510655{166309099},3C_20_50-03.txt,30.993,0.250,7.748,4,9.828,126.84,2.457,3.141,0.484
98,ec.gp.GPIndividual@438510655{166309099},3C_20_66-01.txt,7.322,0.250,1.831,2,2.406,131.45,1.203,3.141,0.484
98,ec.gp.GPIndividual@438510655{166309099},3C_20_50-03.txt,30.993,0.250,7.748,1,3.109,40.13,3.109,3.141,0.484
98,ec.gp.GPIndividual@438510655{166309099},3C_20_66-01.txt,7.322,0.250,1.831,2,3.375,184.37,1.688,3.141,0.484
98,ec.gp.GPIndividual@438510655{166309099},3C_20_50-03.txt,30.993,0.250,7.748,3,1.969,25.41,0.656,3.141,0.484
98,ec.gp.GPIndividual@438510655{166309099},3C_20_66-02.txt,154.245,0.250,38.561,2,6.969,18.07,3.484,5.891,0.484
98,ec.gp.GPIndividual@438510655{166309099},3C_20_66-02.txt,154.245,0.250,38.561,3,8.516,22.08,2.839,5.891,0.484
98,ec.gp.GPIndividual@438510655{166309099},3C_20_66-03.txt,118.340,0.250,29.585,11,31.297,105.79,2.845,5.891,0.484
98,ec.gp.GPIndividual@438510655{166309099},3C_20_80-01.txt,4.194,0.250,1.049,1,1.641,156.46,1.641,5.891,0.484
98,ec.gp.GPIndividual@438510655{166309099},3C_20_66-01.txt,7.322,0.250,1.831,2,1.969,107.55,0.984,5.891,0.156
98,ec.gp.GPIndividual@438510655{166309099},3C_20_66-03.txt,118.340,0.250,29.585,1,0.516,1.74,0.516,5.891,0.156
98,ec.gp.GPIndividual@438510655{166309099},3C_20_80-02.txt,35.738,0.250,8.935,4,8.063,90.24,2.016,5.891,0.156
98,ec.gp.GPIndividual@438510655{166309099},3C_20_80-03.txt,169.439,0.250,42.360,8,32.031,75.62,4.004,8.063,0.156
98,ec.gp.GPIndividual@986382510{-1889057243},3C_20_50-02.txt,61.404,0.250,15.351,0,0.000,0.00,0.000,0.000,0.000
98,ec.gp.GPIndividual@986382510{-1889057243},3C_20_50-03.txt,30.993,0.250,7.748,0,0.000,0.00,0.000,0.000,0.000
98,ec.gp.GPIndividual@986382510{-1889057243},3C_20_66-01.txt,7.322,0.250,1.831,0,0.000,0.00,0.000,0.000,0.000
98,ec.gp.GPIndividual@986382510{-1889057243},3C_20_66-02.txt,154.245,0.250,38.561,0,0.000,0.00,0.000,0.000,0.000
98,ec.gp.GPIndividual@986382510{-1889057243},3C_20_66-03.txt,118.340,0.250,29.585,0,0.000,0.00,0.000,0.000,0.000
98,ec.gp.GPIndividual@986382510{-1889057243},3C_20_80-01.txt,4.194,0.250,1.049,0,0.000,0.00,0.000,0.000,0.000
98,ec.gp.GPIndividual@986382510{-1889057243},3C_20_80-02.txt,35.738,0.250,8.935,0,0.000,0.00,0.000,0.000,0.000
98,ec.gp.GPIndividual@986382510{-1889057243},3C_20_80-03.txt,169.439,0.250,42.360,0,0.000,0.00,0.000,0.000,0.000
98,ec.gp.GPIndividual@1119635650{-1585186738},3C_20_50-02.txt,61.404,0.250,15.351,4,18.781,122.34,4.695,7.359,0.531
98,ec.gp.GPIndividual@1119635650{-1585186738},3C_20_66-01.txt,7.322,0.250,1.831,1,1.875,102.43,1.875,7.359,0.531
98,ec.gp.GPIndividual@1119635650{-1585186738},3C_20_50-03.txt,30.993,0.250,7.748,3,8.688,112.12,2.896,7.359,0.531
98,ec.gp.GPIndividual@1119635650{-1585186738},3C_20_66-02.txt,154.245,0.250,38.561,2,3.078,7.98,1.539,7.359,0.531
98,ec.gp.GPIndividual@1119635650{-1585186738},3C_20_66-01.txt,7.322,0.250,1.831,1,3.234,176.69,3.234,7.359,0.531
98,ec.gp.GPIndividual@1119635650{-1585186738},3C_20_66-01.txt,7.322,0.250,1.831,3,11.672,637.62,3.891,9.938,0.125
98,ec.gp.GPIndividual@1119635650{-1585186738},3C_20_66-02.txt,154.245,0.250,38.561,25,39.469,102.35,1.579,9.938,0.125
98,ec.gp.GPIndividual@1119635650{-1585186738},3C_20_66-02.txt,154.245,0.250,38.561,11,38.813,100.65,3.528,13.641,0.125
98,ec.gp.GPIndividual@1119635650{-1585186738},3C_20_80-01.txt,4.194,0.250,1.049,2,1.203,114.73,0.602,13.641,0.125
98,ec.gp.GPIndividual@1119635650{-1585186738},3C_20_66-03.txt,118.340,0.250,29.585,6,30.594,103.41,5.099,13.641,0.125
98,ec.gp.GPIndividual@1119635650{-1585186738},3C_20_80-01.txt,4.194,0.250,1.049,2,4.563,435.10,2.281,13.641,0.125
98,ec.gp.GPIndividual@1119635650{-1585186738},3C_20_80-02.txt,35.738,0.250,8.935,2,12.734,142.53,6.367,13.641,0.125
98,ec.gp.GPIndividual@1119635650{-1585186738},3C_20_66-03.txt,118.340,0.250,29.585,7,31.500,106.47,4.500,14.578,0.125
98,ec.gp.GPIndividual@1119635650{-1585186738},3C_20_66-02.txt,154.245,0.250,38.561,12,38.641,100.21,3.220,14.578,0.125
98,ec.gp.GPIndividual@1119635650{-1585186738},3C_20_80-02.txt,35.738,0.250,8.935,4,9.391,105.10,2.348,14.578,0.125
98,ec.gp.GPIndividual@1119635650{-1585186738},3C_20_80-03.txt,169.439,0.250,42.360,4,13.875,32.76,3.469,14.578,0.125
98,ec.gp.GPIndividual@1119635650{-1585186738},3C_20_66-02.txt,154.245,0.250,38.561,1,11.297,29.30,11.297,14.578,0.125
98,ec.gp.GPIndividual@1119635650{-1585186738},3C_20_66-03.txt,118.340,0.250,29.585,8,30.109,101.77,3.764,14.578,0.125
98,ec.gp.GPIndividual@1980891616{298855472},3C_20_50-02.txt,61.404,0.250,15.351,4,22.891,149.11,5.723,15.219,0.531
98,ec.gp.GPIndividual@1980891616{298855472},3C_20_80-01.txt,4.194,0.250,1.049,1,16.125,1537.73,16.125,16.125,0.531
98,ec.gp.GPIndividual@1980891616{298855472},3C_20_80-03.txt,169.439,0.250,42.360,14,42.500,100.33,3.036,16.453,0.172
98,ec.gp.GPIndividual@914225497{188317089},3C_20_50-02.txt,61.404,0.250,15.351,7,22.406,145.96,3.201,7.703,0.328
98,ec.gp.GPIndividual@914225497{188317089},3C_20_80-01.txt,4.194,0.250,1.049,2,1.375,131.12,0.688,7.703,0.328
98,ec.gp.GPIndividual@914225497{188317089},3C_20_50-03.txt,30.993,0.250,7.748,3,11.297,145.80,3.766,10.500,0.313
98,ec.gp.GPIndividual@914225497{188317089},3C_20_66-03.txt,118.340,0.250,29.585,11,31.359,106.00,2.851,10.500,0.313
98,ec.gp.GPIndividual@914225497{188317089},3C_20_80-02.txt,35.738,0.250,8.935,3,9.000,100.73,3.000,10.500,0.313
98,ec.gp.GPIndividual@914225497{188317089},3C_20_80-02.txt,35.738,0.250,8.935,4,10.188,114.02,2.547,10.500,0.313
98,ec.gp.GPIndividual@914225497{188317089},3C_20_50-03.txt,30.993,0.250,7.748,2,11.203,144.59,5.602,10.500,0.313
98,ec.gp.GPIndividual@914225497{188317089},3C_20_66-03.txt,118.340,0.250,29.585,11,22.422,75.79,2.038,10.500,0.313
98,ec.gp.GPIndividual@914225497{188317089},3C_20_80-01.txt,4.194,0.250,1.049,3,7.031,670.52,2.344,10.500,0.313
98,ec.gp.GPIndividual@914225497{188317089},3C_20_80-01.txt,4.194,0.250,1.049,2,4.406,420.19,2.203,10.500,0.141
98,ec.gp.GPIndividual@914225497{188317089},3C_20_66-01.txt,7.322,0.250,1.831,2,2.156,117.79,1.078,10.500,0.141
98,ec.gp.GPIndividual@914225497{188317089},3C_20_80-03.txt,169.439,0.250,42.360,4,8.969,21.17,2.242,10.500,0.141
98,ec.gp.GPIndividual@914225497{188317089},3C_20_66-01.txt,7.322,0.250,1.831,1,1.016,55.48,1.016,10.500,0.141
98,ec.gp.GPIndividual@914225497{188317089},3C_20_80-02.txt,35.738,0.250,8.935,6,10.141,113.50,1.690,10.500,0.141
98,ec.gp.GPIndividual@914225497{188317089},3C_20_80-03.txt,169.439,0.250,42.360,19,46.594,110.00,2.452,10.500,0.141
98,ec.gp.GPIndividual@1321796473{596023343},3C_20_50-02.txt,61.404,0.250,15.351,6,23.531,153.29,3.922,10.547,0.156
98,ec.gp.GPIndividual@1187024794{1091289198},3C_20_50-02.txt,61.404,0.250,15.351,4,16.234,105.75,4.059,12.891,0.531
98,ec.gp.GPIndividual@1187024794{1091289198},3C_20_66-02.txt,154.245,0.250,38.561,12,38.781,100.57,3.232,12.891,0.531
98,ec.gp.GPIndividual@1187024794{1091289198},3C_20_50-03.txt,30.993,0.250,7.748,3,7.453,96.19,2.484,12.891,0.531
98,ec.gp.GPIndividual@1187024794{1091289198},3C_20_66-02.txt,154.245,0.250,38.561,3,13.281,34.44,4.427,12.891,0.531
98,ec.gp.GPIndividual@1187024794{1091289198},3C_20_80-03.txt,169.439,0.250,42.360,13,49.016,115.71,3.770,12.891,0.531
98,ec.gp.GPIndividual@1187024794{1091289198},3C_20_66-01.txt,7.322,0.250,1.831,2,2.297,125.47,1.148,12.891,0.328
98,ec.gp.GPIndividual@2127765608{-140033746},3C_20_50-02.txt,61.404,0.250,15.351,2,1.547,10.08,0.773,0.859,0.688
98,ec.gp.GPIndividual@2127765608{-140033746},3C_20_66-03.txt,118.340,0.250,29.585,1,10.281,34.75,10.281,10.281,0.688
98,ec.gp.GPIndividual@2127765608{-140033746},3C_20_80-02.txt,35.738,0.250,8.935,2,14.172,158.62,7.086,13.688,0.484
98,ec.gp.GPIndividual@2127765608{-140033746},3C_20_50-03.txt,30.993,0.250,7.748,2,15.953,205.90,7.977,14.938,0.484
98,ec.gp.GPIndividual@2127765608{-140033746},3C_20_66-03.txt,118.340,0.250,29.585,13,33.203,112.23,2.554,14.938,0.484
98,ec.gp.GPIndividual@2127765608{-140033746},3C_20_80-01.txt,4.194,0.250,1.049,2,4.531,432.11,2.266,14.938,0.484
98,ec.gp.GPIndividual@2127765608{-140033746},3C_20_66-01.txt,7.322,0.250,1.831,2,2.328,127.18,1.164,14.938,0.344
98,ec.gp.GPIndividual@2127765608{-140033746},3C_20_80-03.txt,169.439,0.250,42.360,17,45.953,108.48,2.703,14.938,0.344
98,ec.gp.GPIndividual@1850930127{1155830159},3C_20_50-02.txt,61.404,0.250,15.351,5,24.969,162.65,4.994,11.141,0.500
98,ec.gp.GPIndividual@1850930127{1155830159},3C_20_66-02.txt,154.245,0.250,38.561,6,26.438,68.56,4.406,16.688,0.500
98,ec.gp.GPIndividual@1850930127{1155830159},3C_20_50-03.txt,30.993,0.250,7.748,5,8.781,113.33,1.756,16.688,0.500
98,ec.gp.GPIndividual@1850930127{1155830159},3C_20_66-02.txt,154.245,0.250,38.561,1,0.328,0.85,0.328,16.688,0.328
98,ec.gp.GPIndividual@1850930127{1155830159},3C_20_66-03.txt,118.340,0.250,29.585,3,11.813,39.93,3.938,16.688,0.328
98,ec.gp.GPIndividual@1850930127{1155830159},3C_20_50-03.txt,30.993,0.250,7.748,4,7.625,98.41,1.906,16.688,0.172
98,ec.gp.GPIndividual@1850930127{1155830159},3C_20_66-01.txt,7.322,0.250,1.831,1,6.156,336.31,6.156,16.688,0.172
98,ec.gp.GPIndividual@1850930127{1155830159},3C_20_80-01.txt,4.194,0.250,1.049,1,3.250,309.93,3.250,16.688,0.172
98,ec.gp.GPIndividual@1850930127{1155830159},3C_20_66-01.txt,7.322,0.250,1.831,3,2.875,157.06,0.958,16.688,0.172
98,ec.gp.GPIndividual@1850930127{1155830159},3C_20_66-03.txt,118.340,0.250,29.585,4,2.656,8.98,0.664,16.688,0.172
98,ec.gp.GPIndividual@1850930127{1155830159},3C_20_66-02.txt,154.245,0.250,38.561,9,39.422,102.23,4.380,16.688,0.172
98,ec.gp.GPIndividual@1850930127{1155830159},3C_20_66-02.txt,154.245,0.250,38.561,1,0.359,0.93,0.359,16.688,0.172
98,ec.gp.GPIndividual@1850930127{1155830159},3C_20_66-03.txt,118.340,0.250,29.585,2,4.375,14.79,2.188,16.688,0.172
98,ec.gp.GPIndividual@1850930127{1155830159},3C_20_80-01.txt,4.194,0.250,1.049,1,5.984,570.69,5.984,16.688,0.172
98,ec.gp.GPIndividual@1850930127{1155830159},3C_20_80-01.txt,4.194,0.250,1.049,4,1.516,144.53,0.379,16.688,0.172
98,ec.gp.GPIndividual@1850930127{1155830159},3C_20_80-02.txt,35.738,0.250,8.935,3,3.641,40.75,1.214,16.688,0.156
98,ec.gp.GPIndividual@1850930127{1155830159},3C_20_80-02.txt,35.738,0.250,8.935,5,9.188,102.83,1.838,16.688,0.156
98,ec.gp.GPIndividual@1850930127{1155830159},3C_20_80-03.txt,169.439,0.250,42.360,16,43.031,101.59,2.689,16.688,0.156
98,ec.gp.GPIndividual@1972617665{-1105490984},3C_20_50-02.txt,61.404,0.250,15.351,6,8.078,52.62,1.346,4.859,0.125
98,ec.gp.GPIndividual@1972617665{-1105490984},3C_20_80-03.txt,169.439,0.250,42.360,10,37.078,87.53,3.708,15.516,0.125
98,ec.gp.GPIndividual@1972617665{-1105490984},3C_20_80-02.txt,35.738,0.250,8.935,2,11.719,131.16,5.859,15.516,0.125
98,ec.gp.GPIndividual@255670636{-1761098990},3C_20_50-02.txt,61.404,0.250,15.351,4,26.141,170.29,6.535,12.891,0.281
98,ec.gp.GPIndividual@255670636{-1761098990},3C_20_50-03.txt,30.993,0.250,7.748,1,14.406,185.93,14.406,14.406,0.281
98,ec.gp.GPIndividual@255670636{-1761098990},3C_20_80-01.txt,4.194,0.250,1.049,1,1.516,144.53,1.516,14.406,0.281
98,ec.gp.GPIndividual@255670636{-1761098990},3C_20_50-03.txt,30.993,0.250,7.748,7,8.016,103.45,1.145,14.406,0.281
98,ec.gp.GPIndividual@255670636{-1761098990},3C_20_80-03.txt,169.439,0.250,42.360,17,42.266,99.78,2.486,14.406,0.281
98,ec.gp.GPIndividual@255670636{-1761098990},3C_20_66-01.txt,7.322,0.250,1.831,1,7.125,389.23,7.125,14.406,0.281
98,ec.gp.GPIndividual@914725576{-1132887175},3C_20_50-02.txt,61.404,0.250,15.351,10,15.375,100.16,1.538,5.547,0.141
98,ec.gp.GPIndividual@914725576{-1132887175},3C_20_50-03.txt,30.993,0.250,7.748,3,18.922,244.21,6.307,16.406,0.141
98,ec.gp.GPIndividual@914725576{-1132887175},3C_20_80-03.txt,169.439,0.250,42.360,3,8.000,18.89,2.667,16.406,0.141
98,ec.gp.GPIndividual@914725576{-1132887175},3C_20_80-02.txt,35.738,0.250,8.935,4,10.203,114.20,2.551,16.406,0.141
98,ec.gp.GPIndividual@1906706305{-1846826135},3C_20_50-02.txt,61.404,0.250,15.351,11,18.641,121.43,1.695,6.734,0.141
98,ec.gp.GPIndividual@1906706305{-1846826135},3C_20_66-01.txt,7.322,0.250,1.831,1,0.125,6.83,0.125,6.734,0.125
98,ec.gp.GPIndividual@1906706305{-1846826135},3C_20_80-03.txt,169.439,0.250,42.360,5,6.719,15.86,1.344,6.734,0.125
98,ec.gp.GPIndividual@1906706305{-1846826135},3C_20_50-03.txt,30.993,0.250,7.748,4,8.641,111.52,2.160,6.734,0.125
98,ec.gp.GPIndividual@2132748912{663445328},3C_20_50-02.txt,61.404,0.250,15.351,5,23.375,152.27,4.675,16.641,0.297
98,ec.gp.GPIndividual@2132748912{663445328},3C_20_66-02.txt,154.245,0.250,38.561,11,41.516,107.66,3.774,16.766,0.297
98,ec.gp.GPIndividual@2132748912{663445328},3C_20_66-01.txt,7.322,0.250,1.831,5,1.813,99.01,0.363,16.766,0.141
98,ec.gp.GPIndividual@2132748912{663445328},3C_20_66-02.txt,154.245,0.250,38.561,2,8.031,20.83,4.016,16.766,0.141
98,ec.gp.GPIndividual@2132748912{663445328},3C_20_66-01.txt,7.322,0.250,1.831,1,5.547,303.02,5.547,16.766,0.141
98,ec.gp.GPIndividual@2132748912{663445328},3C_20_66-03.txt,118.340,0.250,29.585,9,30.047,101.56,3.339,16.766,0.141
98,ec.gp.GPIndividual@2132748912{663445328},3C_20_66-02.txt,154.245,0.250,38.561,1,1.063,2.76,1.063,16.766,0.141
98,ec.gp.GPIndividual@2132748912{663445328},3C_20_66-02.txt,154.245,0.250,38.561,11,26.047,67.55,2.368,16.766,0.141
98,ec.gp.GPIndividual@2132748912{663445328},3C_20_50-03.txt,30.993,0.250,7.748,2,2.547,32.87,1.273,16.766,0.141
98,ec.gp.GPIndividual@2132748912{663445328},3C_20_66-03.txt,118.340,0.250,29.585,7,37.453,126.60,5.350,16.766,0.141
98,ec.gp.GPIndividual@2132748912{663445328},3C_20_66-03.txt,118.340,0.250,29.585,8,31.844,107.64,3.980,16.766,0.141
98,ec.gp.GPIndividual@2132748912{663445328},3C_20_66-03.txt,118.340,0.250,29.585,2,3.188,10.77,1.594,16.766,0.141
98,ec.gp.GPIndividual@2132748912{663445328},3C_20_80-01.txt,4.194,0.250,1.049,2,7.563,721.18,3.781,16.766,0.141
98,ec.gp.GPIndividual@2132748912{663445328},3C_20_66-01.txt,7.322,0.250,1.831,5,6.375,348.26,1.275,16.766,0.125
98,ec.gp.GPIndividual@2132748912{663445328},3C_20_80-01.txt,4.194,0.250,1.049,1,0.125,11.92,0.125,16.766,0.125
98,ec.gp.GPIndividual@2132748912{663445328},3C_20_66-02.txt,154.245,0.250,38.561,2,10.219,26.50,5.109,16.766,0.125
98,ec.gp.GPIndividual@2132748912{663445328},3C_20_80-01.txt,4.194,0.250,1.049,4,1.484,141.55,0.371,16.766,0.125
98,ec.gp.GPIndividual@2132748912{663445328},3C_20_80-02.txt,35.738,0.250,8.935,2,0.953,10.67,0.477,16.766,0.125
98,ec.gp.GPIndividual@2132748912{663445328},3C_20_80-02.txt,35.738,0.250,8.935,1,11.078,123.99,11.078,16.766,0.125
98,ec.gp.GPIndividual@2132748912{663445328},3C_20_80-01.txt,4.194,0.250,1.049,1,0.703,67.05,0.703,16.766,0.125
98,ec.gp.GPIndividual@2132748912{663445328},3C_20_80-02.txt,35.738,0.250,8.935,8,9.828,110.00,1.229,16.766,0.125
98,ec.gp.GPIndividual@2132748912{663445328},3C_20_80-03.txt,169.439,0.250,42.360,7,6.844,16.16,0.978,16.766,0.125
98,ec.gp.GPIndividual@2132748912{663445328},3C_20_80-02.txt,35.738,0.250,8.935,1,1.188,13.29,1.188,16.766,0.125
98,ec.gp.GPIndividual@2132748912{663445328},3C_20_66-03.txt,118.340,0.250,29.585,10,19.531,66.02,1.953,16.766,0.125
98,ec.gp.GPIndividual@2132748912{663445328},3C_20_80-03.txt,169.439,0.250,42.360,8,40.734,96.16,5.092,16.766,0.125
98,ec.gp.GPIndividual@2132748912{663445328},3C_20_80-03.txt,169.439,0.250,42.360,4,47.281,111.62,11.820,16.766,0.125
98,ec.gp.GPIndividual@2132748912{663445328},3C_20_80-01.txt,4.194,0.250,1.049,1,5.078,484.27,5.078,16.766,0.125
98,ec.gp.GPIndividual@1455324140{1923952222},3C_20_50-02.txt,61.404,0.250,15.351,1,0.219,1.42,0.219,0.219,0.219
98,ec.gp.GPIndividual@1455324140{1923952222},3C_20_80-03.txt,169.439,0.250,42.360,3,10.875,25.67,3.625,9.688,0.203
98,ec.gp.GPIndividual@1098732087{1521673437},3C_20_50-02.txt,61.404,0.250,15.351,6,21.906,142.70,3.651,14.125,0.219
98,ec.gp.GPIndividual@1098732087{1521673437},3C_20_80-03.txt,169.439,0.250,42.360,7,38.109,89.97,5.444,14.125,0.219
98,ec.gp.GPIndividual@1458783540{1095624010},3C_20_50-02.txt,61.404,0.250,15.351,1,0.219,1.42,0.219,0.219,0.219
98,ec.gp.GPIndividual@1458783540{1095624010},3C_20_50-03.txt,30.993,0.250,7.748,1,14.531,187.54,14.531,14.531,0.219
98,ec.gp.GPIndividual@1458783540{1095624010},3C_20_50-03.txt,30.993,0.250,7.748,1,15.703,202.67,15.703,15.703,0.219
98,ec.gp.GPIndividual@1458783540{1095624010},3C_20_50-03.txt,30.993,0.250,7.748,1,2.453,31.66,2.453,15.703,0.219
98,ec.gp.GPIndividual@1458783540{1095624010},3C_20_66-01.txt,7.322,0.250,1.831,1,0.594,32.44,0.594,15.703,0.219
98,ec.gp.GPIndividual@1458783540{1095624010},3C_20_66-02.txt,154.245,0.250,38.561,3,6.563,17.02,2.188,15.703,0.219
98,ec.gp.GPIndividual@1458783540{1095624010},3C_20_66-03.txt,118.340,0.250,29.585,3,14.734,49.80,4.911,15.703,0.219
98,ec.gp.GPIndividual@1458783540{1095624010},3C_20_80-01.txt,4.194,0.250,1.049,1,0.453,43.21,0.453,15.703,0.219
98,ec.gp.GPIndividual@1458783540{1095624010},3C_20_80-02.txt,35.738,0.250,8.935,2,5.422,60.68,2.711,15.703,0.219
98,ec.gp.GPIndividual@1458783540{1095624010},3C_20_80-03.txt,169.439,0.250,42.360,3,10.906,25.75,3.635,15.703,0.219
98,ec.gp.GPIndividual@1996202191{-2117392520},3C_20_50-02.txt,61.404,0.250,15.351,7,12.766,83.16,1.824,8.922,0.000
98,ec.gp.GPIndividual@1996202191{-2117392520},3C_20_80-03.txt,169.439,0.250,42.360,8,41.359,97.64,5.170,16.344,0.000
98,ec.gp.GPIndividual@865456168{118528451},3C_20_50-02.txt,61.404,0.250,15.351,6,12.531,81.63,2.089,8.516,0.125
98,ec.gp.GPIndividual@865456168{118528451},3C_20_50-03.txt,30.993,0.250,7.748,5,7.313,94.38,1.463,8.516,0.000
98,ec.gp.GPIndividual@865456168{118528451},3C_20_50-03.txt,30.993,0.250,7.748,7,7.641,98.61,1.092,8.516,0.000
98,ec.gp.GPIndividual@865456168{118528451},3C_20_66-01.txt,7.322,0.250,1.831,6,2.016,110.11,0.336,8.516,0.000
98,ec.gp.GPIndividual@865456168{118528451},3C_20_66-01.txt,7.322,0.250,1.831,1,0.078,4.27,0.078,8.516,0.000
98,ec.gp.GPIndividual@865456168{118528451},3C_20_66-02.txt,154.245,0.250,38.561,15,43.625,113.13,2.908,11.141,0.000
98,ec.gp.GPIndividual@865456168{118528451},3C_20_66-02.txt,154.245,0.250,38.561,8,13.063,33.87,1.633,11.141,0.000
98,ec.gp.GPIndividual@865456168{118528451},3C_20_66-03.txt,118.340,0.250,29.585,6,34.734,117.41,5.789,11.141,0.000
98,ec.gp.GPIndividual@865456168{118528451},3C_20_80-01.txt,4.194,0.250,1.049,5,0.938,89.40,0.188,11.141,0.000
98,ec.gp.GPIndividual@865456168{118528451},3C_20_80-02.txt,35.738,0.250,8.935,7,7.078,79.22,1.011,11.141,0.000
98,ec.gp.GPIndividual@865456168{118528451},3C_20_66-03.txt,118.340,0.250,29.585,5,15.516,52.44,3.103,11.156,0.000
98,ec.gp.GPIndividual@865456168{118528451},3C_20_80-03.txt,169.439,0.250,42.360,7,40.266,95.06,5.752,12.438,0.000
98,ec.gp.GPIndividual@1882175394{154732610},3C_20_50-02.txt,61.404,0.250,15.351,2,0.297,1.93,0.148,0.234,0.063
98,ec.gp.GPIndividual@1882175394{154732610},3C_20_50-03.txt,30.993,0.250,7.748,2,1.500,19.36,0.750,0.953,0.063
98,ec.gp.GPIndividual@1882175394{154732610},3C_20_66-01.txt,7.322,0.250,1.831,2,0.313,17.07,0.156,0.953,0.063
98,ec.gp.GPIndividual@1882175394{154732610},3C_20_66-02.txt,154.245,0.250,38.561,2,0.516,1.34,0.258,0.953,0.063
98,ec.gp.GPIndividual@1882175394{154732610},3C_20_66-03.txt,118.340,0.250,29.585,2,1.266,4.28,0.633,0.953,0.063
98,ec.gp.GPIndividual@1882175394{154732610},3C_20_80-01.txt,4.194,0.250,1.049,2,0.391,37.25,0.195,0.953,0.063
98,ec.gp.GPIndividual@1882175394{154732610},3C_20_80-02.txt,35.738,0.250,8.935,2,0.453,5.07,0.227,0.953,0.063
98,ec.gp.GPIndividual@1882175394{154732610},3C_20_80-03.txt,169.439,0.250,42.360,2,17.422,41.13,8.711,16.641,0.063
99,ec.gp.GPIndividual@1794854962{1086022238},3C_20_50-02.txt,61.404,0.250,15.351,0,0.000,0.00,0.000,0.000,0.000
99,ec.gp.GPIndividual@1794854962{1086022238},3C_20_50-03.txt,30.993,0.250,7.748,0,0.000,0.00,0.000,0.000,0.000
99,ec.gp.GPIndividual@1794854962{1086022238},3C_20_66-01.txt,7.322,0.250,1.831,0,0.000,0.00,0.000,0.000,0.000
99,ec.gp.GPIndividual@1794854962{1086022238},3C_20_66-02.txt,154.245,0.250,38.561,0,0.000,0.00,0.000,0.000,0.000
99,ec.gp.GPIndividual@1794854962{1086022238},3C_20_66-03.txt,118.340,0.250,29.585,0,0.000,0.00,0.000,0.000,0.000
99,ec.gp.GPIndividual@1794854962{1086022238},3C_20_80-01.txt,4.194,0.250,1.049,0,0.000,0.00,0.000,0.000,0.000
99,ec.gp.GPIndividual@1794854962{1086022238},3C_20_80-02.txt,35.738,0.250,8.935,0,0.000,0.00,0.000,0.000,0.000
99,ec.gp.GPIndividual@1794854962{1086022238},3C_20_80-03.txt,169.439,0.250,42.360,0,0.000,0.00,0.000,0.000,0.000
99,ec.gp.GPIndividual@1890763903{107298193},3C_20_50-02.txt,61.404,0.250,15.351,14,15.828,103.11,1.131,1.953,0.375
99,ec.gp.GPIndividual@1890763903{107298193},3C_20_50-03.txt,30.993,0.250,7.748,4,8.156,105.27,2.039,2.578,0.375
99,ec.gp.GPIndividual@1890763903{107298193},3C_20_50-03.txt,30.993,0.250,7.748,3,5.703,73.61,1.901,2.594,0.375
99,ec.gp.GPIndividual@1890763903{107298193},3C_20_50-03.txt,30.993,0.250,7.748,4,9.000,116.16,2.250,3.141,0.375
99,ec.gp.GPIndividual@1890763903{107298193},3C_20_50-03.txt,30.993,0.250,7.748,5,7.766,100.23,1.553,3.156,0.172
99,ec.gp.GPIndividual@1890763903{107298193},3C_20_50-03.txt,30.993,0.250,7.748,5,9.797,126.44,1.959,3.203,0.172
99,ec.gp.GPIndividual@1890763903{107298193},3C_20_66-01.txt,7.322,0.250,1.831,1,3.188,174.13,3.188,3.203,0.172
99,ec.gp.GPIndividual@1890763903{107298193},3C_20_66-01.txt,7.322,0.250,1.831,3,2.172,118.65,0.724,3.203,0.172
99,ec.gp.GPIndividual@1890763903{107298193},3C_20_66-02.txt,154.245,0.250,38.561,3,3.047,7.90,1.016,3.203,0.172
99,ec.gp.GPIndividual@1890763903{107298193},3C_20_66-01.txt,7.322,0.250,1.831,1,2.703,147.67,2.703,3.203,0.172
99,ec.gp.GPIndividual@1890763903{107298193},3C_20_50-03.txt,30.993,0.250,7.748,5,8.297,107.08,1.659,3.234,0.172
99,ec.gp.GPIndividual@1890763903{107298193},3C_20_66-03.txt,118.340,0.250,29.585,6,9.594,32.43,1.599,3.234,0.172
99,ec.gp.GPIndividual@1890763903{107298193},3C_20_66-02.txt,154.245,0.250,38.561,1,4.313,11.18,4.313,4.313,0.172
99,ec.gp.GPIndividual@1890763903{107298193},3C_20_66-01.txt,7.322,0.250,1.831,2,2.281,124.62,1.141,4.313,0.172
99,ec.gp.GPIndividual@1890763903{107298193},3C_20_66-02.txt,154.245,0.250,38.561,18,38.734,100.45,2.152,5.984,0.172
99,ec.gp.GPIndividual@1890763903{107298193},3C_20_80-01.txt,4.194,0.250,1.049,2,2.125,202.65,1.063,5.984,0.172
99,ec.gp.GPIndividual@1890763903{107298193},3C_20_66-03.txt,118.340,0.250,29.585,7,13.609,46.00,1.944,7.063,0.000
99,ec.gp.GPIndividual@1890763903{107298193},3C_20_66-03.txt,118.340,0.250,29.585,7,34.000,114.92,4.857,7.469,0.000
99,ec.gp.GPIndividual@1890763903{107298193},3C_20_66-02.txt,154.245,0.250,38.561,9,31.266,81.08,3.474,9.125,0.000
99,ec.gp.GPIndividual@1890763903{107298193},3C_20_80-02.txt,35.738,0.250,8.935,5,9.594,107.38,1.919,9.125,0.000
99,ec.gp.GPIndividual@1890763903{107298193},3C_20_66-03.txt,118.340,0.250,29.585,5,9.719,32.85,1.944,9.125,0.000
99,ec.gp.GPIndividual@1890763903{107298193},3C_20_80-03.txt,169.439,0.250,42.360,6,43.594,102.91,7.266,9.391,0.000
99,ec.gp.GPIndividual@1890763903{107298193},3C_20_80-01.txt,4.194,0.250,1.049,1,1.078,102.81,1.078,9.391,0.000
99,ec.gp.GPIndividual@1890763903{107298193},3C_20_66-01.txt,7.322,0.250,1.831,2,11.609,634.20,5.805,11.109,0.000
99,ec.gp.GPIndividual@1890763903{107298193},3C_20_80-01.txt,4.194,0.250,1.049,2,1.531,146.03,0.766,11.109,0.000
99,ec.gp.GPIndividual@1890763903{107298193},3C_20_66-02.txt,154.245,0.250,38.561,6,17.125,44.41,2.854,11.109,0.000
99,ec.gp.GPIndividual@1890763903{107298193},3C_20_80-01.txt,4.194,0.250,1.049,2,2.953,281.62,1.477,11.109,0.000
99,ec.gp.GPIndividual@1890763903{107298193},3C_20_66-03.txt,118.340,0.250,29.585,4,4.531,15.32,1.133,11.109,0.000
99,ec.gp.GPIndividual@1890763903{107298193},3C_20_80-02.txt,35.738,0.250,8.935,1,13.359,149.53,13.359,13.359,0.000
99,ec.gp.GPIndividual@1890763903{107298193},3C_20_66-01.txt,7.322,0.250,1.831,2,2.984,163.03,1.492,13.359,0.000
99,ec.gp.GPIndividual@1890763903{107298193},3C_20_80-03.txt,169.439,0.250,42.360,20,42.438,100.18,2.122,13.359,0.000
99,ec.gp.GPIndividual@1890763903{107298193},3C_20_80-02.txt,35.738,0.250,8.935,2,14.734,164.91,7.367,13.516,0.000
99,ec.gp.GPIndividual@439565530{-1870789790},3C_20_50-02.txt,61.404,0.250,15.351,8,20.297,132.22,2.537,5.953,0.500
99,ec.gp.GPIndividual@439565530{-1870789790},3C_20_66-02.txt,154.245,0.250,38.561,5,5.344,13.86,1.069,5.953,0.000
99,ec.gp.GPIndividual@439565530{-1870789790},3C_20_80-03.txt,169.439,0.250,42.360,1,3.906,9.22,3.906,5.953,0.000
99,ec.gp.GPIndividual@2107166179{406014147},3C_20_50-02.txt,61.404,0.250,15.351,4,10.766,70.13,2.691,5.484,0.484
99,ec.gp.GPIndividual@2107166179{406014147},3C_20_50-03.txt,30.993,0.250,7.748,4,8.938,115.35,2.234,5.484,0.484
99,ec.gp.GPIndividual@2107166179{406014147},3C_20_80-01.txt,4.194,0.250,1.049,1,1.828,174.34,1.828,5.484,0.484
99,ec.gp.GPIndividual@2107166179{406014147},3C_20_50-03.txt,30.993,0.250,7.748,4,10.688,137.94,2.672,5.734,0.484
99,ec.gp.GPIndividual@249308973{-2114349747},3C_20_50-02.txt,61.404,0.250,15.351,10,15.672,102.09,1.567,3.172,0.484
99,ec.gp.GPIndividual@249308973{-2114349747},3C_20_80-02.txt,35.738,0.250,8.935,4,10.969,122.77,2.742,4.516,0.484
99,ec.gp.GPIndividual@249308973{-2114349747},3C_20_66-01.txt,7.322,0.250,1.831,1,0.516,28.17,0.516,4.516,0.484
99,ec.gp.GPIndividual@249308973{-2114349747},3C_20_66-01.txt,7.322,0.250,1.831,2,2.969,162.18,1.484,4.516,0.484
99,ec.gp.GPIndividual@249308973{-2114349747},3C_20_80-03.txt,169.439,0.250,42.360,4,6.297,14.87,1.574,4.516,0.484
99,ec.gp.GPIndividual@249308973{-2114349747},3C_20_50-03.txt,30.993,0.250,7.748,1,1.047,13.51,1.047,4.516,0.484
99,ec.gp.GPIndividual@249308973{-2114349747},3C_20_66-02.txt,154.245,0.250,38.561,1,1.047,2.71,1.047,4.516,0.484
99,ec.gp.GPIndividual@249308973{-2114349747},3C_20_66-02.txt,154.245,0.250,38.561,1,14.891,38.62,14.891,14.891,0.484
99,ec.gp.GPIndividual@249308973{-2114349747},3C_20_80-02.txt,35.738,0.250,8.935,4,10.328,115.60,2.582,14.891,0.484
99,ec.gp.GPIndividual@249308973{-2114349747},3C_20_66-01.txt,7.322,0.250,1.831,3,2.891,157.91,0.964,14.891,0.484
99,ec.gp.GPIndividual@249308973{-2114349747},3C_20_80-03.txt,169.439,0.250,42.360,6,10.516,24.82,1.753,14.891,0.156
99,ec.gp.GPIndividual@249308973{-2114349747},3C_20_66-03.txt,118.340,0.250,29.585,1,1.422,4.81,1.422,14.891,0.156
99,ec.gp.GPIndividual@249308973{-2114349747},3C_20_66-03.txt,118.340,0.250,29.585,8,41.484,140.22,5.186,15.516,0.156
99,ec.gp.GPIndividual@249308973{-2114349747},3C_20_66-03.txt,118.340,0.250,29.585,1,3.641,12.31,3.641,15.516,0.156
99,ec.gp.GPIndividual@249308973{-2114349747},3C_20_80-01.txt,4.194,0.250,1.049,2,2.094,199.67,1.047,15.516,0.156
99,ec.gp.GPIndividual@249308973{-2114349747},3C_20_80-01.txt,4.194,0.250,1.049,4,1.375,131.12,0.344,15.516,0.156
99,ec.gp.GPIndividual@249308973{-2114349747},3C_20_80-02.txt,35.738,0.250,8.935,1,0.156,1.75,0.156,15.516,0.156
99,ec.gp.GPIndividual@249308973{-2114349747},3C_20_80-02.txt,35.738,0.250,8.935,4,22.422,250.96,5.605,15.516,0.156
99,ec.gp.GPIndividual@1129810982{-814098459},3C_20_50-02.txt,61.404,0.250,15.351,0,0.000,0.00,0.000,0.000,0.000
99,ec.gp.GPIndividual@1129810982{-814098459},3C_20_50-03.txt,30.993,0.250,7.748,0,0.000,0.00,0.000,0.000,0.000
99,ec.gp.GPIndividual@1129810982{-814098459},3C_20_66-01.txt,7.322,0.250,1.831,0,0.000,0.00,0.000,0.000,0.000
99,ec.gp.GPIndividual@1129810982{-814098459},3C_20_66-02.txt,154.245,0.250,38.561,0,0.000,0.00,0.000,0.000,0.000
99,ec.gp.GPIndividual@1129810982{-814098459},3C_20_66-03.txt,118.340,0.250,29.585,0,0.000,0.00,0.000,0.000,0.000
99,ec.gp.GPIndividual@1129810982{-814098459},3C_20_80-01.txt,4.194,0.250,1.049,0,0.000,0.00,0.000,0.000,0.000
99,ec.gp.GPIndividual@1129810982{-814098459},3C_20_80-02.txt,35.738,0.250,8.935,0,0.000,0.00,0.000,0.000,0.000
99,ec.gp.GPIndividual@1129810982{-814098459},3C_20_80-03.txt,169.439,0.250,42.360,0,0.000,0.00,0.000,0.000,0.000
99,ec.gp.GPIndividual@979550984{1095624010},3C_20_50-02.txt,61.404,0.250,15.351,1,0.156,1.02,0.156,0.156,0.156
99,ec.gp.GPIndividual@929415616{1240264558},3C_20_50-02.txt,61.404,0.250,15.351,2,2.547,16.59,1.273,2.094,0.453
99,ec.gp.GPIndividual@929415616{1240264558},3C_20_50-03.txt,30.993,0.250,7.748,3,12.313,158.91,4.104,9.938,0.297
99,ec.gp.GPIndividual@929415616{1240264558},3C_20_66-02.txt,154.245,0.250,38.561,1,1.313,3.40,1.313,9.938,0.297
99,ec.gp.GPIndividual@929415616{1240264558},3C_20_80-03.txt,169.439,0.250,42.360,4,9.750,23.02,2.438,9.938,0.297
99,ec.gp.GPIndividual@929415616{1240264558},3C_20_80-03.txt,169.439,0.250,42.360,2,5.672,13.39,2.836,9.938,0.297
99,ec.gp.GPIndividual@929415616{1240264558},3C_20_66-01.txt,7.322,0.250,1.831,1,0.906,49.51,0.906,9.938,0.297
99,ec.gp.GPIndividual@929415616{1240264558},3C_20_66-02.txt,154.245,0.250,38.561,8,10.781,27.96,1.348,9.938,0.297
99,ec.gp.GPIndividual@929415616{1240264558},3C_20_50-03.txt,30.993,0.250,7.748,1,2.391,30.85,2.391,9.938,0.297
99,ec.gp.GPIndividual@929415616{1240264558},3C_20_66-03.txt,118.340,0.250,29.585,6,24.859,84.03,4.143,9.938,0.297
99,ec.gp.GPIndividual@929415616{1240264558},3C_20_80-01.txt,4.194,0.250,1.049,1,0.531,50.66,0.531,9.938,0.297
99,ec.gp.GPIndividual@929415616{1240264558},3C_20_80-02.txt,35.738,0.250,8.935,2,10.469,117.17,5.234,9.938,0.297
99,ec.gp.GPIndividual@929415616{1240264558},3C_20_66-03.txt,118.340,0.250,29.585,2,8.719,29.47,4.359,9.938,0.297
99,ec.gp.GPIndividual@929415616{1240264558},3C_20_80-03.txt,169.439,0.250,42.360,2,11.375,26.85,5.688,9.938,0.297
99,ec.gp.GPIndividual@828709515{566875713},3C_20_50-02.txt,61.404,0.250,15.351,4,15.891,103.51,3.973,12.406,0.531
99,ec.gp.GPIndividual@828709515{566875713},3C_20_50-03.txt,30.993,0.250,7.748,1,0.703,9.07,0.703,12.406,0.531
99,ec.gp.GPIndividual@828709515{566875713},3C_20_80-01.txt,4.194,0.250,1.049,3,1.063,101.32,0.354,12.406,0.172
99,ec.gp.GPIndividual@828709515{566875713},3C_20_80-02.txt,35.738,0.250,8.935,2,10.703,119.79,5.352,12.406,0.172
99,ec.gp.GPIndividual@828709515{566875713},3C_20_80-01.txt,4.194,0.250,1.049,2,6.578,627.31,3.289,12.406,0.172
99,ec.gp.GPIndividual@1551006577{1913750137},3C_20_50-02.txt,61.404,0.250,15.351,4,5.516,35.93,1.379,3.156,0.313
99,ec.gp.GPIndividual@1551006577{1913750137},3C_20_50-03.txt,30.993,0.250,7.748,4,13.563,175.04,3.391,9.219,0.313
99,ec.gp.GPIndividual@1637486681{2076605148},3C_20_50-02.txt,61.404,0.250,15.351,4,6.969,45.40,1.742,3.219,0.516
99,ec.gp.GPIndividual@1637486681{2076605148},3C_20_66-01.txt,7.322,0.250,1.831,1,4.094,223.64,4.094,4.094,0.516
99,ec.gp.GPIndividual@1637486681{2076605148},3C_20_66-01.txt,7.322,0.250,1.831,1,4.422,241.56,4.422,4.422,0.516
99,ec.gp.GPIndividual@1637486681{2076605148},3C_20_66-01.txt,7.322,0.250,1.831,1,0.875,47.80,0.875,4.422,0.516
99,ec.gp.GPIndividual@1637486681{2076605148},3C_20_66-02.txt,154.245,0.250,38.561,6,7.531,19.53,1.255,4.422,0.516
99,ec.gp.GPIndividual@1637486681{2076605148},3C_20_66-03.txt,118.340,0.250,29.585,6,11.891,40.19,1.982,4.422,0.516
99,ec.gp.GPIndividual@1637486681{2076605148},3C_20_66-02.txt,154.245,0.250,38.561,9,22.375,58.02,2.486,6.313,0.516
99,ec.gp.GPIndividual@1637486681{2076605148},3C_20_80-01.txt,4.194,0.250,1.049,1,0.531,50.66,0.531,6.313,0.516
99,ec.gp.GPIndividual@1637486681{2076605148},3C_20_80-02.txt,35.738,0.250,8.935,2,3.250,36.38,1.625,6.313,0.516
99,ec.gp.GPIndividual@1637486681{2076605148},3C_20_66-03.txt,118.340,0.250,29.585,1,1.844,6.23,1.844,6.313,0.516
99,ec.gp.GPIndividual@1637486681{2076605148},3C_20_80-03.txt,169.439,0.250,42.360,4,26.563,62.71,6.641,10.500,0.516
99,ec.gp.GPIndividual@638147214{1031961906},3C_20_50-02.txt,61.404,0.250,15.351,3,27.422,178.63,9.141,14.641,0.344
99,ec.gp.GPIndividual@638147214{1031961906},3C_20_80-03.txt,169.439,0.250,42.360,3,6.484,15.31,2.161,14.641,0.344
99,ec.gp.GPIndividual@638147214{1031961906},3C_20_50-03.txt,30.993,0.250,7.748,4,8.797,113.54,2.199,14.641,0.344
99,ec.gp.GPIndividual@638147214{1031961906},3C_20_50-03.txt,30.993,0.250,7.748,6,7.750,100.02,1.292,14.641,0.172
99,ec.gp.GPIndividual@1442226334{298855472},3C_20_50-02.txt,61.404,0.250,15.351,4,15.500,100.97,3.875,9.000,0.328
99,ec.gp.GPIndividual@1442226334{298855472},3C_20_66-01.txt,7.322,0.250,1.831,1,15.953,871.50,15.953,15.953,0.328
99,ec.gp.GPIndividual@1442226334{298855472},3C_20_80-02.txt,35.738,0.250,8.935,6,8.578,96.01,1.430,15.953,0.328
99,ec.gp.GPIndividual@1442226334{298855472},3C_20_66-01.txt,7.322,0.250,1.831,3,2.953,161.32,0.984,15.953,0.000
99,ec.gp.GPIndividual@1442226334{298855472},3C_20_80-03.txt,169.439,0.250,42.360,2,1.547,3.65,0.773,15.953,0.000
99,ec.gp.GPIndividual@1442226334{298855472},3C_20_66-02.txt,154.245,0.250,38.561,1,0.469,1.22,0.469,15.953,0.000
99,ec.gp.GPIndividual@1442226334{298855472},3C_20_66-02.txt,154.245,0.250,38.561,10,31.547,81.81,3.155,15.953,0.000
99,ec.gp.GPIndividual@1442226334{298855472},3C_20_80-01.txt,4.194,0.250,1.049,1,1.422,135.59,1.422,15.953,0.000
99,ec.gp.GPIndividual@1442226334{298855472},3C_20_66-02.txt,154.245,0.250,38.561,9,17.453,45.26,1.939,15.953,0.000
99,ec.gp.GPIndividual@1442226334{298855472},3C_20_80-02.txt,35.738,0.250,8.935,8,8.891,99.51,1.111,15.953,0.000
99,ec.gp.GPIndividual@1442226334{298855472},3C_20_66-03.txt,118.340,0.250,29.585,5,6.750,22.82,1.350,15.953,0.000
99,ec.gp.GPIndividual@1442226334{298855472},3C_20_80-03.txt,169.439,0.250,42.360,6,47.781,112.80,7.964,15.953,0.000
99,ec.gp.GPIndividual@1442226334{298855472},3C_20_66-03.txt,118.340,0.250,29.585,1,10.672,36.07,10.672,15.953,0.000
99,ec.gp.GPIndividual@1442226334{298855472},3C_20_66-03.txt,118.340,0.250,29.585,5,30.516,103.15,6.103,15.953,0.000
99,ec.gp.GPIndividual@1442226334{298855472},3C_20_80-01.txt,4.194,0.250,1.049,2,6.766,645.19,3.383,15.953,0.000
99,ec.gp.GPIndividual@1442226334{298855472},3C_20_80-01.txt,4.194,0.250,1.049,3,1.188,113.24,0.396,15.953,0.000
99,ec.gp.GPIndividual@1442226334{298855472},3C_20_80-02.txt,35.738,0.250,8.935,2,2.438,27.28,1.219,15.953,0.000
99,ec.gp.GPIndividual@1442226334{298855472},3C_20_50-03.txt,30.993,0.250,7.748,2,8.484,109.50,4.242,15.953,0.000
99,ec.gp.GPIndividual@144101420{1442322329},3C_20_50-02.txt,61.404,0.250,15.351,1,0.000,0.00,0.000,0.000,0.000
99,ec.gp.GPIndividual@144101420{1442322329},3C_20_50-03.txt,30.993,0.250,7.748,1,0.000,0.00,0.000,0.000,0.000
99,ec.gp.GPIndividual@144101420{1442322329},3C_20_66-01.txt,7.322,0.250,1.831,1,0.000,0.00,0.000,0.000,0.000
99,ec.gp.GPIndividual@144101420{1442322329},3C_20_66-02.txt,154.245,0.250,38.561,1,0.000,0.00,0.000,0.000,0.000
99,ec.gp.GPIndividual@144101420{1442322329},3C_20_66-03.txt,118.340,0.250,29.585,1,0.000,0.00,0.000,0.000,0.000
99,ec.gp.GPIndividual@144101420{1442322329},3C_20_80-01.txt,4.194,0.250,1.049,1,0.000,0.00,0.000,0.000,0.000
99,ec.gp.GPIndividual@144101420{1442322329},3C_20_80-02.txt,35.738,0.250,8.935,1,0.000,0.00,0.000,0.000,0.000
99,ec.gp.GPIndividual@144101420{1442322329},3C_20_80-03.txt,169.439,0.250,42.360,1,0.000,0.00,0.000,0.000,0.000
99,ec.gp.GPIndividual@1360972749{1150495648},3C_20_50-02.txt,61.404,0.250,15.351,1,9.875,64.33,9.875,9.875,9.875
99,ec.gp.GPIndividual@1360972749{1150495648},3C_20_80-01.txt,4.194,0.250,1.049,2,1.438,137.08,0.719,9.875,0.422
99,ec.gp.GPIndividual@1360972749{1150495648},3C_20_80-03.txt,169.439,0.250,42.360,4,4.750,11.21,1.188,9.875,0.266
99,ec.gp.GPIndividual@1360972749{1150495648},3C_20_80-02.txt,35.738,0.250,8.935,5,9.109,101.96,1.822,9.875,0.266
99,ec.gp.GPIndividual@1360972749{1150495648},3C_20_66-01.txt,7.322,0.250,1.831,1,1.938,105.84,1.938,9.875,0.266
99,ec.gp.GPIndividual@1360972749{1150495648},3C_20_50-03.txt,30.993,0.250,7.748,4,8.625,111.32,2.156,9.875,0.266
99,ec.gp.GPIndividual@1360972749{1150495648},3C_20_80-02.txt,35.738,0.250,8.935,7,9.875,110.53,1.411,9.875,0.266
99,ec.gp.GPIndividual@1360972749{1150495648},3C_20_66-01.txt,7.322,0.250,1.831,3,2.344,128.04,0.781,9.875,0.266
99,ec.gp.GPIndividual@1360972749{1150495648},3C_20_66-02.txt,154.245,0.250,38.561,19,38.844,100.73,2.044,9.875,0.000
99,ec.gp.GPIndividual@1360972749{1150495648},3C_20_66-02.txt,154.245,0.250,38.561,3,32.938,85.42,10.979,13.578,0.000
99,ec.gp.GPIndividual@1505809621{1549212362},3C_20_50-02.txt,61.404,0.250,15.351,9,15.953,103.92,1.773,3.719,0.438
99,ec.gp.GPIndividual@1505809621{1549212362},3C_20_80-03.txt,169.439,0.250,42.360,9,34.250,80.86,3.806,10.609,0.000
99,ec.gp.GPIndividual@1505809621{1549212362},3C_20_80-03.txt,169.439,0.250,42.360,5,54.453,128.55,10.891,15.594,0.000
99,ec.gp.GPIndividual@1505809621{1549212362},3C_20_66-03.txt,118.340,0.250,29.585,2,5.047,17.06,2.523,15.594,0.000
99,ec.gp.GPIndividual@1505809621{1549212362},3C_20_66-03.txt,118.340,0.250,29.585,6,37.688,127.39,6.281,15.594,0.000
99,ec.gp.GPIndividual@602206127{-1917214233},3C_20_50-02.txt,61.404,0.250,15.351,6,15.172,98.83,2.529,11.234,0.000
99,ec.gp.GPIndividual@1023031714{-211486117},3C_20_50-02.txt,61.404,0.250,15.351,3,3.656,23.82,1.219,2.094,0.250
99,ec.gp.GPIndividual@1023031714{-211486117},3C_20_50-03.txt,30.993,0.250,7.748,2,7.094,91.55,3.547,6.500,0.250
99,ec.gp.GPIndividual@1023031714{-211486117},3C_20_50-03.txt,30.993,0.250,7.748,2,5.109,65.94,2.555,6.500,0.250
99,ec.gp.GPIndividual@1023031714{-211486117},3C_20_66-01.txt,7.322,0.250,1.831,1,0.750,40.97,0.750,6.500,0.250
99,ec.gp.GPIndividual@1023031714{-211486117},3C_20_66-02.txt,154.245,0.250,38.561,5,17.797,46.15,3.559,6.500,0.250
99,ec.gp.GPIndividual@1023031714{-211486117},3C_20_66-03.txt,118.340,0.250,29.585,3,11.141,37.66,3.714,6.500,0.250
99,ec.gp.GPIndividual@1023031714{-211486117},3C_20_80-01.txt,4.194,0.250,1.049,1,0.453,43.21,0.453,6.500,0.250
99,ec.gp.GPIndividual@1023031714{-211486117},3C_20_80-02.txt,35.738,0.250,8.935,1,1.688,18.89,1.688,6.500,0.250
99,ec.gp.GPIndividual@1023031714{-211486117},3C_20_80-03.txt,169.439,0.250,42.360,2,14.688,34.67,7.344,9.156,0.250
99,ec.gp.GPIndividual@1023031714{-211486117},3C_20_80-01.txt,4.194,0.250,1.049,5,1.203,114.73,0.241,9.156,0.156
99,ec.gp.GPIndividual@1023031714{-211486117},3C_20_80-02.txt,35.738,0.250,8.935,1,12.297,137.63,12.297,12.297,0.156
99,ec.gp.GPIndividual@1023031714{-211486117},3C_20_80-01.txt,4.194,0.250,1.049,2,1.922,183.28,0.961,12.297,0.156
99,ec.gp.GPIndividual@1023031714{-211486117},3C_20_80-03.txt,169.439,0.250,42.360,4,16.813,39.69,4.203,12.297,0.156
99,ec.gp.GPIndividual@754933616{-1663297111},3C_20_50-02.txt,61.404,0.250,15.351,6,17.500,114.00,2.917,7.344,0.438
99,ec.gp.GPIndividual@1216298648{1295570354},3C_20_50-02.txt,61.404,0.250,15.351,1,0.000,0.00,0.000,0.000,0.000
99,ec.gp.GPIndividual@1216298648{1295570354},3C_20_50-03.txt,30.993,0.250,7.748,1,0.000,0.00,0.000,0.000,0.000
99,ec.gp.GPIndividual@1216298648{1295570354},3C_20_66-01.txt,7.322,0.250,1.831,1,0.000,0.00,0.000,0.000,0.000
99,ec.gp.GPIndividual@1216298648{1295570354},3C_20_66-02.txt,154.245,0.250,38.561,1,0.000,0.00,0.000,0.000,0.000
99,ec.gp.GPIndividual@1216298648{1295570354},3C_20_66-03.txt,118.340,0.250,29.585,1,0.000,0.00,0.000,0.000,0.000
99,ec.gp.GPIndividual@1216298648{1295570354},3C_20_80-01.txt,4.194,0.250,1.049,1,0.000,0.00,0.000,0.000,0.000
99,ec.gp.GPIndividual@1216298648{1295570354},3C_20_80-02.txt,35.738,0.250,8.935,1,0.000,0.00,0.000,0.000,0.000
99,ec.gp.GPIndividual@1216298648{1295570354},3C_20_80-03.txt,169.439,0.250,42.360,1,0.000,0.00,0.000,0.000,0.000
99,ec.gp.GPIndividual@979928550{-659221796},3C_20_50-02.txt,61.404,0.250,15.351,5,15.359,100.05,3.072,14.156,0.109
99,ec.gp.GPIndividual@979928550{-659221796},3C_20_66-02.txt,154.245,0.250,38.561,14,39.594,102.68,2.828,14.156,0.109
99,ec.gp.GPIndividual@979928550{-659221796},3C_20_66-01.txt,7.322,0.250,1.831,1,8.125,443.86,8.125,14.156,0.109
99,ec.gp.GPIndividual@979928550{-659221796},3C_20_50-03.txt,30.993,0.250,7.748,3,8.750,112.93,2.917,14.156,0.109
99,ec.gp.GPIndividual@979928550{-659221796},3C_20_66-03.txt,118.340,0.250,29.585,10,30.234,102.20,3.023,14.156,0.109
99,ec.gp.GPIndividual@979928550{-659221796},3C_20_66-02.txt,154.245,0.250,38.561,10,32.891,85.29,3.289,14.156,0.000
99,ec.gp.GPIndividual@979928550{-659221796},3C_20_66-01.txt,7.322,0.250,1.831,2,8.422,460.07,4.211,14.156,0.000
99,ec.gp.GPIndividual@979928550{-659221796},3C_20_80-01.txt,4.194,0.250,1.049,1,4.547,433.60,4.547,14.156,0.000
99,ec.gp.GPIndividual@979928550{-659221796},3C_20_66-03.txt,118.340,0.250,29.585,16,35.516,120.05,2.220,14.156,0.000
99,ec.gp.GPIndividual@979928550{-659221796},3C_20_66-02.txt,154.245,0.250,38.561,13,38.063,98.71,2.928,14.156,0.000
99,ec.gp.GPIndividual@979928550{-659221796},3C_20_66-02.txt,154.245,0.250,38.561,1,0.688,1.78,0.688,14.156,0.000
99,ec.gp.GPIndividual@979928550{-659221796},3C_20_80-02.txt,35.738,0.250,8.935,3,17.984,201.29,5.995,15.328,0.000
99,ec.gp.GPIndividual@979928550{-659221796},3C_20_80-01.txt,4.194,0.250,1.049,1,10.813,1031.12,10.813,15.328,0.000
99,ec.gp.GPIndividual@979928550{-659221796},3C_20_66-03.txt,118.340,0.250,29.585,19,33.344,112.71,1.755,15.328,0.000
99,ec.gp.GPIndividual@979928550{-659221796},3C_20_80-03.txt,169.439,0.250,42.360,6,41.109,97.05,6.852,15.328,0.000
99,ec.gp.GPIndividual@979928550{-659221796},3C_20_80-01.txt,4.194,0.250,1.049,3,10.516,1002.80,3.505,15.328,0.000
99,ec.gp.GPIndividual@799634393{-1094767781},3C_20_50-02.txt,61.404,0.250,15.351,3,13.859,90.28,4.620,13.438,0.203
99,ec.gp.GPIndividual@799634393{-1094767781},3C_20_66-03.txt,118.340,0.250,29.585,14,30.125,101.83,2.152,13.438,0.203
99,ec.gp.GPIndividual@799634393{-1094767781},3C_20_80-02.txt,35.738,0.250,8.935,3,5.609,62.78,1.870,13.438,0.000
99,ec.gp.GPIndividual@799634393{-1094767781},3C_20_50-03.txt,30.993,0.250,7.748,2,9.641,124.42,4.820,13.438,0.000
99,ec.gp.GPIndividual@799634393{-1094767781},3C_20_80-02.txt,35.738,0.250,8.935,10,9.328,104.41,0.933,13.438,0.000
99,ec.gp.GPIndividual@799634393{-1094767781},3C_20_80-03.txt,169.439,0.250,42.360,1,0.109,0.26,0.109,13.438,0.000
99,ec.gp.GPIndividual@799634393{-1094767781},3C_20_80-03.txt,169.439,0.250,42.360,3,4.141,9.77,1.380,13.438,0.000
99,ec.gp.GPIndividual@799634393{-1094767781},3C_20_80-01.txt,4.194,0.250,1.049,4,1.063,101.32,0.266,13.438,0.000
99,ec.gp.GPIndividual@799634393{-1094767781},3C_20_80-02.txt,35.738,0.250,8.935,7,9.281,103.88,1.326,13.438,0.000
99,ec.gp.GPIndividual@667443104{-1215343356},3C_20_50-02.txt,61.404,0.250,15.351,8,10.828,70.54,1.354,3.922,0.219
99,ec.gp.GPIndividual@667443104{-1215343356},3C_20_80-03.txt,169.439,0.250,42.360,8,54.359,128.33,6.795,14.953,0.219
99,ec.gp.GPIndividual@1964389990{1518360296},3C_20_50-02.txt,61.404,0.250,15.351,4,18.641,121.43,4.660,16.281,0.203
99,ec.gp.GPIndividual@1964389990{1518360296},3C_20_50-03.txt,30.993,0.250,7.748,2,6.281,81.07,3.141,16.281,0.203
99,ec.gp.GPIndividual@1446422815{-1618615073},3C_20_50-02.txt,61.404,0.250,15.351,8,15.391,100.26,1.924,4.906,0.219
99,ec.gp.GPIndividual@1446422815{-1618615073},3C_20_66-01.txt,7.322,0.250,1.831,1,4.141,226.20,4.141,4.906,0.219
99,ec.gp.GPIndividual@1446422815{-1618615073},3C_20_66-01.txt,7.322,0.250,1.831,3,2.047,111.82,0.682,4.906,0.219
99,ec.gp.GPIndividual@1446422815{-1618615073},3C_20_66-02.txt,154.245,0.250,38.561,14,24.891,64.55,1.778,11.000,0.000
99,ec.gp.GPIndividual@1446422815{-1618615073},3C_20_66-02.txt,154.245,0.250,38.561,1,11.578,30.03,11.578,11.578,0.000
99,ec.gp.GPIndividual@1446422815{-1618615073},3C_20_50-03.txt,30.993,0.250,7.748,1,13.469,173.83,13.469,13.469,0.000
99,ec.gp.GPIndividual@1446422815{-1618615073},3C_20_50-03.txt,30.993,0.250,7.748,1,9.547,123.22,9.547,13.469,0.000
99,ec.gp.GPIndividual@1446422815{-1618615073},3C_20_66-03.txt,118.340,0.250,29.585,13,30.234,102.20,2.326,13.469,0.000
99,ec.gp.GPIndividual@1446422815{-1618615073},3C_20_66-01.txt,7.322,0.250,1.831,3,1.797,98.16,0.599,13.469,0.000
99,ec.gp.GPIndividual@1446422815{-1618615073},3C_20_66-01.txt,7.322,0.250,1.831,1,6.563,358.50,6.563,13.469,0.000
99,ec.gp.GPIndividual@1446422815{-1618615073},3C_20_66-03.txt,118.340,0.250,29.585,13,31.922,107.90,2.456,13.469,0.000
99,ec.gp.GPIndividual@1446422815{-1618615073},3C_20_66-02.txt,154.245,0.250,38.561,3,14.188,36.79,4.729,13.469,0.000
99,ec.gp.GPIndividual@1446422815{-1618615073},3C_20_80-01.txt,4.194,0.250,1.049,3,2.109,201.16,0.703,13.469,0.000
99,ec.gp.GPIndividual@1446422815{-1618615073},3C_20_66-03.txt,118.340,0.250,29.585,2,0.219,0.74,0.109,13.469,0.000
99,ec.gp.GPIndividual@1446422815{-1618615073},3C_20_80-02.txt,35.738,0.250,8.935,6,11.219,125.57,1.870,13.469,0.000
99,ec.gp.GPIndividual@1446422815{-1618615073},3C_20_80-01.txt,4.194,0.250,1.049,3,1.141,108.77,0.380,13.469,0.000
99,ec.gp.GPIndividual@1446422815{-1618615073},3C_20_80-03.txt,169.439,0.250,42.360,2,1.063,2.51,0.531,13.469,0.000
99,ec.gp.GPIndividual@1446422815{-1618615073},3C_20_66-02.txt,154.245,0.250,38.561,12,25.984,67.38,2.165,13.469,0.000
99,ec.gp.GPIndividual@1446422815{-1618615073},3C_20_80-01.txt,4.194,0.250,1.049,3,1.813,172.85,0.604,13.469,0.000
99,ec.gp.GPIndividual@1446422815{-1618615073},3C_20_80-02.txt,35.738,0.250,8.935,10,9.219,103.18,0.922,13.469,0.000
99,ec.gp.GPIndividual@1446422815{-1618615073},3C_20_80-03.txt,169.439,0.250,42.360,2,0.906,2.14,0.453,13.469,0.000
99,ec.gp.GPIndividual@1446422815{-1618615073},3C_20_80-02.txt,35.738,0.250,8.935,3,12.438,139.21,4.146,13.469,0.000
99,ec.gp.GPIndividual@1446422815{-1618615073},3C_20_66-03.txt,118.340,0.250,29.585,11,29.672,100.29,2.697,13.469,0.000
99,ec.gp.GPIndividual@1446422815{-1618615073},3C_20_80-01.txt,4.194,0.250,1.049,1,4.406,420.19,4.406,13.469,0.000
99,ec.gp.GPIndividual@1446422815{-1618615073},3C_20_80-03.txt,169.439,0.250,42.360,4,8.531,20.14,2.133,13.469,0.000
99,ec.gp.GPIndividual@470051183{328162564},3C_20_50-02.txt,61.404,0.250,15.351,8,4.375,28.50,0.547,2.703,0.000
99,ec.gp.GPIndividual@470051183{328162564},3C_20_50-03.txt,30.993,0.250,7.748,2,3.203,41.34,1.602,2.703,0.000
99,ec.gp.GPIndividual@470051183{328162564},3C_20_66-01.txt,7.322,0.250,1.831,2,0.703,38.41,0.352,2.703,0.000
99,ec.gp.GPIndividual@470051183{328162564},3C_20_66-02.txt,154.245,0.250,38.561,3,5.922,15.36,1.974,4.844,0.000
99,ec.gp.GPIndividual@470051183{328162564},3C_20_66-03.txt,118.340,0.250,29.585,2,2.594,8.77,1.297,4.844,0.000
99,ec.gp.GPIndividual@470051183{328162564},3C_20_80-01.txt,4.194,0.250,1.049,2,0.703,67.05,0.352,4.844,0.000
99,ec.gp.GPIndividual@470051183{328162564},3C_20_80-02.txt,35.738,0.250,8.935,2,0.938,10.49,0.469,4.844,0.000
99,ec.gp.GPIndividual@470051183{328162564},3C_20_80-03.txt,169.439,0.250,42.360,3,31.469,74.29,10.490,16.297,0.000
99,ec.gp.GPIndividual@757971566{-876301501},3C_20_50-02.txt,61.404,0.250,15.351,6,14.266,92.93,2.378,10.891,0.094
99,ec.gp.GPIndividual@757971566{-876301501},3C_20_80-03.txt,169.439,0.250,42.360,8,41.484,97.93,5.186,16.625,0.094
99,ec.gp.GPIndividual@1338247640{-615416471},3C_20_50-02.txt,61.404,0.250,15.351,5,11.359,74.00,2.272,9.281,0.063
99,ec.gp.GPIndividual@1338247640{-615416471},3C_20_50-03.txt,30.993,0.250,7.748,4,10.359,133.70,2.590,9.281,0.063
99,ec.gp.GPIndividual@1338247640{-615416471},3C_20_50-03.txt,30.993,0.250,7.748,4,6.844,88.33,1.711,9.281,0.063
99,ec.gp.GPIndividual@1338247640{-615416471},3C_20_66-01.txt,7.322,0.250,1.831,3,2.125,116.09,0.708,9.281,0.063
99,ec.gp.GPIndividual@1338247640{-615416471},3C_20_66-01.txt,7.322,0.250,1.831,7,2.047,111.82,0.292,9.281,0.047
99,ec.gp.GPIndividual@1338247640{-615416471},3C_20_66-02.txt,154.245,0.250,38.561,1,0.031,0.08,0.031,9.281,0.031
99,ec.gp.GPIndividual@1338247640{-615416471},3C_20_66-02.txt,154.245,0.250,38.561,14,34.625,89.79,2.473,11.406,0.031
99,ec.gp.GPIndividual@1338247640{-615416471},3C_20_66-03.txt,118.340,0.250,29.585,6,27.734,93.75,4.622,11.406,0.031
99,ec.gp.GPIndividual@1338247640{-615416471},3C_20_80-01.txt,4.194,0.250,1.049,4,0.938,89.40,0.234,11.406,0.031
99,ec.gp.GPIndividual@1338247640{-615416471},3C_20_80-02.txt,35.738,0.250,8.935,4,5.500,61.56,1.375,11.406,0.031
99,ec.gp.GPIndividual@1338247640{-615416471},3C_20_66-03.txt,118.340,0.250,29.585,8,28.156,95.17,3.520,11.516,0.031
99,ec.gp.GPIndividual@1338247640{-615416471},3C_20_80-01.txt,4.194,0.250,1.049,5,1.000,95.36,0.200,11.516,0.031
99,ec.gp.GPIndividual@1338247640{-615416471},3C_20_80-02.txt,35.738,0.250,8.935,6,8.391,93.91,1.398,11.516,0.031
99,ec.gp.GPIndividual@1338247640{-615416471},3C_20_80-03.txt,169.439,0.250,42.360,6,39.766,93.88,6.628,16.766,0.031
99,ec.gp.GPIndividual@1755575118{1422727532},3C_20_50-02.txt,61.404,0.250,15.351,7,13.984,91.10,1.998,9.359,0.094
99,ec.gp.GPIndividual@1755575118{1422727532},3C_20_80-03.txt,169.439,0.250,42.360,4,35.969,84.91,8.992,14.828,0.094
99,ec.gp.GPIndividual@1755575118{1422727532},3C_20_50-03.txt,30.993,0.250,7.748,4,6.156,79.45,1.539,14.828,0.094
99,ec.gp.GPIndividual@1755575118{1422727532},3C_20_66-01.txt,7.322,0.250,1.831,5,1.594,87.06,0.319,14.828,0.094
99,ec.gp.GPIndividual@1755575118{1422727532},3C_20_66-02.txt,154.245,0.250,38.561,10,36.953,95.83,3.695,14.828,0.094
99,ec.gp.GPIndividual@1755575118{1422727532},3C_20_66-03.txt,118.340,0.250,29.585,2,7.969,26.94,3.984,14.828,0.094
99,ec.gp.GPIndividual@379198473{370909696},3C_20_50-02.txt,61.404,0.250,15.351,1,0.047,0.31,0.047,0.047,0.047
99,ec.gp.GPIndividual@379198473{370909696},3C_20_50-03.txt,30.993,0.250,7.748,1,0.563,7.26,0.563,0.563,0.047
99,ec.gp.GPIndividual@379198473{370909696},3C_20_66-01.txt,7.322,0.250,1.831,1,0.125,6.83,0.125,0.563,0.047
99,ec.gp.GPIndividual@379198473{370909696},3C_20_66-02.txt,154.245,0.250,38.561,1,0.172,0.45,0.172,0.563,0.047
99,ec.gp.GPIndividual@379198473{370909696},3C_20_66-03.txt,118.340,0.250,29.585,1,0.797,2.69,0.797,0.797,0.047
99,ec.gp.GPIndividual@379198473{370909696},3C_20_80-01.txt,4.194,0.250,1.049,1,0.188,17.88,0.188,0.797,0.047
99,ec.gp.GPIndividual@379198473{370909696},3C_20_80-02.txt,35.738,0.250,8.935,1,0.266,2.97,0.266,0.797,0.047
99,ec.gp.GPIndividual@379198473{370909696},3C_20_80-03.txt,169.439,0.250,42.360,1,0.781,1.84,0.781,0.797,0.047
